snip,slice_num,coord_num,beta,pval,is_bonf
rs12158565,1,39,-0.0989894,0.00263183,False
rs12158565,1,40,-0.106276,0.00127559,False
rs12158565,1,41,-0.101395,0.00207903,False
rs12158565,1,42,-0.103852,0.00162529,False
rs12158565,1,43,-0.117782,0.00036825,False
rs12158565,1,44,-0.0975018,0.00312386,False
rs12158565,1,45,-0.0983113,0.00292242,False
rs12158565,1,46,-0.0980798,0.00304211,False
rs12158565,1,47,-0.0983194,0.00300891,False
rs12158565,1,48,-0.101811,0.00215385,False
rs12158565,1,49,-0.101664,0.00219042,False
rs12158565,1,50,-0.091914,0.00567279,False
rs12158565,1,51,-0.0902229,0.00677022,False
rs12158565,1,52,-0.0982462,0.00319013,False
rs12158565,1,53,-0.104494,0.00175206,False
rs12158565,1,54,-0.0891598,0.00769566,False
rs12158565,1,55,-0.091307,0.00654893,False
rs12158565,1,56,-0.108213,0.00128365,False
rs12158565,1,57,-0.11169,0.000901349,False
rs12158565,1,58,-0.0970647,0.00402613,False
rs12158565,1,59,-0.093194,0.00580827,False
rs12158565,1,60,-0.102426,0.00249417,False
rs12158565,1,61,-0.103206,0.00235271,False
rs12158565,1,62,-0.106211,0.00182125,False
rs12158565,1,63,-0.103125,0.00246028,False
rs12158565,1,64,-0.0978302,0.00416448,False
rs12158565,1,65,-0.0925982,0.00681738,False
rs12158565,1,66,-0.098346,0.00414717,False
rs12158565,1,67,-0.0973154,0.00459988,False
rs12158565,1,68,-0.111356,0.00122388,False
rs12158565,1,69,-0.103526,0.00265659,False
rs12158565,1,70,-0.0990005,0.00417517,False
rs12158565,1,71,-0.0932814,0.00706262,False
rs12158565,1,72,-0.106366,0.00217967,False
rs12158565,1,73,-0.103247,0.00303297,False
rs12158565,1,74,-0.103233,0.00305134,False
rs12158565,1,75,-0.115075,0.00100313,False
rs12158565,1,76,-0.103095,0.00331775,False
rs12158565,1,77,-0.108248,0.00208458,False
rs12158565,1,78,-0.110941,0.0016294,False
rs12158565,1,79,-0.113457,0.00130241,False
rs12158565,1,80,-0.113504,0.00134445,False
rs12158565,1,81,-0.113519,0.00139761,False
rs12158565,1,82,-0.117074,0.000990805,False
rs12158565,1,83,-0.113087,0.0014985,False
rs12158565,1,84,-0.101865,0.00439745,False
rs12158565,1,85,-0.113501,0.0015475,False
rs12158565,1,86,-0.10925,0.00240085,False
rs12158565,1,87,-0.116618,0.00122999,False
rs12158565,1,88,-0.129019,0.000364543,False
rs12158565,1,89,-0.119263,0.000995327,False
rs12158565,1,90,-0.119976,0.000948719,False
rs12158565,1,91,-0.127403,0.000462115,False
rs12158565,1,92,-0.131939,0.000304779,False
rs12158565,1,93,-0.133076,0.00027534,False
rs12158565,1,94,-0.132873,0.000288295,False
rs12158565,1,95,-0.119147,0.00121105,False
rs12158565,1,96,-0.130448,0.000399074,False
rs12158565,1,97,-0.136895,0.000208676,False
rs12158565,1,98,-0.129353,0.000467145,False
rs12158565,1,99,-0.129898,0.000452424,False
rs12158565,1,100,-0.137209,0.000222259,False
rs12158565,1,101,-0.148942,6.3012e-05,False
rs12158565,1,102,-0.141965,0.000143953,False
rs12158565,1,103,-0.120798,0.00125939,False
rs12158565,1,104,-0.108679,0.00379333,False
rs12158565,1,105,-0.109238,0.00371297,False
rs12158565,1,106,-0.105196,0.00529327,False
rs12158565,1,107,-0.117867,0.001842,False
rs12158565,1,108,-0.108154,0.00435401,False
rs12158565,1,109,-0.116436,0.00222208,False
rs12158565,1,110,-0.127415,0.00083505,False
rs12158565,1,111,-0.108419,0.00460937,False
rs12158565,1,112,-0.112985,0.00319075,False
rs12158565,1,113,-0.111637,0.00368648,False
rs12158565,1,114,-0.114716,0.00292924,False
rs12158565,1,115,-0.131006,0.000700715,False
rs12158565,1,116,-0.122801,0.00152759,False
rs12158565,1,117,-0.118057,0.00235799,False
rs12158565,1,118,-0.127919,0.00100374,False
rs12158565,1,119,-0.136144,0.000479053,False
rs12158565,1,120,-0.130061,0.000883021,False
rs12158565,1,121,-0.120923,0.00203875,False
rs12158565,1,122,-0.119289,0.00236606,False
rs12158565,1,123,-0.121786,0.00196219,False
rs12158565,1,124,-0.124699,0.00158322,False
rs12158565,1,125,-0.127281,0.00127099,False
rs12158565,1,126,-0.135871,0.000592145,False
rs12158565,1,127,-0.135401,0.000644783,False
rs12158565,1,128,-0.131611,0.00093797,False
rs12158565,1,129,-0.137807,0.000541735,False
rs12158565,1,130,-0.128329,0.00132146,False
rs12158565,1,131,-0.120896,0.00251568,False
rs12158565,1,132,-0.111533,0.00538815,False
rs12158565,1,133,-0.120389,0.00269965,False
rs12158565,1,134,-0.133418,0.000907864,False
rs12158565,1,135,-0.140496,0.000494347,False
rs12158565,1,136,-0.138448,0.00061229,False
rs12158565,1,137,-0.125578,0.00193634,False
rs12158565,1,138,-0.128805,0.00153771,False
rs12158565,1,139,-0.121499,0.00283226,False
rs12158565,1,140,-0.125464,0.00206566,False
rs12158565,1,141,-0.127718,0.00174259,False
rs12158565,1,142,-0.126566,0.00196349,False
rs12158565,1,143,-0.12962,0.00158928,False
rs12158565,1,144,-0.139156,0.000708898,False
rs12158565,1,145,-0.132801,0.0012585,False
rs12158565,1,146,-0.122507,0.0029973,False
rs12158565,1,147,-0.131626,0.00147097,False
rs12158565,1,148,-0.139991,0.000734124,False
rs12158565,1,149,-0.142694,0.00059302,False
rs12158565,1,150,-0.141361,0.00068635,False
rs12158565,1,151,-0.130433,0.00177317,False
rs12158565,1,152,-0.121831,0.00358848,False
rs12158565,1,153,-0.126015,0.0026768,False
rs12158565,1,154,-0.13558,0.00127075,False
rs12158565,1,155,-0.132521,0.00167165,False
rs12158565,1,156,-0.11422,0.00689245,False
rs12158565,1,157,-0.115295,0.00651464,False
rs12158565,1,158,-0.123075,0.00382895,False
rs12158565,1,159,-0.126042,0.00313889,False
rs12158565,1,160,-0.126766,0.00305479,False
rs12158565,1,161,-0.127522,0.00298126,False
rs12158565,1,162,-0.11528,0.00751146,False
rs12158565,1,163,-0.12699,0.00334333,False
rs12158565,1,164,-0.12448,0.00415234,False
rs12158565,1,165,-0.129686,0.00293097,False
rs12158565,1,166,-0.126612,0.00376466,False
rs12158565,1,167,-0.119462,0.00652377,False
rs12158565,1,168,-0.121091,0.0060606,False
rs12158565,1,169,-0.121297,0.00618086,False
rs12158565,1,170,-0.120886,0.00661439,False
rs12158565,1,171,-0.126825,0.00454924,False
rs12158565,1,172,-0.131085,0.00353588,False
rs12158565,1,173,-0.123585,0.00625024,False
rs12158565,1,174,-0.115028,0.0111049,False
rs12158565,1,175,-0.12217,0.00734683,False
rs12158565,1,176,-0.122917,0.00720337,False
rs12158565,1,177,-0.122368,0.00780889,False
rs12158565,1,178,-0.119145,0.00988917,False
rs12158565,1,179,-0.138186,0.00292345,False
rs12158565,1,180,-0.130006,0.00529755,False
rs12158565,1,181,-0.12494,0.00768294,False
rs12158565,1,182,-0.120802,0.0103317,False
rs12158565,1,183,-0.122389,0.00976965,False
rs12158565,1,184,-0.126135,0.00810003,False
rs12158565,1,185,-0.107604,0.0249133,False
rs12158565,1,186,-0.118402,0.0140548,False
rs12158565,1,187,-0.129632,0.00754698,False
rs12158565,1,188,-0.127564,0.00891445,False
rs12158565,1,189,-0.123427,0.0118351,False
rs12158565,1,190,-0.120773,0.0144502,False
rs12158565,1,191,-0.137879,0.00545921,False
rs12158565,1,192,-0.121767,0.0146378,False
rs12158565,1,193,-0.111939,0.0256214,False
rs12158565,1,194,-0.122993,0.0147628,False
rs12158565,1,195,-0.128203,0.0114584,False
rs12158565,1,196,-0.14113,0.00555402,False
rs12158565,1,197,-0.150413,0.00325945,False
rs12158565,1,198,-0.151474,0.00321945,False
rs12158565,1,199,-0.153609,0.0029476,False
rs12158565,1,200,-0.149548,0.00395873,False
rs12158565,1,201,-0.162029,0.00187825,False
rs12158565,1,202,-0.157754,0.0025621,False
rs12158565,1,203,-0.155309,0.00313699,False
rs12158565,1,204,-0.156848,0.0029725,False
rs12158565,1,205,-0.158785,0.00274083,False
rs12158565,1,206,-0.172157,0.00119722,False
rs12158565,1,207,-0.163265,0.00224863,False
rs12158565,1,208,-0.159921,0.00288025,False
rs12158565,1,209,-0.17303,0.00130863,False
rs12158565,1,210,-0.169841,0.00166958,False
rs12158565,1,211,-0.166705,0.00211977,False
rs12158565,1,212,-0.166484,0.00224495,False
rs12158565,1,213,-0.161407,0.00319682,False
rs12158565,1,214,-0.164308,0.00281618,False
rs12158565,1,215,-0.172415,0.00177764,False
rs12158565,1,216,-0.175359,0.00154829,False
rs12158565,1,217,-0.171837,0.00200816,False
rs12158565,1,218,-0.163248,0.00344593,False
rs12158565,1,219,-0.159877,0.00427575,False
rs12158565,1,220,-0.15944,0.00451357,False
rs12158565,1,221,-0.143416,0.0109674,False
rs12158565,1,222,-0.14784,0.00892658,False
rs12158565,1,223,-0.157587,0.00547385,False
rs12158565,1,224,-0.13646,0.0165301,False
rs12158565,2,9,-0.0826268,0.019207,False
rs12158565,2,10,-0.0920849,0.00825954,False
rs12158565,2,11,-0.100033,0.00374246,False
rs12158565,2,12,-0.0993103,0.00352736,False
rs12158565,2,13,-0.0962388,0.00449659,False
rs12158565,2,14,-0.103626,0.00203629,False
rs12158565,2,15,-0.105969,0.0014946,False
rs12158565,2,16,-0.121533,0.000252273,False
rs12158565,2,17,-0.105707,0.00140131,False
rs12158565,2,18,-0.115807,0.000453019,False
rs12158565,2,19,-0.118384,0.000312704,False
rs12158565,2,20,-0.122632,0.000183138,False
rs12158565,2,21,-0.124272,0.000148208,False
rs12158565,2,22,-0.108848,0.000865637,False
rs12158565,2,23,-0.117254,0.000323968,False
rs12158565,2,24,-0.11782,0.00028927,False
rs12158565,2,25,-0.122626,0.00016369,False
rs12158565,2,26,-0.113665,0.000467708,False
rs12158565,2,27,-0.113967,0.000441155,False
rs12158565,2,28,-0.10049,0.00197283,False
rs12158565,2,29,-0.11035,0.000696357,False
rs12158565,2,30,-0.112387,0.000532356,False
rs12158565,2,31,-0.111104,0.000609042,False
rs12158565,2,32,-0.102475,0.00162179,False
rs12158565,2,33,-0.105904,0.0010922,False
rs12158565,2,34,-0.0975696,0.00261647,False
rs12158565,2,35,-0.0928529,0.004313,False
rs12158565,2,36,-0.0980811,0.00254414,False
rs12158565,2,37,-0.098488,0.0024077,False
rs12158565,2,38,-0.112165,0.00057141,False
rs12158565,2,39,-0.102492,0.00163493,False
rs12158565,2,40,-0.0928295,0.00429996,False
rs12158565,2,41,-0.0825322,0.0113449,False
rs12158565,2,42,-0.103056,0.00163181,False
rs12158565,2,43,-0.0939573,0.00407394,False
rs12158565,2,44,-0.110509,0.000725411,False
rs12158565,2,45,-0.0964675,0.00319127,False
rs12158565,2,46,-0.0976498,0.00291064,False
rs12158565,2,47,-0.0955101,0.00362217,False
rs12158565,2,48,-0.105009,0.00138712,False
rs12158565,2,49,-0.102643,0.00178029,False
rs12158565,2,50,-0.106716,0.00120161,False
rs12158565,2,51,-0.107206,0.00115906,False
rs12158565,2,52,-0.103778,0.00169042,False
rs12158565,2,53,-0.0920687,0.00542481,False
rs12158565,2,54,-0.101772,0.0021469,False
rs12158565,2,55,-0.108116,0.001164,False
rs12158565,2,56,-0.105615,0.00153759,False
rs12158565,2,57,-0.0948393,0.00454214,False
rs12158565,2,58,-0.0924325,0.00572487,False
rs12158565,2,59,-0.104346,0.00187569,False
rs12158565,2,60,-0.0963067,0.00413298,False
rs12158565,2,61,-0.100205,0.00297147,False
rs12158565,2,62,-0.0971574,0.00401123,False
rs12158565,2,63,-0.101631,0.00268734,False
rs12158565,2,64,-0.0892109,0.00856341,False
rs12158565,2,65,-0.0970043,0.00438122,False
rs12158565,2,66,-0.111221,0.00111313,False
rs12158565,2,67,-0.0941293,0.00589107,False
rs12158565,2,68,-0.099591,0.00365293,False
rs12158565,2,69,-0.0997141,0.00373832,False
rs12158565,2,70,-0.107826,0.00172389,False
rs12158565,2,71,-0.104022,0.00257709,False
rs12158565,2,72,-0.105809,0.00225355,False
rs12158565,2,73,-0.0941262,0.00687878,False
rs12158565,2,74,-0.0951746,0.00625444,False
rs12158565,2,75,-0.09195,0.00830358,False
rs12158565,2,76,-0.0969336,0.00560723,False
rs12158565,2,77,-0.0920971,0.00865555,False
rs12158565,2,78,-0.103715,0.00312981,False
rs12158565,2,79,-0.0960908,0.00644304,False
rs12158565,2,80,-0.0785238,0.0263432,False
rs12158565,2,81,-0.1113,0.00170102,False
rs12158565,2,82,-0.10393,0.00349072,False
rs12158565,2,83,-0.0934366,0.00857253,False
rs12158565,2,84,-0.10726,0.00262013,False
rs12158565,2,85,-0.109994,0.00209411,False
rs12158565,2,86,-0.114628,0.00137721,False
rs12158565,2,87,-0.122694,0.000631513,False
rs12158565,2,88,-0.110184,0.00220356,False
rs12158565,2,89,-0.135847,0.000163773,False
rs12158565,2,90,-0.129171,0.000351414,False
rs12158565,2,91,-0.132473,0.00025587,False
rs12158565,2,92,-0.111997,0.00201143,False
rs12158565,2,93,-0.11122,0.00219663,False
rs12158565,2,94,-0.119593,0.00103536,False
rs12158565,2,95,-0.115026,0.00163461,False
rs12158565,2,96,-0.11717,0.00136203,False
rs12158565,2,97,-0.11973,0.00111018,False
rs12158565,2,98,-0.0944715,0.0102917,False
rs12158565,2,99,-0.103154,0.00517146,False
rs12158565,2,100,-0.101925,0.00579553,False
rs12158565,2,101,-0.118201,0.00142131,False
rs12158565,2,102,-0.110947,0.00282715,False
rs12158565,2,103,-0.0940879,0.0115132,False
rs12158565,2,104,-0.0958988,0.010194,False
rs12158565,2,105,-0.111252,0.00291355,False
rs12158565,2,106,-0.107634,0.00409647,False
rs12158565,2,107,-0.1037,0.00581421,False
rs12158565,2,108,-0.0994919,0.00830142,False
rs12158565,2,109,-0.100232,0.00805002,False
rs12158565,2,110,-0.104765,0.00574174,False
rs12158565,2,111,-0.105117,0.00569628,False
rs12158565,2,112,-0.111472,0.00343977,False
rs12158565,2,113,-0.102873,0.00716269,False
rs12158565,2,114,-0.108538,0.00462818,False
rs12158565,2,115,-0.110107,0.00420922,False
rs12158565,2,116,-0.113746,0.00317452,False
rs12158565,2,117,-0.118548,0.00214485,False
rs12158565,2,118,-0.11589,0.00274754,False
rs12158565,2,119,-0.113241,0.003538,False
rs12158565,2,120,-0.126639,0.00112842,False
rs12158565,2,121,-0.125139,0.00133606,False
rs12158565,2,122,-0.126241,0.00121371,False
rs12158565,2,123,-0.130949,0.000808985,False
rs12158565,2,124,-0.1253,0.00139833,False
rs12158565,2,125,-0.125048,0.00142956,False
rs12158565,2,126,-0.118646,0.00255102,False
rs12158565,2,127,-0.123,0.00179128,False
rs12158565,2,128,-0.124483,0.00160669,False
rs12158565,2,129,-0.112401,0.00444851,False
rs12158565,2,130,-0.116092,0.00335168,False
rs12158565,2,131,-0.120819,0.00232636,False
rs12158565,2,132,-0.106124,0.00766226,False
rs12158565,2,133,-0.114938,0.00395527,False
rs12158565,2,134,-0.118545,0.00299428,False
rs12158565,2,135,-0.113315,0.00465065,False
rs12158565,2,136,-0.123207,0.00215599,False
rs12158565,2,137,-0.115794,0.0040211,False
rs12158565,2,138,-0.116237,0.00394161,False
rs12158565,2,139,-0.117922,0.00352878,False
rs12158565,2,140,-0.126063,0.00188833,False
rs12158565,2,141,-0.118956,0.00341658,False
rs12158565,2,142,-0.13503,0.000914833,False
rs12158565,2,143,-0.130731,0.00134265,False
rs12158565,2,144,-0.137093,0.000783664,False
rs12158565,2,145,-0.126925,0.00191659,False
rs12158565,2,146,-0.133871,0.00111016,False
rs12158565,2,147,-0.137667,0.000812257,False
rs12158565,2,148,-0.13634,0.000935782,False
rs12158565,2,149,-0.128338,0.00188138,False
rs12158565,2,150,-0.139991,0.000705653,False
rs12158565,2,151,-0.136073,0.00103407,False
rs12158565,2,152,-0.139844,0.000762042,False
rs12158565,2,153,-0.136949,0.00101502,False
rs12158565,2,154,-0.126229,0.00248625,False
rs12158565,2,155,-0.132617,0.00153445,False
rs12158565,2,156,-0.139563,0.000887847,False
rs12158565,2,157,-0.138948,0.000964758,False
rs12158565,2,158,-0.132275,0.00171594,False
rs12158565,2,159,-0.139599,0.000974546,False
rs12158565,2,160,-0.135843,0.00138064,False
rs12158565,2,161,-0.137653,0.00124573,False
rs12158565,2,162,-0.129764,0.00240855,False
rs12158565,2,163,-0.143061,0.000843274,False
rs12158565,2,164,-0.138483,0.00128521,False
rs12158565,2,165,-0.144677,0.000800737,False
rs12158565,2,166,-0.138514,0.00139216,False
rs12158565,2,167,-0.123988,0.00439043,False
rs12158565,2,168,-0.125315,0.00411916,False
rs12158565,2,169,-0.137561,0.00171572,False
rs12158565,2,170,-0.133753,0.00236385,False
rs12158565,2,171,-0.135515,0.00216758,False
rs12158565,2,172,-0.141462,0.00142744,False
rs12158565,2,173,-0.135931,0.00228332,False
rs12158565,2,174,-0.133016,0.00296117,False
rs12158565,2,175,-0.131988,0.00331196,False
rs12158565,2,176,-0.121967,0.00682073,False
rs12158565,2,177,-0.121774,0.00718984,False
rs12158565,2,178,-0.122475,0.00715892,False
rs12158565,2,179,-0.117582,0.0102432,False
rs12158565,2,180,-0.121868,0.0080912,False
rs12158565,2,181,-0.129642,0.00508567,False
rs12158565,2,182,-0.119135,0.0104411,False
rs12158565,2,183,-0.11873,0.0112034,False
rs12158565,2,184,-0.121129,0.0101364,False
rs12158565,2,185,-0.117396,0.013088,False
rs12158565,2,186,-0.129044,0.00668557,False
rs12158565,2,187,-0.122675,0.0104228,False
rs12158565,2,188,-0.122031,0.0113163,False
rs12158565,2,189,-0.112811,0.0198281,False
rs12158565,2,190,-0.137823,0.00465314,False
rs12158565,2,191,-0.124247,0.0112467,False
rs12158565,2,192,-0.126118,0.0104885,False
rs12158565,2,193,-0.134805,0.00656519,False
rs12158565,2,194,-0.120926,0.0151218,False
rs12158565,2,195,-0.127103,0.0112125,False
rs12158565,2,196,-0.127066,0.0117213,False
rs12158565,2,197,-0.131969,0.00917924,False
rs12158565,2,198,-0.141275,0.00551505,False
rs12158565,2,199,-0.137228,0.00739447,False
rs12158565,2,200,-0.126877,0.0136233,False
rs12158565,2,201,-0.143548,0.0055091,False
rs12158565,2,202,-0.130814,0.0117427,False
rs12158565,2,203,-0.134225,0.010107,False
rs12158565,2,204,-0.161079,0.00214296,False
rs12158565,2,205,-0.148516,0.00476821,False
rs12158565,2,206,-0.144862,0.0061392,False
rs12158565,2,207,-0.155091,0.00350777,False
rs12158565,2,208,-0.150717,0.00474379,False
rs12158565,2,209,-0.149118,0.00539566,False
rs12158565,2,210,-0.150966,0.00495954,False
rs12158565,2,211,-0.147381,0.00639063,False
rs12158565,2,212,-0.144506,0.00775666,False
rs12158565,2,213,-0.149052,0.00615257,False
rs12158565,2,214,-0.142303,0.00932573,False
rs12158565,2,215,-0.1561,0.00450729,False
rs12158565,2,216,-0.150214,0.00648066,False
rs12158565,2,217,-0.159377,0.00403124,False
rs12158565,2,218,-0.14513,0.00905977,False
rs12158565,2,219,-0.150109,0.00712252,False
rs12158565,2,220,-0.158931,0.00454821,False
rs12158565,2,221,-0.152061,0.00681613,False
rs12158565,2,222,-0.148226,0.00859989,False
rs12158565,2,223,-0.146275,0.00970689,False
rs12158565,2,224,-0.150241,0.00812688,False
rs12158565,2,225,-0.145772,0.010485,False
rs12158565,2,226,-0.148187,0.00953059,False
rs12158565,2,227,-0.134829,0.018646,False
rs12158565,2,228,-0.134036,0.0197212,False
rs12158565,2,229,-0.145051,0.0119142,False
rs12158565,2,230,-0.128257,0.0267667,False
rs12158565,2,231,-0.117759,0.0426156,False
rs12158565,2,232,-0.13094,0.0245652,False
rs12158565,2,233,-0.1153,0.0485879,False
rs12158565,2,234,-0.117977,0.0447046,False
rs12158565,2,235,-0.111478,0.0584877,False
rs12158565,2,236,-0.102252,0.084351,False
rs12158565,2,237,-0.0951983,0.109583,False
rs12158565,2,238,-0.103105,0.0847243,False
rs12158565,2,239,-0.0984264,0.101649,False
rs12158565,2,240,-0.100363,0.0971152,False
rs12158565,2,241,-0.094831,0.119043,False
rs12158565,2,242,-0.100946,0.100163,False
rs12158565,2,243,-0.100998,0.102295,False
rs12158565,2,244,-0.126142,0.0431026,False
rs12158565,2,245,-0.110447,0.0793975,False
rs12158565,2,246,-0.110114,0.083379,False
rs12158565,2,247,-0.108168,0.092353,False
rs12158565,2,248,-0.129495,0.0464715,False
rs12158565,2,249,-0.106428,0.106287,False
rs12158565,2,250,-0.115624,0.0838698,False
rs12158565,3,7,-0.0768412,0.0313332,False
rs12158565,3,8,-0.097813,0.00548624,False
rs12158565,3,9,-0.0879848,0.0113833,False
rs12158565,3,10,-0.0872348,0.0110588,False
rs12158565,3,11,-0.0946162,0.00540118,False
rs12158565,3,12,-0.0923909,0.00605189,False
rs12158565,3,13,-0.0943409,0.00463324,False
rs12158565,3,14,-0.103304,0.00178816,False
rs12158565,3,15,-0.107792,0.00106366,False
rs12158565,3,16,-0.100099,0.00226575,False
rs12158565,3,17,-0.106549,0.00111264,False
rs12158565,3,18,-0.112952,0.000515609,False
rs12158565,3,19,-0.0974952,0.00271385,False
rs12158565,3,20,-0.12559,0.000111012,False
rs12158565,3,21,-0.133438,3.71104e-05,False
rs12158565,3,22,-0.115618,0.000354212,False
rs12158565,3,23,-0.126703,8.67663e-05,False
rs12158565,3,24,-0.114085,0.0004187,False
rs12158565,3,25,-0.123333,0.000133526,False
rs12158565,3,26,-0.117557,0.000275893,False
rs12158565,3,27,-0.132562,4.01335e-05,False
rs12158565,3,28,-0.131195,4.77483e-05,False
rs12158565,3,29,-0.121667,0.000163259,False
rs12158565,3,30,-0.115109,0.000353941,False
rs12158565,3,31,-0.134874,2.89173e-05,False
rs12158565,3,32,-0.115679,0.000332132,False
rs12158565,3,33,-0.118603,0.00022801,False
rs12158565,3,34,-0.128276,6.99612e-05,False
rs12158565,3,35,-0.115483,0.000339951,False
rs12158565,3,36,-0.115752,0.000328933,False
rs12158565,3,37,-0.1004,0.00186451,False
rs12158565,3,38,-0.121635,0.000160533,False
rs12158565,3,39,-0.118535,0.000245042,False
rs12158565,3,40,-0.122084,0.000157318,False
rs12158565,3,41,-0.108212,0.000793815,False
rs12158565,3,42,-0.109533,0.000714496,False
rs12158565,3,43,-0.114822,0.000388579,False
rs12158565,3,44,-0.105843,0.00111487,False
rs12158565,3,45,-0.104536,0.00129056,False
rs12158565,3,46,-0.105725,0.00117539,False
rs12158565,3,47,-0.119697,0.000242637,False
rs12158565,3,48,-0.108179,0.000913284,False
rs12158565,3,49,-0.108332,0.000927592,False
rs12158565,3,50,-0.118779,0.000297998,False
rs12158565,3,51,-0.10878,0.000926257,False
rs12158565,3,52,-0.106698,0.00116896,False
rs12158565,3,53,-0.105187,0.00141576,False
rs12158565,3,54,-0.109894,0.000892036,False
rs12158565,3,55,-0.110982,0.000820089,False
rs12158565,3,56,-0.10822,0.00112109,False
rs12158565,3,57,-0.107788,0.00119718,False
rs12158565,3,58,-0.117242,0.000446802,False
rs12158565,3,59,-0.10047,0.00268404,False
rs12158565,3,60,-0.107045,0.00143555,False
rs12158565,3,61,-0.123837,0.000232252,False
rs12158565,3,62,-0.104217,0.00194992,False
rs12158565,3,63,-0.103358,0.00225053,False
rs12158565,3,64,-0.107768,0.00145678,False
rs12158565,3,65,-0.0996819,0.00333436,False
rs12158565,3,66,-0.0938264,0.00579968,False
rs12158565,3,67,-0.10012,0.00336509,False
rs12158565,3,68,-0.0965553,0.00479745,False
rs12158565,3,69,-0.0985935,0.00406404,False
rs12158565,3,70,-0.0980461,0.00435881,False
rs12158565,3,71,-0.0932065,0.00679673,False
rs12158565,3,72,-0.0896795,0.00944947,False
rs12158565,3,73,-0.101415,0.00345097,False
rs12158565,3,74,-0.097603,0.00494888,False
rs12158565,3,75,-0.0946957,0.0065975,False
rs12158565,3,76,-0.0923441,0.0082047,False
rs12158565,3,77,-0.0973196,0.00541084,False
rs12158565,3,78,-0.0921896,0.00859892,False
rs12158565,3,79,-0.102317,0.00363479,False
rs12158565,3,80,-0.0969731,0.00602147,False
rs12158565,3,81,-0.101427,0.00416231,False
rs12158565,3,82,-0.109249,0.00205486,False
rs12158565,3,83,-0.10739,0.0024905,False
rs12158565,3,84,-0.117015,0.00100851,False
rs12158565,3,85,-0.115887,0.00116094,False
rs12158565,3,86,-0.111636,0.00179296,False
rs12158565,3,87,-0.126239,0.000427018,False
rs12158565,3,88,-0.132922,0.000215959,False
rs12158565,3,89,-0.123203,0.000633526,False
rs12158565,3,90,-0.118949,0.000977937,False
rs12158565,3,91,-0.122596,0.000700458,False
rs12158565,3,92,-0.116607,0.00130612,False
rs12158565,3,93,-0.127564,0.000450547,False
rs12158565,3,94,-0.127202,0.000478861,False
rs12158565,3,95,-0.128825,0.000415446,False
rs12158565,3,96,-0.109087,0.00290731,False
rs12158565,3,97,-0.121727,0.000908675,False
rs12158565,3,98,-0.117704,0.00135019,False
rs12158565,3,99,-0.109378,0.00295108,False
rs12158565,3,100,-0.1058,0.00413583,False
rs12158565,3,101,-0.109312,0.00312309,False
rs12158565,3,102,-0.120889,0.00109544,False
rs12158565,3,103,-0.112699,0.00237576,False
rs12158565,3,104,-0.109437,0.00326828,False
rs12158565,3,105,-0.105419,0.00466094,False
rs12158565,3,106,-0.105131,0.004865,False
rs12158565,3,107,-0.113166,0.00252762,False
rs12158565,3,108,-0.12262,0.0010901,False
rs12158565,3,109,-0.122382,0.00115733,False
rs12158565,3,110,-0.117062,0.00192952,False
rs12158565,3,111,-0.119422,0.00160693,False
rs12158565,3,112,-0.116761,0.00205938,False
rs12158565,3,113,-0.117363,0.00200465,False
rs12158565,3,114,-0.123732,0.00115932,False
rs12158565,3,115,-0.123139,0.00125546,False
rs12158565,3,116,-0.106647,0.0053744,False
rs12158565,3,117,-0.117131,0.00232755,False
rs12158565,3,118,-0.119294,0.00193241,False
rs12158565,3,119,-0.109428,0.00458115,False
rs12158565,3,120,-0.116681,0.00252557,False
rs12158565,3,121,-0.114986,0.00299782,False
rs12158565,3,122,-0.119297,0.00214568,False
rs12158565,3,123,-0.124378,0.00137549,False
rs12158565,3,124,-0.133493,0.000610871,False
rs12158565,3,125,-0.123379,0.00159269,False
rs12158565,3,126,-0.119786,0.00223505,False
rs12158565,3,127,-0.119852,0.00221763,False
rs12158565,3,128,-0.123222,0.00170177,False
rs12158565,3,129,-0.11692,0.00297596,False
rs12158565,3,130,-0.125952,0.00140403,False
rs12158565,3,131,-0.119881,0.0024286,False
rs12158565,3,132,-0.137265,0.000531755,False
rs12158565,3,133,-0.135416,0.000651276,False
rs12158565,3,134,-0.137509,0.00053885,False
rs12158565,3,135,-0.135358,0.000678418,False
rs12158565,3,136,-0.135055,0.000713017,False
rs12158565,3,137,-0.133875,0.000820639,False
rs12158565,3,138,-0.12914,0.00127082,False
rs12158565,3,139,-0.135426,0.000745607,False
rs12158565,3,140,-0.140133,0.000508712,False
rs12158565,3,141,-0.140729,0.000490702,False
rs12158565,3,142,-0.14548,0.000324006,False
rs12158565,3,143,-0.149685,0.000219402,False
rs12158565,3,144,-0.148465,0.000253749,False
rs12158565,3,145,-0.138923,0.000639673,False
rs12158565,3,146,-0.142019,0.00050084,False
rs12158565,3,147,-0.141065,0.000562235,False
rs12158565,3,148,-0.145519,0.000387521,False
rs12158565,3,149,-0.142497,0.000520195,False
rs12158565,3,150,-0.143715,0.000488578,False
rs12158565,3,151,-0.137651,0.00085037,False
rs12158565,3,152,-0.139179,0.000769208,False
rs12158565,3,153,-0.136171,0.00102085,False
rs12158565,3,154,-0.143007,0.000575835,False
rs12158565,3,155,-0.130819,0.00168073,False
rs12158565,3,156,-0.119754,0.00411225,False
rs12158565,3,157,-0.12542,0.0027205,False
rs12158565,3,158,-0.119086,0.00447062,False
rs12158565,3,159,-0.135523,0.00126049,False
rs12158565,3,160,-0.125232,0.00294054,False
rs12158565,3,161,-0.125406,0.00301283,False
rs12158565,3,162,-0.124694,0.00322435,False
rs12158565,3,163,-0.129304,0.00233417,False
rs12158565,3,164,-0.126756,0.00290797,False
rs12158565,3,165,-0.133412,0.00178976,False
rs12158565,3,166,-0.130028,0.0023923,False
rs12158565,3,167,-0.127733,0.00293975,False
rs12158565,3,168,-0.12451,0.00387438,False
rs12158565,3,169,-0.143173,0.000944298,False
rs12158565,3,170,-0.144948,0.000844907,False
rs12158565,3,171,-0.140718,0.00124611,False
rs12158565,3,172,-0.150978,0.000577753,False
rs12158565,3,173,-0.135311,0.00209079,False
rs12158565,3,174,-0.134744,0.00228843,False
rs12158565,3,175,-0.131046,0.00317034,False
rs12158565,3,176,-0.133748,0.00269209,False
rs12158565,3,177,-0.130428,0.00356909,False
rs12158565,3,178,-0.132983,0.00314271,False
rs12158565,3,179,-0.13155,0.00366354,False
rs12158565,3,180,-0.133061,0.00348232,False
rs12158565,3,181,-0.124455,0.00657207,False
rs12158565,3,182,-0.133624,0.00372126,False
rs12158565,3,183,-0.128731,0.00546337,False
rs12158565,3,184,-0.121311,0.00915644,False
rs12158565,3,185,-0.112749,0.0161117,False
rs12158565,3,186,-0.112169,0.0173615,False
rs12158565,3,187,-0.121088,0.0106702,False
rs12158565,3,188,-0.122972,0.00987748,False
rs12158565,3,189,-0.121164,0.0114443,False
rs12158565,3,190,-0.112117,0.0202094,False
rs12158565,3,191,-0.108257,0.0258111,False
rs12158565,3,192,-0.109295,0.0252826,False
rs12158565,3,193,-0.106035,0.0307823,False
rs12158565,3,194,-0.110623,0.0251692,False
rs12158565,3,195,-0.126917,0.0105487,False
rs12158565,3,196,-0.121222,0.015109,False
rs12158565,3,197,-0.129534,0.00987003,False
rs12158565,3,198,-0.13339,0.00818036,False
rs12158565,3,199,-0.136068,0.00726659,False
rs12158565,3,200,-0.127643,0.0123338,False
rs12158565,3,201,-0.135219,0.00838598,False
rs12158565,3,202,-0.137304,0.00768559,False
rs12158565,3,203,-0.152258,0.00331612,False
rs12158565,3,204,-0.156676,0.00261719,False
rs12158565,3,205,-0.153012,0.00348045,False
rs12158565,3,206,-0.143621,0.00634228,False
rs12158565,3,207,-0.153056,0.00382398,False
rs12158565,3,208,-0.148671,0.00514591,False
rs12158565,3,209,-0.161468,0.00246482,False
rs12158565,3,210,-0.162647,0.00242065,False
rs12158565,3,211,-0.16139,0.00270945,False
rs12158565,3,212,-0.161281,0.00286763,False
rs12158565,3,213,-0.161966,0.0028541,False
rs12158565,3,214,-0.151799,0.00541983,False
rs12158565,3,215,-0.170541,0.00188009,False
rs12158565,3,216,-0.158511,0.00395886,False
rs12158565,3,217,-0.168201,0.00230932,False
rs12158565,3,218,-0.165085,0.00291925,False
rs12158565,3,219,-0.168771,0.00244274,False
rs12158565,3,220,-0.155641,0.00534729,False
rs12158565,3,221,-0.156837,0.00519015,False
rs12158565,3,222,-0.163037,0.00382766,False
rs12158565,3,223,-0.165256,0.00341293,False
rs12158565,3,224,-0.150768,0.00779533,False
rs12158565,3,225,-0.150404,0.00827887,False
rs12158565,3,226,-0.158202,0.00557722,False
rs12158565,3,227,-0.142133,0.0131006,False
rs12158565,3,228,-0.150971,0.00859145,False
rs12158565,3,229,-0.144038,0.0125364,False
rs12158565,3,230,-0.137821,0.01727,False
rs12158565,3,231,-0.140759,0.0153006,False
rs12158565,3,232,-0.131039,0.0243994,False
rs12158565,3,233,-0.134272,0.0216083,False
rs12158565,3,234,-0.134153,0.0221777,False
rs12158565,3,235,-0.125114,0.0335594,False
rs12158565,3,236,-0.121563,0.0396359,False
rs12158565,3,237,-0.123129,0.0381374,False
rs12158565,3,238,-0.12464,0.0365814,False
rs12158565,3,239,-0.111845,0.0618083,False
rs12158565,3,240,-0.12019,0.0460359,False
rs12158565,3,241,-0.10484,0.0833861,False
rs12158565,3,242,-0.122876,0.0436854,False
rs12158565,3,243,-0.108285,0.0777163,False
rs12158565,3,244,-0.109705,0.0765078,False
rs12158565,3,245,-0.108516,0.0820422,False
rs12158565,3,246,-0.0966775,0.124546,False
rs12158565,3,247,-0.106158,0.0949869,False
rs12158565,3,248,-0.104965,0.102354,False
rs12158565,3,249,-0.0978498,0.132194,False
rs12158565,3,250,-0.11378,0.0834525,False
rs12158565,4,7,-0.079224,0.024605,False
rs12158565,4,8,-0.0650712,0.0618727,False
rs12158565,4,9,-0.0789125,0.0218368,False
rs12158565,4,10,-0.0728366,0.0324214,False
rs12158565,4,11,-0.088216,0.00891614,False
rs12158565,4,12,-0.0797849,0.0170433,False
rs12158565,4,13,-0.0804259,0.015242,False
rs12158565,4,14,-0.0990465,0.0026789,False
rs12158565,4,15,-0.0858812,0.00865998,False
rs12158565,4,16,-0.0862915,0.00822137,False
rs12158565,4,17,-0.103868,0.00137496,False
rs12158565,4,18,-0.0944633,0.00361848,False
rs12158565,4,19,-0.0869187,0.00709624,False
rs12158565,4,20,-0.0939441,0.00349026,False
rs12158565,4,21,-0.111306,0.00054332,False
rs12158565,4,22,-0.0960806,0.00278692,False
rs12158565,4,23,-0.0998906,0.00189131,False
rs12158565,4,24,-0.0922729,0.00397978,False
rs12158565,4,25,-0.099464,0.00191082,False
rs12158565,4,26,-0.0849282,0.00815638,False
rs12158565,4,27,-0.0993071,0.00194432,False
rs12158565,4,28,-0.0914497,0.00438353,False
rs12158565,4,29,-0.0964979,0.00261587,False
rs12158565,4,30,-0.0922539,0.00399574,False
rs12158565,4,31,-0.0964072,0.00265867,False
rs12158565,4,32,-0.100711,0.00169264,False
rs12158565,4,33,-0.0905299,0.00483011,False
rs12158565,4,34,-0.119497,0.000193832,False
rs12158565,4,35,-0.0902649,0.00494999,False
rs12158565,4,36,-0.104784,0.00113654,False
rs12158565,4,37,-0.102201,0.00148477,False
rs12158565,4,38,-0.103146,0.00137652,False
rs12158565,4,39,-0.10154,0.00161236,False
rs12158565,4,40,-0.110626,0.000605457,False
rs12158565,4,41,-0.101981,0.00157176,False
rs12158565,4,42,-0.100422,0.00189543,False
rs12158565,4,43,-0.111209,0.000601835,False
rs12158565,4,44,-0.0973141,0.00269996,False
rs12158565,4,45,-0.114881,0.000398955,False
rs12158565,4,46,-0.107888,0.000927626,False
rs12158565,4,47,-0.099094,0.00236248,False
rs12158565,4,48,-0.100747,0.00202441,False
rs12158565,4,49,-0.0999321,0.00223288,False
rs12158565,4,50,-0.103335,0.00159655,False
rs12158565,4,51,-0.106987,0.00109907,False
rs12158565,4,52,-0.108972,0.000926311,False
rs12158565,4,53,-0.102579,0.00189241,False
rs12158565,4,54,-0.107422,0.00116525,False
rs12158565,4,55,-0.0947794,0.00414799,False
rs12158565,4,56,-0.098437,0.00301947,False
rs12158565,4,57,-0.0978163,0.00326378,False
rs12158565,4,58,-0.093648,0.00493967,False
rs12158565,4,59,-0.12024,0.000314569,False
rs12158565,4,60,-0.0974547,0.00365213,False
rs12158565,4,61,-0.0959711,0.0042571,False
rs12158565,4,62,-0.0983336,0.00341819,False
rs12158565,4,63,-0.0894718,0.00795793,False
rs12158565,4,64,-0.0958183,0.0045754,False
rs12158565,4,65,-0.0974928,0.00402607,False
rs12158565,4,66,-0.0968878,0.00431495,False
rs12158565,4,67,-0.0953832,0.00507326,False
rs12158565,4,68,-0.100685,0.00312798,False
rs12158565,4,69,-0.104227,0.00231716,False
rs12158565,4,70,-0.118473,0.00055781,False
rs12158565,4,71,-0.109707,0.00141522,False
rs12158565,4,72,-0.0974205,0.00474755,False
rs12158565,4,73,-0.0931754,0.00695423,False
rs12158565,4,74,-0.106087,0.00222772,False
rs12158565,4,75,-0.0965695,0.00545389,False
rs12158565,4,76,-0.0989188,0.00456957,False
rs12158565,4,77,-0.105077,0.00265142,False
rs12158565,4,78,-0.0947366,0.00685183,False
rs12158565,4,79,-0.100218,0.00432627,False
rs12158565,4,80,-0.103527,0.00326667,False
rs12158565,4,81,-0.103832,0.00325036,False
rs12158565,4,82,-0.120361,0.000654087,False
rs12158565,4,83,-0.113261,0.00136374,False
rs12158565,4,84,-0.113605,0.00137029,False
rs12158565,4,85,-0.121032,0.000673339,False
rs12158565,4,86,-0.118531,0.00088839,False
rs12158565,4,87,-0.116746,0.00109285,False
rs12158565,4,88,-0.129199,0.000301208,False
rs12158565,4,89,-0.130926,0.000264495,False
rs12158565,4,90,-0.120497,0.000810827,False
rs12158565,4,91,-0.116024,0.00130903,False
rs12158565,4,92,-0.134356,0.000205864,False
rs12158565,4,93,-0.142494,8.36987e-05,False
rs12158565,4,94,-0.121725,0.000794552,False
rs12158565,4,95,-0.114731,0.00162951,False
rs12158565,4,96,-0.129627,0.000382121,False
rs12158565,4,97,-0.113293,0.00194624,False
rs12158565,4,98,-0.116081,0.00152444,False
rs12158565,4,99,-0.114449,0.00186354,False
rs12158565,4,100,-0.107538,0.00353389,False
rs12158565,4,101,-0.104121,0.00484087,False
rs12158565,4,102,-0.107443,0.00376809,False
rs12158565,4,103,-0.112595,0.00244091,False
rs12158565,4,104,-0.127061,0.000643026,False
rs12158565,4,105,-0.107888,0.00376983,False
rs12158565,4,106,-0.11741,0.0016789,False
rs12158565,4,107,-0.113932,0.00232128,False
rs12158565,4,108,-0.11779,0.00168491,False
rs12158565,4,109,-0.108353,0.00391197,False
rs12158565,4,110,-0.118013,0.0017531,False
rs12158565,4,111,-0.118842,0.00167245,False
rs12158565,4,112,-0.105803,0.00520919,False
rs12158565,4,113,-0.110813,0.00347132,False
rs12158565,4,114,-0.11181,0.00323448,False
rs12158565,4,115,-0.116662,0.00220267,False
rs12158565,4,116,-0.129022,0.000736817,False
rs12158565,4,117,-0.129902,0.000702984,False
rs12158565,4,118,-0.1188,0.00198368,False
rs12158565,4,119,-0.130763,0.000672946,False
rs12158565,4,120,-0.117272,0.00235392,False
rs12158565,4,121,-0.123526,0.0013871,False
rs12158565,4,122,-0.135502,0.000463774,False
rs12158565,4,123,-0.129811,0.000825165,False
rs12158565,4,124,-0.12523,0.00129347,False
rs12158565,4,125,-0.130752,0.000795457,False
rs12158565,4,126,-0.131384,0.000772971,False
rs12158565,4,127,-0.123634,0.00157001,False
rs12158565,4,128,-0.134355,0.000617323,False
rs12158565,4,129,-0.13618,0.000531359,False
rs12158565,4,130,-0.13353,0.000685708,False
rs12158565,4,131,-0.131854,0.000806129,False
rs12158565,4,132,-0.135751,0.000581174,False
rs12158565,4,133,-0.143714,0.000285147,False
rs12158565,4,134,-0.14733,0.000204811,False
rs12158565,4,135,-0.158013,6.84957e-05,False
rs12158565,4,136,-0.141862,0.000360633,False
rs12158565,4,137,-0.142002,0.000370119,False
rs12158565,4,138,-0.13837,0.000542958,False
rs12158565,4,139,-0.143136,0.000349481,False
rs12158565,4,140,-0.142199,0.000390929,False
rs12158565,4,141,-0.13863,0.000561008,False
rs12158565,4,142,-0.141089,0.000457918,False
rs12158565,4,143,-0.132071,0.00106287,False
rs12158565,4,144,-0.130567,0.00123095,False
rs12158565,4,145,-0.138326,0.000637905,False
rs12158565,4,146,-0.141515,0.000488413,False
rs12158565,4,147,-0.147835,0.00027948,False
rs12158565,4,148,-0.138122,0.000694556,False
rs12158565,4,149,-0.128327,0.00166433,False
rs12158565,4,150,-0.13025,0.00144994,False
rs12158565,4,151,-0.140148,0.000628173,False
rs12158565,4,152,-0.137837,0.000794169,False
rs12158565,4,153,-0.134071,0.00113038,False
rs12158565,4,154,-0.137897,0.00083653,False
rs12158565,4,155,-0.132948,0.00132429,False
rs12158565,4,156,-0.131418,0.0015212,False
rs12158565,4,157,-0.133369,0.00131351,False
rs12158565,4,158,-0.143344,0.000578907,False
rs12158565,4,159,-0.133586,0.00136064,False
rs12158565,4,160,-0.127972,0.0022358,False
rs12158565,4,161,-0.140344,0.000836828,False
rs12158565,4,162,-0.142293,0.000722389,False
rs12158565,4,163,-0.137145,0.00113416,False
rs12158565,4,164,-0.1448,0.000612708,False
rs12158565,4,165,-0.135011,0.00144582,False
rs12158565,4,166,-0.128283,0.00253163,False
rs12158565,4,167,-0.133441,0.00176197,False
rs12158565,4,168,-0.131775,0.0020866,False
rs12158565,4,169,-0.130705,0.0023434,False
rs12158565,4,170,-0.124821,0.00376796,False
rs12158565,4,171,-0.140965,0.00112812,False
rs12158565,4,172,-0.126527,0.00360878,False
rs12158565,4,173,-0.133595,0.00217572,False
rs12158565,4,174,-0.13271,0.00242279,False
rs12158565,4,175,-0.124087,0.0047968,False
rs12158565,4,176,-0.117662,0.00779536,False
rs12158565,4,177,-0.116417,0.00880877,False
rs12158565,4,178,-0.117479,0.00846594,False
rs12158565,4,179,-0.129156,0.0039455,False
rs12158565,4,180,-0.128163,0.00447109,False
rs12158565,4,181,-0.127707,0.00480778,False
rs12158565,4,182,-0.110058,0.0155471,False
rs12158565,4,183,-0.118292,0.0098186,False
rs12158565,4,184,-0.111333,0.0157333,False
rs12158565,4,185,-0.115773,0.0125485,False
rs12158565,4,186,-0.108958,0.0192935,False
rs12158565,4,187,-0.104915,0.0252265,False
rs12158565,4,188,-0.104708,0.0264855,False
rs12158565,4,189,-0.0993736,0.0361116,False
rs12158565,4,190,-0.106551,0.0257466,False
rs12158565,4,191,-0.104454,0.0298013,False
rs12158565,4,192,-0.108802,0.0242987,False
rs12158565,4,193,-0.103164,0.0337222,False
rs12158565,4,194,-0.10707,0.0286046,False
rs12158565,4,195,-0.128786,0.00882114,False
rs12158565,4,196,-0.133823,0.00683728,False
rs12158565,4,197,-0.111694,0.0249036,False
rs12158565,4,198,-0.123066,0.0138874,False
rs12158565,4,199,-0.129446,0.0100261,False
rs12158565,4,200,-0.131785,0.0091562,False
rs12158565,4,201,-0.144552,0.00446836,False
rs12158565,4,202,-0.142348,0.00533614,False
rs12158565,4,203,-0.156139,0.00238804,False
rs12158565,4,204,-0.153341,0.00299787,False
rs12158565,4,205,-0.143283,0.00579065,False
rs12158565,4,206,-0.156692,0.0026946,False
rs12158565,4,207,-0.161564,0.00205793,False
rs12158565,4,208,-0.159624,0.00246869,False
rs12158565,4,209,-0.157463,0.00297803,False
rs12158565,4,210,-0.166789,0.00173501,False
rs12158565,4,211,-0.17462,0.00109284,False
rs12158565,4,212,-0.167576,0.00185112,False
rs12158565,4,213,-0.17613,0.0011337,False
rs12158565,4,214,-0.157541,0.00375706,False
rs12158565,4,215,-0.166302,0.00230911,False
rs12158565,4,216,-0.173168,0.00161273,False
rs12158565,4,217,-0.162302,0.00323717,False
rs12158565,4,218,-0.159198,0.00402635,False
rs12158565,4,219,-0.180476,0.00117015,False
rs12158565,4,220,-0.16378,0.00337513,False
rs12158565,4,221,-0.173389,0.00199651,False
rs12158565,4,222,-0.15415,0.00618674,False
rs12158565,4,223,-0.168833,0.00284349,False
rs12158565,4,224,-0.16702,0.00327818,False
rs12158565,4,225,-0.17861,0.00170004,False
rs12158565,4,226,-0.160395,0.00500248,False
rs12158565,4,227,-0.163702,0.00438353,False
rs12158565,4,228,-0.165417,0.00407198,False
rs12158565,4,229,-0.158594,0.00606066,False
rs12158565,4,230,-0.163257,0.00484553,False
rs12158565,4,231,-0.154436,0.00798033,False
rs12158565,4,232,-0.156236,0.0074594,False
rs12158565,4,233,-0.153315,0.0088804,False
rs12158565,4,234,-0.150442,0.0104997,False
rs12158565,4,235,-0.138067,0.0192241,False
rs12158565,4,236,-0.142142,0.0163526,False
rs12158565,4,237,-0.154569,0.00938689,False
rs12158565,4,238,-0.129681,0.0299299,False
rs12158565,4,239,-0.135348,0.0239649,False
rs12158565,4,240,-0.141994,0.0184636,False
rs12158565,4,241,-0.131553,0.0300011,False
rs12158565,4,242,-0.127854,0.0357932,False
rs12158565,4,243,-0.141565,0.0209689,False
rs12158565,4,244,-0.137601,0.0258676,False
rs12158565,4,245,-0.134588,0.0304468,False
rs12158565,4,246,-0.125257,0.0458155,False
rs12158565,4,247,-0.122584,0.0528934,False
rs12158565,4,248,-0.12567,0.0494578,False
rs12158565,4,249,-0.120935,0.0611865,False
rs12158565,4,250,-0.124952,0.0555825,False
rs12158565,4,251,-0.126683,0.0548206,False
rs12158565,5,7,-0.103333,0.00310109,False
rs12158565,5,8,-0.0900561,0.00916979,False
rs12158565,5,9,-0.102817,0.00266989,False
rs12158565,5,10,-0.0911642,0.00714054,False
rs12158565,5,11,-0.100665,0.00268962,False
rs12158565,5,12,-0.103914,0.00176219,False
rs12158565,5,13,-0.100589,0.00227661,False
rs12158565,5,14,-0.091506,0.00527461,False
rs12158565,5,15,-0.10572,0.00120151,False
rs12158565,5,16,-0.0931304,0.00410089,False
rs12158565,5,17,-0.101388,0.00176448,False
rs12158565,5,18,-0.10711,0.000908245,False
rs12158565,5,19,-0.102711,0.00144214,False
rs12158565,5,20,-0.0987418,0.0021259,False
rs12158565,5,21,-0.111254,0.000516167,False
rs12158565,5,22,-0.100261,0.00179207,False
rs12158565,5,23,-0.1044,0.00114102,False
rs12158565,5,24,-0.0959473,0.00282586,False
rs12158565,5,25,-0.11281,0.000419115,False
rs12158565,5,26,-0.0984041,0.00216814,False
rs12158565,5,27,-0.0976554,0.00229893,False
rs12158565,5,28,-0.105098,0.0010294,False
rs12158565,5,29,-0.100555,0.00169958,False
rs12158565,5,30,-0.101893,0.00145036,False
rs12158565,5,31,-0.115419,0.000308338,False
rs12158565,5,32,-0.107547,0.000790923,False
rs12158565,5,33,-0.101311,0.00159018,False
rs12158565,5,34,-0.109866,0.0006108,False
rs12158565,5,35,-0.116604,0.000268619,False
rs12158565,5,36,-0.109597,0.000623494,False
rs12158565,5,37,-0.109906,0.000621625,False
rs12158565,5,38,-0.111471,0.000522756,False
rs12158565,5,39,-0.11481,0.000356283,False
rs12158565,5,40,-0.108323,0.000771203,False
rs12158565,5,41,-0.121678,0.000155932,False
rs12158565,5,42,-0.119137,0.000220973,False
rs12158565,5,43,-0.123303,0.00013686,False
rs12158565,5,44,-0.132258,4.36121e-05,False
rs12158565,5,45,-0.127214,8.71833e-05,False
rs12158565,5,46,-0.103661,0.00138562,False
rs12158565,5,47,-0.119502,0.000236381,False
rs12158565,5,48,-0.122859,0.000164547,False
rs12158565,5,49,-0.102735,0.00163191,False
rs12158565,5,50,-0.0859003,0.00861714,False
rs12158565,5,51,-0.106602,0.00113488,False
rs12158565,5,52,-0.122907,0.000181729,False
rs12158565,5,53,-0.0910095,0.00561443,False
rs12158565,5,54,-0.105058,0.00141216,False
rs12158565,5,55,-0.0999497,0.00247163,False
rs12158565,5,56,-0.0961688,0.00371593,False
rs12158565,5,57,-0.0908535,0.00609613,False
rs12158565,5,58,-0.110579,0.000861213,False
rs12158565,5,59,-0.0947397,0.00442019,False
rs12158565,5,60,-0.0915399,0.00614169,False
rs12158565,5,61,-0.1111,0.000878021,False
rs12158565,5,62,-0.109291,0.00110508,False
rs12158565,5,63,-0.103288,0.00209329,False
rs12158565,5,64,-0.114846,0.000654098,False
rs12158565,5,65,-0.104892,0.0019039,False
rs12158565,5,66,-0.0978339,0.00389835,False
rs12158565,5,67,-0.108028,0.00147403,False
rs12158565,5,68,-0.105473,0.00193444,False
rs12158565,5,69,-0.0999704,0.00342589,False
rs12158565,5,70,-0.0947761,0.00568766,False
rs12158565,5,71,-0.0997526,0.00374932,False
rs12158565,5,72,-0.104775,0.00236485,False
rs12158565,5,73,-0.104189,0.00255989,False
rs12158565,5,74,-0.111948,0.00121751,False
rs12158565,5,75,-0.102429,0.00319008,False
rs12158565,5,76,-0.106834,0.00217608,False
rs12158565,5,77,-0.0962206,0.00587804,False
rs12158565,5,78,-0.0903647,0.00986114,False
rs12158565,5,79,-0.115452,0.000989012,False
rs12158565,5,80,-0.114255,0.0011496,False
rs12158565,5,81,-0.0999939,0.00452705,False
rs12158565,5,82,-0.107391,0.00234283,False
rs12158565,5,83,-0.0985492,0.00541235,False
rs12158565,5,84,-0.120897,0.000667241,False
rs12158565,5,85,-0.131179,0.000223685,False
rs12158565,5,86,-0.115137,0.00122804,False
rs12158565,5,87,-0.120624,0.000725859,False
rs12158565,5,88,-0.136398,0.000140796,False
rs12158565,5,89,-0.128088,0.000359396,False
rs12158565,5,90,-0.131298,0.000263416,False
rs12158565,5,91,-0.129301,0.000344956,False
rs12158565,5,92,-0.12378,0.000633991,False
rs12158565,5,93,-0.126763,0.000458182,False
rs12158565,5,94,-0.130472,0.000328098,False
rs12158565,5,95,-0.130625,0.00033061,False
rs12158565,5,96,-0.138766,0.000141958,False
rs12158565,5,97,-0.133286,0.00026951,False
rs12158565,5,98,-0.13503,0.000229509,False
rs12158565,5,99,-0.121195,0.000942102,False
rs12158565,5,100,-0.117102,0.00143761,False
rs12158565,5,101,-0.111245,0.00252453,False
rs12158565,5,102,-0.112489,0.00232182,False
rs12158565,5,103,-0.130726,0.000419669,False
rs12158565,5,104,-0.124275,0.000815241,False
rs12158565,5,105,-0.119434,0.00135449,False
rs12158565,5,106,-0.111789,0.00274821,False
rs12158565,5,107,-0.124199,0.000890389,False
rs12158565,5,108,-0.120903,0.00125037,False
rs12158565,5,109,-0.0975943,0.00941755,False
rs12158565,5,110,-0.108532,0.00394501,False
rs12158565,5,111,-0.10259,0.00657397,False
rs12158565,5,112,-0.10503,0.00548157,False
rs12158565,5,113,-0.105396,0.00541447,False
rs12158565,5,114,-0.11562,0.00235406,False
rs12158565,5,115,-0.116583,0.00219112,False
rs12158565,5,116,-0.108562,0.00445671,False
rs12158565,5,117,-0.121409,0.00150352,False
rs12158565,5,118,-0.105436,0.00594833,False
rs12158565,5,119,-0.1227,0.00139322,False
rs12158565,5,120,-0.110004,0.00421748,False
rs12158565,5,121,-0.112953,0.00338444,False
rs12158565,5,122,-0.119419,0.0019904,False
rs12158565,5,123,-0.110407,0.00434013,False
rs12158565,5,124,-0.122187,0.00163082,False
rs12158565,5,125,-0.126402,0.00113113,False
rs12158565,5,126,-0.137568,0.000402578,False
rs12158565,5,127,-0.123853,0.00147474,False
rs12158565,5,128,-0.13946,0.00035344,False
rs12158565,5,129,-0.140019,0.000351511,False
rs12158565,5,130,-0.145025,0.00021928,False
rs12158565,5,131,-0.143052,0.000271825,False
rs12158565,5,132,-0.132507,0.000767011,False
rs12158565,5,133,-0.133242,0.000736112,False
rs12158565,5,134,-0.140791,0.000365254,False
rs12158565,5,135,-0.138117,0.000474369,False
rs12158565,5,136,-0.142351,0.00032337,False
rs12158565,5,137,-0.145768,0.000232418,False
rs12158565,5,138,-0.15335,0.000111044,False
rs12158565,5,139,-0.135629,0.000672852,False
rs12158565,5,140,-0.130759,0.00106343,False
rs12158565,5,141,-0.150341,0.000167019,False
rs12158565,5,142,-0.144288,0.000307276,False
rs12158565,5,143,-0.146113,0.000266563,False
rs12158565,5,144,-0.150444,0.000178491,False
rs12158565,5,145,-0.13552,0.000758574,False
rs12158565,5,146,-0.143923,0.000352822,False
rs12158565,5,147,-0.133226,0.000962332,False
rs12158565,5,148,-0.130574,0.00125039,False
rs12158565,5,149,-0.143777,0.000388847,False
rs12158565,5,150,-0.132116,0.00114517,False
rs12158565,5,151,-0.121713,0.00275244,False
rs12158565,5,152,-0.128163,0.00166481,False
rs12158565,5,153,-0.12272,0.00263702,False
rs12158565,5,154,-0.126707,0.00193019,False
rs12158565,5,155,-0.136253,0.000873083,False
rs12158565,5,156,-0.136819,0.000849168,False
rs12158565,5,157,-0.148508,0.000302617,False
rs12158565,5,158,-0.144364,0.000451822,False
rs12158565,5,159,-0.134287,0.00114289,False
rs12158565,5,160,-0.127304,0.00212443,False
rs12158565,5,161,-0.121656,0.00337054,False
rs12158565,5,162,-0.114641,0.00585773,False
rs12158565,5,163,-0.130535,0.00177522,False
rs12158565,5,164,-0.127374,0.002347,False
rs12158565,5,165,-0.134893,0.00130169,False
rs12158565,5,166,-0.129748,0.00205778,False
rs12158565,5,167,-0.134324,0.00146099,False
rs12158565,5,168,-0.133473,0.00162286,False
rs12158565,5,169,-0.134672,0.00153927,False
rs12158565,5,170,-0.11797,0.00569498,False
rs12158565,5,171,-0.116357,0.00655578,False
rs12158565,5,172,-0.130995,0.0023006,False
rs12158565,5,173,-0.126678,0.00332263,False
rs12158565,5,174,-0.128398,0.00301542,False
rs12158565,5,175,-0.11802,0.00660303,False
rs12158565,5,176,-0.125434,0.0040458,False
rs12158565,5,177,-0.12012,0.00611779,False
rs12158565,5,178,-0.124883,0.00460309,False
rs12158565,5,179,-0.120087,0.00678475,False
rs12158565,5,180,-0.117272,0.0084739,False
rs12158565,5,181,-0.124592,0.00534687,False
rs12158565,5,182,-0.131851,0.00340527,False
rs12158565,5,183,-0.12529,0.00562867,False
rs12158565,5,184,-0.133926,0.00325367,False
rs12158565,5,185,-0.122962,0.00718923,False
rs12158565,5,186,-0.123168,0.00751859,False
rs12158565,5,187,-0.129085,0.0053617,False
rs12158565,5,188,-0.111886,0.0163612,False
rs12158565,5,189,-0.107013,0.0226552,False
rs12158565,5,190,-0.112049,0.017784,False
rs12158565,5,191,-0.120336,0.0113323,False
rs12158565,5,192,-0.122241,0.0105395,False
rs12158565,5,193,-0.120763,0.0120762,False
rs12158565,5,194,-0.118118,0.0147584,False
rs12158565,5,195,-0.132755,0.00649316,False
rs12158565,5,196,-0.124004,0.0113487,False
rs12158565,5,197,-0.128931,0.00894342,False
rs12158565,5,198,-0.139355,0.00495256,False
rs12158565,5,199,-0.13344,0.00747388,False
rs12158565,5,200,-0.144175,0.00401885,False
rs12158565,5,201,-0.145055,0.00398425,False
rs12158565,5,202,-0.160032,0.00159271,False
rs12158565,5,203,-0.157402,0.00200008,False
rs12158565,5,204,-0.142771,0.0053716,False
rs12158565,5,205,-0.148238,0.00402622,False
rs12158565,5,206,-0.139605,0.00707201,False
rs12158565,5,207,-0.151064,0.00373418,False
rs12158565,5,208,-0.147994,0.00473066,False
rs12158565,5,209,-0.167309,0.0015046,False
rs12158565,5,210,-0.162596,0.00216195,False
rs12158565,5,211,-0.161963,0.00237236,False
rs12158565,5,212,-0.158402,0.00307801,False
rs12158565,5,213,-0.154434,0.00410043,False
rs12158565,5,214,-0.158923,0.00334528,False
rs12158565,5,215,-0.155477,0.00430117,False
rs12158565,5,216,-0.171974,0.00166556,False
rs12158565,5,217,-0.161527,0.00332474,False
rs12158565,5,218,-0.152264,0.00589199,False
rs12158565,5,219,-0.152713,0.00592683,False
rs12158565,5,220,-0.160172,0.00406553,False
rs12158565,5,221,-0.16574,0.00308731,False
rs12158565,5,222,-0.169157,0.00267188,False
rs12158565,5,223,-0.17749,0.00168887,False
rs12158565,5,224,-0.170611,0.00263869,False
rs12158565,5,225,-0.15638,0.00604748,False
rs12158565,5,226,-0.165396,0.0038796,False
rs12158565,5,227,-0.156337,0.00648327,False
rs12158565,5,228,-0.155108,0.00714923,False
rs12158565,5,229,-0.152963,0.00817098,False
rs12158565,5,230,-0.151761,0.00897517,False
rs12158565,5,231,-0.16135,0.00561446,False
rs12158565,5,232,-0.150285,0.0101058,False
rs12158565,5,233,-0.153583,0.00883024,False
rs12158565,5,234,-0.157544,0.00735304,False
rs12158565,5,235,-0.156844,0.00793119,False
rs12158565,5,236,-0.139351,0.0187929,False
rs12158565,5,237,-0.160954,0.00681927,False
rs12158565,5,238,-0.15772,0.00830369,False
rs12158565,5,239,-0.144775,0.0158561,False
rs12158565,5,240,-0.164262,0.00643644,False
rs12158565,5,241,-0.137683,0.0230272,False
rs12158565,5,242,-0.156892,0.00993638,False
rs12158565,5,243,-0.140629,0.0216703,False
rs12158565,5,244,-0.143007,0.0203801,False
rs12158565,5,245,-0.165738,0.00767235,False
rs12158565,5,246,-0.152197,0.0149795,False
rs12158565,5,247,-0.160248,0.0111291,False
rs12158565,5,248,-0.145805,0.0220432,False
rs12158565,5,249,-0.153467,0.0170242,False
rs12158565,5,250,-0.141041,0.0299449,False
rs12158565,5,251,-0.153244,0.0194731,False
rs12158565,6,7,-0.0862043,0.0134753,False
rs12158565,6,8,-0.104487,0.00253831,False
rs12158565,6,9,-0.0871641,0.0104576,False
rs12158565,6,10,-0.0949273,0.00493407,False
rs12158565,6,11,-0.104108,0.00182062,False
rs12158565,6,12,-0.10037,0.00244519,False
rs12158565,6,13,-0.0835582,0.0109813,False
rs12158565,6,14,-0.0996073,0.00230432,False
rs12158565,6,15,-0.0922961,0.0044901,False
rs12158565,6,16,-0.0968217,0.00275621,False
rs12158565,6,17,-0.0902467,0.0051209,False
rs12158565,6,18,-0.0997578,0.00192096,False
rs12158565,6,19,-0.0902933,0.00496554,False
rs12158565,6,20,-0.0992711,0.00191225,False
rs12158565,6,21,-0.0850907,0.00794269,False
rs12158565,6,22,-0.0991147,0.00198249,False
rs12158565,6,23,-0.0772195,0.0158366,False
rs12158565,6,24,-0.0936639,0.00339667,False
rs12158565,6,25,-0.0871864,0.00640446,False
rs12158565,6,26,-0.0824392,0.0100297,False
rs12158565,6,27,-0.0979791,0.00220238,False
rs12158565,6,28,-0.0795653,0.0127424,False
rs12158565,6,29,-0.0955314,0.00277894,False
rs12158565,6,30,-0.0940682,0.00325715,False
rs12158565,6,31,-0.0935432,0.00342578,False
rs12158565,6,32,-0.0892985,0.00530088,False
rs12158565,6,33,-0.101382,0.00152885,False
rs12158565,6,34,-0.0766722,0.0167037,False
rs12158565,6,35,-0.104443,0.00110921,False
rs12158565,6,36,-0.091342,0.00441755,False
rs12158565,6,37,-0.0921546,0.00409874,False
rs12158565,6,38,-0.11382,0.00039615,False
rs12158565,6,39,-0.10173,0.00157536,False
rs12158565,6,40,-0.106831,0.000913161,False
rs12158565,6,41,-0.0991624,0.00211778,False
rs12158565,6,42,-0.103321,0.00137318,False
rs12158565,6,43,-0.11127,0.000594492,False
rs12158565,6,44,-0.0909362,0.00502315,False
rs12158565,6,45,-0.102688,0.0015679,False
rs12158565,6,46,-0.105922,0.00112533,False
rs12158565,6,47,-0.107544,0.000962606,False
rs12158565,6,48,-0.0984746,0.00254694,False
rs12158565,6,49,-0.0959909,0.00332165,False
rs12158565,6,50,-0.10698,0.00107413,False
rs12158565,6,51,-0.09142,0.00524545,False
rs12158565,6,52,-0.111932,0.000654463,False
rs12158565,6,53,-0.104024,0.00153598,False
rs12158565,6,54,-0.0928323,0.00477169,False
rs12158565,6,55,-0.0992095,0.00264251,False
rs12158565,6,56,-0.0981893,0.00291178,False
rs12158565,6,57,-0.090558,0.00621468,False
rs12158565,6,58,-0.0933846,0.00483636,False
rs12158565,6,59,-0.0930912,0.00506199,False
rs12158565,6,60,-0.0844967,0.011073,False
rs12158565,6,61,-0.0883972,0.00804598,False
rs12158565,6,62,-0.0793442,0.0175652,False
rs12158565,6,63,-0.0791538,0.0180782,False
rs12158565,6,64,-0.084256,0.0121617,False
rs12158565,6,65,-0.0814863,0.0156487,False
rs12158565,6,66,-0.0909909,0.00696445,False
rs12158565,6,67,-0.0951929,0.00491775,False
rs12158565,6,68,-0.0965047,0.00454432,False
rs12158565,6,69,-0.0932506,0.00616855,False
rs12158565,6,70,-0.0983283,0.0039487,False
rs12158565,6,71,-0.0991113,0.00384672,False
rs12158565,6,72,-0.0926639,0.00714896,False
rs12158565,6,73,-0.103847,0.00253042,False
rs12158565,6,74,-0.112694,0.00111714,False
rs12158565,6,75,-0.102617,0.00308385,False
rs12158565,6,76,-0.0864468,0.0129437,False
rs12158565,6,77,-0.10184,0.00346818,False
rs12158565,6,78,-0.112137,0.0013159,False
rs12158565,6,79,-0.0981033,0.00507421,False
rs12158565,6,80,-0.094212,0.00732375,False
rs12158565,6,81,-0.0958664,0.00646099,False
rs12158565,6,82,-0.103432,0.00344207,False
rs12158565,6,83,-0.100431,0.00459238,False
rs12158565,6,84,-0.109478,0.00205363,False
rs12158565,6,85,-0.109801,0.00203863,False
rs12158565,6,86,-0.107679,0.0025392,False
rs12158565,6,87,-0.111562,0.00181872,False
rs12158565,6,88,-0.119407,0.000846571,False
rs12158565,6,89,-0.107627,0.0027739,False
rs12158565,6,90,-0.0998616,0.00563437,False
rs12158565,6,91,-0.116532,0.00123269,False
rs12158565,6,92,-0.104226,0.00396373,False
rs12158565,6,93,-0.114902,0.00154277,False
rs12158565,6,94,-0.111967,0.00205971,False
rs12158565,6,95,-0.123379,0.000705433,False
rs12158565,6,96,-0.123064,0.000767398,False
rs12158565,6,97,-0.127645,0.000484309,False
rs12158565,6,98,-0.118097,0.00129371,False
rs12158565,6,99,-0.126282,0.000596548,False
rs12158565,6,100,-0.119611,0.00115847,False
rs12158565,6,101,-0.126934,0.000591579,False
rs12158565,6,102,-0.133622,0.000310837,False
rs12158565,6,103,-0.13239,0.00035984,False
rs12158565,6,104,-0.126383,0.000679427,False
rs12158565,6,105,-0.122825,0.000978604,False
rs12158565,6,106,-0.125306,0.000812206,False
rs12158565,6,107,-0.115167,0.00213137,False
rs12158565,6,108,-0.124914,0.000888189,False
rs12158565,6,109,-0.121608,0.00124019,False
rs12158565,6,110,-0.117758,0.00181477,False
rs12158565,6,111,-0.114298,0.00254738,False
rs12158565,6,112,-0.103727,0.00625864,False
rs12158565,6,113,-0.111785,0.0032806,False
rs12158565,6,114,-0.129145,0.000686817,False
rs12158565,6,115,-0.127363,0.000855639,False
rs12158565,6,116,-0.112677,0.00323324,False
rs12158565,6,117,-0.115573,0.0025724,False
rs12158565,6,118,-0.104395,0.00660003,False
rs12158565,6,119,-0.11023,0.00417286,False
rs12158565,6,120,-0.108452,0.00486962,False
rs12158565,6,121,-0.0993505,0.0101245,False
rs12158565,6,122,-0.114389,0.00311607,False
rs12158565,6,123,-0.11605,0.00275854,False
rs12158565,6,124,-0.117642,0.00243841,False
rs12158565,6,125,-0.114308,0.00329388,False
rs12158565,6,126,-0.12069,0.00196519,False
rs12158565,6,127,-0.118454,0.00240431,False
rs12158565,6,128,-0.132783,0.000678589,False
rs12158565,6,129,-0.127697,0.00110024,False
rs12158565,6,130,-0.124094,0.00152518,False
rs12158565,6,131,-0.120884,0.00206426,False
rs12158565,6,132,-0.12265,0.00182424,False
rs12158565,6,133,-0.125665,0.00144243,False
rs12158565,6,134,-0.12312,0.0018128,False
rs12158565,6,135,-0.133149,0.000760853,False
rs12158565,6,136,-0.138054,0.000495458,False
rs12158565,6,137,-0.131441,0.000932148,False
rs12158565,6,138,-0.134524,0.000721784,False
rs12158565,6,139,-0.140685,0.000412267,False
rs12158565,6,140,-0.142791,0.000341127,False
rs12158565,6,141,-0.144794,0.0002924,False
rs12158565,6,142,-0.131022,0.0010663,False
rs12158565,6,143,-0.131312,0.00104521,False
rs12158565,6,144,-0.134303,0.000827252,False
rs12158565,6,145,-0.133677,0.000895509,False
rs12158565,6,146,-0.138308,0.000596814,False
rs12158565,6,147,-0.134771,0.000836219,False
rs12158565,6,148,-0.129373,0.00138796,False
rs12158565,6,149,-0.123791,0.00223074,False
rs12158565,6,150,-0.118374,0.00348858,False
rs12158565,6,151,-0.112559,0.00556344,False
rs12158565,6,152,-0.126612,0.00180498,False
rs12158565,6,153,-0.127871,0.00165666,False
rs12158565,6,154,-0.115967,0.00440899,False
rs12158565,6,155,-0.116942,0.00414838,False
rs12158565,6,156,-0.114716,0.0050477,False
rs12158565,6,157,-0.108781,0.00803922,False
rs12158565,6,158,-0.118582,0.00391264,False
rs12158565,6,159,-0.119277,0.00378509,False
rs12158565,6,160,-0.119949,0.00365303,False
rs12158565,6,161,-0.118757,0.00409263,False
rs12158565,6,162,-0.122596,0.00310856,False
rs12158565,6,163,-0.122399,0.00324779,False
rs12158565,6,164,-0.129141,0.00196226,False
rs12158565,6,165,-0.125484,0.00270071,False
rs12158565,6,166,-0.127731,0.00231582,False
rs12158565,6,167,-0.129899,0.00200738,False
rs12158565,6,168,-0.127887,0.00245562,False
rs12158565,6,169,-0.120705,0.00434644,False
rs12158565,6,170,-0.126294,0.00296638,False
rs12158565,6,171,-0.133707,0.00171817,False
rs12158565,6,172,-0.118265,0.00571433,False
rs12158565,6,173,-0.125099,0.00353261,False
rs12158565,6,174,-0.121332,0.00482199,False
rs12158565,6,175,-0.130115,0.00264366,False
rs12158565,6,176,-0.12847,0.00311004,False
rs12158565,6,177,-0.138326,0.00150076,False
rs12158565,6,178,-0.124743,0.0044043,False
rs12158565,6,179,-0.122142,0.00553189,False
rs12158565,6,180,-0.120368,0.00648926,False
rs12158565,6,181,-0.116854,0.0085796,False
rs12158565,6,182,-0.104975,0.0186482,False
rs12158565,6,183,-0.101658,0.0235476,False
rs12158565,6,184,-0.100828,0.0252279,False
rs12158565,6,185,-0.103951,0.0217693,False
rs12158565,6,186,-0.124762,0.00619818,False
rs12158565,6,187,-0.107448,0.0192107,False
rs12158565,6,188,-0.114863,0.0127225,False
rs12158565,6,189,-0.112059,0.0156024,False
rs12158565,6,190,-0.104355,0.0253194,False
rs12158565,6,191,-0.116624,0.0129382,False
rs12158565,6,192,-0.119938,0.0109998,False
rs12158565,6,193,-0.131884,0.00558847,False
rs12158565,6,194,-0.128771,0.00706031,False
rs12158565,6,195,-0.147511,0.00220105,False
rs12158565,6,196,-0.141732,0.00341628,False
rs12158565,6,197,-0.136409,0.00513407,False
rs12158565,6,198,-0.149775,0.00225684,False
rs12158565,6,199,-0.139014,0.00482119,False
rs12158565,6,200,-0.151687,0.00224208,False
rs12158565,6,201,-0.149986,0.00267967,False
rs12158565,6,202,-0.152577,0.00237414,False
rs12158565,6,203,-0.156802,0.00190811,False
rs12158565,6,204,-0.163757,0.00127736,False
rs12158565,6,205,-0.153454,0.0026914,False
rs12158565,6,206,-0.157729,0.00220691,False
rs12158565,6,207,-0.157088,0.00244172,False
rs12158565,6,208,-0.150893,0.00376885,False
rs12158565,6,209,-0.155648,0.00293942,False
rs12158565,6,210,-0.156117,0.00304294,False
rs12158565,6,211,-0.155326,0.00337295,False
rs12158565,6,212,-0.170982,0.00134597,False
rs12158565,6,213,-0.159608,0.0028852,False
rs12158565,6,214,-0.164196,0.00233524,False
rs12158565,6,215,-0.165193,0.00232429,False
rs12158565,6,216,-0.166022,0.0023357,False
rs12158565,6,217,-0.166388,0.00244976,False
rs12158565,6,218,-0.171488,0.00189452,False
rs12158565,6,219,-0.175633,0.00153532,False
rs12158565,6,220,-0.174716,0.00174039,False
rs12158565,6,221,-0.165534,0.00312633,False
rs12158565,6,222,-0.171252,0.00235065,False
rs12158565,6,223,-0.179273,0.00155323,False
rs12158565,6,224,-0.17896,0.00164809,False
rs12158565,6,225,-0.161729,0.00467606,False
rs12158565,6,226,-0.167112,0.003532,False
rs12158565,6,227,-0.167487,0.0036098,False
rs12158565,6,228,-0.173289,0.00272074,False
rs12158565,6,229,-0.155893,0.00719163,False
rs12158565,6,230,-0.153883,0.00823068,False
rs12158565,6,231,-0.156909,0.00718946,False
rs12158565,6,232,-0.15376,0.00877476,False
rs12158565,6,233,-0.149907,0.0108859,False
rs12158565,6,234,-0.151285,0.0104379,False
rs12158565,6,235,-0.14933,0.0117784,False
rs12158565,6,236,-0.156702,0.00846121,False
rs12158565,6,237,-0.143774,0.016058,False
rs12158565,6,238,-0.150851,0.0118634,False
rs12158565,6,239,-0.146671,0.0148834,False
rs12158565,6,240,-0.13584,0.0247205,False
rs12158565,6,241,-0.157064,0.00977112,False
rs12158565,6,242,-0.147905,0.0154864,False
rs12158565,6,243,-0.139616,0.02306,False
rs12158565,6,244,-0.144377,0.0195886,False
rs12158565,6,245,-0.146664,0.018308,False
rs12158565,6,246,-0.145713,0.0199741,False
rs12158565,6,247,-0.13518,0.0322936,False
rs12158565,6,248,-0.145059,0.0227913,False
rs12158565,6,249,-0.15565,0.0154223,False
rs12158565,6,250,-0.140078,0.0308143,False
rs12158565,6,251,-0.12872,0.0493737,False
rs12158565,7,7,-0.102586,0.00288895,False
rs12158565,7,8,-0.098857,0.00373486,False
rs12158565,7,9,-0.10565,0.00173495,False
rs12158565,7,10,-0.0898899,0.00723266,False
rs12158565,7,11,-0.0978731,0.00315796,False
rs12158565,7,12,-0.102252,0.00188282,False
rs12158565,7,13,-0.0898994,0.00605734,False
rs12158565,7,14,-0.0925499,0.00437529,False
rs12158565,7,15,-0.0841038,0.00926116,False
rs12158565,7,16,-0.0855918,0.00796122,False
rs12158565,7,17,-0.0789614,0.0137365,False
rs12158565,7,18,-0.0894278,0.00530675,False
rs12158565,7,19,-0.0816124,0.0107253,False
rs12158565,7,20,-0.0991371,0.00192467,False
rs12158565,7,21,-0.0930548,0.00357373,False
rs12158565,7,22,-0.083423,0.0087821,False
rs12158565,7,23,-0.104183,0.00106065,False
rs12158565,7,24,-0.092066,0.00386681,False
rs12158565,7,25,-0.0874659,0.00590261,False
rs12158565,7,26,-0.0993055,0.00174078,False
rs12158565,7,27,-0.0995772,0.00171648,False
rs12158565,7,28,-0.112587,0.000399851,False
rs12158565,7,29,-0.0895978,0.00483534,False
rs12158565,7,30,-0.109192,0.000595261,False
rs12158565,7,31,-0.105556,0.000894891,False
rs12158565,7,32,-0.106207,0.000839051,False
rs12158565,7,33,-0.109444,0.000586795,False
rs12158565,7,34,-0.116065,0.000264166,False
rs12158565,7,35,-0.107318,0.000762971,False
rs12158565,7,36,-0.111883,0.000452935,False
rs12158565,7,37,-0.113808,0.000367838,False
rs12158565,7,38,-0.103617,0.00121089,False
rs12158565,7,39,-0.105611,0.00102037,False
rs12158565,7,40,-0.1062,0.000958708,False
rs12158565,7,41,-0.108948,0.000713245,False
rs12158565,7,42,-0.100602,0.0018099,False
rs12158565,7,43,-0.101389,0.00172548,False
rs12158565,7,44,-0.103331,0.00138221,False
rs12158565,7,45,-0.102566,0.00155181,False
rs12158565,7,46,-0.0999175,0.00204756,False
rs12158565,7,47,-0.0986187,0.00241601,False
rs12158565,7,48,-0.0906069,0.0055271,False
rs12158565,7,49,-0.0996664,0.00224644,False
rs12158565,7,50,-0.098381,0.0026492,False
rs12158565,7,51,-0.0969867,0.00305165,False
rs12158565,7,52,-0.0986692,0.00263405,False
rs12158565,7,53,-0.0856897,0.00918481,False
rs12158565,7,54,-0.0991825,0.00262886,False
rs12158565,7,55,-0.0946634,0.00414907,False
rs12158565,7,56,-0.0857129,0.00981208,False
rs12158565,7,57,-0.0940805,0.00457864,False
rs12158565,7,58,-0.103715,0.00182413,False
rs12158565,7,59,-0.104999,0.00161627,False
rs12158565,7,60,-0.108621,0.00113674,False
rs12158565,7,61,-0.0999819,0.00278215,False
rs12158565,7,62,-0.112452,0.000792378,False
rs12158565,7,63,-0.106917,0.00143766,False
rs12158565,7,64,-0.121608,0.000311063,False
rs12158565,7,65,-0.110203,0.00109844,False
rs12158565,7,66,-0.108214,0.00139189,False
rs12158565,7,67,-0.128298,0.000157172,False
rs12158565,7,68,-0.110615,0.00115566,False
rs12158565,7,69,-0.111793,0.00104185,False
rs12158565,7,70,-0.127664,0.000185747,False
rs12158565,7,71,-0.109796,0.00134555,False
rs12158565,7,72,-0.113109,0.000988677,False
rs12158565,7,73,-0.107101,0.00188449,False
rs12158565,7,74,-0.114816,0.000868832,False
rs12158565,7,75,-0.117926,0.000662267,False
rs12158565,7,76,-0.118613,0.000635383,False
rs12158565,7,77,-0.127157,0.000260324,False
rs12158565,7,78,-0.117418,0.000766774,False
rs12158565,7,79,-0.12384,0.000406545,False
rs12158565,7,80,-0.121873,0.000512942,False
rs12158565,7,81,-0.11675,0.000901543,False
rs12158565,7,82,-0.123756,0.00045208,False
rs12158565,7,83,-0.122974,0.000507569,False
rs12158565,7,84,-0.12854,0.000280684,False
rs12158565,7,85,-0.132552,0.000191259,False
rs12158565,7,86,-0.128565,0.000313322,False
rs12158565,7,87,-0.145109,4.94414e-05,False
rs12158565,7,88,-0.140122,9.04359e-05,False
rs12158565,7,89,-0.136482,0.000143795,False
rs12158565,7,90,-0.132748,0.000227098,False
rs12158565,7,91,-0.13906,0.000114927,False
rs12158565,7,92,-0.152985,2.40287e-05,False
rs12158565,7,93,-0.138346,0.000132239,False
rs12158565,7,94,-0.13421,0.000211968,False
rs12158565,7,95,-0.127958,0.000440567,False
rs12158565,7,96,-0.131137,0.000325273,False
rs12158565,7,97,-0.138621,0.000150974,False
rs12158565,7,98,-0.131344,0.000348076,False
rs12158565,7,99,-0.123435,0.000796129,False
rs12158565,7,100,-0.132413,0.000324071,False
rs12158565,7,101,-0.125823,0.000655193,False
rs12158565,7,102,-0.131659,0.000383903,False
rs12158565,7,103,-0.136854,0.000227713,False
rs12158565,7,104,-0.13578,0.000264935,False
rs12158565,7,105,-0.126501,0.00069203,False
rs12158565,7,106,-0.12212,0.00108925,False
rs12158565,7,107,-0.109536,0.00347951,False
rs12158565,7,108,-0.109239,0.00366582,False
rs12158565,7,109,-0.109847,0.0035107,False
rs12158565,7,110,-0.109668,0.00362661,False
rs12158565,7,111,-0.118777,0.00167699,False
rs12158565,7,112,-0.113677,0.00269177,False
rs12158565,7,113,-0.123838,0.0011177,False
rs12158565,7,114,-0.114494,0.00261999,False
rs12158565,7,115,-0.123724,0.00116692,False
rs12158565,7,116,-0.132517,0.000517951,False
rs12158565,7,117,-0.129517,0.000703832,False
rs12158565,7,118,-0.137057,0.000351388,False
rs12158565,7,119,-0.134541,0.000458713,False
rs12158565,7,120,-0.131002,0.000668269,False
rs12158565,7,121,-0.126433,0.00104064,False
rs12158565,7,122,-0.140767,0.000264474,False
rs12158565,7,123,-0.158059,4.33245e-05,False
rs12158565,7,124,-0.15432,6.72847e-05,False
rs12158565,7,125,-0.14538,0.000179202,False
rs12158565,7,126,-0.139176,0.000348433,False
rs12158565,7,127,-0.136472,0.000462883,False
rs12158565,7,128,-0.14825,0.000144674,False
rs12158565,7,129,-0.149131,0.00013726,False
rs12158565,7,130,-0.140862,0.000320432,False
rs12158565,7,131,-0.153463,9.19702e-05,False
rs12158565,7,132,-0.140857,0.000329787,False
rs12158565,7,133,-0.15483,8.28785e-05,False
rs12158565,7,134,-0.163254,3.438e-05,False
rs12158565,7,135,-0.15439,9.21293e-05,False
rs12158565,7,136,-0.155963,7.98677e-05,False
rs12158565,7,137,-0.161567,4.37749e-05,False
rs12158565,7,138,-0.159935,5.40001e-05,False
rs12158565,7,139,-0.153372,0.000112255,False
rs12158565,7,140,-0.150529,0.000154696,False
rs12158565,7,141,-0.152496,0.000131352,False
rs12158565,7,142,-0.152453,0.000134737,False
rs12158565,7,143,-0.162567,4.84528e-05,False
rs12158565,7,144,-0.159923,6.47354e-05,False
rs12158565,7,145,-0.148696,0.00020781,False
rs12158565,7,146,-0.149282,0.000201413,False
rs12158565,7,147,-0.143254,0.000369972,False
rs12158565,7,148,-0.141994,0.000423888,False
rs12158565,7,149,-0.137009,0.000676306,False
rs12158565,7,150,-0.125709,0.00185833,False
rs12158565,7,151,-0.123117,0.00230282,False
rs12158565,7,152,-0.125474,0.00196389,False
rs12158565,7,153,-0.120063,0.00305376,False
rs12158565,7,154,-0.129847,0.00137047,False
rs12158565,7,155,-0.13273,0.00107896,False
rs12158565,7,156,-0.14125,0.000519171,False
rs12158565,7,157,-0.146149,0.000342789,False
rs12158565,7,158,-0.143284,0.000462308,False
rs12158565,7,159,-0.139716,0.000654567,False
rs12158565,7,160,-0.136812,0.00087549,False
rs12158565,7,161,-0.133881,0.00113883,False
rs12158565,7,162,-0.145937,0.000396658,False
rs12158565,7,163,-0.146622,0.000384655,False
rs12158565,7,164,-0.145061,0.000459051,False
rs12158565,7,165,-0.139178,0.00079625,False
rs12158565,7,166,-0.14948,0.000325229,False
rs12158565,7,167,-0.145767,0.000479732,False
rs12158565,7,168,-0.141482,0.000730583,False
rs12158565,7,169,-0.150223,0.000347518,False
rs12158565,7,170,-0.144977,0.000574878,False
rs12158565,7,171,-0.147182,0.000491316,False
rs12158565,7,172,-0.153567,0.000291445,False
rs12158565,7,173,-0.147897,0.00050662,False
rs12158565,7,174,-0.149254,0.000475001,False
rs12158565,7,175,-0.141582,0.000947058,False
rs12158565,7,176,-0.140779,0.00106216,False
rs12158565,7,177,-0.12473,0.00391576,False
rs12158565,7,178,-0.133464,0.00207971,False
rs12158565,7,179,-0.133462,0.00219193,False
rs12158565,7,180,-0.12571,0.00407695,False
rs12158565,7,181,-0.121254,0.00588051,False
rs12158565,7,182,-0.119472,0.00688909,False
rs12158565,7,183,-0.125105,0.00479247,False
rs12158565,7,184,-0.125326,0.00493745,False
rs12158565,7,185,-0.138737,0.00197042,False
rs12158565,7,186,-0.129756,0.00402166,False
rs12158565,7,187,-0.140062,0.00200878,False
rs12158565,7,188,-0.14215,0.00183147,False
rs12158565,7,189,-0.140112,0.00226628,False
rs12158565,7,190,-0.126135,0.00634893,False
rs12158565,7,191,-0.143684,0.00200028,False
rs12158565,7,192,-0.140207,0.00273454,False
rs12158565,7,193,-0.137338,0.00353324,False
rs12158565,7,194,-0.140414,0.00304277,False
rs12158565,7,195,-0.131674,0.00570951,False
rs12158565,7,196,-0.146329,0.00227794,False
rs12158565,7,197,-0.15911,0.000981116,False
rs12158565,7,198,-0.14859,0.00221303,False
rs12158565,7,199,-0.14863,0.00234333,False
rs12158565,7,200,-0.156385,0.00146341,False
rs12158565,7,201,-0.163402,0.000946831,False
rs12158565,7,202,-0.174268,0.000463153,False
rs12158565,7,203,-0.182933,0.000264317,False
rs12158565,7,204,-0.166363,0.000985752,False
rs12158565,7,205,-0.170031,0.000814221,False
rs12158565,7,206,-0.179059,0.000449366,False
rs12158565,7,207,-0.178818,0.000497909,False
rs12158565,7,208,-0.18719,0.000295014,False
rs12158565,7,209,-0.174947,0.000769108,False
rs12158565,7,210,-0.178852,0.000631818,False
rs12158565,7,211,-0.177671,0.000734123,False
rs12158565,7,212,-0.192157,0.000292271,False
rs12158565,7,213,-0.192099,0.000315717,False
rs12158565,7,214,-0.180127,0.000784056,False
rs12158565,7,215,-0.188336,0.000493942,False
rs12158565,7,216,-0.192027,0.000405868,False
rs12158565,7,217,-0.173965,0.00145151,False
rs12158565,7,218,-0.181649,0.000942826,False
rs12158565,7,219,-0.193698,0.000453358,False
rs12158565,7,220,-0.176423,0.00149889,False
rs12158565,7,221,-0.175983,0.00161039,False
rs12158565,7,222,-0.180742,0.00129612,False
rs12158565,7,223,-0.175209,0.00189443,False
rs12158565,7,224,-0.183774,0.00118834,False
rs12158565,7,225,-0.180474,0.00152865,False
rs12158565,7,226,-0.165986,0.00373166,False
rs12158565,7,227,-0.185957,0.00121761,False
rs12158565,7,228,-0.163694,0.00458254,False
rs12158565,7,229,-0.157394,0.00666583,False
rs12158565,7,230,-0.152641,0.00873837,False
rs12158565,7,231,-0.159418,0.00644816,False
rs12158565,7,232,-0.156736,0.00757624,False
rs12158565,7,233,-0.145466,0.013578,False
rs12158565,7,234,-0.153324,0.00960842,False
rs12158565,7,235,-0.140797,0.017754,False
rs12158565,7,236,-0.143534,0.0159754,False
rs12158565,7,237,-0.144292,0.0158116,False
rs12158565,7,238,-0.147155,0.0144652,False
rs12158565,7,239,-0.154499,0.0104134,False
rs12158565,7,240,-0.147363,0.0149965,False
rs12158565,7,241,-0.152395,0.0122895,False
rs12158565,7,242,-0.160659,0.0086837,False
rs12158565,7,243,-0.163411,0.00785368,False
rs12158565,7,244,-0.167127,0.00694859,False
rs12158565,7,245,-0.175209,0.00488206,False
rs12158565,7,246,-0.164747,0.00862559,False
rs12158565,7,247,-0.166801,0.00829747,False
rs12158565,7,248,-0.156908,0.0137584,False
rs12158565,7,249,-0.17963,0.00511765,False
rs12158565,7,250,-0.163977,0.0113295,False
rs12158565,7,251,-0.16002,0.0143087,False
rs12158565,8,7,-0.0963758,0.00487321,False
rs12158565,8,8,-0.0809924,0.0170177,False
rs12158565,8,9,-0.0805046,0.0166366,False
rs12158565,8,10,-0.0682819,0.0402157,False
rs12158565,8,11,-0.0834165,0.0116433,False
rs12158565,8,12,-0.0948672,0.0038783,False
rs12158565,8,13,-0.0853489,0.00885435,False
rs12158565,8,14,-0.0869937,0.00735145,False
rs12158565,8,15,-0.0832546,0.00993249,False
rs12158565,8,16,-0.100521,0.00180172,False
rs12158565,8,17,-0.0965465,0.0026694,False
rs12158565,8,18,-0.11483,0.000341974,False
rs12158565,8,19,-0.0953822,0.00286362,False
rs12158565,8,20,-0.0897297,0.00504148,False
rs12158565,8,21,-0.10017,0.00171069,False
rs12158565,8,22,-0.102248,0.0013466,False
rs12158565,8,23,-0.105945,0.000889025,False
rs12158565,8,24,-0.0848678,0.00781376,False
rs12158565,8,25,-0.098665,0.00199403,False
rs12158565,8,26,-0.0886751,0.00541778,False
rs12158565,8,27,-0.0810132,0.0109886,False
rs12158565,8,28,-0.0869587,0.00642891,False
rs12158565,8,29,-0.0924592,0.00372756,False
rs12158565,8,30,-0.0903958,0.00447295,False
rs12158565,8,31,-0.0853388,0.0074276,False
rs12158565,8,32,-0.0841472,0.00833366,False
rs12158565,8,33,-0.0867961,0.00650066,False
rs12158565,8,34,-0.0966752,0.00247706,False
rs12158565,8,35,-0.0776397,0.0152404,False
rs12158565,8,36,-0.0767881,0.0166588,False
rs12158565,8,37,-0.0962005,0.00268607,False
rs12158565,8,38,-0.0925477,0.00397074,False
rs12158565,8,39,-0.109389,0.000670441,False
rs12158565,8,40,-0.0975488,0.0024695,False
rs12158565,8,41,-0.112106,0.000522223,False
rs12158565,8,42,-0.101008,0.00177996,False
rs12158565,8,43,-0.0992524,0.00219619,False
rs12158565,8,44,-0.106065,0.00109751,False
rs12158565,8,45,-0.103925,0.00141219,False
rs12158565,8,46,-0.0994737,0.00221516,False
rs12158565,8,47,-0.0941467,0.00394345,False
rs12158565,8,48,-0.098611,0.00256966,False
rs12158565,8,49,-0.101459,0.00191848,False
rs12158565,8,50,-0.0898085,0.00618159,False
rs12158565,8,51,-0.0941403,0.00418623,False
rs12158565,8,52,-0.0836752,0.0109245,False
rs12158565,8,53,-0.0893195,0.0067915,False
rs12158565,8,54,-0.0996925,0.00256327,False
rs12158565,8,55,-0.0894831,0.00695945,False
rs12158565,8,56,-0.0679435,0.0405541,False
rs12158565,8,57,-0.0977515,0.0032771,False
rs12158565,8,58,-0.0857463,0.0100859,False
rs12158565,8,59,-0.0855202,0.0105219,False
rs12158565,8,60,-0.103422,0.0020239,False
rs12158565,8,61,-0.109343,0.00112092,False
rs12158565,8,62,-0.0976209,0.00373148,False
rs12158565,8,63,-0.0938377,0.00542857,False
rs12158565,8,64,-0.113091,0.000822177,False
rs12158565,8,65,-0.110704,0.00107301,False
rs12158565,8,66,-0.113766,0.000808413,False
rs12158565,8,67,-0.108601,0.00141107,False
rs12158565,8,68,-0.108318,0.00151053,False
rs12158565,8,69,-0.111422,0.00113069,False
rs12158565,8,70,-0.116836,0.000647013,False
rs12158565,8,71,-0.116676,0.000701379,False
rs12158565,8,72,-0.115076,0.00084707,False
rs12158565,8,73,-0.105315,0.00231371,False
rs12158565,8,74,-0.117797,0.000656098,False
rs12158565,8,75,-0.114572,0.000955765,False
rs12158565,8,76,-0.123042,0.000395434,False
rs12158565,8,77,-0.10791,0.00198966,False
rs12158565,8,78,-0.118786,0.000681143,False
rs12158565,8,79,-0.115879,0.0009454,False
rs12158565,8,80,-0.114853,0.00109001,False
rs12158565,8,81,-0.112954,0.00134234,False
rs12158565,8,82,-0.115145,0.00111591,False
rs12158565,8,83,-0.122011,0.000579341,False
rs12158565,8,84,-0.112313,0.00158101,False
rs12158565,8,85,-0.12371,0.000518697,False
rs12158565,8,86,-0.128148,0.00033406,False
rs12158565,8,87,-0.118745,0.000924123,False
rs12158565,8,88,-0.130513,0.000273424,False
rs12158565,8,89,-0.124613,0.000527144,False
rs12158565,8,90,-0.119875,0.000906544,False
rs12158565,8,91,-0.132865,0.000241605,False
rs12158565,8,92,-0.135052,0.000196488,False
rs12158565,8,93,-0.134401,0.000220012,False
rs12158565,8,94,-0.136303,0.000184826,False
rs12158565,8,95,-0.143542,8.60204e-05,False
rs12158565,8,96,-0.140568,0.000124393,False
rs12158565,8,97,-0.12518,0.000650433,False
rs12158565,8,98,-0.131624,0.000348049,False
rs12158565,8,99,-0.136142,0.000220904,False
rs12158565,8,100,-0.132435,0.000340567,False
rs12158565,8,101,-0.135702,0.000254886,False
rs12158565,8,102,-0.135821,0.000258639,False
rs12158565,8,103,-0.115995,0.00187249,False
rs12158565,8,104,-0.125057,0.00080943,False
rs12158565,8,105,-0.136997,0.000251188,False
rs12158565,8,106,-0.134594,0.00032842,False
rs12158565,8,107,-0.129022,0.000580176,False
rs12158565,8,108,-0.131209,0.000491425,False
rs12158565,8,109,-0.1273,0.000740784,False
rs12158565,8,110,-0.126932,0.000789062,False
rs12158565,8,111,-0.130748,0.000552576,False
rs12158565,8,112,-0.13753,0.000287046,False
rs12158565,8,113,-0.131148,0.000553818,False
rs12158565,8,114,-0.133794,0.000437475,False
rs12158565,8,115,-0.13859,0.000284254,False
rs12158565,8,116,-0.149209,9.95012e-05,False
rs12158565,8,117,-0.139553,0.000274684,False
rs12158565,8,118,-0.137457,0.000346802,False
rs12158565,8,119,-0.147163,0.000133354,False
rs12158565,8,120,-0.137713,0.000356267,False
rs12158565,8,121,-0.135204,0.000471523,False
rs12158565,8,122,-0.136312,0.000428321,False
rs12158565,8,123,-0.130033,0.000799469,False
rs12158565,8,124,-0.129394,0.000863122,False
rs12158565,8,125,-0.132129,0.000683334,False
rs12158565,8,126,-0.147827,0.000147071,False
rs12158565,8,127,-0.144552,0.000211613,False
rs12158565,8,128,-0.146389,0.000177809,False
rs12158565,8,129,-0.144747,0.000214436,False
rs12158565,8,130,-0.147093,0.000175973,False
rs12158565,8,131,-0.14939,0.000142811,False
rs12158565,8,132,-0.14008,0.000358976,False
rs12158565,8,133,-0.140102,0.000370402,False
rs12158565,8,134,-0.14285,0.000293655,False
rs12158565,8,135,-0.148494,0.000169178,False
rs12158565,8,136,-0.14752,0.000193967,False
rs12158565,8,137,-0.147848,0.0001949,False
rs12158565,8,138,-0.145337,0.000255065,False
rs12158565,8,139,-0.14222,0.000347101,False
rs12158565,8,140,-0.146549,0.000233749,False
rs12158565,8,141,-0.144826,0.000279553,False
rs12158565,8,142,-0.143206,0.00033626,False
rs12158565,8,143,-0.154646,0.00011123,False
rs12158565,8,144,-0.159189,7.03398e-05,False
rs12158565,8,145,-0.150412,0.000175619,False
rs12158565,8,146,-0.148136,0.000217649,False
rs12158565,8,147,-0.154722,0.000118512,False
rs12158565,8,148,-0.150382,0.000187066,False
rs12158565,8,149,-0.145537,0.000306078,False
rs12158565,8,150,-0.142109,0.000431262,False
rs12158565,8,151,-0.142602,0.000423475,False
rs12158565,8,152,-0.142855,0.000416249,False
rs12158565,8,153,-0.139772,0.000560382,False
rs12158565,8,154,-0.139875,0.00057496,False
rs12158565,8,155,-0.150979,0.000202351,False
rs12158565,8,156,-0.151821,0.000193361,False
rs12158565,8,157,-0.141451,0.000530884,False
rs12158565,8,158,-0.128515,0.00165965,False
rs12158565,8,159,-0.140255,0.00061475,False
rs12158565,8,160,-0.142423,0.000518951,False
rs12158565,8,161,-0.141772,0.000558417,False
rs12158565,8,162,-0.14986,0.000266281,False
rs12158565,8,163,-0.152408,0.000218446,False
rs12158565,8,164,-0.141501,0.000615839,False
rs12158565,8,165,-0.158657,0.000130641,False
rs12158565,8,166,-0.152994,0.000224058,False
rs12158565,8,167,-0.143678,0.000546104,False
rs12158565,8,168,-0.153198,0.000235807,False
rs12158565,8,169,-0.151447,0.00028809,False
rs12158565,8,170,-0.152232,0.000281624,False
rs12158565,8,171,-0.15452,0.000234667,False
rs12158565,8,172,-0.146053,0.000517147,False
rs12158565,8,173,-0.145121,0.000594271,False
rs12158565,8,174,-0.144777,0.0006357,False
rs12158565,8,175,-0.144597,0.000658636,False
rs12158565,8,176,-0.134459,0.00160583,False
rs12158565,8,177,-0.144353,0.000746039,False
rs12158565,8,178,-0.145873,0.00068563,False
rs12158565,8,179,-0.146257,0.000691159,False
rs12158565,8,180,-0.138671,0.00138245,False
rs12158565,8,181,-0.131963,0.0024833,False
rs12158565,8,182,-0.131753,0.00263998,False
rs12158565,8,183,-0.135782,0.00200532,False
rs12158565,8,184,-0.141379,0.00139034,False
rs12158565,8,185,-0.138358,0.00184932,False
rs12158565,8,186,-0.151305,0.000704162,False
rs12158565,8,187,-0.142581,0.00148464,False
rs12158565,8,188,-0.164258,0.000276821,False
rs12158565,8,189,-0.15562,0.000625894,False
rs12158565,8,190,-0.15623,0.000633335,False
rs12158565,8,191,-0.152666,0.000900356,False
rs12158565,8,192,-0.14834,0.00134299,False
rs12158565,8,193,-0.160236,0.000579431,False
rs12158565,8,194,-0.163536,0.000481399,False
rs12158565,8,195,-0.156224,0.000920275,False
rs12158565,8,196,-0.154687,0.00110879,False
rs12158565,8,197,-0.1688,0.000408224,False
rs12158565,8,198,-0.160996,0.000806052,False
rs12158565,8,199,-0.169829,0.000440097,False
rs12158565,8,200,-0.181013,0.000200089,False
rs12158565,8,201,-0.184617,0.000164687,False
rs12158565,8,202,-0.175909,0.000364314,False
rs12158565,8,203,-0.167092,0.000750566,False
rs12158565,8,204,-0.182906,0.000253451,False
rs12158565,8,205,-0.193016,0.000124901,False
rs12158565,8,206,-0.182133,0.000327417,False
rs12158565,8,207,-0.18162,0.00036532,False
rs12158565,8,208,-0.177748,0.00052842,False
rs12158565,8,209,-0.177055,0.000607942,False
rs12158565,8,210,-0.184262,0.000385618,False
rs12158565,8,211,-0.18342,0.000447511,False
rs12158565,8,212,-0.191024,0.000282852,False
rs12158565,8,213,-0.190549,0.000321866,False
rs12158565,8,214,-0.190166,0.000365848,False
rs12158565,8,215,-0.185382,0.000558497,False
rs12158565,8,216,-0.186108,0.000581021,False
rs12158565,8,217,-0.196763,0.000296631,False
rs12158565,8,218,-0.199948,0.000259851,False
rs12158565,8,219,-0.203967,0.000214833,False
rs12158565,8,220,-0.198154,0.000350124,False
rs12158565,8,221,-0.192246,0.000566554,False
rs12158565,8,222,-0.192456,0.00059832,False
rs12158565,8,223,-0.188995,0.000805782,False
rs12158565,8,224,-0.190071,0.000794442,False
rs12158565,8,225,-0.177647,0.00180782,False
rs12158565,8,226,-0.17896,0.00177459,False
rs12158565,8,227,-0.190285,0.000948759,False
rs12158565,8,228,-0.180543,0.00179439,False
rs12158565,8,229,-0.189908,0.00107826,False
rs12158565,8,230,-0.162733,0.00526718,False
rs12158565,8,231,-0.177654,0.00239372,False
rs12158565,8,232,-0.166356,0.00471871,False
rs12158565,8,233,-0.167744,0.00450542,False
rs12158565,8,234,-0.157994,0.00765699,False
rs12158565,8,235,-0.173171,0.00363481,False
rs12158565,8,236,-0.159719,0.00755777,False
rs12158565,8,237,-0.170758,0.0044961,False
rs12158565,8,238,-0.175101,0.00371584,False
rs12158565,8,239,-0.160098,0.00820764,False
rs12158565,8,240,-0.169838,0.00528699,False
rs12158565,8,241,-0.166384,0.0064805,False
rs12158565,8,242,-0.167712,0.00631639,False
rs12158565,8,243,-0.156701,0.0111004,False
rs12158565,8,244,-0.15676,0.0115846,False
rs12158565,8,245,-0.158108,0.0115395,False
rs12158565,8,246,-0.154582,0.0140437,False
rs12158565,8,247,-0.161418,0.0109107,False
rs12158565,8,248,-0.153131,0.0165418,False
rs12158565,8,249,-0.152971,0.0175405,False
rs12158565,8,250,-0.159368,0.014076,False
rs12158565,8,251,-0.162882,0.0128014,False
rs12158565,9,7,-0.0867799,0.0108591,False
rs12158565,9,8,-0.0956962,0.00465393,False
rs12158565,9,9,-0.0971019,0.00368503,False
rs12158565,9,10,-0.101675,0.00220921,False
rs12158565,9,11,-0.0887674,0.00701253,False
rs12158565,9,12,-0.109388,0.000808338,False
rs12158565,9,13,-0.0769391,0.0178819,False
rs12158565,9,14,-0.0988819,0.00222133,False
rs12158565,9,15,-0.0997681,0.00198224,False
rs12158565,9,16,-0.093616,0.00354103,False
rs12158565,9,17,-0.110508,0.000552788,False
rs12158565,9,18,-0.0969019,0.00246284,False
rs12158565,9,19,-0.0993784,0.00185848,False
rs12158565,9,20,-0.0830521,0.00934304,False
rs12158565,9,21,-0.0976651,0.00223513,False
rs12158565,9,22,-0.093339,0.00339939,False
rs12158565,9,23,-0.0849871,0.00762031,False
rs12158565,9,24,-0.0875173,0.00601661,False
rs12158565,9,25,-0.0849806,0.00771571,False
rs12158565,9,26,-0.0870143,0.00623167,False
rs12158565,9,27,-0.0907397,0.00443825,False
rs12158565,9,28,-0.0767611,0.016023,False
rs12158565,9,29,-0.0862596,0.00677746,False
rs12158565,9,30,-0.0940926,0.00319466,False
rs12158565,9,31,-0.0902742,0.00456358,False
rs12158565,9,32,-0.0887223,0.00537502,False
rs12158565,9,33,-0.093582,0.0033636,False
rs12158565,9,34,-0.103974,0.00113151,False
rs12158565,9,35,-0.098642,0.00203465,False
rs12158565,9,36,-0.0888898,0.00545128,False
rs12158565,9,37,-0.0920408,0.00398249,False
rs12158565,9,38,-0.0926636,0.00382306,False
rs12158565,9,39,-0.09488,0.00318482,False
rs12158565,9,40,-0.087941,0.00620524,False
rs12158565,9,41,-0.0807589,0.0122137,False
rs12158565,9,42,-0.0947384,0.00331337,False
rs12158565,9,43,-0.0754248,0.0197729,False
rs12158565,9,44,-0.0825185,0.0108298,False
rs12158565,9,45,-0.0966014,0.00292825,False
rs12158565,9,46,-0.0821515,0.011446,False
rs12158565,9,47,-0.0698591,0.031743,False
rs12158565,9,48,-0.0878732,0.00704528,False
rs12158565,9,49,-0.0775653,0.0176992,False
rs12158565,9,50,-0.0752243,0.0216282,False
rs12158565,9,51,-0.0781307,0.0172809,False
rs12158565,9,52,-0.0800619,0.0148836,False
rs12158565,9,53,-0.0848349,0.00990403,False
rs12158565,9,54,-0.0855858,0.00950745,False
rs12158565,9,55,-0.0742788,0.0247026,False
rs12158565,9,56,-0.0860191,0.00926411,False
rs12158565,9,57,-0.0937853,0.00464407,False
rs12158565,9,58,-0.0871557,0.00885655,False
rs12158565,9,59,-0.0998089,0.00277677,False
rs12158565,9,60,-0.104563,0.00173762,False
rs12158565,9,61,-0.0883515,0.00837536,False
rs12158565,9,62,-0.0938124,0.00520242,False
rs12158565,9,63,-0.087951,0.0091471,False
rs12158565,9,64,-0.104866,0.00186377,False
rs12158565,9,65,-0.106634,0.00162352,False
rs12158565,9,66,-0.106867,0.00160439,False
rs12158565,9,67,-0.109148,0.00133149,False
rs12158565,9,68,-0.115127,0.000742714,False
rs12158565,9,69,-0.092871,0.006595,False
rs12158565,9,70,-0.105667,0.00204479,False
rs12158565,9,71,-0.120688,0.00045204,False
rs12158565,9,72,-0.106641,0.00195593,False
rs12158565,9,73,-0.11396,0.000971192,False
rs12158565,9,74,-0.124836,0.000318721,False
rs12158565,9,75,-0.123203,0.000386419,False
rs12158565,9,76,-0.116303,0.000843215,False
rs12158565,9,77,-0.112705,0.0012477,False
rs12158565,9,78,-0.114785,0.00106724,False
rs12158565,9,79,-0.115544,0.00100983,False
rs12158565,9,80,-0.125375,0.000376287,False
rs12158565,9,81,-0.106908,0.00254094,False
rs12158565,9,82,-0.114223,0.00129927,False
rs12158565,9,83,-0.125853,0.000398927,False
rs12158565,9,84,-0.110416,0.0019688,False
rs12158565,9,85,-0.11434,0.0013954,False
rs12158565,9,86,-0.110279,0.00209906,False
rs12158565,9,87,-0.112502,0.00173712,False
rs12158565,9,88,-0.103086,0.00423086,False
rs12158565,9,89,-0.0998177,0.00571241,False
rs12158565,9,90,-0.11288,0.0018339,False
rs12158565,9,91,-0.117953,0.00117433,False
rs12158565,9,92,-0.120257,0.000966551,False
rs12158565,9,93,-0.127038,0.000497951,False
rs12158565,9,94,-0.123251,0.000759577,False
rs12158565,9,95,-0.132106,0.00031759,False
rs12158565,9,96,-0.13867,0.000159484,False
rs12158565,9,97,-0.131678,0.00035581,False
rs12158565,9,98,-0.128235,0.000518046,False
rs12158565,9,99,-0.130539,0.000420491,False
rs12158565,9,100,-0.119568,0.00125875,False
rs12158565,9,101,-0.113956,0.00218294,False
rs12158565,9,102,-0.108196,0.00367373,False
rs12158565,9,103,-0.132534,0.000388845,False
rs12158565,9,104,-0.13495,0.000312906,False
rs12158565,9,105,-0.129775,0.000546553,False
rs12158565,9,106,-0.131051,0.000490597,False
rs12158565,9,107,-0.125086,0.000895796,False
rs12158565,9,108,-0.144902,0.000125272,False
rs12158565,9,109,-0.140616,0.000201838,False
rs12158565,9,110,-0.147715,9.93232e-05,False
rs12158565,9,111,-0.134666,0.000398965,False
rs12158565,9,112,-0.129337,0.000688504,False
rs12158565,9,113,-0.132461,0.000524507,False
rs12158565,9,114,-0.137545,0.000324072,False
rs12158565,9,115,-0.131326,0.000606745,False
rs12158565,9,116,-0.141566,0.000227558,False
rs12158565,9,117,-0.131468,0.000648896,False
rs12158565,9,118,-0.12838,0.000876679,False
rs12158565,9,119,-0.134467,0.000496404,False
rs12158565,9,120,-0.129646,0.000817889,False
rs12158565,9,121,-0.133889,0.000556106,False
rs12158565,9,122,-0.140074,0.000304296,False
rs12158565,9,123,-0.129195,0.000875487,False
rs12158565,9,124,-0.135191,0.000524846,False
rs12158565,9,125,-0.148731,0.000138474,False
rs12158565,9,126,-0.148889,0.000138217,False
rs12158565,9,127,-0.153547,8.59698e-05,False
rs12158565,9,128,-0.147275,0.000166214,False
rs12158565,9,129,-0.148417,0.00015379,False
rs12158565,9,130,-0.137083,0.000481583,False
rs12158565,9,131,-0.14448,0.000243962,False
rs12158565,9,132,-0.134851,0.000619493,False
rs12158565,9,133,-0.134413,0.000664903,False
rs12158565,9,134,-0.12915,0.00109495,False
rs12158565,9,135,-0.145149,0.00024884,False
rs12158565,9,136,-0.140541,0.000385261,False
rs12158565,9,137,-0.14433,0.000273234,False
rs12158565,9,138,-0.136553,0.000596971,False
rs12158565,9,139,-0.127631,0.0013401,False
rs12158565,9,140,-0.145215,0.000274511,False
rs12158565,9,141,-0.143645,0.000317115,False
rs12158565,9,142,-0.145852,0.000262488,False
rs12158565,9,143,-0.150292,0.000172342,False
rs12158565,9,144,-0.147463,0.000230269,False
rs12158565,9,145,-0.151776,0.000156016,False
rs12158565,9,146,-0.159383,7.41561e-05,False
rs12158565,9,147,-0.150868,0.000178305,False
rs12158565,9,148,-0.150533,0.000182535,False
rs12158565,9,149,-0.162473,5.51046e-05,False
rs12158565,9,150,-0.163571,4.93484e-05,False
rs12158565,9,151,-0.158812,8.47093e-05,False
rs12158565,9,152,-0.16393,5.127e-05,False
rs12158565,9,153,-0.160092,7.66113e-05,False
rs12158565,9,154,-0.153924,0.000144351,False
rs12158565,9,155,-0.155498,0.000126916,False
rs12158565,9,156,-0.146566,0.000307074,False
rs12158565,9,157,-0.153358,0.000161046,False
rs12158565,9,158,-0.147144,0.000298548,False
rs12158565,9,159,-0.133686,0.00104129,False
rs12158565,9,160,-0.140764,0.000559171,False
rs12158565,9,161,-0.137208,0.000775624,False
rs12158565,9,162,-0.128312,0.00172844,False
rs12158565,9,163,-0.128654,0.00169286,False
rs12158565,9,164,-0.136164,0.00090176,False
rs12158565,9,165,-0.138886,0.000734154,False
rs12158565,9,166,-0.132269,0.00132657,False
rs12158565,9,167,-0.143951,0.000494873,False
rs12158565,9,168,-0.139263,0.000778553,False
rs12158565,9,169,-0.148209,0.000359245,False
rs12158565,9,170,-0.148011,0.000375905,False
rs12158565,9,171,-0.138388,0.000912701,False
rs12158565,9,172,-0.136579,0.0010866,False
rs12158565,9,173,-0.128933,0.00212757,False
rs12158565,9,174,-0.131427,0.00178166,False
rs12158565,9,175,-0.135367,0.00133608,False
rs12158565,9,176,-0.141997,0.000800516,False
rs12158565,9,177,-0.134506,0.00155315,False
rs12158565,9,178,-0.149784,0.000442988,False
rs12158565,9,179,-0.155494,0.000279306,False
rs12158565,9,180,-0.144655,0.000751794,False
rs12158565,9,181,-0.122655,0.00450656,False
rs12158565,9,182,-0.128058,0.00310936,False
rs12158565,9,183,-0.127534,0.00336596,False
rs12158565,9,184,-0.133146,0.00234873,False
rs12158565,9,185,-0.13751,0.0017697,False
rs12158565,9,186,-0.132565,0.0027139,False
rs12158565,9,187,-0.132649,0.00280993,False
rs12158565,9,188,-0.126321,0.00462446,False
rs12158565,9,189,-0.150729,0.000796997,False
rs12158565,9,190,-0.134394,0.00291144,False
rs12158565,9,191,-0.142019,0.00178119,False
rs12158565,9,192,-0.139056,0.0023581,False
rs12158565,9,193,-0.15726,0.000631812,False
rs12158565,9,194,-0.160273,0.000530029,False
rs12158565,9,195,-0.156593,0.000779714,False
rs12158565,9,196,-0.164045,0.000460197,False
rs12158565,9,197,-0.16887,0.000342605,False
rs12158565,9,198,-0.167081,0.000436188,False
rs12158565,9,199,-0.177784,0.00019864,False
rs12158565,9,200,-0.181275,0.000163426,False
rs12158565,9,201,-0.173877,0.000330446,False
rs12158565,9,202,-0.184476,0.000151316,False
rs12158565,9,203,-0.188817,0.000118878,False
rs12158565,9,204,-0.192282,0.000100267,False
rs12158565,9,205,-0.187584,0.000165575,False
rs12158565,9,206,-0.194774,0.000100409,False
rs12158565,9,207,-0.186894,0.000211742,False
rs12158565,9,208,-0.182531,0.000323836,False
rs12158565,9,209,-0.179672,0.000442715,False
rs12158565,9,210,-0.17835,0.000534697,False
rs12158565,9,211,-0.183268,0.000417699,False
rs12158565,9,212,-0.186019,0.000366767,False
rs12158565,9,213,-0.181052,0.000574126,False
rs12158565,9,214,-0.196646,0.000208316,False
rs12158565,9,215,-0.18093,0.000688194,False
rs12158565,9,216,-0.18346,0.000629668,False
rs12158565,9,217,-0.178068,0.000986164,False
rs12158565,9,218,-0.196982,0.000293209,False
rs12158565,9,219,-0.19047,0.000506049,False
rs12158565,9,220,-0.180384,0.00107719,False
rs12158565,9,221,-0.173096,0.00178229,False
rs12158565,9,222,-0.17158,0.00209995,False
rs12158565,9,223,-0.178806,0.00145017,False
rs12158565,9,224,-0.186139,0.000978636,False
rs12158565,9,225,-0.175611,0.00198469,False
rs12158565,9,226,-0.188242,0.00098097,False
rs12158565,9,227,-0.179964,0.001732,False
rs12158565,9,228,-0.177487,0.00207948,False
rs12158565,9,229,-0.182648,0.00163078,False
rs12158565,9,230,-0.178862,0.00213342,False
rs12158565,9,231,-0.186636,0.00142199,False
rs12158565,9,232,-0.159261,0.00676408,False
rs12158565,9,233,-0.173325,0.00330966,False
rs12158565,9,234,-0.166332,0.00503808,False
rs12158565,9,235,-0.163811,0.00596732,False
rs12158565,9,236,-0.168014,0.00499385,False
rs12158565,9,237,-0.168697,0.00493325,False
rs12158565,9,238,-0.158931,0.00848467,False
rs12158565,9,239,-0.140821,0.0201897,False
rs12158565,9,240,-0.147451,0.0154443,False
rs12158565,9,241,-0.138586,0.0234341,False
rs12158565,9,242,-0.138935,0.0237611,False
rs12158565,9,243,-0.158358,0.0104017,False
rs12158565,9,244,-0.154379,0.0129343,False
rs12158565,9,245,-0.155396,0.0129271,False
rs12158565,9,246,-0.141016,0.0251154,False
rs12158565,9,247,-0.145851,0.0213705,False
rs12158565,9,248,-0.147231,0.0211339,False
rs12158565,9,249,-0.139872,0.0296975,False
rs12158565,9,250,-0.141985,0.0281899,False
rs12158565,9,251,-0.146599,0.0246244,False
rs12158565,10,7,-0.107824,0.00148221,False
rs12158565,10,8,-0.104912,0.00175389,False
rs12158565,10,9,-0.094049,0.0047105,False
rs12158565,10,10,-0.0976884,0.0030568,False
rs12158565,10,11,-0.0983385,0.00266958,False
rs12158565,10,12,-0.0931051,0.00421725,False
rs12158565,10,13,-0.094667,0.00345363,False
rs12158565,10,14,-0.104241,0.00117878,False
rs12158565,10,15,-0.0745938,0.020118,False
rs12158565,10,16,-0.0946649,0.0030963,False
rs12158565,10,17,-0.0873809,0.006227,False
rs12158565,10,18,-0.0932853,0.00346769,False
rs12158565,10,19,-0.0866218,0.0065336,False
rs12158565,10,20,-0.090183,0.00460761,False
rs12158565,10,21,-0.0743386,0.0196765,False
rs12158565,10,22,-0.100865,0.00153871,False
rs12158565,10,23,-0.0981084,0.00203888,False
rs12158565,10,24,-0.0819157,0.00993682,False
rs12158565,10,25,-0.0762624,0.0165203,False
rs12158565,10,26,-0.0829507,0.00910464,False
rs12158565,10,27,-0.0891274,0.00512149,False
rs12158565,10,28,-0.0858159,0.00699223,False
rs12158565,10,29,-0.0923878,0.00377005,False
rs12158565,10,30,-0.100161,0.00168751,False
rs12158565,10,31,-0.11393,0.000343247,False
rs12158565,10,32,-0.0982757,0.0020396,False
rs12158565,10,33,-0.101685,0.00140839,False
rs12158565,10,34,-0.103032,0.00125009,False
rs12158565,10,35,-0.103506,0.00120551,False
rs12158565,10,36,-0.113837,0.000373734,False
rs12158565,10,37,-0.101895,0.00144361,False
rs12158565,10,38,-0.0928791,0.00375659,False
rs12158565,10,39,-0.105422,0.00103193,False
rs12158565,10,40,-0.0909451,0.00469639,False
rs12158565,10,41,-0.0890782,0.0057331,False
rs12158565,10,42,-0.100329,0.00189925,False
rs12158565,10,43,-0.0934747,0.00384403,False
rs12158565,10,44,-0.0818091,0.0116202,False
rs12158565,10,45,-0.0980621,0.00254328,False
rs12158565,10,46,-0.0838031,0.00990562,False
rs12158565,10,47,-0.0848718,0.00917533,False
rs12158565,10,48,-0.0936018,0.00414808,False
rs12158565,10,49,-0.109804,0.000782944,False
rs12158565,10,50,-0.100188,0.002258,False
rs12158565,10,51,-0.0811896,0.0132885,False
rs12158565,10,52,-0.095249,0.00374813,False
rs12158565,10,53,-0.0946224,0.00408876,False
rs12158565,10,54,-0.102346,0.0019384,False
rs12158565,10,55,-0.100344,0.00244952,False
rs12158565,10,56,-0.100691,0.00241775,False
rs12158565,10,57,-0.0938563,0.00470389,False
rs12158565,10,58,-0.0827194,0.012945,False
rs12158565,10,59,-0.110022,0.000980763,False
rs12158565,10,60,-0.110376,0.000959431,False
rs12158565,10,61,-0.0874557,0.00923263,False
rs12158565,10,62,-0.0922265,0.00601041,False
rs12158565,10,63,-0.0930556,0.00579427,False
rs12158565,10,64,-0.102074,0.00253993,False
rs12158565,10,65,-0.107525,0.0014918,False
rs12158565,10,66,-0.105294,0.00191708,False
rs12158565,10,67,-0.102525,0.00262921,False
rs12158565,10,68,-0.111253,0.00114116,False
rs12158565,10,69,-0.115933,0.000711036,False
rs12158565,10,70,-0.104477,0.00235302,False
rs12158565,10,71,-0.110623,0.00131072,False
rs12158565,10,72,-0.105027,0.00237721,False
rs12158565,10,73,-0.0983872,0.00449586,False
rs12158565,10,74,-0.106619,0.00213971,False
rs12158565,10,75,-0.119414,0.000600072,False
rs12158565,10,76,-0.115995,0.000888822,False
rs12158565,10,77,-0.122839,0.00044923,False
rs12158565,10,78,-0.11463,0.00110338,False
rs12158565,10,79,-0.1081,0.00213909,False
rs12158565,10,80,-0.118163,0.000817158,False
rs12158565,10,81,-0.113647,0.00133046,False
rs12158565,10,82,-0.117533,0.000927524,False
rs12158565,10,83,-0.106789,0.00270383,False
rs12158565,10,84,-0.125354,0.000441153,False
rs12158565,10,85,-0.12522,0.000456796,False
rs12158565,10,86,-0.108999,0.00238079,False
rs12158565,10,87,-0.11298,0.00170912,False
rs12158565,10,88,-0.12587,0.000487227,False
rs12158565,10,89,-0.132797,0.000240601,False
rs12158565,10,90,-0.133546,0.000233618,False
rs12158565,10,91,-0.121018,0.000866292,False
rs12158565,10,92,-0.114369,0.0016902,False
rs12158565,10,93,-0.125069,0.000617611,False
rs12158565,10,94,-0.130167,0.000378412,False
rs12158565,10,95,-0.122634,0.000837114,False
rs12158565,10,96,-0.116101,0.00160168,False
rs12158565,10,97,-0.13234,0.000342542,False
rs12158565,10,98,-0.127793,0.000556149,False
rs12158565,10,99,-0.122512,0.000962562,False
rs12158565,10,100,-0.134309,0.000301194,False
rs12158565,10,101,-0.135892,0.0002609,False
rs12158565,10,102,-0.132323,0.000396882,False
rs12158565,10,103,-0.133027,0.000369775,False
rs12158565,10,104,-0.138105,0.000228952,False
rs12158565,10,105,-0.138148,0.000234111,False
rs12158565,10,106,-0.133122,0.000402921,False
rs12158565,10,107,-0.131042,0.000519085,False
rs12158565,10,108,-0.136299,0.000315634,False
rs12158565,10,109,-0.13542,0.000357769,False
rs12158565,10,110,-0.136714,0.000321066,False
rs12158565,10,111,-0.151549,6.77335e-05,False
rs12158565,10,112,-0.134333,0.000425421,False
rs12158565,10,113,-0.124939,0.00109239,False
rs12158565,10,114,-0.134416,0.000451005,False
rs12158565,10,115,-0.146083,0.000140414,False
rs12158565,10,116,-0.13839,0.000320577,False
rs12158565,10,117,-0.144587,0.000175282,False
rs12158565,10,118,-0.141004,0.000261672,False
rs12158565,10,119,-0.139227,0.000317191,False
rs12158565,10,120,-0.14679,0.000149249,False
rs12158565,10,121,-0.14554,0.000174245,False
rs12158565,10,122,-0.149021,0.000124778,False
rs12158565,10,123,-0.136285,0.000462842,False
rs12158565,10,124,-0.138561,0.000385896,False
rs12158565,10,125,-0.143492,0.000239387,False
rs12158565,10,126,-0.131157,0.000800624,False
rs12158565,10,127,-0.142884,0.000264291,False
rs12158565,10,128,-0.150086,0.000132356,False
rs12158565,10,129,-0.135689,0.000555421,False
rs12158565,10,130,-0.13897,0.000412421,False
rs12158565,10,131,-0.143448,0.000269883,False
rs12158565,10,132,-0.135121,0.000619122,False
rs12158565,10,133,-0.130909,0.000927211,False
rs12158565,10,134,-0.127645,0.00127859,False
rs12158565,10,135,-0.127098,0.00135551,False
rs12158565,10,136,-0.125813,0.00155123,False
rs12158565,10,137,-0.136353,0.000606067,False
rs12158565,10,138,-0.138363,0.000509927,False
rs12158565,10,139,-0.141848,0.000379234,False
rs12158565,10,140,-0.13995,0.000461672,False
rs12158565,10,141,-0.1516,0.00015238,False
rs12158565,10,142,-0.143345,0.000344378,False
rs12158565,10,143,-0.144592,0.000309918,False
rs12158565,10,144,-0.138929,0.000526996,False
rs12158565,10,145,-0.146127,0.000275348,False
rs12158565,10,146,-0.138218,0.000587202,False
rs12158565,10,147,-0.149614,0.000199601,False
rs12158565,10,148,-0.141585,0.000443575,False
rs12158565,10,149,-0.14755,0.000257181,False
rs12158565,10,150,-0.156354,0.000108488,False
rs12158565,10,151,-0.152277,0.00016358,False
rs12158565,10,152,-0.15785,9.51442e-05,False
rs12158565,10,153,-0.15182,0.000176094,False
rs12158565,10,154,-0.160073,7.76127e-05,False
rs12158565,10,155,-0.143844,0.000391972,False
rs12158565,10,156,-0.15424,0.000144052,False
rs12158565,10,157,-0.147446,0.000282102,False
rs12158565,10,158,-0.146744,0.000310758,False
rs12158565,10,159,-0.146799,0.000311668,False
rs12158565,10,160,-0.145957,0.000345866,False
rs12158565,10,161,-0.143785,0.000427724,False
rs12158565,10,162,-0.135404,0.00091597,False
rs12158565,10,163,-0.133192,0.00112291,False
rs12158565,10,164,-0.141407,0.000557382,False
rs12158565,10,165,-0.143143,0.000484088,False
rs12158565,10,166,-0.138327,0.000768722,False
rs12158565,10,167,-0.124781,0.00245112,False
rs12158565,10,168,-0.133149,0.00124653,False
rs12158565,10,169,-0.13024,0.00162831,False
rs12158565,10,170,-0.129694,0.00177215,False
rs12158565,10,171,-0.125152,0.00261959,False
rs12158565,10,172,-0.119499,0.00410861,False
rs12158565,10,173,-0.126189,0.00248913,False
rs12158565,10,174,-0.13115,0.0016878,False
rs12158565,10,175,-0.12783,0.00229037,False
rs12158565,10,176,-0.132674,0.00160337,False
rs12158565,10,177,-0.12813,0.00239875,False
rs12158565,10,178,-0.143474,0.000693985,False
rs12158565,10,179,-0.144517,0.000672005,False
rs12158565,10,180,-0.128905,0.00253371,False
rs12158565,10,181,-0.130389,0.00232716,False
rs12158565,10,182,-0.147995,0.000576637,False
rs12158565,10,183,-0.148857,0.000558053,False
rs12158565,10,184,-0.13417,0.00198464,False
rs12158565,10,185,-0.144626,0.000896742,False
rs12158565,10,186,-0.14338,0.00105937,False
rs12158565,10,187,-0.149737,0.000654214,False
rs12158565,10,188,-0.14907,0.000744342,False
rs12158565,10,189,-0.159132,0.000349934,False
rs12158565,10,190,-0.161573,0.000300093,False
rs12158565,10,191,-0.139882,0.00185484,False
rs12158565,10,192,-0.158222,0.000461435,False
rs12158565,10,193,-0.161104,0.000397829,False
rs12158565,10,194,-0.156865,0.000612846,False
rs12158565,10,195,-0.163537,0.000387593,False
rs12158565,10,196,-0.165075,0.000371418,False
rs12158565,10,197,-0.157282,0.000738958,False
rs12158565,10,198,-0.173563,0.000219296,False
rs12158565,10,199,-0.176521,0.00018734,False
rs12158565,10,200,-0.188304,7.50237e-05,False
rs12158565,10,201,-0.183934,0.000121523,False
rs12158565,10,202,-0.18726,0.000104112,False
rs12158565,10,203,-0.19802,4.54119e-05,False
rs12158565,10,204,-0.185921,0.000141526,False
rs12158565,10,205,-0.185311,0.000164121,False
rs12158565,10,206,-0.188165,0.000146346,False
rs12158565,10,207,-0.188229,0.000163044,False
rs12158565,10,208,-0.193251,0.000120623,False
rs12158565,10,209,-0.189092,0.000188118,False
rs12158565,10,210,-0.205725,5.54122e-05,False
rs12158565,10,211,-0.209292,4.67981e-05,False
rs12158565,10,212,-0.209098,5.31625e-05,False
rs12158565,10,213,-0.190432,0.000256276,False
rs12158565,10,214,-0.188113,0.000340519,False
rs12158565,10,215,-0.19301,0.000263337,False
rs12158565,10,216,-0.209597,8.39019e-05,False
rs12158565,10,217,-0.200239,0.000192646,False
rs12158565,10,218,-0.202025,0.000186739,False
rs12158565,10,219,-0.191926,0.000436218,False
rs12158565,10,220,-0.208165,0.000150016,False
rs12158565,10,221,-0.190595,0.000553406,False
rs12158565,10,222,-0.184217,0.000925667,False
rs12158565,10,223,-0.174287,0.00183337,False
rs12158565,10,224,-0.198117,0.000428019,False
rs12158565,10,225,-0.18734,0.000926096,False
rs12158565,10,226,-0.176437,0.00195308,False
rs12158565,10,227,-0.194824,0.000674946,False
rs12158565,10,228,-0.175005,0.00238892,False
rs12158565,10,229,-0.177627,0.0021417,False
rs12158565,10,230,-0.164401,0.00472205,False
rs12158565,10,231,-0.184526,0.00160571,False
rs12158565,10,232,-0.173801,0.0031092,False
rs12158565,10,233,-0.157529,0.00764443,False
rs12158565,10,234,-0.168397,0.00454405,False
rs12158565,10,235,-0.166789,0.00513369,False
rs12158565,10,236,-0.161149,0.00718482,False
rs12158565,10,237,-0.165887,0.0058158,False
rs12158565,10,238,-0.161804,0.00742294,False
rs12158565,10,239,-0.166171,0.00622207,False
rs12158565,10,240,-0.147937,0.0151758,False
rs12158565,10,241,-0.17726,0.00378026,False
rs12158565,10,242,-0.153846,0.0124889,False
rs12158565,10,243,-0.166459,0.0072017,False
rs12158565,10,244,-0.164099,0.00833634,False
rs12158565,10,245,-0.161511,0.00986668,False
rs12158565,10,246,-0.149032,0.0179973,False
rs12158565,10,247,-0.153252,0.0156665,False
rs12158565,10,248,-0.13376,0.0360958,False
rs12158565,10,249,-0.141804,0.0274796,False
rs12158565,10,250,-0.137182,0.0342745,False
rs12158565,10,251,-0.13328,0.0409833,False
rs12158565,11,7,-0.0739205,0.0297712,False
rs12158565,11,8,-0.0904826,0.00731592,False
rs12158565,11,9,-0.089116,0.0075788,False
rs12158565,11,10,-0.0803734,0.0149937,False
rs12158565,11,11,-0.0753492,0.021619,False
rs12158565,11,12,-0.0796189,0.0144816,False
rs12158565,11,13,-0.0871198,0.00722992,False
rs12158565,11,14,-0.0794173,0.0136907,False
rs12158565,11,15,-0.0771608,0.0162328,False
rs12158565,11,16,-0.090161,0.00487602,False
rs12158565,11,17,-0.0784412,0.0141706,False
rs12158565,11,18,-0.0866756,0.00664247,False
rs12158565,11,19,-0.0930404,0.00347318,False
rs12158565,11,20,-0.0850673,0.00749507,False
rs12158565,11,21,-0.079936,0.012096,False
rs12158565,11,22,-0.108956,0.000613862,False
rs12158565,11,23,-0.0776451,0.0144707,False
rs12158565,11,24,-0.104093,0.00106429,False
rs12158565,11,25,-0.10002,0.00164528,False
rs12158565,11,26,-0.0796078,0.0123187,False
rs12158565,11,27,-0.0994741,0.00176391,False
rs12158565,11,28,-0.0978236,0.00207492,False
rs12158565,11,29,-0.079975,0.0120269,False
rs12158565,11,30,-0.0885886,0.00538332,False
rs12158565,11,31,-0.0983874,0.00200938,False
rs12158565,11,32,-0.0947903,0.00298689,False
rs12158565,11,33,-0.0863082,0.00690015,False
rs12158565,11,34,-0.0946778,0.00303921,False
rs12158565,11,35,-0.0876056,0.00610796,False
rs12158565,11,36,-0.1089,0.000682781,False
rs12158565,11,37,-0.100346,0.0017956,False
rs12158565,11,38,-0.0988605,0.00208186,False
rs12158565,11,39,-0.102548,0.00146454,False
rs12158565,11,40,-0.102151,0.00150729,False
rs12158565,11,41,-0.089222,0.00564163,False
rs12158565,11,42,-0.0984603,0.00232534,False
rs12158565,11,43,-0.100277,0.0019605,False
rs12158565,11,44,-0.0974564,0.00263956,False
rs12158565,11,45,-0.0973112,0.00275411,False
rs12158565,11,46,-0.0943413,0.00376856,False
rs12158565,11,47,-0.0920358,0.0047668,False
rs12158565,11,48,-0.0939138,0.00400782,False
rs12158565,11,49,-0.0844555,0.00976483,False
rs12158565,11,50,-0.0888523,0.00677683,False
rs12158565,11,51,-0.0953945,0.003727,False
rs12158565,11,52,-0.0959614,0.0035762,False
rs12158565,11,53,-0.0971974,0.00327165,False
rs12158565,11,54,-0.0869648,0.00854353,False
rs12158565,11,55,-0.0866603,0.00894492,False
rs12158565,11,56,-0.085694,0.0099548,False
rs12158565,11,57,-0.087839,0.00827587,False
rs12158565,11,58,-0.0862696,0.00966201,False
rs12158565,11,59,-0.0803179,0.0162512,False
rs12158565,11,60,-0.0976666,0.00356395,False
rs12158565,11,61,-0.0961788,0.00414502,False
rs12158565,11,62,-0.07986,0.0177299,False
rs12158565,11,63,-0.0842582,0.0127547,False
rs12158565,11,64,-0.0829749,0.0144521,False
rs12158565,11,65,-0.0795143,0.0192134,False
rs12158565,11,66,-0.0768557,0.0238373,False
rs12158565,11,67,-0.0813066,0.0169993,False
rs12158565,11,68,-0.0789351,0.021372,False
rs12158565,11,69,-0.0810533,0.0181072,False
rs12158565,11,70,-0.0763724,0.0264419,False
rs12158565,11,71,-0.0792673,0.021533,False
rs12158565,11,72,-0.0680886,0.0491906,False
rs12158565,11,73,-0.081179,0.0191173,False
rs12158565,11,74,-0.0988306,0.00452162,False
rs12158565,11,75,-0.0800201,0.0218598,False
rs12158565,11,76,-0.0953454,0.00646916,False
rs12158565,11,77,-0.0872278,0.013011,False
rs12158565,11,78,-0.0970725,0.00589413,False
rs12158565,11,79,-0.108164,0.00218774,False
rs12158565,11,80,-0.110866,0.00173064,False
rs12158565,11,81,-0.106812,0.00263653,False
rs12158565,11,82,-0.113311,0.00145766,False
rs12158565,11,83,-0.118366,0.00091378,False
rs12158565,11,84,-0.114042,0.00141718,False
rs12158565,11,85,-0.10912,0.00233929,False
rs12158565,11,86,-0.10527,0.00345634,False
rs12158565,11,87,-0.114226,0.00155154,False
rs12158565,11,88,-0.116809,0.00123956,False
rs12158565,11,89,-0.12499,0.000560385,False
rs12158565,11,90,-0.125277,0.000577175,False
rs12158565,11,91,-0.132298,0.000288649,False
rs12158565,11,92,-0.13116,0.000336224,False
rs12158565,11,93,-0.130341,0.000380881,False
rs12158565,11,94,-0.133527,0.000281609,False
rs12158565,11,95,-0.130088,0.000410903,False
rs12158565,11,96,-0.122576,0.000888829,False
rs12158565,11,97,-0.124943,0.000720737,False
rs12158565,11,98,-0.117468,0.00152578,False
rs12158565,11,99,-0.130754,0.000441499,False
rs12158565,11,100,-0.123623,0.000918,False
rs12158565,11,101,-0.134768,0.00031159,False
rs12158565,11,102,-0.142001,0.000152576,False
rs12158565,11,103,-0.127658,0.000668568,False
rs12158565,11,104,-0.128216,0.000642846,False
rs12158565,11,105,-0.115311,0.00221963,False
rs12158565,11,106,-0.131366,0.000509449,False
rs12158565,11,107,-0.137642,0.000279845,False
rs12158565,11,108,-0.137223,0.000298462,False
rs12158565,11,109,-0.137953,0.000283011,False
rs12158565,11,110,-0.133914,0.000440914,False
rs12158565,11,111,-0.12786,0.000811912,False
rs12158565,11,112,-0.127274,0.000882942,False
rs12158565,11,113,-0.146884,0.000125435,False
rs12158565,11,114,-0.134366,0.000470867,False
rs12158565,11,115,-0.133385,0.000542165,False
rs12158565,11,116,-0.128371,0.000882858,False
rs12158565,11,117,-0.1311,0.00069206,False
rs12158565,11,118,-0.146355,0.000158072,False
rs12158565,11,119,-0.142496,0.000241039,False
rs12158565,11,120,-0.146001,0.000171699,False
rs12158565,11,121,-0.146044,0.000174832,False
rs12158565,11,122,-0.150072,0.000118948,False
rs12158565,11,123,-0.150858,0.000112444,False
rs12158565,11,124,-0.150606,0.000119877,False
rs12158565,11,125,-0.153431,9.29738e-05,False
rs12158565,11,126,-0.151453,0.000116059,False
rs12158565,11,127,-0.161818,3.92862e-05,False
rs12158565,11,128,-0.149972,0.000141269,False
rs12158565,11,129,-0.147548,0.000184477,False
rs12158565,11,130,-0.149743,0.000149446,False
rs12158565,11,131,-0.149937,0.000149266,False
rs12158565,11,132,-0.146043,0.000229833,False
rs12158565,11,133,-0.146143,0.000234708,False
rs12158565,11,134,-0.140166,0.000422091,False
rs12158565,11,135,-0.143887,0.000299435,False
rs12158565,11,136,-0.133656,0.000805529,False
rs12158565,11,137,-0.135114,0.000704327,False
rs12158565,11,138,-0.130237,0.00111462,False
rs12158565,11,139,-0.137786,0.000578061,False
rs12158565,11,140,-0.130959,0.00107324,False
rs12158565,11,141,-0.14358,0.000346446,False
rs12158565,11,142,-0.145508,0.000292276,False
rs12158565,11,143,-0.143043,0.000368415,False
rs12158565,11,144,-0.142905,0.000376803,False
rs12158565,11,145,-0.152673,0.000145501,False
rs12158565,11,146,-0.153104,0.000141743,False
rs12158565,11,147,-0.146951,0.000267831,False
rs12158565,11,148,-0.150266,0.000193701,False
rs12158565,11,149,-0.151525,0.000176882,False
rs12158565,11,150,-0.148577,0.000234698,False
rs12158565,11,151,-0.143669,0.000383239,False
rs12158565,11,152,-0.138609,0.00061569,False
rs12158565,11,153,-0.131091,0.00120509,False
rs12158565,11,154,-0.128874,0.0014571,False
rs12158565,11,155,-0.140945,0.000509341,False
rs12158565,11,156,-0.133525,0.00100887,False
rs12158565,11,157,-0.130058,0.00137108,False
rs12158565,11,158,-0.128457,0.00157666,False
rs12158565,11,159,-0.136746,0.00076721,False
rs12158565,11,160,-0.14339,0.000418794,False
rs12158565,11,161,-0.143884,0.000413587,False
rs12158565,11,162,-0.137209,0.000771119,False
rs12158565,11,163,-0.133645,0.00106071,False
rs12158565,11,164,-0.140925,0.000563058,False
rs12158565,11,165,-0.140191,0.000619313,False
rs12158565,11,166,-0.137199,0.000825951,False
rs12158565,11,167,-0.14618,0.000379776,False
rs12158565,11,168,-0.141916,0.000561943,False
rs12158565,11,169,-0.135987,0.000969905,False
rs12158565,11,170,-0.123039,0.00287033,False
rs12158565,11,171,-0.12382,0.00276057,False
rs12158565,11,172,-0.135535,0.00108216,False
rs12158565,11,173,-0.144279,0.000520415,False
rs12158565,11,174,-0.140487,0.000752796,False
rs12158565,11,175,-0.129108,0.00203051,False
rs12158565,11,176,-0.130737,0.00182066,False
rs12158565,11,177,-0.120122,0.00428212,False
rs12158565,11,178,-0.120184,0.00439348,False
rs12158565,11,179,-0.111838,0.0081846,False
rs12158565,11,180,-0.11837,0.00521285,False
rs12158565,11,181,-0.120314,0.00469166,False
rs12158565,11,182,-0.130562,0.00225736,False
rs12158565,11,183,-0.133173,0.00189768,False
rs12158565,11,184,-0.125946,0.00339967,False
rs12158565,11,185,-0.132534,0.00219256,False
rs12158565,11,186,-0.135685,0.00178649,False
rs12158565,11,187,-0.146272,0.000798377,False
rs12158565,11,188,-0.145369,0.000917617,False
rs12158565,11,189,-0.144785,0.00100795,False
rs12158565,11,190,-0.153513,0.000522618,False
rs12158565,11,191,-0.146009,0.00104728,False
rs12158565,11,192,-0.161869,0.000298337,False
rs12158565,11,193,-0.157929,0.000457171,False
rs12158565,11,194,-0.155148,0.000611032,False
rs12158565,11,195,-0.165525,0.000283116,False
rs12158565,11,196,-0.153242,0.000838661,False
rs12158565,11,197,-0.171141,0.000211014,False
rs12158565,11,198,-0.158711,0.000632921,False
rs12158565,11,199,-0.168187,0.000323659,False
rs12158565,11,200,-0.168905,0.000325273,False
rs12158565,11,201,-0.177335,0.000177548,False
rs12158565,11,202,-0.175384,0.000233993,False
rs12158565,11,203,-0.178461,0.000198407,False
rs12158565,11,204,-0.174819,0.00029426,False
rs12158565,11,205,-0.189833,9.54588e-05,False
rs12158565,11,206,-0.184546,0.000161783,False
rs12158565,11,207,-0.184234,0.000187283,False
rs12158565,11,208,-0.18871,0.000145008,False
rs12158565,11,209,-0.177643,0.000382195,False
rs12158565,11,210,-0.192301,0.000137311,False
rs12158565,11,211,-0.185984,0.000249605,False
rs12158565,11,212,-0.182342,0.000367619,False
rs12158565,11,213,-0.178247,0.000548233,False
rs12158565,11,214,-0.17379,0.00084049,False
rs12158565,11,215,-0.179337,0.000612671,False
rs12158565,11,216,-0.174558,0.000960182,False
rs12158565,11,217,-0.189812,0.000364938,False
rs12158565,11,218,-0.182505,0.000673279,False
rs12158565,11,219,-0.182031,0.000758411,False
rs12158565,11,220,-0.184767,0.000697415,False
rs12158565,11,221,-0.180398,0.00101734,False
rs12158565,11,222,-0.18561,0.000790042,False
rs12158565,11,223,-0.200573,0.000314603,False
rs12158565,11,224,-0.180327,0.00129398,False
rs12158565,11,225,-0.17696,0.00171285,False
rs12158565,11,226,-0.179999,0.00151868,False
rs12158565,11,227,-0.184295,0.00125069,False
rs12158565,11,228,-0.188857,0.00100531,False
rs12158565,11,229,-0.181455,0.00169222,False
rs12158565,11,230,-0.180225,0.00193811,False
rs12158565,11,231,-0.179274,0.00215632,False
rs12158565,11,232,-0.18432,0.00169628,False
rs12158565,11,233,-0.181958,0.00207981,False
rs12158565,11,234,-0.160338,0.00686181,False
rs12158565,11,235,-0.174498,0.00339135,False
rs12158565,11,236,-0.168396,0.00500598,False
rs12158565,11,237,-0.173586,0.00394381,False
rs12158565,11,238,-0.160498,0.00802774,False
rs12158565,11,239,-0.153445,0.0116951,False
rs12158565,11,240,-0.150433,0.0138812,False
rs12158565,11,241,-0.161516,0.00864038,False
rs12158565,11,242,-0.16203,0.00869774,False
rs12158565,11,243,-0.165189,0.00786198,False
rs12158565,11,244,-0.155437,0.0129282,False
rs12158565,11,245,-0.159036,0.0114037,False
rs12158565,11,246,-0.14759,0.0197715,False
rs12158565,11,247,-0.14018,0.0276743,False
rs12158565,11,248,-0.143493,0.0253705,False
rs12158565,11,249,-0.149055,0.021014,False
rs12158565,11,250,-0.141359,0.0299039,False
rs12158565,11,251,-0.130488,0.0466033,False
rs12158565,12,7,-0.105102,0.00193411,False
rs12158565,12,8,-0.0949324,0.00475086,False
rs12158565,12,9,-0.109638,0.00101312,False
rs12158565,12,10,-0.0780566,0.0180325,False
rs12158565,12,11,-0.0721367,0.0280133,False
rs12158565,12,12,-0.10476,0.00126313,False
rs12158565,12,13,-0.0770548,0.017286,False
rs12158565,12,14,-0.0935617,0.00366225,False
rs12158565,12,15,-0.094587,0.00325122,False
rs12158565,12,16,-0.0790304,0.0133837,False
rs12158565,12,17,-0.072684,0.0227288,False
rs12158565,12,18,-0.110625,0.000518532,False
rs12158565,12,19,-0.0949311,0.00291182,False
rs12158565,12,20,-0.0848899,0.00762105,False
rs12158565,12,21,-0.0877991,0.00574554,False
rs12158565,12,22,-0.0853563,0.0071878,False
rs12158565,12,23,-0.107717,0.000704492,False
rs12158565,12,24,-0.0999901,0.00165496,False
rs12158565,12,25,-0.104054,0.00105617,False
rs12158565,12,26,-0.0934994,0.00327449,False
rs12158565,12,27,-0.103074,0.00119102,False
rs12158565,12,28,-0.103689,0.00109865,False
rs12158565,12,29,-0.0959902,0.00255857,False
rs12158565,12,30,-0.0936467,0.0032487,False
rs12158565,12,31,-0.102931,0.00123483,False
rs12158565,12,32,-0.100799,0.00159132,False
rs12158565,12,33,-0.0912563,0.00422019,False
rs12158565,12,34,-0.109248,0.000612679,False
rs12158565,12,35,-0.0889116,0.00553222,False
rs12158565,12,36,-0.091818,0.00417675,False
rs12158565,12,37,-0.101992,0.00145882,False
rs12158565,12,38,-0.084958,0.00808716,False
rs12158565,12,39,-0.0984707,0.00221292,False
rs12158565,12,40,-0.0940771,0.00347607,False
rs12158565,12,41,-0.0925916,0.00415587,False
rs12158565,12,42,-0.104401,0.00125445,False
rs12158565,12,43,-0.0928417,0.00409635,False
rs12158565,12,44,-0.0808351,0.0126878,False
rs12158565,12,45,-0.105546,0.0011563,False
rs12158565,12,46,-0.0937435,0.0039018,False
rs12158565,12,47,-0.108886,0.000858671,False
rs12158565,12,48,-0.087265,0.00758201,False
rs12158565,12,49,-0.0930601,0.00451905,False
rs12158565,12,50,-0.0980638,0.00281148,False
rs12158565,12,51,-0.0895356,0.00650702,False
rs12158565,12,52,-0.095106,0.00390013,False
rs12158565,12,53,-0.0938629,0.004547,False
rs12158565,12,54,-0.0939357,0.00454813,False
rs12158565,12,55,-0.0886275,0.00767337,False
rs12158565,12,56,-0.0912105,0.00615637,False
rs12158565,12,57,-0.0803968,0.0158109,False
rs12158565,12,58,-0.0886953,0.00788493,False
rs12158565,12,59,-0.0907938,0.00670123,False
rs12158565,12,60,-0.0921035,0.00606363,False
rs12158565,12,61,-0.0912879,0.00677606,False
rs12158565,12,62,-0.0979576,0.00365082,False
rs12158565,12,63,-0.0966889,0.00420485,False
rs12158565,12,64,-0.0810519,0.0168649,False
rs12158565,12,65,-0.111202,0.00109362,False
rs12158565,12,66,-0.0970197,0.0044468,False
rs12158565,12,67,-0.105452,0.00202478,False
rs12158565,12,68,-0.102976,0.00266631,False
rs12158565,12,69,-0.0913444,0.00794381,False
rs12158565,12,70,-0.0954709,0.00559517,False
rs12158565,12,71,-0.0978474,0.00468687,False
rs12158565,12,72,-0.100857,0.00365954,False
rs12158565,12,73,-0.102771,0.00315448,False
rs12158565,12,74,-0.107989,0.00197024,False
rs12158565,12,75,-0.0987932,0.00475694,False
rs12158565,12,76,-0.113146,0.00126327,False
rs12158565,12,77,-0.115951,0.000983232,False
rs12158565,12,78,-0.103716,0.00325535,False
rs12158565,12,79,-0.112027,0.00156501,False
rs12158565,12,80,-0.108474,0.00223442,False
rs12158565,12,81,-0.122535,0.000581082,False
rs12158565,12,82,-0.108309,0.00241967,False
rs12158565,12,83,-0.11313,0.00158749,False
rs12158565,12,84,-0.117652,0.0010618,False
rs12158565,12,85,-0.114248,0.00149541,False
rs12158565,12,86,-0.106361,0.00322672,False
rs12158565,12,87,-0.109092,0.0025962,False
rs12158565,12,88,-0.118352,0.00111709,False
rs12158565,12,89,-0.124902,0.000616556,False
rs12158565,12,90,-0.114413,0.00177609,False
rs12158565,12,91,-0.125106,0.000632642,False
rs12158565,12,92,-0.132212,0.000312919,False
rs12158565,12,93,-0.112662,0.00219381,False
rs12158565,12,94,-0.119884,0.00115193,False
rs12158565,12,95,-0.126636,0.000627202,False
rs12158565,12,96,-0.12514,0.000738391,False
rs12158565,12,97,-0.119887,0.00126515,False
rs12158565,12,98,-0.118505,0.00148635,False
rs12158565,12,99,-0.126231,0.000736326,False
rs12158565,12,100,-0.129848,0.000520317,False
rs12158565,12,101,-0.125457,0.000821574,False
rs12158565,12,102,-0.129976,0.000548563,False
rs12158565,12,103,-0.12513,0.000907896,False
rs12158565,12,104,-0.126052,0.000836697,False
rs12158565,12,105,-0.127431,0.000745029,False
rs12158565,12,106,-0.132259,0.000475905,False
rs12158565,12,107,-0.132647,0.000472311,False
rs12158565,12,108,-0.121346,0.00140702,False
rs12158565,12,109,-0.1278,0.000799516,False
rs12158565,12,110,-0.128592,0.000753975,False
rs12158565,12,111,-0.129853,0.00067462,False
rs12158565,12,112,-0.13435,0.000464768,False
rs12158565,12,113,-0.13881,0.000301615,False
rs12158565,12,114,-0.12059,0.00173311,False
rs12158565,12,115,-0.130979,0.000694305,False
rs12158565,12,116,-0.135632,0.000461015,False
rs12158565,12,117,-0.141678,0.000257375,False
rs12158565,12,118,-0.144573,0.000196059,False
rs12158565,12,119,-0.134432,0.000544131,False
rs12158565,12,120,-0.149821,0.000119787,False
rs12158565,12,121,-0.148388,0.000145185,False
rs12158565,12,122,-0.144954,0.000213453,False
rs12158565,12,123,-0.144009,0.000242835,False
rs12158565,12,124,-0.141731,0.000309682,False
rs12158565,12,125,-0.152852,0.000100825,False
rs12158565,12,126,-0.154571,8.64379e-05,False
rs12158565,12,127,-0.139247,0.000409201,False
rs12158565,12,128,-0.140795,0.000359826,False
rs12158565,12,129,-0.15039,0.000142242,False
rs12158565,12,130,-0.130314,0.000995822,False
rs12158565,12,131,-0.127307,0.00133043,False
rs12158565,12,132,-0.130124,0.00105988,False
rs12158565,12,133,-0.125146,0.00165151,False
rs12158565,12,134,-0.12063,0.00243359,False
rs12158565,12,135,-0.117941,0.00311379,False
rs12158565,12,136,-0.119193,0.00285937,False
rs12158565,12,137,-0.126631,0.00154742,False
rs12158565,12,138,-0.131244,0.00102474,False
rs12158565,12,139,-0.137534,0.000588767,False
rs12158565,12,140,-0.142499,0.000382986,False
rs12158565,12,141,-0.139478,0.00052476,False
rs12158565,12,142,-0.150398,0.00018924,False
rs12158565,12,143,-0.14803,0.000238548,False
rs12158565,12,144,-0.156684,0.000100444,False
rs12158565,12,145,-0.145714,0.000299766,False
rs12158565,12,146,-0.156801,0.000105397,False
rs12158565,12,147,-0.153108,0.00015333,False
rs12158565,12,148,-0.150158,0.000206472,False
rs12158565,12,149,-0.149672,0.000215523,False
rs12158565,12,150,-0.150674,0.000196396,False
rs12158565,12,151,-0.15415,0.00013953,False
rs12158565,12,152,-0.151968,0.000176575,False
rs12158565,12,153,-0.150938,0.000196018,False
rs12158565,12,154,-0.142193,0.000450457,False
rs12158565,12,155,-0.138647,0.000618607,False
rs12158565,12,156,-0.141894,0.000466985,False
rs12158565,12,157,-0.148233,0.000255956,False
rs12158565,12,158,-0.153853,0.000148722,False
rs12158565,12,159,-0.155902,0.000122944,False
rs12158565,12,160,-0.159026,9.16066e-05,False
rs12158565,12,161,-0.151907,0.000188788,False
rs12158565,12,162,-0.143522,0.000418859,False
rs12158565,12,163,-0.139506,0.000616727,False
rs12158565,12,164,-0.143081,0.000448213,False
rs12158565,12,165,-0.152262,0.000191596,False
rs12158565,12,166,-0.150782,0.000227632,False
rs12158565,12,167,-0.153696,0.000176284,False
rs12158565,12,168,-0.146516,0.000352783,False
rs12158565,12,169,-0.137009,0.000866912,False
rs12158565,12,170,-0.137867,0.000821756,False
rs12158565,12,171,-0.137582,0.000863402,False
rs12158565,12,172,-0.147916,0.000351375,False
rs12158565,12,173,-0.144257,0.000502371,False
rs12158565,12,174,-0.143337,0.000553121,False
rs12158565,12,175,-0.15602,0.000174072,False
rs12158565,12,176,-0.157957,0.000148576,False
rs12158565,12,177,-0.153776,0.000231333,False
rs12158565,12,178,-0.150751,0.000320185,False
rs12158565,12,179,-0.151158,0.00032039,False
rs12158565,12,180,-0.15336,0.000274381,False
rs12158565,12,181,-0.149235,0.000413721,False
rs12158565,12,182,-0.144751,0.000631967,False
rs12158565,12,183,-0.148179,0.000492268,False
rs12158565,12,184,-0.141298,0.000940426,False
rs12158565,12,185,-0.138867,0.00122669,False
rs12158565,12,186,-0.147051,0.000640316,False
rs12158565,12,187,-0.141257,0.00111786,False
rs12158565,12,188,-0.148159,0.000668321,False
rs12158565,12,189,-0.136455,0.00181002,False
rs12158565,12,190,-0.140242,0.00142337,False
rs12158565,12,191,-0.151408,0.000604804,False
rs12158565,12,192,-0.146562,0.000959665,False
rs12158565,12,193,-0.159568,0.000352253,False
rs12158565,12,194,-0.159724,0.000369051,False
rs12158565,12,195,-0.161618,0.000343067,False
rs12158565,12,196,-0.165668,0.000258816,False
rs12158565,12,197,-0.167988,0.000232675,False
rs12158565,12,198,-0.157456,0.000607879,False
rs12158565,12,199,-0.171452,0.000209588,False
rs12158565,12,200,-0.166158,0.000355761,False
rs12158565,12,201,-0.180882,0.00011408,False
rs12158565,12,202,-0.18486,8.7743e-05,False
rs12158565,12,203,-0.174032,0.00024425,False
rs12158565,12,204,-0.179086,0.000176121,False
rs12158565,12,205,-0.175024,0.000272272,False
rs12158565,12,206,-0.179725,0.000202424,False
rs12158565,12,207,-0.179398,0.000232338,False
rs12158565,12,208,-0.186597,0.000145202,False
rs12158565,12,209,-0.18083,0.000257665,False
rs12158565,12,210,-0.194374,9.78511e-05,False
rs12158565,12,211,-0.184691,0.000235244,False
rs12158565,12,212,-0.189087,0.000187999,False
rs12158565,12,213,-0.206981,5.14693e-05,False
rs12158565,12,214,-0.196591,0.000134384,False
rs12158565,12,215,-0.200612,0.000109264,False
rs12158565,12,216,-0.206272,7.96256e-05,False
rs12158565,12,217,-0.182891,0.000515885,False
rs12158565,12,218,-0.194795,0.000245966,False
rs12158565,12,219,-0.19953,0.000193527,False
rs12158565,12,220,-0.177241,0.00101844,False
rs12158565,12,221,-0.178746,0.00102208,False
rs12158565,12,222,-0.192747,0.000435276,False
rs12158565,12,223,-0.18782,0.000677543,False
rs12158565,12,224,-0.183764,0.000959834,False
rs12158565,12,225,-0.189228,0.00073334,False
rs12158565,12,226,-0.189859,0.000755374,False
rs12158565,12,227,-0.190517,0.000805583,False
rs12158565,12,228,-0.185181,0.00118576,False
rs12158565,12,229,-0.184601,0.00133493,False
rs12158565,12,230,-0.183363,0.00153295,False
rs12158565,12,231,-0.179822,0.00200783,False
rs12158565,12,232,-0.167437,0.004263,False
rs12158565,12,233,-0.190455,0.00122509,False
rs12158565,12,234,-0.186304,0.00166319,False
rs12158565,12,235,-0.167916,0.00480232,False
rs12158565,12,236,-0.173571,0.00377315,False
rs12158565,12,237,-0.171101,0.00450949,False
rs12158565,12,238,-0.172248,0.00446455,False
rs12158565,12,239,-0.152921,0.0119922,False
rs12158565,12,240,-0.159295,0.00925648,False
rs12158565,12,241,-0.165758,0.00710096,False
rs12158565,12,242,-0.168346,0.00654023,False
rs12158565,12,243,-0.163696,0.00852858,False
rs12158565,12,244,-0.167557,0.00745605,False
rs12158565,12,245,-0.154659,0.0141444,False
rs12158565,12,246,-0.154982,0.0146269,False
rs12158565,12,247,-0.15453,0.015603,False
rs12158565,12,248,-0.151137,0.0188034,False
rs12158565,12,249,-0.15105,0.0197131,False
rs12158565,12,250,-0.164607,0.0116986,False
rs12158565,12,251,-0.154388,0.0187207,False
rs12158565,13,6,-0.0991976,0.00362326,False
rs12158565,13,7,-0.0953104,0.00485631,False
rs12158565,13,8,-0.0724894,0.0307283,False
rs12158565,13,9,-0.0809282,0.0149855,False
rs12158565,13,10,-0.086297,0.00893051,False
rs12158565,13,11,-0.0914935,0.00531785,False
rs12158565,13,12,-0.0942515,0.0038204,False
rs12158565,13,13,-0.0902639,0.00526411,False
rs12158565,13,14,-0.0965391,0.00280733,False
rs12158565,13,15,-0.0933378,0.00374738,False
rs12158565,13,16,-0.0943872,0.00321253,False
rs12158565,13,17,-0.0909353,0.00445046,False
rs12158565,13,18,-0.0952158,0.00281841,False
rs12158565,13,19,-0.0846989,0.00787681,False
rs12158565,13,20,-0.104471,0.00103759,False
rs12158565,13,21,-0.10914,0.000592374,False
rs12158565,13,22,-0.0896468,0.00480889,False
rs12158565,13,23,-0.0997312,0.00172772,False
rs12158565,13,24,-0.0920408,0.00378415,False
rs12158565,13,25,-0.102911,0.00120795,False
rs12158565,13,26,-0.102289,0.00128115,False
rs12158565,13,27,-0.103547,0.00113567,False
rs12158565,13,28,-0.0916648,0.00387191,False
rs12158565,13,29,-0.10296,0.00121478,False
rs12158565,13,30,-0.105883,0.000877854,False
rs12158565,13,31,-0.0946946,0.00293054,False
rs12158565,13,32,-0.088302,0.00546536,False
rs12158565,13,33,-0.0890438,0.005196,False
rs12158565,13,34,-0.101325,0.0015225,False
rs12158565,13,35,-0.0927193,0.00366484,False
rs12158565,13,36,-0.0992311,0.00189229,False
rs12158565,13,37,-0.0719529,0.0248681,False
rs12158565,13,38,-0.0815347,0.0109906,False
rs12158565,13,39,-0.0939345,0.00341203,False
rs12158565,13,40,-0.0896573,0.00529982,False
rs12158565,13,41,-0.0802835,0.0125792,False
rs12158565,13,42,-0.0798936,0.0131784,False
rs12158565,13,43,-0.0801214,0.0131261,False
rs12158565,13,44,-0.0965491,0.00284566,False
rs12158565,13,45,-0.0856792,0.00826653,False
rs12158565,13,46,-0.0941453,0.00379505,False
rs12158565,13,47,-0.0923604,0.00454075,False
rs12158565,13,48,-0.076821,0.0187784,False
rs12158565,13,49,-0.0845523,0.00974217,False
rs12158565,13,50,-0.0874262,0.00765008,False
rs12158565,13,51,-0.102994,0.00171492,False
rs12158565,13,52,-0.092477,0.0051088,False
rs12158565,13,53,-0.0872036,0.00842396,False
rs12158565,13,54,-0.0902815,0.00647385,False
rs12158565,13,55,-0.103434,0.00185839,False
rs12158565,13,56,-0.0867129,0.00931413,False
rs12158565,13,57,-0.0811021,0.0152508,False
rs12158565,13,58,-0.106271,0.00150268,False
rs12158565,13,59,-0.106292,0.00149856,False
rs12158565,13,60,-0.100774,0.00270644,False
rs12158565,13,61,-0.0922585,0.00625947,False
rs12158565,13,62,-0.0789663,0.0194688,False
rs12158565,13,63,-0.0975908,0.00394773,False
rs12158565,13,64,-0.0956343,0.00482524,False
rs12158565,13,65,-0.0870161,0.0106317,False
rs12158565,13,66,-0.0900855,0.00840866,False
rs12158565,13,67,-0.0885382,0.00970277,False
rs12158565,13,68,-0.0843698,0.014042,False
rs12158565,13,69,-0.093048,0.00690854,False
rs12158565,13,70,-0.0869019,0.0117468,False
rs12158565,13,71,-0.101177,0.00345152,False
rs12158565,13,72,-0.0945519,0.00638717,False
rs12158565,13,73,-0.109087,0.00173015,False
rs12158565,13,74,-0.0961458,0.00585123,False
rs12158565,13,75,-0.0996866,0.00435153,False
rs12158565,13,76,-0.105222,0.00271804,False
rs12158565,13,77,-0.11953,0.000686943,False
rs12158565,13,78,-0.111063,0.00165243,False
rs12158565,13,79,-0.117324,0.000916846,False
rs12158565,13,80,-0.120083,0.000733395,False
rs12158565,13,81,-0.111028,0.00187225,False
rs12158565,13,82,-0.117853,0.000965398,False
rs12158565,13,83,-0.111326,0.00191303,False
rs12158565,13,84,-0.112149,0.00183362,False
rs12158565,13,85,-0.114079,0.00155428,False
rs12158565,13,86,-0.122451,0.000704967,False
rs12158565,13,87,-0.109,0.00265937,False
rs12158565,13,88,-0.106881,0.00334309,False
rs12158565,13,89,-0.12446,0.000656342,False
rs12158565,13,90,-0.118958,0.00117433,False
rs12158565,13,91,-0.121254,0.000970274,False
rs12158565,13,92,-0.11171,0.00239698,False
rs12158565,13,93,-0.112473,0.00230762,False
rs12158565,13,94,-0.128764,0.000502273,False
rs12158565,13,95,-0.117509,0.00157202,False
rs12158565,13,96,-0.125175,0.000769979,False
rs12158565,13,97,-0.132875,0.00036758,False
rs12158565,13,98,-0.13955,0.000195157,False
rs12158565,13,99,-0.129736,0.00055164,False
rs12158565,13,100,-0.113376,0.00254911,False
rs12158565,13,101,-0.12704,0.000740115,False
rs12158565,13,102,-0.136111,0.000313335,False
rs12158565,13,103,-0.132496,0.000469464,False
rs12158565,13,104,-0.140014,0.00022038,False
rs12158565,13,105,-0.129199,0.00067322,False
rs12158565,13,106,-0.135829,0.000365136,False
rs12158565,13,107,-0.138183,0.000295831,False
rs12158565,13,108,-0.126034,0.000977796,False
rs12158565,13,109,-0.14198,0.000212393,False
rs12158565,13,110,-0.135057,0.00043997,False
rs12158565,13,111,-0.139101,0.000301462,False
rs12158565,13,112,-0.134828,0.000474059,False
rs12158565,13,113,-0.13042,0.000750073,False
rs12158565,13,114,-0.122251,0.00161278,False
rs12158565,13,115,-0.139568,0.000323033,False
rs12158565,13,116,-0.132907,0.000637641,False
rs12158565,13,117,-0.129112,0.000931799,False
rs12158565,13,118,-0.143609,0.000240192,False
rs12158565,13,119,-0.143161,0.000257169,False
rs12158565,13,120,-0.133106,0.000672124,False
rs12158565,13,121,-0.13838,0.000418736,False
rs12158565,13,122,-0.15174,0.000114203,False
rs12158565,13,123,-0.158575,5.63358e-05,False
rs12158565,13,124,-0.160908,4.45267e-05,False
rs12158565,13,125,-0.161126,4.52264e-05,False
rs12158565,13,126,-0.159898,5.31251e-05,False
rs12158565,13,127,-0.15681,7.66812e-05,False
rs12158565,13,128,-0.162527,4.15452e-05,False
rs12158565,13,129,-0.155845,8.57891e-05,False
rs12158565,13,130,-0.156845,8.06527e-05,False
rs12158565,13,131,-0.152286,0.000134983,False
rs12158565,13,132,-0.152987,0.000128778,False
rs12158565,13,133,-0.151724,0.000146582,False
rs12158565,13,134,-0.156663,8.99405e-05,False
rs12158565,13,135,-0.149957,0.000179025,False
rs12158565,13,136,-0.149184,0.000194023,False
rs12158565,13,137,-0.150199,0.000180846,False
rs12158565,13,138,-0.142078,0.000398553,False
rs12158565,13,139,-0.142197,0.000402172,False
rs12158565,13,140,-0.15909,7.49148e-05,False
rs12158565,13,141,-0.166716,3.52123e-05,False
rs12158565,13,142,-0.16788,3.12259e-05,False
rs12158565,13,143,-0.152823,0.000151636,False
rs12158565,13,144,-0.154544,0.000128869,False
rs12158565,13,145,-0.142747,0.000412298,False
rs12158565,13,146,-0.144827,0.000335195,False
rs12158565,13,147,-0.155462,0.00011866,False
rs12158565,13,148,-0.158386,8.85914e-05,False
rs12158565,13,149,-0.159788,7.78172e-05,False
rs12158565,13,150,-0.147476,0.000265897,False
rs12158565,13,151,-0.147906,0.000259011,False
rs12158565,13,152,-0.152171,0.000171691,False
rs12158565,13,153,-0.149723,0.000218805,False
rs12158565,13,154,-0.150829,0.000198231,False
rs12158565,13,155,-0.138619,0.000631698,False
rs12158565,13,156,-0.142093,0.000461303,False
rs12158565,13,157,-0.136838,0.000751002,False
rs12158565,13,158,-0.142574,0.000447305,False
rs12158565,13,159,-0.145636,0.000336232,False
rs12158565,13,160,-0.147594,0.000282601,False
rs12158565,13,161,-0.145652,0.000339492,False
rs12158565,13,162,-0.146854,0.000303009,False
rs12158565,13,163,-0.152378,0.00018228,False
rs12158565,13,164,-0.143318,0.000434237,False
rs12158565,13,165,-0.142268,0.000488612,False
rs12158565,13,166,-0.142627,0.000471693,False
rs12158565,13,167,-0.143416,0.000445736,False
rs12158565,13,168,-0.144145,0.000434733,False
rs12158565,13,169,-0.145638,0.000380958,False
rs12158565,13,170,-0.14057,0.000623882,False
rs12158565,13,171,-0.148285,0.000313332,False
rs12158565,13,172,-0.154216,0.000180434,False
rs12158565,13,173,-0.161397,9.2384e-05,False
rs12158565,13,174,-0.15313,0.00021444,False
rs12158565,13,175,-0.147129,0.000387407,False
rs12158565,13,176,-0.152318,0.000248906,False
rs12158565,13,177,-0.141483,0.000686946,False
rs12158565,13,178,-0.143934,0.000568465,False
rs12158565,13,179,-0.145265,0.000518314,False
rs12158565,13,180,-0.150365,0.000334665,False
rs12158565,13,181,-0.15187,0.000302835,False
rs12158565,13,182,-0.155524,0.000222418,False
rs12158565,13,183,-0.169562,6.07907e-05,False
rs12158565,13,184,-0.162629,0.000125598,False
rs12158565,13,185,-0.164799,0.000107411,False
rs12158565,13,186,-0.157135,0.000237432,False
rs12158565,13,187,-0.157291,0.00024905,False
rs12158565,13,188,-0.169007,8.77255e-05,False
rs12158565,13,189,-0.152677,0.000425327,False
rs12158565,13,190,-0.164611,0.000154581,False
rs12158565,13,191,-0.158141,0.00029724,False
rs12158565,13,192,-0.158073,0.000320051,False
rs12158565,13,193,-0.176572,6.45496e-05,False
rs12158565,13,194,-0.171323,0.000114577,False
rs12158565,13,195,-0.171994,0.000115089,False
rs12158565,13,196,-0.186605,3.18924e-05,False
rs12158565,13,197,-0.178265,7.74391e-05,False
rs12158565,13,198,-0.170791,0.000169099,False
rs12158565,13,199,-0.190456,3.09444e-05,False
rs12158565,13,200,-0.185954,5.18497e-05,False
rs12158565,13,201,-0.193,2.98668e-05,False
rs12158565,13,202,-0.176565,0.000148005,False
rs12158565,13,203,-0.178313,0.000142763,False
rs12158565,13,204,-0.187561,7.04109e-05,False
rs12158565,13,205,-0.196158,3.69075e-05,False
rs12158565,13,206,-0.201877,2.41339e-05,False
rs12158565,13,207,-0.190045,8.01766e-05,False
rs12158565,13,208,-0.190218,8.89821e-05,False
rs12158565,13,209,-0.196096,6.18468e-05,False
rs12158565,13,210,-0.19931,5.29806e-05,False
rs12158565,13,211,-0.197721,6.95779e-05,False
rs12158565,13,212,-0.200164,6.27285e-05,False
rs12158565,13,213,-0.200085,7.42564e-05,False
rs12158565,13,214,-0.197697,0.000102451,False
rs12158565,13,215,-0.197443,0.000116357,False
rs12158565,13,216,-0.195072,0.000163452,False
rs12158565,13,217,-0.20199,0.000108527,False
rs12158565,13,218,-0.194425,0.000220411,False
rs12158565,13,219,-0.200511,0.00015322,False
rs12158565,13,220,-0.195236,0.000260294,False
rs12158565,13,221,-0.202985,0.000165562,False
rs12158565,13,222,-0.189414,0.000489425,False
rs12158565,13,223,-0.190285,0.000507232,False
rs12158565,13,224,-0.190003,0.000577158,False
rs12158565,13,225,-0.201829,0.000286659,False
rs12158565,13,226,-0.193297,0.000559615,False
rs12158565,13,227,-0.200266,0.000385994,False
rs12158565,13,228,-0.197249,0.00051534,False
rs12158565,13,229,-0.188038,0.000999616,False
rs12158565,13,230,-0.199982,0.000510225,False
rs12158565,13,231,-0.181642,0.00173842,False
rs12158565,13,232,-0.187373,0.00129901,False
rs12158565,13,233,-0.18042,0.00212729,False
rs12158565,13,234,-0.183484,0.00190582,False
rs12158565,13,235,-0.187393,0.00162599,False
rs12158565,13,236,-0.184712,0.0020234,False
rs12158565,13,237,-0.188705,0.00170852,False
rs12158565,13,238,-0.182309,0.00260403,False
rs12158565,13,239,-0.1768,0.00368323,False
rs12158565,13,240,-0.167347,0.00626268,False
rs12158565,13,241,-0.166507,0.00692266,False
rs12158565,13,242,-0.160574,0.00961335,False
rs12158565,13,243,-0.162301,0.00931791,False
rs12158565,13,244,-0.162641,0.00964827,False
rs12158565,13,245,-0.150869,0.0171055,False
rs12158565,13,246,-0.15143,0.017456,False
rs12158565,13,247,-0.138037,0.0317855,False
rs12158565,13,248,-0.138811,0.0320658,False
rs12158565,13,249,-0.143064,0.0282575,False
rs12158565,13,250,-0.146594,0.0257341,False
rs12158565,13,251,-0.152493,0.021098,False
rs12158565,14,6,-0.110482,0.00116349,False
rs12158565,14,7,-0.105813,0.00170301,False
rs12158565,14,8,-0.100346,0.0027297,False
rs12158565,14,9,-0.0984918,0.00301754,False
rs12158565,14,10,-0.0924964,0.00489635,False
rs12158565,14,11,-0.098191,0.00262054,False
rs12158565,14,12,-0.0808455,0.0124618,False
rs12158565,14,13,-0.0862642,0.00745238,False
rs12158565,14,14,-0.080016,0.0126914,False
rs12158565,14,15,-0.0765744,0.0167802,False
rs12158565,14,16,-0.0749333,0.0188173,False
rs12158565,14,17,-0.081364,0.0106776,False
rs12158565,14,18,-0.0771719,0.0155393,False
rs12158565,14,19,-0.0932511,0.00334759,False
rs12158565,14,20,-0.0784804,0.0133325,False
rs12158565,14,21,-0.0881286,0.00542946,False
rs12158565,14,22,-0.0805233,0.0112334,False
rs12158565,14,23,-0.0861255,0.00654103,False
rs12158565,14,24,-0.0930176,0.00334189,False
rs12158565,14,25,-0.0865632,0.00638444,False
rs12158565,14,26,-0.100044,0.00157178,False
rs12158565,14,27,-0.098554,0.00187708,False
rs12158565,14,28,-0.0866875,0.00621838,False
rs12158565,14,29,-0.098376,0.00194161,False
rs12158565,14,30,-0.071662,0.0239513,False
rs12158565,14,31,-0.0982634,0.00199787,False
rs12158565,14,32,-0.0999138,0.00167659,False
rs12158565,14,33,-0.0890499,0.00510122,False
rs12158565,14,34,-0.0952856,0.00284412,False
rs12158565,14,35,-0.0940169,0.00325759,False
rs12158565,14,36,-0.101421,0.00148837,False
rs12158565,14,37,-0.0884995,0.00575718,False
rs12158565,14,38,-0.0883654,0.00581635,False
rs12158565,14,39,-0.090318,0.00493077,False
rs12158565,14,40,-0.106217,0.000929613,False
rs12158565,14,41,-0.0850445,0.00830395,False
rs12158565,14,42,-0.0814633,0.0115057,False
rs12158565,14,43,-0.100404,0.00187382,False
rs12158565,14,44,-0.102015,0.00166697,False
rs12158565,14,45,-0.0898811,0.00565946,False
rs12158565,14,46,-0.090746,0.00528133,False
rs12158565,14,47,-0.0857739,0.0083888,False
rs12158565,14,48,-0.0981694,0.00264684,False
rs12158565,14,49,-0.0847371,0.00950874,False
rs12158565,14,50,-0.103632,0.00159066,False
rs12158565,14,51,-0.0915586,0.00537758,False
rs12158565,14,52,-0.0847673,0.00986998,False
rs12158565,14,53,-0.103247,0.0017994,False
rs12158565,14,54,-0.0996157,0.00259984,False
rs12158565,14,55,-0.102998,0.00193271,False
rs12158565,14,56,-0.0945031,0.00453092,False
rs12158565,14,57,-0.100496,0.00259863,False
rs12158565,14,58,-0.0924622,0.00577989,False
rs12158565,14,59,-0.0967439,0.00393582,False
rs12158565,14,60,-0.0970938,0.00389777,False
rs12158565,14,61,-0.076352,0.0232478,False
rs12158565,14,62,-0.093756,0.0054972,False
rs12158565,14,63,-0.0960895,0.00453105,False
rs12158565,14,64,-0.0920353,0.00669615,False
rs12158565,14,65,-0.0845574,0.0129182,False
rs12158565,14,66,-0.0872364,0.010675,False
rs12158565,14,67,-0.0757516,0.0267569,False
rs12158565,14,68,-0.100682,0.00334989,False
rs12158565,14,69,-0.104813,0.00230763,False
rs12158565,14,70,-0.0965399,0.00512607,False
rs12158565,14,71,-0.0873331,0.0115522,False
rs12158565,14,72,-0.0874253,0.0119366,False
rs12158565,14,73,-0.0987461,0.00452209,False
rs12158565,14,74,-0.101738,0.00355855,False
rs12158565,14,75,-0.0936317,0.00756084,False
rs12158565,14,76,-0.105366,0.00271108,False
rs12158565,14,77,-0.105525,0.00274233,False
rs12158565,14,78,-0.0990824,0.00506532,False
rs12158565,14,79,-0.0971323,0.0062291,False
rs12158565,14,80,-0.104791,0.00322743,False
rs12158565,14,81,-0.109459,0.00213426,False
rs12158565,14,82,-0.110882,0.0019571,False
rs12158565,14,83,-0.104941,0.00350441,False
rs12158565,14,84,-0.107042,0.00297676,False
rs12158565,14,85,-0.104799,0.00374751,False
rs12158565,14,86,-0.11027,0.00234517,False
rs12158565,14,87,-0.103304,0.00448361,False
rs12158565,14,88,-0.117026,0.0013244,False
rs12158565,14,89,-0.117263,0.00132214,False
rs12158565,14,90,-0.130553,0.00036229,False
rs12158565,14,91,-0.116007,0.00160594,False
rs12158565,14,92,-0.115599,0.00172404,False
rs12158565,14,93,-0.127309,0.000567851,False
rs12158565,14,94,-0.116769,0.00160421,False
rs12158565,14,95,-0.138035,0.000200597,False
rs12158565,14,96,-0.132163,0.000384248,False
rs12158565,14,97,-0.137963,0.000218241,False
rs12158565,14,98,-0.135246,0.000307628,False
rs12158565,14,99,-0.144866,0.000114815,False
rs12158565,14,100,-0.138244,0.000239534,False
rs12158565,14,101,-0.12753,0.000723862,False
rs12158565,14,102,-0.128486,0.000690195,False
rs12158565,14,103,-0.135517,0.000354005,False
rs12158565,14,104,-0.132406,0.000499286,False
rs12158565,14,105,-0.129231,0.000701505,False
rs12158565,14,106,-0.133309,0.000494964,False
rs12158565,14,107,-0.142824,0.000196194,False
rs12158565,14,108,-0.135455,0.000426123,False
rs12158565,14,109,-0.145678,0.000155557,False
rs12158565,14,110,-0.140854,0.000267953,False
rs12158565,14,111,-0.144989,0.000183726,False
rs12158565,14,112,-0.135104,0.000501006,False
rs12158565,14,113,-0.137179,0.000419419,False
rs12158565,14,114,-0.142351,0.000263339,False
rs12158565,14,115,-0.134231,0.000591109,False
rs12158565,14,116,-0.13834,0.000408939,False
rs12158565,14,117,-0.140168,0.00034872,False
rs12158565,14,118,-0.138609,0.00041039,False
rs12158565,14,119,-0.138999,0.000394508,False
rs12158565,14,120,-0.139577,0.000384232,False
rs12158565,14,121,-0.142728,0.000291947,False
rs12158565,14,122,-0.144068,0.000268561,False
rs12158565,14,123,-0.142956,0.000309381,False
rs12158565,14,124,-0.142324,0.00032999,False
rs12158565,14,125,-0.139069,0.000455583,False
rs12158565,14,126,-0.148486,0.000184414,False
rs12158565,14,127,-0.146406,0.000234484,False
rs12158565,14,128,-0.154118,0.000109161,False
rs12158565,14,129,-0.171691,1.72697e-05,False
rs12158565,14,130,-0.150904,0.000163712,False
rs12158565,14,131,-0.142605,0.000373828,False
rs12158565,14,132,-0.14665,0.000258774,False
rs12158565,14,133,-0.152603,0.000146283,False
rs12158565,14,134,-0.143823,0.000346439,False
rs12158565,14,135,-0.139696,0.000516199,False
rs12158565,14,136,-0.146002,0.000278865,False
rs12158565,14,137,-0.147834,0.000240218,False
rs12158565,14,138,-0.145969,0.000289568,False
rs12158565,14,139,-0.135947,0.000734675,False
rs12158565,14,140,-0.139923,0.00053201,False
rs12158565,14,141,-0.134257,0.000896803,False
rs12158565,14,142,-0.141848,0.000453025,False
rs12158565,14,143,-0.141477,0.000468846,False
rs12158565,14,144,-0.148624,0.000241223,False
rs12158565,14,145,-0.154887,0.000131785,False
rs12158565,14,146,-0.154317,0.000141974,False
rs12158565,14,147,-0.148324,0.000257727,False
rs12158565,14,148,-0.140945,0.000519152,False
rs12158565,14,149,-0.136414,0.000770688,False
rs12158565,14,150,-0.130504,0.00128882,False
rs12158565,14,151,-0.141075,0.000510003,False
rs12158565,14,152,-0.155065,0.000134673,False
rs12158565,14,153,-0.142593,0.000456842,False
rs12158565,14,154,-0.140179,0.000573056,False
rs12158565,14,155,-0.1283,0.00160485,False
rs12158565,14,156,-0.131537,0.00121259,False
rs12158565,14,157,-0.137921,0.000686104,False
rs12158565,14,158,-0.143124,0.00043224,False
rs12158565,14,159,-0.140704,0.000535228,False
rs12158565,14,160,-0.142185,0.000474721,False
rs12158565,14,161,-0.142284,0.000468322,False
rs12158565,14,162,-0.134425,0.000965554,False
rs12158565,14,163,-0.135429,0.000894194,False
rs12158565,14,164,-0.140765,0.000552283,False
rs12158565,14,165,-0.142515,0.00047603,False
rs12158565,14,166,-0.152934,0.00018051,False
rs12158565,14,167,-0.145555,0.000365559,False
rs12158565,14,168,-0.144545,0.000405924,False
rs12158565,14,169,-0.144422,0.000411018,False
rs12158565,14,170,-0.137575,0.000782077,False
rs12158565,14,171,-0.148246,0.000303156,False
rs12158565,14,172,-0.139192,0.000720453,False
rs12158565,14,173,-0.146511,0.000377656,False
rs12158565,14,174,-0.150338,0.000266598,False
rs12158565,14,175,-0.160522,0.000100396,False
rs12158565,14,176,-0.15613,0.000160577,False
rs12158565,14,177,-0.148225,0.00034976,False
rs12158565,14,178,-0.148209,0.000364317,False
rs12158565,14,179,-0.145431,0.000484238,False
rs12158565,14,180,-0.143741,0.000587645,False
rs12158565,14,181,-0.149116,0.000368412,False
rs12158565,14,182,-0.159786,0.000139009,False
rs12158565,14,183,-0.151423,0.000315285,False
rs12158565,14,184,-0.158996,0.000163448,False
rs12158565,14,185,-0.155669,0.000232962,False
rs12158565,14,186,-0.148131,0.00048488,False
rs12158565,14,187,-0.146703,0.00058442,False
rs12158565,14,188,-0.146666,0.000603683,False
rs12158565,14,189,-0.160894,0.000183745,False
rs12158565,14,190,-0.160644,0.000198612,False
rs12158565,14,191,-0.153942,0.000384374,False
rs12158565,14,192,-0.16061,0.000226917,False
rs12158565,14,193,-0.169998,0.000103583,False
rs12158565,14,194,-0.178104,5.0959e-05,False
rs12158565,14,195,-0.173625,8.55816e-05,False
rs12158565,14,196,-0.1785,5.77299e-05,False
rs12158565,14,197,-0.181909,4.52736e-05,False
rs12158565,14,198,-0.181729,5.37721e-05,False
rs12158565,14,199,-0.173984,0.000117434,False
rs12158565,14,200,-0.197471,1.38896e-05,False
rs12158565,14,201,-0.183158,6.27697e-05,False
rs12158565,14,202,-0.187528,4.58061e-05,False
rs12158565,14,203,-0.192325,3.20312e-05,False
rs12158565,14,204,-0.193242,3.40357e-05,False
rs12158565,14,205,-0.193678,3.78343e-05,False
rs12158565,14,206,-0.177855,0.00017001,False
rs12158565,14,207,-0.180478,0.000150547,False
rs12158565,14,208,-0.196244,4.28132e-05,False
rs12158565,14,209,-0.200096,3.47424e-05,False
rs12158565,14,210,-0.19244,7.80172e-05,False
rs12158565,14,211,-0.184103,0.000178386,False
rs12158565,14,212,-0.19275,9.70337e-05,False
rs12158565,14,213,-0.192832,0.000112809,False
rs12158565,14,214,-0.186568,0.000208138,False
rs12158565,14,215,-0.197922,9.53488e-05,False
rs12158565,14,216,-0.184736,0.000299664,False
rs12158565,14,217,-0.187991,0.000263861,False
rs12158565,14,218,-0.200403,0.000114701,False
rs12158565,14,219,-0.180286,0.000579762,False
rs12158565,14,220,-0.190918,0.000306226,False
rs12158565,14,221,-0.196221,0.000232893,False
rs12158565,14,222,-0.193642,0.000310417,False
rs12158565,14,223,-0.185183,0.000627846,False
rs12158565,14,224,-0.195246,0.000346897,False
rs12158565,14,225,-0.184578,0.000797669,False
rs12158565,14,226,-0.190998,0.000575667,False
rs12158565,14,227,-0.171909,0.00212537,False
rs12158565,14,228,-0.180241,0.00138863,False
rs12158565,14,229,-0.176231,0.00193739,False
rs12158565,14,230,-0.181241,0.00154658,False
rs12158565,14,231,-0.182195,0.00159168,False
rs12158565,14,232,-0.172815,0.00294976,False
rs12158565,14,233,-0.176418,0.00257776,False
rs12158565,14,234,-0.183803,0.00181964,False
rs12158565,14,235,-0.175552,0.00309284,False
rs12158565,14,236,-0.17674,0.00308706,False
rs12158565,14,237,-0.163595,0.00650079,False
rs12158565,14,238,-0.168429,0.00543088,False
rs12158565,14,239,-0.157479,0.00979898,False
rs12158565,14,240,-0.168927,0.00586297,False
rs12158565,14,241,-0.16903,0.00617068,False
rs12158565,14,242,-0.174444,0.00505523,False
rs12158565,14,243,-0.163825,0.00889485,False
rs12158565,14,244,-0.164788,0.0089439,False
rs12158565,14,245,-0.186937,0.00327825,False
rs12158565,14,246,-0.165398,0.00977024,False
rs12158565,14,247,-0.158093,0.0141647,False
rs12158565,14,248,-0.17677,0.00654939,False
rs12158565,14,249,-0.152533,0.0198505,False
rs12158565,14,250,-0.158335,0.0163619,False
rs12158565,14,251,-0.139306,0.0358523,False
rs12158565,15,6,-0.0860841,0.011516,False
rs12158565,15,7,-0.0756418,0.025215,False
rs12158565,15,8,-0.0925448,0.00570519,False
rs12158565,15,9,-0.0757528,0.0226512,False
rs12158565,15,10,-0.0832573,0.0115612,False
rs12158565,15,11,-0.0753608,0.0213729,False
rs12158565,15,12,-0.0722708,0.0268077,False
rs12158565,15,13,-0.0765067,0.0181426,False
rs12158565,15,14,-0.0714697,0.0266516,False
rs12158565,15,15,-0.076447,0.0176536,False
rs12158565,15,16,-0.07931,0.0134997,False
rs12158565,15,17,-0.0760027,0.0174948,False
rs12158565,15,18,-0.0766156,0.0163487,False
rs12158565,15,19,-0.074268,0.0197227,False
rs12158565,15,20,-0.084414,0.0080219,False
rs12158565,15,21,-0.0882302,0.00558971,False
rs12158565,15,22,-0.0808992,0.0110881,False
rs12158565,15,23,-0.0911375,0.00417305,False
rs12158565,15,24,-0.0917489,0.00387863,False
rs12158565,15,25,-0.080799,0.0108782,False
rs12158565,15,26,-0.102299,0.00128473,False
rs12158565,15,27,-0.083892,0.00825702,False
rs12158565,15,28,-0.093326,0.00330525,False
rs12158565,15,29,-0.104901,0.000995206,False
rs12158565,15,30,-0.101792,0.00138568,False
rs12158565,15,31,-0.098911,0.00191125,False
rs12158565,15,32,-0.107737,0.000722238,False
rs12158565,15,33,-0.08939,0.00510205,False
rs12158565,15,34,-0.0975276,0.00231216,False
rs12158565,15,35,-0.123006,0.000122489,False
rs12158565,15,36,-0.105438,0.00101637,False
rs12158565,15,37,-0.102101,0.00150302,False
rs12158565,15,38,-0.0970728,0.00259634,False
rs12158565,15,39,-0.0982395,0.00232384,False
rs12158565,15,40,-0.111171,0.000567017,False
rs12158565,15,41,-0.0954587,0.00319959,False
rs12158565,15,42,-0.0877222,0.00668376,False
rs12158565,15,43,-0.0885766,0.0063259,False
rs12158565,15,44,-0.100555,0.00196892,False
rs12158565,15,45,-0.101687,0.00175975,False
rs12158565,15,46,-0.0928651,0.00438728,False
rs12158565,15,47,-0.100874,0.00201909,False
rs12158565,15,48,-0.091235,0.00530459,False
rs12158565,15,49,-0.0959801,0.00345675,False
rs12158565,15,50,-0.092969,0.00477668,False
rs12158565,15,51,-0.100854,0.00222134,False
rs12158565,15,52,-0.0984356,0.00294289,False
rs12158565,15,53,-0.0948377,0.00425371,False
rs12158565,15,54,-0.113878,0.000614164,False
rs12158565,15,55,-0.0998099,0.00276347,False
rs12158565,15,56,-0.0886406,0.00786064,False
rs12158565,15,57,-0.0838318,0.0121321,False
rs12158565,15,58,-0.101056,0.00257147,False
rs12158565,15,59,-0.0924631,0.0058068,False
rs12158565,15,60,-0.0934005,0.00552898,False
rs12158565,15,61,-0.0924359,0.00623219,False
rs12158565,15,62,-0.0832886,0.0139789,False
rs12158565,15,63,-0.0898095,0.00810569,False
rs12158565,15,64,-0.0999513,0.00328777,False
rs12158565,15,65,-0.0901417,0.00830404,False
rs12158565,15,66,-0.0959743,0.00513858,False
rs12158565,15,67,-0.0939545,0.00619604,False
rs12158565,15,68,-0.0839404,0.0149893,False
rs12158565,15,69,-0.105107,0.00236472,False
rs12158565,15,70,-0.0859946,0.0131547,False
rs12158565,15,71,-0.0957725,0.00594682,False
rs12158565,15,72,-0.0930387,0.0077659,False
rs12158565,15,73,-0.102085,0.00349995,False
rs12158565,15,74,-0.099191,0.00470629,False
rs12158565,15,75,-0.110739,0.0016498,False
rs12158565,15,76,-0.0945823,0.00740787,False
rs12158565,15,77,-0.0957024,0.00683125,False
rs12158565,15,78,-0.0898547,0.0113563,False
rs12158565,15,79,-0.105214,0.00313988,False
rs12158565,15,80,-0.114363,0.00137299,False
rs12158565,15,81,-0.107213,0.00274476,False
rs12158565,15,82,-0.114266,0.00147401,False
rs12158565,15,83,-0.113164,0.00167818,False
rs12158565,15,84,-0.108277,0.00274576,False
rs12158565,15,85,-0.113893,0.00166946,False
rs12158565,15,86,-0.129701,0.000353469,False
rs12158565,15,87,-0.12194,0.000811039,False
rs12158565,15,88,-0.1163,0.0014698,False
rs12158565,15,89,-0.10483,0.00426695,False
rs12158565,15,90,-0.127376,0.000535946,False
rs12158565,15,91,-0.120124,0.00113604,False
rs12158565,15,92,-0.123918,0.000802604,False
rs12158565,15,93,-0.130163,0.000456414,False
rs12158565,15,94,-0.108403,0.00358962,False
rs12158565,15,95,-0.122154,0.00107264,False
rs12158565,15,96,-0.131969,0.000430785,False
rs12158565,15,97,-0.133122,0.000400733,False
rs12158565,15,98,-0.131705,0.000478787,False
rs12158565,15,99,-0.131176,0.000511399,False
rs12158565,15,100,-0.131704,0.000505106,False
rs12158565,15,101,-0.128632,0.000705855,False
rs12158565,15,102,-0.128779,0.000726773,False
rs12158565,15,103,-0.113582,0.00295291,False
rs12158565,15,104,-0.124223,0.0011815,False
rs12158565,15,105,-0.140587,0.000251096,False
rs12158565,15,106,-0.148001,0.000121398,False
rs12158565,15,107,-0.134814,0.000489492,False
rs12158565,15,108,-0.137479,0.000376461,False
rs12158565,15,109,-0.13881,0.000343693,False
rs12158565,15,110,-0.129888,0.000842764,False
rs12158565,15,111,-0.132825,0.000658485,False
rs12158565,15,112,-0.127174,0.001147,False
rs12158565,15,113,-0.135307,0.000547281,False
rs12158565,15,114,-0.138538,0.000408569,False
rs12158565,15,115,-0.144253,0.000241392,False
rs12158565,15,116,-0.152299,0.000108122,False
rs12158565,15,117,-0.152745,0.000107602,False
rs12158565,15,118,-0.151202,0.000126681,False
rs12158565,15,119,-0.145032,0.000248148,False
rs12158565,15,120,-0.15634,7.90938e-05,False
rs12158565,15,121,-0.148631,0.000184199,False
rs12158565,15,122,-0.139691,0.000442382,False
rs12158565,15,123,-0.144826,0.000278302,False
rs12158565,15,124,-0.139756,0.00046734,False
rs12158565,15,125,-0.143113,0.000343617,False
rs12158565,15,126,-0.148803,0.000201726,False
rs12158565,15,127,-0.151649,0.000153103,False
rs12158565,15,128,-0.147688,0.000231453,False
rs12158565,15,129,-0.139831,0.000500608,False
rs12158565,15,130,-0.155682,0.000110512,False
rs12158565,15,131,-0.149966,0.000201569,False
rs12158565,15,132,-0.143311,0.000393025,False
rs12158565,15,133,-0.150616,0.000194981,False
rs12158565,15,134,-0.143449,0.000386241,False
rs12158565,15,135,-0.139423,0.000565154,False
rs12158565,15,136,-0.144661,0.00036059,False
rs12158565,15,137,-0.14982,0.000217526,False
rs12158565,15,138,-0.154736,0.000134799,False
rs12158565,15,139,-0.147559,0.000274071,False
rs12158565,15,140,-0.146487,0.000306612,False
rs12158565,15,141,-0.154025,0.000146716,False
rs12158565,15,142,-0.157769,0.000105264,False
rs12158565,15,143,-0.164794,5.11601e-05,False
rs12158565,15,144,-0.157913,0.000103786,False
rs12158565,15,145,-0.15611,0.000127401,False
rs12158565,15,146,-0.156262,0.000124956,False
rs12158565,15,147,-0.157297,0.000112973,False
rs12158565,15,148,-0.160656,8.14355e-05,False
rs12158565,15,149,-0.168159,3.76271e-05,False
rs12158565,15,150,-0.161393,7.57427e-05,False
rs12158565,15,151,-0.148846,0.000263427,False
rs12158565,15,152,-0.152271,0.000190311,False
rs12158565,15,153,-0.151471,0.00020806,False
rs12158565,15,154,-0.15501,0.000146117,False
rs12158565,15,155,-0.152375,0.000191781,False
rs12158565,15,156,-0.143662,0.000434869,False
rs12158565,15,157,-0.149527,0.000254597,False
rs12158565,15,158,-0.142603,0.000483295,False
rs12158565,15,159,-0.150899,0.000224657,False
rs12158565,15,160,-0.162883,6.86997e-05,False
rs12158565,15,161,-0.159986,9.32965e-05,False
rs12158565,15,162,-0.143737,0.000447127,False
rs12158565,15,163,-0.138598,0.000717714,False
rs12158565,15,164,-0.142213,0.000513901,False
rs12158565,15,165,-0.146859,0.000333328,False
rs12158565,15,166,-0.139891,0.000653987,False
rs12158565,15,167,-0.139947,0.00064288,False
rs12158565,15,168,-0.153746,0.000180737,False
rs12158565,15,169,-0.15292,0.000196268,False
rs12158565,15,170,-0.146288,0.000367362,False
rs12158565,15,171,-0.153822,0.000182595,False
rs12158565,15,172,-0.158951,0.000112525,False
rs12158565,15,173,-0.154121,0.000183866,False
rs12158565,15,174,-0.152111,0.000233677,False
rs12158565,15,175,-0.143639,0.000513522,False
rs12158565,15,176,-0.141903,0.00060215,False
rs12158565,15,177,-0.134101,0.00119097,False
rs12158565,15,178,-0.137664,0.000896607,False
rs12158565,15,179,-0.149249,0.000324371,False
rs12158565,15,180,-0.146308,0.000443391,False
rs12158565,15,181,-0.153171,0.000240001,False
rs12158565,15,182,-0.156867,0.00017162,False
rs12158565,15,183,-0.153991,0.000239593,False
rs12158565,15,184,-0.150882,0.000332369,False
rs12158565,15,185,-0.15941,0.000154857,False
rs12158565,15,186,-0.157695,0.000191465,False
rs12158565,15,187,-0.15862,0.00018412,False
rs12158565,15,188,-0.166181,9.43343e-05,False
rs12158565,15,189,-0.161865,0.000155302,False
rs12158565,15,190,-0.165482,0.000113193,False
rs12158565,15,191,-0.170435,7.71867e-05,False
rs12158565,15,192,-0.172137,6.94168e-05,False
rs12158565,15,193,-0.176998,4.67742e-05,False
rs12158565,15,194,-0.170921,9.35634e-05,False
rs12158565,15,195,-0.179814,4.31325e-05,False
rs12158565,15,196,-0.172113,9.48189e-05,False
rs12158565,15,197,-0.173525,9.1536e-05,False
rs12158565,15,198,-0.183924,3.73883e-05,False
rs12158565,15,199,-0.175147,9.58359e-05,False
rs12158565,15,200,-0.172142,0.000134293,False
rs12158565,15,201,-0.169297,0.000189549,False
rs12158565,15,202,-0.178873,8.82552e-05,False
rs12158565,15,203,-0.176227,0.000124918,False
rs12158565,15,204,-0.184215,6.74562e-05,False
rs12158565,15,205,-0.172668,0.000206413,False
rs12158565,15,206,-0.16243,0.000516803,False
rs12158565,15,207,-0.166474,0.000410478,False
rs12158565,15,208,-0.177807,0.000176146,False
rs12158565,15,209,-0.160931,0.000770518,False
rs12158565,15,210,-0.180235,0.00017849,False
rs12158565,15,211,-0.17808,0.000240659,False
rs12158565,15,212,-0.178958,0.000249481,False
rs12158565,15,213,-0.167402,0.000675709,False
rs12158565,15,214,-0.173047,0.000494162,False
rs12158565,15,215,-0.173444,0.00052517,False
rs12158565,15,216,-0.173582,0.00058259,False
rs12158565,15,217,-0.157459,0.00198431,False
rs12158565,15,218,-0.175062,0.000654419,False
rs12158565,15,219,-0.165202,0.00141886,False
rs12158565,15,220,-0.169412,0.00117392,False
rs12158565,15,221,-0.186635,0.000395216,False
rs12158565,15,222,-0.179,0.00075729,False
rs12158565,15,223,-0.171058,0.00141628,False
rs12158565,15,224,-0.156058,0.00391534,False
rs12158565,15,225,-0.179638,0.000985492,False
rs12158565,15,226,-0.18403,0.000816533,False
rs12158565,15,227,-0.173818,0.00172226,False
rs12158565,15,228,-0.170361,0.00232415,False
rs12158565,15,229,-0.181486,0.0012826,False
rs12158565,15,230,-0.182783,0.00130566,False
rs12158565,15,231,-0.170625,0.00288487,False
rs12158565,15,232,-0.170836,0.00306604,False
rs12158565,15,233,-0.170384,0.00339584,False
rs12158565,15,234,-0.168746,0.00397771,False
rs12158565,15,235,-0.172955,0.00343455,False
rs12158565,15,236,-0.169034,0.00450897,False
rs12158565,15,237,-0.17529,0.00344944,False
rs12158565,15,238,-0.165099,0.00635295,False
rs12158565,15,239,-0.160513,0.00840636,False
rs12158565,15,240,-0.168018,0.00615497,False
rs12158565,15,241,-0.168044,0.0065252,False
rs12158565,15,242,-0.16888,0.00666425,False
rs12158565,15,243,-0.16867,0.0071667,False
rs12158565,15,244,-0.171218,0.00675209,False
rs12158565,15,245,-0.163883,0.0101951,False
rs12158565,15,246,-0.15632,0.0149089,False
rs12158565,15,247,-0.155205,0.0165703,False
rs12158565,15,248,-0.164914,0.011506,False
rs12158565,15,249,-0.155184,0.0183566,False
rs12158565,15,250,-0.13789,0.0376243,False
rs12158565,15,251,-0.132156,0.0475215,False
rs12158565,16,6,-0.119755,0.000413348,False
rs12158565,16,7,-0.126568,0.000173952,False
rs12158565,16,8,-0.1079,0.00123703,False
rs12158565,16,9,-0.0927328,0.00514562,False
rs12158565,16,10,-0.110405,0.000801772,False
rs12158565,16,11,-0.0951097,0.00351883,False
rs12158565,16,12,-0.0950405,0.00337894,False
rs12158565,16,13,-0.109978,0.000648092,False
rs12158565,16,14,-0.0980858,0.00223365,False
rs12158565,16,15,-0.104173,0.00108992,False
rs12158565,16,16,-0.102168,0.00135452,False
rs12158565,16,17,-0.108645,0.000645407,False
rs12158565,16,18,-0.095348,0.00273839,False
rs12158565,16,19,-0.113202,0.000367626,False
rs12158565,16,20,-0.094266,0.00303339,False
rs12158565,16,21,-0.10436,0.00100964,False
rs12158565,16,22,-0.107207,0.00073913,False
rs12158565,16,23,-0.0992715,0.00178294,False
rs12158565,16,24,-0.0961876,0.00248993,False
rs12158565,16,25,-0.0940417,0.00311366,False
rs12158565,16,26,-0.0940879,0.00308774,False
rs12158565,16,27,-0.108052,0.000685986,False
rs12158565,16,28,-0.0762073,0.016455,False
rs12158565,16,29,-0.108472,0.000656357,False
rs12158565,16,30,-0.0956073,0.00265684,False
rs12158565,16,31,-0.0931938,0.00341921,False
rs12158565,16,32,-0.0982429,0.00205744,False
rs12158565,16,33,-0.0841212,0.00841911,False
rs12158565,16,34,-0.0916843,0.00414548,False
rs12158565,16,35,-0.0930308,0.00361773,False
rs12158565,16,36,-0.097327,0.00235763,False
rs12158565,16,37,-0.095806,0.00281066,False
rs12158565,16,38,-0.094424,0.00327263,False
rs12158565,16,39,-0.0871333,0.00680322,False
rs12158565,16,40,-0.0902824,0.00511065,False
rs12158565,16,41,-0.103626,0.00133281,False
rs12158565,16,42,-0.0880882,0.00652367,False
rs12158565,16,43,-0.0938206,0.00381841,False
rs12158565,16,44,-0.0958505,0.0032189,False
rs12158565,16,45,-0.0859565,0.00835855,False
rs12158565,16,46,-0.092754,0.0045659,False
rs12158565,16,47,-0.111916,0.000634279,False
rs12158565,16,48,-0.107013,0.0011188,False
rs12158565,16,49,-0.0966,0.00329216,False
rs12158565,16,50,-0.101303,0.00212479,False
rs12158565,16,51,-0.0903523,0.00627397,False
rs12158565,16,52,-0.0942909,0.00436872,False
rs12158565,16,53,-0.0926171,0.00519472,False
rs12158565,16,54,-0.111997,0.000750237,False
rs12158565,16,55,-0.0934365,0.00499879,False
rs12158565,16,56,-0.0987653,0.00313957,False
rs12158565,16,57,-0.102507,0.00220988,False
rs12158565,16,58,-0.105927,0.00158245,False
rs12158565,16,59,-0.081661,0.0153607,False
rs12158565,16,60,-0.0990415,0.00333649,False
rs12158565,16,61,-0.0971502,0.00408274,False
rs12158565,16,62,-0.093892,0.00571095,False
rs12158565,16,63,-0.109557,0.00127429,False
rs12158565,16,64,-0.096724,0.00462361,False
rs12158565,16,65,-0.0996152,0.00363986,False
rs12158565,16,66,-0.107871,0.00171456,False
rs12158565,16,67,-0.109515,0.00151792,False
rs12158565,16,68,-0.109312,0.00157838,False
rs12158565,16,69,-0.113813,0.00102514,False
rs12158565,16,70,-0.116654,0.000793792,False
rs12158565,16,71,-0.111028,0.00147002,False
rs12158565,16,72,-0.113292,0.00119234,False
rs12158565,16,73,-0.117519,0.000813735,False
rs12158565,16,74,-0.12069,0.000615241,False
rs12158565,16,75,-0.114593,0.0011789,False
rs12158565,16,76,-0.123594,0.000498476,False
rs12158565,16,77,-0.111343,0.00178528,False
rs12158565,16,78,-0.117541,0.000984861,False
rs12158565,16,79,-0.115345,0.00128138,False
rs12158565,16,80,-0.117828,0.00105424,False
rs12158565,16,81,-0.118366,0.0010151,False
rs12158565,16,82,-0.121353,0.000786595,False
rs12158565,16,83,-0.112232,0.00195789,False
rs12158565,16,84,-0.10865,0.00278964,False
rs12158565,16,85,-0.109289,0.0027371,False
rs12158565,16,86,-0.121265,0.00090693,False
rs12158565,16,87,-0.125709,0.000609241,False
rs12158565,16,88,-0.115472,0.00166978,False
rs12158565,16,89,-0.102374,0.00549345,False
rs12158565,16,90,-0.111171,0.00263971,False
rs12158565,16,91,-0.108124,0.00359888,False
rs12158565,16,92,-0.129699,0.000504681,False
rs12158565,16,93,-0.117577,0.0016759,False
rs12158565,16,94,-0.129812,0.000543425,False
rs12158565,16,95,-0.118707,0.00158941,False
rs12158565,16,96,-0.1171,0.00190424,False
rs12158565,16,97,-0.122487,0.0012209,False
rs12158565,16,98,-0.124199,0.0010955,False
rs12158565,16,99,-0.128892,0.000713616,False
rs12158565,16,100,-0.121601,0.00146662,False
rs12158565,16,101,-0.121669,0.00146169,False
rs12158565,16,102,-0.130923,0.000657822,False
rs12158565,16,103,-0.143226,0.000198727,False
rs12158565,16,104,-0.139092,0.000305077,False
rs12158565,16,105,-0.134333,0.000497731,False
rs12158565,16,106,-0.134427,0.00051439,False
rs12158565,16,107,-0.130848,0.000744459,False
rs12158565,16,108,-0.146028,0.000173141,False
rs12158565,16,109,-0.152728,8.86729e-05,False
rs12158565,16,110,-0.147048,0.000167219,False
rs12158565,16,111,-0.131358,0.000801445,False
rs12158565,16,112,-0.153295,9.62773e-05,False
rs12158565,16,113,-0.148741,0.000157143,False
rs12158565,16,114,-0.151953,0.000118053,False
rs12158565,16,115,-0.147009,0.000197947,False
rs12158565,16,116,-0.14648,0.000216745,False
rs12158565,16,117,-0.149222,0.00017127,False
rs12158565,16,118,-0.143092,0.000319403,False
rs12158565,16,119,-0.139026,0.000483034,False
rs12158565,16,120,-0.139213,0.000488966,False
rs12158565,16,121,-0.143301,0.000343164,False
rs12158565,16,122,-0.140909,0.000432325,False
rs12158565,16,123,-0.135523,0.000724701,False
rs12158565,16,124,-0.147873,0.000231374,False
rs12158565,16,125,-0.146925,0.000259353,False
rs12158565,16,126,-0.159842,7.34557e-05,False
rs12158565,16,127,-0.162455,5.76209e-05,False
rs12158565,16,128,-0.154698,0.000131965,False
rs12158565,16,129,-0.149976,0.000221485,False
rs12158565,16,130,-0.144678,0.000366996,False
rs12158565,16,131,-0.142185,0.000469402,False
rs12158565,16,132,-0.146701,0.000306223,False
rs12158565,16,133,-0.144267,0.000397929,False
rs12158565,16,134,-0.133808,0.00103701,False
rs12158565,16,135,-0.12863,0.0016194,False
rs12158565,16,136,-0.151047,0.000214469,False
rs12158565,16,137,-0.155748,0.00013801,False
rs12158565,16,138,-0.15002,0.000239485,False
rs12158565,16,139,-0.149254,0.00025848,False
rs12158565,16,140,-0.160206,8.96379e-05,False
rs12158565,16,141,-0.165221,5.31784e-05,False
rs12158565,16,142,-0.166065,4.88549e-05,False
rs12158565,16,143,-0.145292,0.000382204,False
rs12158565,16,144,-0.151139,0.00022106,False
rs12158565,16,145,-0.161546,7.98989e-05,False
rs12158565,16,146,-0.170656,3.08169e-05,False
rs12158565,16,147,-0.170806,2.97428e-05,False
rs12158565,16,148,-0.164397,6.09624e-05,False
rs12158565,16,149,-0.173732,2.20896e-05,False
rs12158565,16,150,-0.166502,4.84065e-05,False
rs12158565,16,151,-0.161422,8.07353e-05,False
rs12158565,16,152,-0.15401,0.000170548,False
rs12158565,16,153,-0.161267,8.46385e-05,False
rs12158565,16,154,-0.158578,0.000109529,False
rs12158565,16,155,-0.15947,0.000100851,False
rs12158565,16,156,-0.165931,5.17079e-05,False
rs12158565,16,157,-0.161446,8.32749e-05,False
rs12158565,16,158,-0.167613,4.36628e-05,False
rs12158565,16,159,-0.169155,3.70762e-05,False
rs12158565,16,160,-0.168624,3.95725e-05,False
rs12158565,16,161,-0.15709,0.000128995,False
rs12158565,16,162,-0.159767,9.57164e-05,False
rs12158565,16,163,-0.153325,0.000183575,False
rs12158565,16,164,-0.152562,0.000198519,False
rs12158565,16,165,-0.152083,0.000208191,False
rs12158565,16,166,-0.152209,0.00021498,False
rs12158565,16,167,-0.148383,0.000307498,False
rs12158565,16,168,-0.12749,0.00194145,False
rs12158565,16,169,-0.142966,0.000501488,False
rs12158565,16,170,-0.150141,0.000258161,False
rs12158565,16,171,-0.151353,0.000237894,False
rs12158565,16,172,-0.142204,0.000554993,False
rs12158565,16,173,-0.144003,0.00048229,False
rs12158565,16,174,-0.134672,0.00110441,False
rs12158565,16,175,-0.138619,0.000797971,False
rs12158565,16,176,-0.160481,0.000103119,False
rs12158565,16,177,-0.150577,0.000281274,False
rs12158565,16,178,-0.155702,0.00017285,False
rs12158565,16,179,-0.144715,0.000496163,False
rs12158565,16,180,-0.156457,0.000165691,False
rs12158565,16,181,-0.156327,0.000170779,False
rs12158565,16,182,-0.149095,0.000347252,False
rs12158565,16,183,-0.155044,0.000204989,False
rs12158565,16,184,-0.157143,0.000173559,False
rs12158565,16,185,-0.157052,0.000179288,False
rs12158565,16,186,-0.15714,0.000190598,False
rs12158565,16,187,-0.159253,0.000158758,False
rs12158565,16,188,-0.161348,0.00013854,False
rs12158565,16,189,-0.165756,9.70904e-05,False
rs12158565,16,190,-0.160113,0.000173733,False
rs12158565,16,191,-0.174988,4.2166e-05,False
rs12158565,16,192,-0.168355,8.81596e-05,False
rs12158565,16,193,-0.164403,0.000136605,False
rs12158565,16,194,-0.18024,3.14926e-05,False
rs12158565,16,195,-0.16394,0.000164831,False
rs12158565,16,196,-0.162878,0.00019703,False
rs12158565,16,197,-0.168135,0.000130318,False
rs12158565,16,198,-0.179864,4.76767e-05,False
rs12158565,16,199,-0.17913,5.57986e-05,False
rs12158565,16,200,-0.169325,0.000153835,False
rs12158565,16,201,-0.17453,0.000105071,False
rs12158565,16,202,-0.191797,2.19315e-05,False
rs12158565,16,203,-0.184575,4.91984e-05,False
rs12158565,16,204,-0.18582,4.95047e-05,False
rs12158565,16,205,-0.180988,8.53369e-05,False
rs12158565,16,206,-0.176666,0.000140589,False
rs12158565,16,207,-0.183812,8.40265e-05,False
rs12158565,16,208,-0.180428,0.000126814,False
rs12158565,16,209,-0.185543,8.92828e-05,False
rs12158565,16,210,-0.180565,0.000151184,False
rs12158565,16,211,-0.169488,0.000419734,False
rs12158565,16,212,-0.182563,0.00016081,False
rs12158565,16,213,-0.184733,0.000153633,False
rs12158565,16,214,-0.181544,0.000223013,False
rs12158565,16,215,-0.175394,0.00040438,False
rs12158565,16,216,-0.191426,0.000127316,False
rs12158565,16,217,-0.191243,0.000149411,False
rs12158565,16,218,-0.182375,0.000334655,False
rs12158565,16,219,-0.188039,0.000242092,False
rs12158565,16,220,-0.179928,0.000500276,False
rs12158565,16,221,-0.182838,0.0004589,False
rs12158565,16,222,-0.1917,0.000274861,False
rs12158565,16,223,-0.184916,0.000498999,False
rs12158565,16,224,-0.185253,0.000540812,False
rs12158565,16,225,-0.168601,0.00182827,False
rs12158565,16,226,-0.188401,0.000548969,False
rs12158565,16,227,-0.169743,0.00201981,False
rs12158565,16,228,-0.179598,0.00120624,False
rs12158565,16,229,-0.191685,0.000615476,False
rs12158565,16,230,-0.178206,0.00158276,False
rs12158565,16,231,-0.178318,0.0017424,False
rs12158565,16,232,-0.17798,0.00191384,False
rs12158565,16,233,-0.181412,0.00170907,False
rs12158565,16,234,-0.170911,0.00338304,False
rs12158565,16,235,-0.176699,0.00267034,False
rs12158565,16,236,-0.1842,0.00191549,False
rs12158565,16,237,-0.171397,0.00413225,False
rs12158565,16,238,-0.172963,0.0040927,False
rs12158565,16,239,-0.166962,0.00595023,False
rs12158565,16,240,-0.162401,0.00799633,False
rs12158565,16,241,-0.181359,0.00331796,False
rs12158565,16,242,-0.165882,0.00765396,False
rs12158565,16,243,-0.16339,0.00916709,False
rs12158565,16,244,-0.167701,0.00804168,False
rs12158565,16,245,-0.148381,0.0199299,False
rs12158565,16,246,-0.156198,0.0152361,False
rs12158565,16,247,-0.156911,0.0155225,False
rs12158565,16,248,-0.153037,0.0193335,False
rs12158565,16,249,-0.14323,0.0300582,False
rs12158565,16,250,-0.148708,0.0254161,False
rs12158565,16,251,-0.133608,0.0462462,False
rs12158565,17,6,-0.0911468,0.00691108,False
rs12158565,17,7,-0.0817829,0.0143503,False
rs12158565,17,8,-0.0870862,0.00869807,False
rs12158565,17,9,-0.0824867,0.0123154,False
rs12158565,17,10,-0.0942445,0.00392048,False
rs12158565,17,11,-0.0819674,0.0116246,False
rs12158565,17,12,-0.0876129,0.00670796,False
rs12158565,17,13,-0.0810166,0.0115739,False
rs12158565,17,14,-0.0754154,0.0184987,False
rs12158565,17,15,-0.0791132,0.0130876,False
rs12158565,17,16,-0.0893616,0.00507546,False
rs12158565,17,17,-0.0881434,0.00556728,False
rs12158565,17,18,-0.0901634,0.00463278,False
rs12158565,17,19,-0.0945928,0.00287533,False
rs12158565,17,20,-0.0722481,0.0228966,False
rs12158565,17,21,-0.0761118,0.0165679,False
rs12158565,17,22,-0.0913113,0.00401494,False
rs12158565,17,23,-0.0783584,0.01369,False
rs12158565,17,24,-0.0769459,0.0156611,False
rs12158565,17,25,-0.0895541,0.00473736,False
rs12158565,17,26,-0.0929414,0.00348211,False
rs12158565,17,27,-0.0913448,0.00411462,False
rs12158565,17,28,-0.0927477,0.00351107,False
rs12158565,17,29,-0.0981038,0.00205073,False
rs12158565,17,30,-0.0927622,0.00361676,False
rs12158565,17,31,-0.0853347,0.0073039,False
rs12158565,17,32,-0.0891274,0.00520627,False
rs12158565,17,33,-0.0890911,0.00523185,False
rs12158565,17,34,-0.0979215,0.00218839,False
rs12158565,17,35,-0.0757492,0.0179099,False
rs12158565,17,36,-0.0981716,0.00220677,False
rs12158565,17,37,-0.0884113,0.00576864,False
rs12158565,17,38,-0.0748438,0.0198198,False
rs12158565,17,39,-0.0848269,0.00841277,False
rs12158565,17,40,-0.0854087,0.008111,False
rs12158565,17,41,-0.0862804,0.00761031,False
rs12158565,17,42,-0.0903277,0.00524284,False
rs12158565,17,43,-0.0710341,0.0284475,False
rs12158565,17,44,-0.0926689,0.00440495,False
rs12158565,17,45,-0.0853554,0.00882947,False
rs12158565,17,46,-0.0870036,0.00770448,False
rs12158565,17,47,-0.0975899,0.00296643,False
rs12158565,17,48,-0.100209,0.00228573,False
rs12158565,17,49,-0.101808,0.00197504,False
rs12158565,17,50,-0.0855323,0.0094935,False
rs12158565,17,51,-0.100835,0.00231884,False
rs12158565,17,52,-0.116776,0.000439054,False
rs12158565,17,53,-0.103698,0.00184568,False
rs12158565,17,54,-0.0901076,0.00696479,False
rs12158565,17,55,-0.0996353,0.00293144,False
rs12158565,17,56,-0.0941645,0.00507663,False
rs12158565,17,57,-0.100409,0.00291533,False
rs12158565,17,58,-0.10363,0.00217009,False
rs12158565,17,59,-0.108461,0.00136307,False
rs12158565,17,60,-0.109275,0.00128092,False
rs12158565,17,61,-0.0973406,0.00420625,False
rs12158565,17,62,-0.102254,0.00271834,False
rs12158565,17,63,-0.106574,0.00185345,False
rs12158565,17,64,-0.104895,0.00224972,False
rs12158565,17,65,-0.106227,0.00206789,False
rs12158565,17,66,-0.113153,0.00105255,False
rs12158565,17,67,-0.104117,0.00264792,False
rs12158565,17,68,-0.0911395,0.00876411,False
rs12158565,17,69,-0.0922121,0.00820267,False
rs12158565,17,70,-0.101567,0.00371243,False
rs12158565,17,71,-0.10285,0.00341773,False
rs12158565,17,72,-0.0975088,0.00554043,False
rs12158565,17,73,-0.0981484,0.00541832,False
rs12158565,17,74,-0.112538,0.00150834,False
rs12158565,17,75,-0.1116,0.00169064,False
rs12158565,17,76,-0.114907,0.00124869,False
rs12158565,17,77,-0.109945,0.00209416,False
rs12158565,17,78,-0.107558,0.00269613,False
rs12158565,17,79,-0.097405,0.00679021,False
rs12158565,17,80,-0.107865,0.00280933,False
rs12158565,17,81,-0.109357,0.00252616,False
rs12158565,17,82,-0.116859,0.0012819,False
rs12158565,17,83,-0.11266,0.00194775,False
rs12158565,17,84,-0.123525,0.000718552,False
rs12158565,17,85,-0.110462,0.00255608,False
rs12158565,17,86,-0.124349,0.000706482,False
rs12158565,17,87,-0.112073,0.00232919,False
rs12158565,17,88,-0.120367,0.00113083,False
rs12158565,17,89,-0.124468,0.000767577,False
rs12158565,17,90,-0.118812,0.00136521,False
rs12158565,17,91,-0.121186,0.00113397,False
rs12158565,17,92,-0.123982,0.000901312,False
rs12158565,17,93,-0.122736,0.00104251,False
rs12158565,17,94,-0.119111,0.00154164,False
rs12158565,17,95,-0.129751,0.000581102,False
rs12158565,17,96,-0.125509,0.000911912,False
rs12158565,17,97,-0.124506,0.00105617,False
rs12158565,17,98,-0.122101,0.00137076,False
rs12158565,17,99,-0.130193,0.000649111,False
rs12158565,17,100,-0.126606,0.000948154,False
rs12158565,17,101,-0.130272,0.000696311,False
rs12158565,17,102,-0.122865,0.00139969,False
rs12158565,17,103,-0.128453,0.000864242,False
rs12158565,17,104,-0.128388,0.000915605,False
rs12158565,17,105,-0.13266,0.000633103,False
rs12158565,17,106,-0.131785,0.000712432,False
rs12158565,17,107,-0.143443,0.000238862,False
rs12158565,17,108,-0.148215,0.000152963,False
rs12158565,17,109,-0.140615,0.00033607,False
rs12158565,17,110,-0.139112,0.00040404,False
rs12158565,17,111,-0.150671,0.000131699,False
rs12158565,17,112,-0.156756,7.27278e-05,False
rs12158565,17,113,-0.164547,3.19944e-05,False
rs12158565,17,114,-0.151496,0.000134345,False
rs12158565,17,115,-0.16643,2.86979e-05,False
rs12158565,17,116,-0.169678,2.11813e-05,False
rs12158565,17,117,-0.172633,1.51858e-05,False
rs12158565,17,118,-0.166577,3.10752e-05,False
rs12158565,17,119,-0.165561,3.65163e-05,False
rs12158565,17,120,-0.166891,3.23334e-05,False
rs12158565,17,121,-0.172595,1.80619e-05,False
rs12158565,17,122,-0.173137,1.75085e-05,False
rs12158565,17,123,-0.175003,1.44167e-05,False
rs12158565,17,124,-0.1807,7.80668e-06,False
rs12158565,17,125,-0.167099,3.71645e-05,False
rs12158565,17,126,-0.171534,2.40481e-05,False
rs12158565,17,127,-0.176966,1.33316e-05,False
rs12158565,17,128,-0.175499,1.63144e-05,False
rs12158565,17,129,-0.169755,3.13434e-05,False
rs12158565,17,130,-0.16608,4.65782e-05,False
rs12158565,17,131,-0.149868,0.000242908,False
rs12158565,17,132,-0.154838,0.000151812,False
rs12158565,17,133,-0.15369,0.000176608,False
rs12158565,17,134,-0.165513,5.41891e-05,False
rs12158565,17,135,-0.153613,0.000181302,False
rs12158565,17,136,-0.163954,6.41655e-05,False
rs12158565,17,137,-0.17519,1.99208e-05,False
rs12158565,17,138,-0.167151,4.71293e-05,False
rs12158565,17,139,-0.164804,6.15751e-05,False
rs12158565,17,140,-0.168904,4.08483e-05,False
rs12158565,17,141,-0.168533,4.27407e-05,False
rs12158565,17,142,-0.178729,1.44354e-05,False
rs12158565,17,143,-0.174101,2.31226e-05,False
rs12158565,17,144,-0.163877,6.79409e-05,False
rs12158565,17,145,-0.174486,2.26138e-05,False
rs12158565,17,146,-0.180611,1.16677e-05,False
rs12158565,17,147,-0.180815,1.11596e-05,False
rs12158565,17,148,-0.175972,1.94313e-05,False
rs12158565,17,149,-0.170428,3.57272e-05,False
rs12158565,17,150,-0.164142,6.75733e-05,False
rs12158565,17,151,-0.160793,9.67515e-05,False
rs12158565,17,152,-0.154918,0.000170107,False
rs12158565,17,153,-0.150932,0.000249931,False
rs12158565,17,154,-0.145295,0.000419147,False
rs12158565,17,155,-0.159646,0.000106308,False
rs12158565,17,156,-0.155443,0.000162987,False
rs12158565,17,157,-0.151188,0.000244546,False
rs12158565,17,158,-0.152067,0.000223042,False
rs12158565,17,159,-0.145892,0.0003946,False
rs12158565,17,160,-0.149808,0.000275036,False
rs12158565,17,161,-0.14488,0.00043715,False
rs12158565,17,162,-0.130203,0.00157452,False
rs12158565,17,163,-0.135879,0.00096813,False
rs12158565,17,164,-0.149283,0.000288996,False
rs12158565,17,165,-0.142681,0.000532373,False
rs12158565,17,166,-0.143546,0.00048648,False
rs12158565,17,167,-0.144454,0.000456211,False
rs12158565,17,168,-0.13468,0.00106483,False
rs12158565,17,169,-0.134879,0.00105026,False
rs12158565,17,170,-0.144006,0.000460284,False
rs12158565,17,171,-0.148608,0.000307886,False
rs12158565,17,172,-0.142648,0.00053444,False
rs12158565,17,173,-0.142594,0.000542331,False
rs12158565,17,174,-0.145364,0.00042495,False
rs12158565,17,175,-0.142017,0.000581465,False
rs12158565,17,176,-0.146106,0.000406749,False
rs12158565,17,177,-0.146361,0.000406322,False
rs12158565,17,178,-0.138196,0.000846123,False
rs12158565,17,179,-0.135778,0.00105099,False
rs12158565,17,180,-0.153134,0.000226046,False
rs12158565,17,181,-0.151086,0.000274603,False
rs12158565,17,182,-0.156203,0.000172284,False
rs12158565,17,183,-0.145779,0.000474537,False
rs12158565,17,184,-0.14999,0.000326592,False
rs12158565,17,185,-0.13654,0.00111576,False
rs12158565,17,186,-0.139121,0.000916882,False
rs12158565,17,187,-0.146947,0.000468416,False
rs12158565,17,188,-0.136897,0.00114612,False
rs12158565,17,189,-0.13959,0.000956359,False
rs12158565,17,190,-0.147864,0.000482672,False
rs12158565,17,191,-0.155109,0.000255559,False
rs12158565,17,192,-0.155808,0.000254104,False
rs12158565,17,193,-0.143111,0.000819955,False
rs12158565,17,194,-0.152827,0.000377538,False
rs12158565,17,195,-0.151253,0.00046573,False
rs12158565,17,196,-0.145144,0.000813227,False
rs12158565,17,197,-0.153069,0.000440063,False
rs12158565,17,198,-0.151252,0.000557136,False
rs12158565,17,199,-0.140041,0.00145637,False
rs12158565,17,200,-0.155709,0.000427011,False
rs12158565,17,201,-0.160628,0.000301901,False
rs12158565,17,202,-0.16133,0.000310046,False
rs12158565,17,203,-0.150324,0.000837104,False
rs12158565,17,204,-0.146685,0.00121347,False
rs12158565,17,205,-0.159886,0.000453565,False
rs12158565,17,206,-0.174354,0.000142729,False
rs12158565,17,207,-0.164723,0.000356589,False
rs12158565,17,208,-0.164485,0.000400824,False
rs12158565,17,209,-0.175567,0.000173161,False
rs12158565,17,210,-0.168447,0.000342193,False
rs12158565,17,211,-0.165527,0.000486754,False
rs12158565,17,212,-0.168688,0.000411395,False
rs12158565,17,213,-0.186406,0.00010606,False
rs12158565,17,214,-0.188417,0.000103782,False
rs12158565,17,215,-0.180557,0.000223035,False
rs12158565,17,216,-0.181556,0.00023247,False
rs12158565,17,217,-0.180237,0.000291727,False
rs12158565,17,218,-0.179533,0.00035021,False
rs12158565,17,219,-0.167178,0.000975003,False
rs12158565,17,220,-0.180247,0.000426502,False
rs12158565,17,221,-0.189238,0.000248272,False
rs12158565,17,222,-0.173254,0.000887675,False
rs12158565,17,223,-0.179202,0.000644227,False
rs12158565,17,224,-0.16547,0.00178798,False
rs12158565,17,225,-0.175306,0.00105496,False
rs12158565,17,226,-0.172256,0.00143752,False
rs12158565,17,227,-0.178533,0.00106682,False
rs12158565,17,228,-0.174322,0.00155194,False
rs12158565,17,229,-0.1734,0.0017858,False
rs12158565,17,230,-0.185908,0.000895149,False
rs12158565,17,231,-0.175873,0.00186182,False
rs12158565,17,232,-0.184953,0.00119172,False
rs12158565,17,233,-0.172151,0.00279435,False
rs12158565,17,234,-0.180074,0.00189613,False
rs12158565,17,235,-0.190225,0.00115952,False
rs12158565,17,236,-0.170795,0.00383077,False
rs12158565,17,237,-0.168637,0.00463621,False
rs12158565,17,238,-0.162101,0.00697878,False
rs12158565,17,239,-0.168905,0.00529008,False
rs12158565,17,240,-0.167309,0.00623839,False
rs12158565,17,241,-0.156106,0.0113399,False
rs12158565,17,242,-0.157721,0.0111539,False
rs12158565,17,243,-0.174248,0.00549199,False
rs12158565,17,244,-0.16288,0.0100146,False
rs12158565,17,245,-0.158677,0.0129158,False
rs12158565,17,246,-0.172373,0.00744047,False
rs12158565,17,247,-0.162071,0.0126477,False
rs12158565,17,248,-0.156658,0.0167325,False
rs12158565,17,249,-0.165288,0.0123357,False
rs12158565,17,250,-0.143911,0.0305621,False
rs12158565,17,251,-0.142494,0.033656,False
rs12158565,18,6,-0.0912333,0.0073067,False
rs12158565,18,7,-0.0927843,0.00602013,False
rs12158565,18,8,-0.100477,0.00276321,False
rs12158565,18,9,-0.0863482,0.00937846,False
rs12158565,18,10,-0.0784419,0.017486,False
rs12158565,18,11,-0.0913128,0.00526752,False
rs12158565,18,12,-0.100773,0.00198961,False
rs12158565,18,13,-0.0859613,0.00785442,False
rs12158565,18,14,-0.104117,0.00122251,False
rs12158565,18,15,-0.0887927,0.00563046,False
rs12158565,18,16,-0.0892426,0.00520017,False
rs12158565,18,17,-0.0874403,0.00617096,False
rs12158565,18,18,-0.0974083,0.00218832,False
rs12158565,18,19,-0.0976176,0.00212098,False
rs12158565,18,20,-0.0819843,0.00981385,False
rs12158565,18,21,-0.0908796,0.0042352,False
rs12158565,18,22,-0.101311,0.00138934,False
rs12158565,18,23,-0.0897685,0.0046875,False
rs12158565,18,24,-0.0954843,0.00267267,False
rs12158565,18,25,-0.0875921,0.00585658,False
rs12158565,18,26,-0.082641,0.00925049,False
rs12158565,18,27,-0.0904065,0.00453347,False
rs12158565,18,28,-0.0812014,0.0107095,False
rs12158565,18,29,-0.0865821,0.00661026,False
rs12158565,18,30,-0.084238,0.00822496,False
rs12158565,18,31,-0.0777153,0.0149826,False
rs12158565,18,32,-0.0976971,0.00225068,False
rs12158565,18,33,-0.0819063,0.010394,False
rs12158565,18,34,-0.0878782,0.00604731,False
rs12158565,18,35,-0.0769923,0.0162283,False
rs12158565,18,36,-0.0883256,0.00599467,False
rs12158565,18,37,-0.0760575,0.0179478,False
rs12158565,18,38,-0.0863687,0.00724904,False
rs12158565,18,39,-0.0708834,0.0279897,False
rs12158565,18,40,-0.0885536,0.00607153,False
rs12158565,18,41,-0.0867802,0.00739443,False
rs12158565,18,42,-0.0771848,0.0172808,False
rs12158565,18,43,-0.0827737,0.0108112,False
rs12158565,18,44,-0.0790104,0.0153719,False
rs12158565,18,45,-0.0819277,0.012115,False
rs12158565,18,46,-0.0957964,0.00348179,False
rs12158565,18,47,-0.0885352,0.00701808,False
rs12158565,18,48,-0.0900047,0.00620881,False
rs12158565,18,49,-0.0867159,0.00869342,False
rs12158565,18,50,-0.0996366,0.0026137,False
rs12158565,18,51,-0.0947324,0.00439462,False
rs12158565,18,52,-0.0876625,0.00843554,False
rs12158565,18,53,-0.0842025,0.0116203,False
rs12158565,18,54,-0.0939004,0.00499777,False
rs12158565,18,55,-0.089556,0.00752302,False
rs12158565,18,56,-0.089923,0.00741848,False
rs12158565,18,57,-0.101932,0.00249052,False
rs12158565,18,58,-0.0882114,0.00888307,False
rs12158565,18,59,-0.0992995,0.00335187,False
rs12158565,18,60,-0.106618,0.00171515,False
rs12158565,18,61,-0.109607,0.00127343,False
rs12158565,18,62,-0.0934857,0.00614034,False
rs12158565,18,63,-0.109481,0.0014076,False
rs12158565,18,64,-0.0983181,0.00420579,False
rs12158565,18,65,-0.104567,0.00243872,False
rs12158565,18,66,-0.113469,0.00103514,False
rs12158565,18,67,-0.0998123,0.00401025,False
rs12158565,18,68,-0.0986341,0.00458118,False
rs12158565,18,69,-0.106664,0.00226821,False
rs12158565,18,70,-0.100937,0.003945,False
rs12158565,18,71,-0.105909,0.00257454,False
rs12158565,18,72,-0.0981452,0.00535343,False
rs12158565,18,73,-0.0960558,0.00661651,False
rs12158565,18,74,-0.0970398,0.00616136,False
rs12158565,18,75,-0.09788,0.00588669,False
rs12158565,18,76,-0.106201,0.00291556,False
rs12158565,18,77,-0.10544,0.00320024,False
rs12158565,18,78,-0.111658,0.00185635,False
rs12158565,18,79,-0.10101,0.00503848,False
rs12158565,18,80,-0.110006,0.00234972,False
rs12158565,18,81,-0.108234,0.00282264,False
rs12158565,18,82,-0.112678,0.00195028,False
rs12158565,18,83,-0.117459,0.00127484,False
rs12158565,18,84,-0.131821,0.000308505,False
rs12158565,18,85,-0.142534,0.000101915,False
rs12158565,18,86,-0.13078,0.00038074,False
rs12158565,18,87,-0.138603,0.000173114,False
rs12158565,18,88,-0.141231,0.000140267,False
rs12158565,18,89,-0.122765,0.000963246,False
rs12158565,18,90,-0.131165,0.000437997,False
rs12158565,18,91,-0.143158,0.000134331,False
rs12158565,18,92,-0.138008,0.000245554,False
rs12158565,18,93,-0.135699,0.000319229,False
rs12158565,18,94,-0.134723,0.000360096,False
rs12158565,18,95,-0.137087,0.000292944,False
rs12158565,18,96,-0.136065,0.000352017,False
rs12158565,18,97,-0.129268,0.000705388,False
rs12158565,18,98,-0.134287,0.000443458,False
rs12158565,18,99,-0.129858,0.000722387,False
rs12158565,18,100,-0.134684,0.000476184,False
rs12158565,18,101,-0.13262,0.000593046,False
rs12158565,18,102,-0.12497,0.00127187,False
rs12158565,18,103,-0.131421,0.000722287,False
rs12158565,18,104,-0.136627,0.000455602,False
rs12158565,18,105,-0.136573,0.000476439,False
rs12158565,18,106,-0.129027,0.00100554,False
rs12158565,18,107,-0.139893,0.000379082,False
rs12158565,18,108,-0.160897,4.48479e-05,False
rs12158565,18,109,-0.148422,0.000173009,False
rs12158565,18,110,-0.153184,0.000113646,False
rs12158565,18,111,-0.151475,0.000139367,False
rs12158565,18,112,-0.150004,0.000166634,False
rs12158565,18,113,-0.147444,0.000220398,False
rs12158565,18,114,-0.143006,0.000353272,False
rs12158565,18,115,-0.141392,0.000414335,False
rs12158565,18,116,-0.147607,0.000238191,False
rs12158565,18,117,-0.145981,0.000286864,False
rs12158565,18,118,-0.154581,0.00012687,False
rs12158565,18,119,-0.153646,0.0001428,False
rs12158565,18,120,-0.157366,0.000101726,False
rs12158565,18,121,-0.16095,7.33769e-05,False
rs12158565,18,122,-0.165975,4.52328e-05,False
rs12158565,18,123,-0.161239,7.54941e-05,False
rs12158565,18,124,-0.149573,0.000244013,False
rs12158565,18,125,-0.16214,7.15298e-05,False
rs12158565,18,126,-0.15969,9.39117e-05,False
rs12158565,18,127,-0.157917,0.000114327,False
rs12158565,18,128,-0.161109,8.45441e-05,False
rs12158565,18,129,-0.166128,5.15966e-05,False
rs12158565,18,130,-0.165681,5.55171e-05,False
rs12158565,18,131,-0.171116,3.19053e-05,False
rs12158565,18,132,-0.164433,6.44655e-05,False
rs12158565,18,133,-0.168115,4.48936e-05,False
rs12158565,18,134,-0.162198,8.42866e-05,False
rs12158565,18,135,-0.156421,0.000154027,False
rs12158565,18,136,-0.169094,4.31128e-05,False
rs12158565,18,137,-0.159963,0.000112534,False
rs12158565,18,138,-0.153007,0.000219564,False
rs12158565,18,139,-0.157489,0.000140586,False
rs12158565,18,140,-0.163919,7.72585e-05,False
rs12158565,18,141,-0.16225,9.06508e-05,False
rs12158565,18,142,-0.168458,4.84963e-05,False
rs12158565,18,143,-0.167018,5.64982e-05,False
rs12158565,18,144,-0.162657,8.64413e-05,False
rs12158565,18,145,-0.165282,6.76356e-05,False
rs12158565,18,146,-0.165025,6.91123e-05,False
rs12158565,18,147,-0.166119,6.2438e-05,False
rs12158565,18,148,-0.169405,4.42635e-05,False
rs12158565,18,149,-0.169012,4.70051e-05,False
rs12158565,18,150,-0.179242,1.58042e-05,False
rs12158565,18,151,-0.176153,2.17336e-05,False
rs12158565,18,152,-0.162185,9.35282e-05,False
rs12158565,18,153,-0.170375,4.07873e-05,False
rs12158565,18,154,-0.165004,7.05452e-05,False
rs12158565,18,155,-0.167211,5.51752e-05,False
rs12158565,18,156,-0.162282,9.0461e-05,False
rs12158565,18,157,-0.161376,0.000100224,False
rs12158565,18,158,-0.164015,7.46223e-05,False
rs12158565,18,159,-0.166329,6.06162e-05,False
rs12158565,18,160,-0.163426,7.97996e-05,False
rs12158565,18,161,-0.176449,2.07278e-05,False
rs12158565,18,162,-0.188091,5.51175e-06,False
rs12158565,18,163,-0.174578,2.48116e-05,False
rs12158565,18,164,-0.17766,1.8376e-05,False
rs12158565,18,165,-0.174278,2.61098e-05,False
rs12158565,18,166,-0.164222,7.3517e-05,False
rs12158565,18,167,-0.160793,0.000103824,False
rs12158565,18,168,-0.160365,0.000105111,False
rs12158565,18,169,-0.159343,0.000119071,False
rs12158565,18,170,-0.170551,3.78576e-05,False
rs12158565,18,171,-0.161096,0.000100067,False
rs12158565,18,172,-0.167253,5.40638e-05,False
rs12158565,18,173,-0.158963,0.000122917,False
rs12158565,18,174,-0.156331,0.000161835,False
rs12158565,18,175,-0.15361,0.000210406,False
rs12158565,18,176,-0.156461,0.000162497,False
rs12158565,18,177,-0.148143,0.000355145,False
rs12158565,18,178,-0.147163,0.000382228,False
rs12158565,18,179,-0.143354,0.000547302,False
rs12158565,18,180,-0.155793,0.000175124,False
rs12158565,18,181,-0.161207,0.000107952,False
rs12158565,18,182,-0.156388,0.000171959,False
rs12158565,18,183,-0.166786,6.26168e-05,False
rs12158565,18,184,-0.163922,8.62766e-05,False
rs12158565,18,185,-0.150302,0.000319495,False
rs12158565,18,186,-0.159252,0.000142761,False
rs12158565,18,187,-0.154345,0.00023526,False
rs12158565,18,188,-0.150663,0.000339279,False
rs12158565,18,189,-0.152955,0.000288887,False
rs12158565,18,190,-0.155773,0.000230173,False
rs12158565,18,191,-0.151704,0.000346872,False
rs12158565,18,192,-0.145698,0.000616634,False
rs12158565,18,193,-0.151513,0.000381886,False
rs12158565,18,194,-0.163005,0.000142227,False
rs12158565,18,195,-0.156981,0.000260634,False
rs12158565,18,196,-0.142442,0.000960335,False
rs12158565,18,197,-0.146629,0.000707378,False
rs12158565,18,198,-0.154742,0.000366118,False
rs12158565,18,199,-0.145271,0.000886594,False
rs12158565,18,200,-0.151069,0.000571163,False
rs12158565,18,201,-0.146698,0.000866519,False
rs12158565,18,202,-0.148732,0.000785316,False
rs12158565,18,203,-0.14976,0.000780048,False
rs12158565,18,204,-0.164096,0.000245292,False
rs12158565,18,205,-0.167365,0.000201672,False
rs12158565,18,206,-0.155608,0.000589776,False
rs12158565,18,207,-0.14859,0.0011241,False
rs12158565,18,208,-0.151532,0.000979419,False
rs12158565,18,209,-0.153373,0.00090743,False
rs12158565,18,210,-0.160265,0.000583106,False
rs12158565,18,211,-0.170418,0.000278385,False
rs12158565,18,212,-0.156731,0.0008983,False
rs12158565,18,213,-0.175469,0.000228489,False
rs12158565,18,214,-0.16491,0.00058616,False
rs12158565,18,215,-0.17289,0.000346985,False
rs12158565,18,216,-0.17512,0.00032268,False
rs12158565,18,217,-0.174701,0.000378874,False
rs12158565,18,218,-0.157082,0.0015459,False
rs12158565,18,219,-0.175443,0.000460169,False
rs12158565,18,220,-0.170028,0.000755724,False
rs12158565,18,221,-0.168185,0.000955185,False
rs12158565,18,222,-0.182506,0.000382725,False
rs12158565,18,223,-0.173331,0.000833014,False
rs12158565,18,224,-0.177085,0.000724598,False
rs12158565,18,225,-0.168749,0.00141447,False
rs12158565,18,226,-0.175693,0.000994352,False
rs12158565,18,227,-0.174642,0.00118977,False
rs12158565,18,228,-0.177791,0.00108855,False
rs12158565,18,229,-0.17272,0.00164696,False
rs12158565,18,230,-0.177516,0.00134808,False
rs12158565,18,231,-0.165384,0.00311253,False
rs12158565,18,232,-0.176488,0.00177434,False
rs12158565,18,233,-0.169454,0.00294273,False
rs12158565,18,234,-0.182218,0.00152842,False
rs12158565,18,235,-0.186814,0.00129487,False
rs12158565,18,236,-0.164505,0.00502069,False
rs12158565,18,237,-0.163516,0.00574145,False
rs12158565,18,238,-0.166561,0.00527976,False
rs12158565,18,239,-0.158835,0.00842967,False
rs12158565,18,240,-0.168486,0.00556179,False
rs12158565,18,241,-0.158049,0.0100025,False
rs12158565,18,242,-0.167757,0.00684024,False
rs12158565,18,243,-0.178612,0.00427564,False
rs12158565,18,244,-0.164013,0.00929993,False
rs12158565,18,245,-0.160395,0.0117876,False
rs12158565,18,246,-0.157317,0.0144385,False
rs12158565,18,247,-0.158433,0.0146173,False
rs12158565,18,248,-0.160544,0.0142093,False
rs12158565,18,249,-0.153502,0.0201688,False
rs12158565,18,250,-0.165996,0.0126847,False
rs12158565,18,251,-0.152831,0.022894,False
rs12158565,19,6,-0.0812722,0.0169436,False
rs12158565,19,7,-0.0951174,0.00476484,False
rs12158565,19,8,-0.0863615,0.00989464,False
rs12158565,19,9,-0.0787134,0.0176586,False
rs12158565,19,10,-0.0753175,0.0221176,False
rs12158565,19,11,-0.0833203,0.0107964,False
rs12158565,19,12,-0.0845129,0.00917494,False
rs12158565,19,13,-0.0933879,0.0037814,False
rs12158565,19,14,-0.0865961,0.00695848,False
rs12158565,19,15,-0.0884316,0.00566098,False
rs12158565,19,16,-0.0921254,0.00379186,False
rs12158565,19,17,-0.0831455,0.00904385,False
rs12158565,19,18,-0.080465,0.0113335,False
rs12158565,19,19,-0.0942515,0.00296776,False
rs12158565,19,20,-0.0898763,0.004725,False
rs12158565,19,21,-0.0762291,0.0162014,False
rs12158565,19,22,-0.0827441,0.00919639,False
rs12158565,19,23,-0.0776477,0.0144527,False
rs12158565,19,24,-0.0878139,0.00575233,False
rs12158565,19,25,-0.0752473,0.0179994,False
rs12158565,19,26,-0.0644558,0.0428708,False
rs12158565,19,27,-0.0773994,0.0150201,False
rs12158565,19,28,-0.0748068,0.0187259,False
rs12158565,19,29,-0.054315,0.088636,False
rs12158565,19,30,-0.0612087,0.0553585,False
rs12158565,19,31,-0.0646749,0.0427477,False
rs12158565,19,32,-0.0650478,0.0423959,False
rs12158565,19,33,-0.0711167,0.0263721,False
rs12158565,19,34,-0.0604262,0.0595658,False
rs12158565,19,35,-0.0740396,0.021411,False
rs12158565,19,36,-0.0688194,0.0324562,False
rs12158565,19,37,-0.0656573,0.0422239,False
rs12158565,19,38,-0.0766759,0.0175504,False
rs12158565,19,39,-0.0785664,0.014979,False
rs12158565,19,40,-0.0714384,0.027503,False
rs12158565,19,41,-0.0674934,0.0379408,False
rs12158565,19,42,-0.0781576,0.0164145,False
rs12158565,19,43,-0.0767905,0.0187678,False
rs12158565,19,44,-0.0715119,0.0285564,False
rs12158565,19,45,-0.082198,0.012132,False
rs12158565,19,46,-0.0793709,0.0158804,False
rs12158565,19,47,-0.0778378,0.0181547,False
rs12158565,19,48,-0.0870022,0.00844156,False
rs12158565,19,49,-0.0664805,0.0449189,False
rs12158565,19,50,-0.0749031,0.0240553,False
rs12158565,19,51,-0.0771056,0.0206727,False
rs12158565,19,52,-0.0893688,0.00745669,False
rs12158565,19,53,-0.0779774,0.019864,False
rs12158565,19,54,-0.0909631,0.00676756,False
rs12158565,19,55,-0.0768258,0.0225336,False
rs12158565,19,56,-0.0817875,0.0155,False
rs12158565,19,57,-0.0720934,0.0329612,False
rs12158565,19,58,-0.0952194,0.00499612,False
rs12158565,19,59,-0.0928086,0.00632254,False
rs12158565,19,60,-0.0919833,0.00689505,False
rs12158565,19,61,-0.106722,0.00183185,False
rs12158565,19,62,-0.0963292,0.00502642,False
rs12158565,19,63,-0.0983735,0.00422297,False
rs12158565,19,64,-0.0846454,0.0141938,False
rs12158565,19,65,-0.0943712,0.00636699,False
rs12158565,19,66,-0.0962911,0.00552518,False
rs12158565,19,67,-0.0941693,0.00679987,False
rs12158565,19,68,-0.102217,0.00344139,False
rs12158565,19,69,-0.0963119,0.00588449,False
rs12158565,19,70,-0.0986133,0.00505096,False
rs12158565,19,71,-0.103422,0.00333216,False
rs12158565,19,72,-0.0978234,0.00568711,False
rs12158565,19,73,-0.102408,0.00386248,False
rs12158565,19,74,-0.100861,0.00458366,False
rs12158565,19,75,-0.0983432,0.00594065,False
rs12158565,19,76,-0.0977937,0.00638551,False
rs12158565,19,77,-0.113323,0.00163373,False
rs12158565,19,78,-0.10464,0.00373529,False
rs12158565,19,79,-0.112585,0.00189365,False
rs12158565,19,80,-0.114254,0.00165383,False
rs12158565,19,81,-0.115178,0.00159233,False
rs12158565,19,82,-0.118312,0.0012315,False
rs12158565,19,83,-0.109339,0.00291289,False
rs12158565,19,84,-0.113066,0.00213794,False
rs12158565,19,85,-0.112357,0.0023981,False
rs12158565,19,86,-0.115073,0.00193565,False
rs12158565,19,87,-0.117984,0.0015337,False
rs12158565,19,88,-0.112566,0.00257591,False
rs12158565,19,89,-0.103348,0.00580361,False
rs12158565,19,90,-0.105046,0.00516541,False
rs12158565,19,91,-0.113486,0.00257122,False
rs12158565,19,92,-0.110149,0.00352487,False
rs12158565,19,93,-0.118496,0.00177263,False
rs12158565,19,94,-0.114619,0.0025942,False
rs12158565,19,95,-0.113705,0.0029292,False
rs12158565,19,96,-0.113918,0.00297613,False
rs12158565,19,97,-0.126108,0.00103846,False
rs12158565,19,98,-0.120335,0.00180877,False
rs12158565,19,99,-0.112402,0.00367294,False
rs12158565,19,100,-0.115085,0.00305241,False
rs12158565,19,101,-0.125596,0.00125091,False
rs12158565,19,102,-0.116526,0.00288908,False
rs12158565,19,103,-0.113103,0.00392205,False
rs12158565,19,104,-0.118437,0.00257163,False
rs12158565,19,105,-0.115196,0.00348797,False
rs12158565,19,106,-0.124413,0.0016364,False
rs12158565,19,107,-0.125798,0.00152747,False
rs12158565,19,108,-0.132717,0.000838647,False
rs12158565,19,109,-0.128725,0.00124013,False
rs12158565,19,110,-0.125253,0.00169226,False
rs12158565,19,111,-0.135341,0.000730097,False
rs12158565,19,112,-0.138255,0.000583148,False
rs12158565,19,113,-0.143816,0.000355757,False
rs12158565,19,114,-0.128868,0.00142511,False
rs12158565,19,115,-0.138811,0.000598576,False
rs12158565,19,116,-0.142417,0.000438624,False
rs12158565,19,117,-0.140203,0.000556923,False
rs12158565,19,118,-0.147931,0.0002773,False
rs12158565,19,119,-0.144586,0.000390446,False
rs12158565,19,120,-0.14232,0.000491587,False
rs12158565,19,121,-0.152785,0.00018904,False
rs12158565,19,122,-0.146729,0.000347532,False
rs12158565,19,123,-0.155604,0.00015236,False
rs12158565,19,124,-0.15473,0.000169638,False
rs12158565,19,125,-0.156828,0.000143858,False
rs12158565,19,126,-0.157867,0.000135448,False
rs12158565,19,127,-0.155495,0.000170454,False
rs12158565,19,128,-0.154604,0.000192229,False
rs12158565,19,129,-0.162087,9.33627e-05,False
rs12158565,19,130,-0.159247,0.000126426,False
rs12158565,19,131,-0.155558,0.000181448,False
rs12158565,19,132,-0.152155,0.000255917,False
rs12158565,19,133,-0.151035,0.000284703,False
rs12158565,19,134,-0.157798,0.000154891,False
rs12158565,19,135,-0.163717,8.6513e-05,False
rs12158565,19,136,-0.162149,0.000101259,False
rs12158565,19,137,-0.161568,0.000109044,False
rs12158565,19,138,-0.162156,0.000103693,False
rs12158565,19,139,-0.157142,0.000170726,False
rs12158565,19,140,-0.169784,4.86105e-05,False
rs12158565,19,141,-0.161458,0.000113133,False
rs12158565,19,142,-0.164765,8.33843e-05,False
rs12158565,19,143,-0.165673,7.49266e-05,False
rs12158565,19,144,-0.167949,5.96724e-05,False
rs12158565,19,145,-0.161494,0.000114664,False
rs12158565,19,146,-0.163075,9.65183e-05,False
rs12158565,19,147,-0.161801,0.000109358,False
rs12158565,19,148,-0.165596,7.76059e-05,False
rs12158565,19,149,-0.160376,0.000128741,False
rs12158565,19,150,-0.149212,0.000365744,False
rs12158565,19,151,-0.150881,0.000309779,False
rs12158565,19,152,-0.159789,0.000131695,False
rs12158565,19,153,-0.164319,8.48012e-05,False
rs12158565,19,154,-0.157227,0.0001687,False
rs12158565,19,155,-0.158604,0.000144278,False
rs12158565,19,156,-0.155822,0.000186043,False
rs12158565,19,157,-0.162042,0.000100701,False
rs12158565,19,158,-0.156378,0.000175141,False
rs12158565,19,159,-0.150031,0.00032294,False
rs12158565,19,160,-0.156887,0.00016612,False
rs12158565,19,161,-0.153633,0.000224949,False
rs12158565,19,162,-0.152639,0.000243932,False
rs12158565,19,163,-0.150722,0.000293535,False
rs12158565,19,164,-0.151507,0.000267517,False
rs12158565,19,165,-0.153432,0.00022029,False
rs12158565,19,166,-0.150348,0.000296569,False
rs12158565,19,167,-0.15729,0.000154147,False
rs12158565,19,168,-0.150561,0.000289338,False
rs12158565,19,169,-0.143275,0.000558894,False
rs12158565,19,170,-0.141736,0.000634284,False
rs12158565,19,171,-0.14408,0.000515959,False
rs12158565,19,172,-0.125036,0.00260095,False
rs12158565,19,173,-0.125372,0.00248634,False
rs12158565,19,174,-0.123686,0.00285083,False
rs12158565,19,175,-0.134905,0.00114328,False
rs12158565,19,176,-0.130299,0.00168209,False
rs12158565,19,177,-0.132191,0.00146728,False
rs12158565,19,178,-0.130458,0.0016845,False
rs12158565,19,179,-0.149076,0.000337087,False
rs12158565,19,180,-0.153864,0.000219641,False
rs12158565,19,181,-0.152535,0.000250263,False
rs12158565,19,182,-0.151353,0.000282459,False
rs12158565,19,183,-0.15677,0.000170392,False
rs12158565,19,184,-0.142832,0.000616419,False
rs12158565,19,185,-0.15022,0.00032669,False
rs12158565,19,186,-0.152975,0.000258348,False
rs12158565,19,187,-0.154353,0.00023568,False
rs12158565,19,188,-0.150459,0.000340433,False
rs12158565,19,189,-0.148902,0.000397098,False
rs12158565,19,190,-0.153765,0.000268115,False
rs12158565,19,191,-0.155887,0.000227447,False
rs12158565,19,192,-0.154489,0.000271922,False
rs12158565,19,193,-0.144524,0.000662944,False
rs12158565,19,194,-0.148178,0.000504834,False
rs12158565,19,195,-0.132111,0.00198365,False
rs12158565,19,196,-0.13348,0.00187484,False
rs12158565,19,197,-0.123456,0.00416641,False
rs12158565,19,198,-0.134427,0.00186244,False
rs12158565,19,199,-0.143048,0.000996804,False
rs12158565,19,200,-0.130141,0.0028583,False
rs12158565,19,201,-0.147436,0.000758207,False
rs12158565,19,202,-0.147039,0.000837968,False
rs12158565,19,203,-0.162135,0.000244042,False
rs12158565,19,204,-0.146167,0.00100972,False
rs12158565,19,205,-0.162314,0.000280537,False
rs12158565,19,206,-0.157455,0.00046446,False
rs12158565,19,207,-0.14846,0.00102011,False
rs12158565,19,208,-0.163893,0.000312274,False
rs12158565,19,209,-0.16148,0.000426077,False
rs12158565,19,210,-0.155803,0.000716258,False
rs12158565,19,211,-0.162093,0.000484698,False
rs12158565,19,212,-0.155833,0.000875057,False
rs12158565,19,213,-0.172333,0.000251458,False
rs12158565,19,214,-0.160043,0.000729452,False
rs12158565,19,215,-0.168963,0.000408654,False
rs12158565,19,216,-0.153772,0.00142129,False
rs12158565,19,217,-0.153875,0.00153802,False
rs12158565,19,218,-0.161836,0.0009613,False
rs12158565,19,219,-0.170346,0.000571671,False
rs12158565,19,220,-0.158191,0.00152204,False
rs12158565,19,221,-0.169596,0.000764517,False
rs12158565,19,222,-0.154498,0.00234447,False
rs12158565,19,223,-0.16507,0.00128194,False
rs12158565,19,224,-0.150776,0.00361483,False
rs12158565,19,225,-0.148914,0.00438199,False
rs12158565,19,226,-0.15549,0.0032027,False
rs12158565,19,227,-0.167059,0.00169851,False
rs12158565,19,228,-0.148305,0.00589189,False
rs12158565,19,229,-0.158505,0.00357538,False
rs12158565,19,230,-0.15506,0.00478386,False
rs12158565,19,231,-0.161558,0.0035949,False
rs12158565,19,232,-0.164315,0.00340474,False
rs12158565,19,233,-0.1659,0.00340987,False
rs12158565,19,234,-0.153417,0.00733128,False
rs12158565,19,235,-0.178805,0.00195819,False
rs12158565,19,236,-0.153161,0.00861952,False
rs12158565,19,237,-0.164304,0.0052681,False
rs12158565,19,238,-0.163357,0.0060636,False
rs12158565,19,239,-0.159595,0.00793642,False
rs12158565,19,240,-0.152384,0.0119744,False
rs12158565,19,241,-0.160634,0.00866973,False
rs12158565,19,242,-0.153848,0.0129462,False
rs12158565,19,243,-0.15868,0.011138,False
rs12158565,19,244,-0.160361,0.0110898,False
rs12158565,19,245,-0.164441,0.00987983,False
rs12158565,19,246,-0.169586,0.00846806,False
rs12158565,19,247,-0.161097,0.013157,False
rs12158565,19,248,-0.174561,0.00782974,False
rs12158565,19,249,-0.165907,0.0122671,False
rs12158565,19,250,-0.151392,0.0234003,False
rs12158565,19,251,-0.16953,0.0119344,False
rs12158565,20,6,-0.0912391,0.00738194,False
rs12158565,20,7,-0.076252,0.0240902,False
rs12158565,20,8,-0.0815277,0.0151006,False
rs12158565,20,9,-0.0927359,0.00530129,False
rs12158565,20,10,-0.0796706,0.0157465,False
rs12158565,20,11,-0.0847618,0.00968316,False
rs12158565,20,12,-0.0866551,0.00782876,False
rs12158565,20,13,-0.0940599,0.00363717,False
rs12158565,20,14,-0.10336,0.00132308,False
rs12158565,20,15,-0.0912311,0.00445369,False
rs12158565,20,16,-0.088655,0.00553485,False
rs12158565,20,17,-0.103743,0.00114065,False
rs12158565,20,18,-0.102027,0.00137509,False
rs12158565,20,19,-0.094195,0.00311145,False
rs12158565,20,20,-0.0982225,0.00204584,False
rs12158565,20,21,-0.104046,0.00108177,False
rs12158565,20,22,-0.106045,0.000858607,False
rs12158565,20,23,-0.0936417,0.00320324,False
rs12158565,20,24,-0.0960007,0.00251738,False
rs12158565,20,25,-0.106855,0.000813997,False
rs12158565,20,26,-0.107809,0.000705248,False
rs12158565,20,27,-0.0927076,0.00366512,False
rs12158565,20,28,-0.103253,0.00122419,False
rs12158565,20,29,-0.101562,0.00147912,False
rs12158565,20,30,-0.0881757,0.00591437,False
rs12158565,20,31,-0.0909725,0.00442235,False
rs12158565,20,32,-0.102513,0.00139499,False
rs12158565,20,33,-0.106368,0.000925069,False
rs12158565,20,34,-0.100911,0.0017244,False
rs12158565,20,35,-0.0960709,0.00286068,False
rs12158565,20,36,-0.100351,0.00187099,False
rs12158565,20,37,-0.0958711,0.00308049,False
rs12158565,20,38,-0.110945,0.000607603,False
rs12158565,20,39,-0.100778,0.00193753,False
rs12158565,20,40,-0.0950468,0.00349401,False
rs12158565,20,41,-0.107123,0.00103689,False
rs12158565,20,42,-0.0977355,0.00278155,False
rs12158565,20,43,-0.102107,0.00187739,False
rs12158565,20,44,-0.101107,0.00213904,False
rs12158565,20,45,-0.0923443,0.00512979,False
rs12158565,20,46,-0.0952972,0.0039497,False
rs12158565,20,47,-0.0925343,0.00524408,False
rs12158565,20,48,-0.0945973,0.00446332,False
rs12158565,20,49,-0.102199,0.00217372,False
rs12158565,20,50,-0.0987953,0.00306117,False
rs12158565,20,51,-0.0941766,0.00485706,False
rs12158565,20,52,-0.0898531,0.00745031,False
rs12158565,20,53,-0.102706,0.00225553,False
rs12158565,20,54,-0.0861796,0.010507,False
rs12158565,20,55,-0.0925048,0.00614194,False
rs12158565,20,56,-0.0878419,0.00955537,False
rs12158565,20,57,-0.103418,0.00233509,False
rs12158565,20,58,-0.0961694,0.0048432,False
rs12158565,20,59,-0.0916165,0.00733105,False
rs12158565,20,60,-0.0897806,0.00863008,False
rs12158565,20,61,-0.106441,0.00194927,False
rs12158565,20,62,-0.0951454,0.00572389,False
rs12158565,20,63,-0.100296,0.00366094,False
rs12158565,20,64,-0.0986209,0.0043266,False
rs12158565,20,65,-0.0880271,0.0111685,False
rs12158565,20,66,-0.0891767,0.0104451,False
rs12158565,20,67,-0.0958164,0.00610613,False
rs12158565,20,68,-0.104638,0.00281023,False
rs12158565,20,69,-0.0909309,0.00964122,False
rs12158565,20,70,-0.0897871,0.0109434,False
rs12158565,20,71,-0.103401,0.00347166,False
rs12158565,20,72,-0.0974897,0.00608946,False
rs12158565,20,73,-0.0865885,0.0150794,False
rs12158565,20,74,-0.0990579,0.005617,False
rs12158565,20,75,-0.107849,0.00268481,False
rs12158565,20,76,-0.103236,0.00415242,False
rs12158565,20,77,-0.112276,0.00191438,False
rs12158565,20,78,-0.107364,0.00310546,False
rs12158565,20,79,-0.109459,0.00268454,False
rs12158565,20,80,-0.114836,0.00167704,False
rs12158565,20,81,-0.119019,0.00117283,False
rs12158565,20,82,-0.122779,0.000871789,False
rs12158565,20,83,-0.114588,0.00191285,False
rs12158565,20,84,-0.123292,0.000875021,False
rs12158565,20,85,-0.126007,0.000700008,False
rs12158565,20,86,-0.13155,0.000423615,False
rs12158565,20,87,-0.120299,0.00132658,False
rs12158565,20,88,-0.117571,0.00173715,False
rs12158565,20,89,-0.128476,0.00064325,False
rs12158565,20,90,-0.136268,0.00030711,False
rs12158565,20,91,-0.144072,0.000143541,False
rs12158565,20,92,-0.1418,0.000187428,False
rs12158565,20,93,-0.137599,0.000306275,False
rs12158565,20,94,-0.139783,0.000260502,False
rs12158565,20,95,-0.141174,0.000242525,False
rs12158565,20,96,-0.127309,0.000968408,False
rs12158565,20,97,-0.133875,0.000544476,False
rs12158565,20,98,-0.133281,0.000588755,False
rs12158565,20,99,-0.13784,0.000403799,False
rs12158565,20,100,-0.132622,0.000696025,False
rs12158565,20,101,-0.134565,0.000600053,False
rs12158565,20,102,-0.135773,0.000561101,False
rs12158565,20,103,-0.133907,0.00068959,False
rs12158565,20,104,-0.139101,0.000445057,False
rs12158565,20,105,-0.137679,0.000528125,False
rs12158565,20,106,-0.141109,0.000399113,False
rs12158565,20,107,-0.135286,0.000707677,False
rs12158565,20,108,-0.152574,0.000143277,False
rs12158565,20,109,-0.136182,0.00070325,False
rs12158565,20,110,-0.151349,0.000171672,False
rs12158565,20,111,-0.150768,0.000188554,False
rs12158565,20,112,-0.152463,0.000167229,False
rs12158565,20,113,-0.154122,0.000148775,False
rs12158565,20,114,-0.154368,0.000153882,False
rs12158565,20,115,-0.165098,5.29419e-05,False
rs12158565,20,116,-0.165671,5.22166e-05,False
rs12158565,20,117,-0.165753,5.42256e-05,False
rs12158565,20,118,-0.165252,5.86216e-05,False
rs12158565,20,119,-0.165939,5.59139e-05,False
rs12158565,20,120,-0.156235,0.00015142,False
rs12158565,20,121,-0.156139,0.000160908,False
rs12158565,20,122,-0.167798,5.01912e-05,False
rs12158565,20,123,-0.169875,4.29568e-05,False
rs12158565,20,124,-0.164679,7.63738e-05,False
rs12158565,20,125,-0.160356,0.000118312,False
rs12158565,20,126,-0.160033,0.000123705,False
rs12158565,20,127,-0.158489,0.000149939,False
rs12158565,20,128,-0.154344,0.000231534,False
rs12158565,20,129,-0.166814,7.03209e-05,False
rs12158565,20,130,-0.167383,6.61676e-05,False
rs12158565,20,131,-0.164645,8.7094e-05,False
rs12158565,20,132,-0.154414,0.000235796,False
rs12158565,20,133,-0.157276,0.000183835,False
rs12158565,20,134,-0.160427,0.00013929,False
rs12158565,20,135,-0.153245,0.000277994,False
rs12158565,20,136,-0.152592,0.000290558,False
rs12158565,20,137,-0.164012,0.000100345,False
rs12158565,20,138,-0.162324,0.000119697,False
rs12158565,20,139,-0.164726,9.49668e-05,False
rs12158565,20,140,-0.164839,9.32091e-05,False
rs12158565,20,141,-0.164076,0.000102013,False
rs12158565,20,142,-0.16215,0.000124249,False
rs12158565,20,143,-0.168824,6.47307e-05,False
rs12158565,20,144,-0.163496,0.0001113,False
rs12158565,20,145,-0.168168,7.04638e-05,False
rs12158565,20,146,-0.167858,7.12917e-05,False
rs12158565,20,147,-0.165854,8.61184e-05,False
rs12158565,20,148,-0.163686,0.000106642,False
rs12158565,20,149,-0.157282,0.000195623,False
rs12158565,20,150,-0.166543,7.96049e-05,False
rs12158565,20,151,-0.163199,0.000107676,False
rs12158565,20,152,-0.164598,9.4256e-05,False
rs12158565,20,153,-0.165194,8.79537e-05,False
rs12158565,20,154,-0.153557,0.000264375,False
rs12158565,20,155,-0.154156,0.000246514,False
rs12158565,20,156,-0.163222,0.000102535,False
rs12158565,20,157,-0.171288,4.53837e-05,False
rs12158565,20,158,-0.170464,4.93186e-05,False
rs12158565,20,159,-0.146991,0.000457234,False
rs12158565,20,160,-0.145715,0.000509416,False
rs12158565,20,161,-0.154945,0.000220144,False
rs12158565,20,162,-0.163684,9.31141e-05,False
rs12158565,20,163,-0.176398,2.49966e-05,False
rs12158565,20,164,-0.163247,9.50906e-05,False
rs12158565,20,165,-0.155643,0.000196218,False
rs12158565,20,166,-0.167399,6.17401e-05,False
rs12158565,20,167,-0.172771,3.49968e-05,False
rs12158565,20,168,-0.173689,3.16015e-05,False
rs12158565,20,169,-0.168816,5.25862e-05,False
rs12158565,20,170,-0.160656,0.000117785,False
rs12158565,20,171,-0.159124,0.000135372,False
rs12158565,20,172,-0.15017,0.000312465,False
rs12158565,20,173,-0.16077,0.000115464,False
rs12158565,20,174,-0.141374,0.00070763,False
rs12158565,20,175,-0.151569,0.00027445,False
rs12158565,20,176,-0.155592,0.000188648,False
rs12158565,20,177,-0.162957,9.16107e-05,False
rs12158565,20,178,-0.148352,0.000369416,False
rs12158565,20,179,-0.160959,0.000111739,False
rs12158565,20,180,-0.175964,2.39731e-05,False
rs12158565,20,181,-0.174058,2.94112e-05,False
rs12158565,20,182,-0.167964,5.65592e-05,False
rs12158565,20,183,-0.159666,0.000131213,False
rs12158565,20,184,-0.152466,0.000260602,False
rs12158565,20,185,-0.155268,0.000204582,False
rs12158565,20,186,-0.15512,0.00021107,False
rs12158565,20,187,-0.169771,5.12011e-05,False
rs12158565,20,188,-0.151806,0.000299715,False
rs12158565,20,189,-0.14744,0.000461079,False
rs12158565,20,190,-0.156546,0.000202992,False
rs12158565,20,191,-0.152427,0.000310776,False
rs12158565,20,192,-0.148588,0.000443762,False
rs12158565,20,193,-0.164577,0.000103392,False
rs12158565,20,194,-0.157683,0.000206349,False
rs12158565,20,195,-0.147625,0.000539244,False
rs12158565,20,196,-0.161331,0.000160736,False
rs12158565,20,197,-0.155118,0.000299281,False
rs12158565,20,198,-0.145468,0.000740343,False
rs12158565,20,199,-0.138274,0.00139884,False
rs12158565,20,200,-0.141389,0.0011331,False
rs12158565,20,201,-0.148148,0.000688914,False
rs12158565,20,202,-0.150966,0.000571062,False
rs12158565,20,203,-0.152504,0.000532475,False
rs12158565,20,204,-0.157065,0.000385882,False
rs12158565,20,205,-0.152364,0.000609515,False
rs12158565,20,206,-0.170827,0.000133061,False
rs12158565,20,207,-0.177876,7.61591e-05,False
rs12158565,20,208,-0.155937,0.000568335,False
rs12158565,20,209,-0.154619,0.000678146,False
rs12158565,20,210,-0.174183,0.000144502,False
rs12158565,20,211,-0.1754,0.000139476,False
rs12158565,20,212,-0.178554,0.000114764,False
rs12158565,20,213,-0.179624,0.000119,False
rs12158565,20,214,-0.179148,0.00013725,False
rs12158565,20,215,-0.179822,0.000143517,False
rs12158565,20,216,-0.184686,0.0001066,False
rs12158565,20,217,-0.174246,0.000287584,False
rs12158565,20,218,-0.162995,0.000772954,False
rs12158565,20,219,-0.169346,0.000526329,False
rs12158565,20,220,-0.18313,0.000203712,False
rs12158565,20,221,-0.166611,0.000815995,False
rs12158565,20,222,-0.179568,0.000348885,False
rs12158565,20,223,-0.176079,0.00051164,False
rs12158565,20,224,-0.171217,0.00082716,False
rs12158565,20,225,-0.1645,0.00146954,False
rs12158565,20,226,-0.161916,0.00194201,False
rs12158565,20,227,-0.159461,0.00250582,False
rs12158565,20,228,-0.169004,0.00151697,False
rs12158565,20,229,-0.155087,0.00394552,False
rs12158565,20,230,-0.161361,0.00301205,False
rs12158565,20,231,-0.16172,0.00324963,False
rs12158565,20,232,-0.164349,0.00307825,False
rs12158565,20,233,-0.159822,0.00440361,False
rs12158565,20,234,-0.172685,0.00230407,False
rs12158565,20,235,-0.163244,0.0043585,False
rs12158565,20,236,-0.165776,0.00420948,False
rs12158565,20,237,-0.151353,0.00956355,False
rs12158565,20,238,-0.162277,0.00605758,False
rs12158565,20,239,-0.163457,0.00622176,False
rs12158565,20,240,-0.153843,0.0107336,False
rs12158565,20,241,-0.157744,0.00972979,False
rs12158565,20,242,-0.153031,0.0129145,False
rs12158565,20,243,-0.175079,0.00488967,False
rs12158565,20,244,-0.153819,0.0144695,False
rs12158565,20,245,-0.169242,0.00778294,False
rs12158565,20,246,-0.175408,0.00631832,False
rs12158565,20,247,-0.170377,0.00867288,False
rs12158565,20,248,-0.16851,0.0101624,False
rs12158565,20,249,-0.180683,0.00634775,False
rs12158565,20,250,-0.168514,0.0116599,False
rs12158565,20,251,-0.158606,0.0185474,False
rs12158565,21,6,-0.0854297,0.0111517,False
rs12158565,21,7,-0.0897668,0.00711509,False
rs12158565,21,8,-0.0803471,0.0154698,False
rs12158565,21,9,-0.0813643,0.0135927,False
rs12158565,21,10,-0.0829113,0.0114412,False
rs12158565,21,11,-0.0717687,0.027439,False
rs12158565,21,12,-0.0901646,0.00545894,False
rs12158565,21,13,-0.08398,0.00930769,False
rs12158565,21,14,-0.0765762,0.0171618,False
rs12158565,21,15,-0.0959998,0.00277749,False
rs12158565,21,16,-0.0898929,0.00487399,False
rs12158565,21,17,-0.0875416,0.00613474,False
rs12158565,21,18,-0.101365,0.00146465,False
rs12158565,21,19,-0.0973452,0.00226801,False
rs12158565,21,20,-0.107197,0.000751779,False
rs12158565,21,21,-0.11469,0.000315181,False
rs12158565,21,22,-0.117738,0.000219299,False
rs12158565,21,23,-0.100548,0.00159229,False
rs12158565,21,24,-0.0964928,0.00241975,False
rs12158565,21,25,-0.114269,0.000335531,False
rs12158565,21,26,-0.0906035,0.00450868,False
rs12158565,21,27,-0.106024,0.00088607,False
rs12158565,21,28,-0.110621,0.000533466,False
rs12158565,21,29,-0.102514,0.00133716,False
rs12158565,21,30,-0.0961771,0.00266488,False
rs12158565,21,31,-0.0942968,0.00326041,False
rs12158565,21,32,-0.100034,0.00180332,False
rs12158565,21,33,-0.0906141,0.00483819,False
rs12158565,21,34,-0.0923054,0.00408778,False
rs12158565,21,35,-0.110813,0.000576923,False
rs12158565,21,36,-0.101439,0.00166571,False
rs12158565,21,37,-0.102102,0.00159331,False
rs12158565,21,38,-0.0891657,0.00597039,False
rs12158565,21,39,-0.0840399,0.00976344,False
rs12158565,21,40,-0.108773,0.000827437,False
rs12158565,21,41,-0.0903693,0.00578817,False
rs12158565,21,42,-0.101226,0.00198128,False
rs12158565,21,43,-0.0972637,0.00306887,False
rs12158565,21,44,-0.0989622,0.00259419,False
rs12158565,21,45,-0.095135,0.00382119,False
rs12158565,21,46,-0.0953735,0.00390506,False
rs12158565,21,47,-0.089682,0.00688844,False
rs12158565,21,48,-0.0836219,0.0118587,False
rs12158565,21,49,-0.0973525,0.00346896,False
rs12158565,21,50,-0.0977652,0.00343215,False
rs12158565,21,51,-0.0876782,0.00875874,False
rs12158565,21,52,-0.0914591,0.00642015,False
rs12158565,21,53,-0.103406,0.00214383,False
rs12158565,21,54,-0.102466,0.00240578,False
rs12158565,21,55,-0.0921932,0.00651674,False
rs12158565,21,56,-0.110138,0.00116179,False
rs12158565,21,57,-0.102377,0.00264977,False
rs12158565,21,58,-0.103894,0.00237304,False
rs12158565,21,59,-0.0966391,0.00473622,False
rs12158565,21,60,-0.105936,0.00205001,False
rs12158565,21,61,-0.112379,0.001104,False
rs12158565,21,62,-0.100585,0.00354878,False
rs12158565,21,63,-0.110693,0.00140619,False
rs12158565,21,64,-0.0986441,0.00458191,False
rs12158565,21,65,-0.103772,0.00294641,False
rs12158565,21,66,-0.111026,0.00149667,False
rs12158565,21,67,-0.106857,0.00234284,False
rs12158565,21,68,-0.0972405,0.0057294,False
rs12158565,21,69,-0.102638,0.00370254,False
rs12158565,21,70,-0.118234,0.000861972,False
rs12158565,21,71,-0.112065,0.00162567,False
rs12158565,21,72,-0.115138,0.00125312,False
rs12158565,21,73,-0.117556,0.00104112,False
rs12158565,21,74,-0.116881,0.00118571,False
rs12158565,21,75,-0.128044,0.000394087,False
rs12158565,21,76,-0.131367,0.000283256,False
rs12158565,21,77,-0.121495,0.000842346,False
rs12158565,21,78,-0.123217,0.000736595,False
rs12158565,21,79,-0.135203,0.000222118,False
rs12158565,21,80,-0.125829,0.000630035,False
rs12158565,21,81,-0.127956,0.000531139,False
rs12158565,21,82,-0.133957,0.000300454,False
rs12158565,21,83,-0.148351,6.60289e-05,False
rs12158565,21,84,-0.146266,8.95358e-05,False
rs12158565,21,85,-0.138536,0.000215885,False
rs12158565,21,86,-0.129629,0.000562055,False
rs12158565,21,87,-0.139278,0.000217998,False
rs12158565,21,88,-0.135592,0.000337313,False
rs12158565,21,89,-0.14325,0.000162889,False
rs12158565,21,90,-0.129635,0.00066556,False
rs12158565,21,91,-0.138081,0.000305085,False
rs12158565,21,92,-0.141548,0.000220621,False
rs12158565,21,93,-0.150574,9.14745e-05,False
rs12158565,21,94,-0.139169,0.000312797,False
rs12158565,21,95,-0.149945,0.000111521,False
rs12158565,21,96,-0.129293,0.000887158,False
rs12158565,21,97,-0.128547,0.000985227,False
rs12158565,21,98,-0.128845,0.000994324,False
rs12158565,21,99,-0.146262,0.000195922,False
rs12158565,21,100,-0.141986,0.000311505,False
rs12158565,21,101,-0.141638,0.000340629,False
rs12158565,21,102,-0.128754,0.00117288,False
rs12158565,21,103,-0.131815,0.000948459,False
rs12158565,21,104,-0.144629,0.00030137,False
rs12158565,21,105,-0.13742,0.000603065,False
rs12158565,21,106,-0.148602,0.000215564,False
rs12158565,21,107,-0.141351,0.000449315,False
rs12158565,21,108,-0.132651,0.00103533,False
rs12158565,21,109,-0.13348,0.000997463,False
rs12158565,21,110,-0.135786,0.000840125,False
rs12158565,21,111,-0.148068,0.000279804,False
rs12158565,21,112,-0.152107,0.000202681,False
rs12158565,21,113,-0.153677,0.000179275,False
rs12158565,21,114,-0.148331,0.000308582,False
rs12158565,21,115,-0.157794,0.000128928,False
rs12158565,21,116,-0.148678,0.000319746,False
rs12158565,21,117,-0.167394,5.20562e-05,False
rs12158565,21,118,-0.164001,7.56254e-05,False
rs12158565,21,119,-0.173704,2.99556e-05,False
rs12158565,21,120,-0.166755,6.37273e-05,False
rs12158565,21,121,-0.174216,2.9971e-05,False
rs12158565,21,122,-0.181314,1.46156e-05,False
rs12158565,21,123,-0.180383,1.69765e-05,False
rs12158565,21,124,-0.172526,4.07238e-05,False
rs12158565,21,125,-0.172961,3.89835e-05,False
rs12158565,21,126,-0.180543,1.79509e-05,False
rs12158565,21,127,-0.180132,1.99157e-05,False
rs12158565,21,128,-0.171514,4.89132e-05,False
rs12158565,21,129,-0.163597,0.0001086,False
rs12158565,21,130,-0.164378,0.000103971,False
rs12158565,21,131,-0.16749,7.94282e-05,False
rs12158565,21,132,-0.156736,0.000227951,False
rs12158565,21,133,-0.164841,0.000101908,False
rs12158565,21,134,-0.167413,8.22458e-05,False
rs12158565,21,135,-0.175735,3.63509e-05,False
rs12158565,21,136,-0.164005,0.00011757,False
rs12158565,21,137,-0.161137,0.000156799,False
rs12158565,21,138,-0.159812,0.00017825,False
rs12158565,21,139,-0.179303,2.66349e-05,False
rs12158565,21,140,-0.168105,8.35997e-05,False
rs12158565,21,141,-0.163676,0.000127134,False
rs12158565,21,142,-0.174139,4.57059e-05,False
rs12158565,21,143,-0.162849,0.00013691,False
rs12158565,21,144,-0.164575,0.000115855,False
rs12158565,21,145,-0.164978,0.000110642,False
rs12158565,21,146,-0.165596,0.000102838,False
rs12158565,21,147,-0.165196,0.000108458,False
rs12158565,21,148,-0.159488,0.000184356,False
rs12158565,21,149,-0.159646,0.000180891,False
rs12158565,21,150,-0.158289,0.00020105,False
rs12158565,21,151,-0.156087,0.000242798,False
rs12158565,21,152,-0.157049,0.000222615,False
rs12158565,21,153,-0.167782,7.85874e-05,False
rs12158565,21,154,-0.150624,0.000388134,False
rs12158565,21,155,-0.155033,0.000254568,False
rs12158565,21,156,-0.147689,0.000488171,False
rs12158565,21,157,-0.147819,0.000480597,False
rs12158565,21,158,-0.146262,0.000542642,False
rs12158565,21,159,-0.144164,0.000653524,False
rs12158565,21,160,-0.143164,0.000699855,False
rs12158565,21,161,-0.146061,0.000539081,False
rs12158565,21,162,-0.15118,0.000336122,False
rs12158565,21,163,-0.161208,0.000131128,False
rs12158565,21,164,-0.151061,0.000329459,False
rs12158565,21,165,-0.157074,0.000187306,False
rs12158565,21,166,-0.154674,0.00023105,False
rs12158565,21,167,-0.159902,0.000141371,False
rs12158565,21,168,-0.171356,4.50929e-05,False
rs12158565,21,169,-0.163922,9.60231e-05,False
rs12158565,21,170,-0.161686,0.000118813,False
rs12158565,21,171,-0.160202,0.000135228,False
rs12158565,21,172,-0.16043,0.000131511,False
rs12158565,21,173,-0.163007,0.000100489,False
rs12158565,21,174,-0.170423,4.7317e-05,False
rs12158565,21,175,-0.168401,5.77993e-05,False
rs12158565,21,176,-0.156081,0.000190628,False
rs12158565,21,177,-0.154163,0.000230085,False
rs12158565,21,178,-0.144381,0.00055906,False
rs12158565,21,179,-0.153105,0.000251299,False
rs12158565,21,180,-0.146388,0.000462074,False
rs12158565,21,181,-0.148011,0.000404154,False
rs12158565,21,182,-0.144322,0.000581115,False
rs12158565,21,183,-0.144917,0.000543214,False
rs12158565,21,184,-0.159228,0.000144388,False
rs12158565,21,185,-0.153341,0.0002513,False
rs12158565,21,186,-0.158002,0.000168037,False
rs12158565,21,187,-0.153443,0.00025314,False
rs12158565,21,188,-0.161557,0.000119171,False
rs12158565,21,189,-0.156238,0.000206672,False
rs12158565,21,190,-0.155669,0.00022041,False
rs12158565,21,191,-0.1699,5.51812e-05,False
rs12158565,21,192,-0.16132,0.000134846,False
rs12158565,21,193,-0.155749,0.000234546,False
rs12158565,21,194,-0.147659,0.000497676,False
rs12158565,21,195,-0.153779,0.000300487,False
rs12158565,21,196,-0.167482,8.69137e-05,False
rs12158565,21,197,-0.163302,0.000135097,False
rs12158565,21,198,-0.160325,0.000182118,False
rs12158565,21,199,-0.161881,0.000166497,False
rs12158565,21,200,-0.150066,0.000503931,False
rs12158565,21,201,-0.147697,0.000650112,False
rs12158565,21,202,-0.171325,7.97738e-05,False
rs12158565,21,203,-0.166363,0.000138464,False
rs12158565,21,204,-0.161536,0.000225803,False
rs12158565,21,205,-0.167024,0.000146852,False
rs12158565,21,206,-0.163446,0.00022285,False
rs12158565,21,207,-0.174533,8.74158e-05,False
rs12158565,21,208,-0.179072,6.27888e-05,False
rs12158565,21,209,-0.17077,0.000144212,False
rs12158565,21,210,-0.173069,0.000132498,False
rs12158565,21,211,-0.168805,0.000210742,False
rs12158565,21,212,-0.152515,0.000868509,False
rs12158565,21,213,-0.176077,0.000136041,False
rs12158565,21,214,-0.16025,0.000569948,False
rs12158565,21,215,-0.150067,0.00133969,False
rs12158565,21,216,-0.167877,0.000375353,False
rs12158565,21,217,-0.165046,0.000523755,False
rs12158565,21,218,-0.177934,0.000205252,False
rs12158565,21,219,-0.164585,0.000666628,False
rs12158565,21,220,-0.171415,0.000437438,False
rs12158565,21,221,-0.159551,0.00118999,False
rs12158565,21,222,-0.161287,0.00114634,False
rs12158565,21,223,-0.171661,0.000622462,False
rs12158565,21,224,-0.170356,0.000755583,False
rs12158565,21,225,-0.171883,0.000772242,False
rs12158565,21,226,-0.163903,0.00149609,False
rs12158565,21,227,-0.161125,0.0019872,False
rs12158565,21,228,-0.168727,0.00136147,False
rs12158565,21,229,-0.176086,0.000927525,False
rs12158565,21,230,-0.163068,0.00241783,False
rs12158565,21,231,-0.161292,0.00295874,False
rs12158565,21,232,-0.158626,0.00386588,False
rs12158565,21,233,-0.162195,0.00348282,False
rs12158565,21,234,-0.161527,0.00402051,False
rs12158565,21,235,-0.165039,0.0036454,False
rs12158565,21,236,-0.146801,0.0106863,False
rs12158565,21,237,-0.15966,0.00591207,False
rs12158565,21,238,-0.164887,0.00492779,False
rs12158565,21,239,-0.159836,0.00694581,False
rs12158565,21,240,-0.160546,0.00744657,False
rs12158565,21,241,-0.158598,0.00892133,False
rs12158565,21,242,-0.159275,0.00935161,False
rs12158565,21,243,-0.171067,0.00580792,False
rs12158565,21,244,-0.167222,0.00761817,False
rs12158565,21,245,-0.161042,0.0111097,False
rs12158565,21,246,-0.166198,0.00951017,False
rs12158565,21,247,-0.156867,0.0156442,False
rs12158565,21,248,-0.156588,0.0168709,False
rs12158565,21,249,-0.149395,0.0240266,False
rs12158565,21,250,-0.154543,0.0209725,False
rs12158565,21,251,-0.148951,0.0271511,False
rs12158565,22,6,-0.0618781,0.0668555,False
rs12158565,22,7,-0.0679592,0.0428326,False
rs12158565,22,8,-0.0707504,0.0336594,False
rs12158565,22,9,-0.0761255,0.0212432,False
rs12158565,22,10,-0.0690272,0.0351616,False
rs12158565,22,11,-0.0589596,0.0702545,False
rs12158565,22,12,-0.0816709,0.011904,False
rs12158565,22,13,-0.0670303,0.0378439,False
rs12158565,22,14,-0.086858,0.00682982,False
rs12158565,22,15,-0.0811837,0.0111394,False
rs12158565,22,16,-0.0833126,0.00922023,False
rs12158565,22,17,-0.0971269,0.00234343,False
rs12158565,22,18,-0.089299,0.00495972,False
rs12158565,22,19,-0.0945328,0.0029701,False
rs12158565,22,20,-0.111303,0.000460915,False
rs12158565,22,21,-0.0992463,0.00183221,False
rs12158565,22,22,-0.0929288,0.00350191,False
rs12158565,22,23,-0.111956,0.000428099,False
rs12158565,22,24,-0.0978274,0.00217561,False
rs12158565,22,25,-0.101228,0.00153502,False
rs12158565,22,26,-0.100284,0.00168076,False
rs12158565,22,27,-0.0867796,0.00659227,False
rs12158565,22,28,-0.100485,0.00171469,False
rs12158565,22,29,-0.100105,0.00176993,False
rs12158565,22,30,-0.0996055,0.00187296,False
rs12158565,22,31,-0.110848,0.00058158,False
rs12158565,22,32,-0.0883519,0.00611084,False
rs12158565,22,33,-0.0805143,0.012632,False
rs12158565,22,34,-0.0994999,0.00209497,False
rs12158565,22,35,-0.100858,0.00180989,False
rs12158565,22,36,-0.0915746,0.00472467,False
rs12158565,22,37,-0.0901261,0.00560317,False
rs12158565,22,38,-0.0859992,0.00825482,False
rs12158565,22,39,-0.0852197,0.00893045,False
rs12158565,22,40,-0.0963012,0.00324972,False
rs12158565,22,41,-0.0719225,0.0280158,False
rs12158565,22,42,-0.0754244,0.0214623,False
rs12158565,22,43,-0.0651397,0.0476341,False
rs12158565,22,44,-0.0628442,0.0564572,False
rs12158565,22,45,-0.0708245,0.0319536,False
rs12158565,22,46,-0.0601255,0.0694012,False
rs12158565,22,47,-0.0616268,0.0634398,False
rs12158565,22,48,-0.0722323,0.0304503,False
rs12158565,22,49,-0.0665145,0.0464731,False
rs12158565,22,50,-0.068102,0.0420507,False
rs12158565,22,51,-0.0762831,0.022899,False
rs12158565,22,52,-0.0740699,0.0278992,False
rs12158565,22,53,-0.081881,0.0153295,False
rs12158565,22,54,-0.0766339,0.0235078,False
rs12158565,22,55,-0.0872926,0.0101357,False
rs12158565,22,56,-0.0806965,0.0177505,False
rs12158565,22,57,-0.0900511,0.00834101,False
rs12158565,22,58,-0.0987393,0.00401286,False
rs12158565,22,59,-0.0924516,0.00715343,False
rs12158565,22,60,-0.0809097,0.0190061,False
rs12158565,22,61,-0.0964857,0.00517522,False
rs12158565,22,62,-0.0981342,0.00464958,False
rs12158565,22,63,-0.0922576,0.00810277,False
rs12158565,22,64,-0.0845129,0.0155903,False
rs12158565,22,65,-0.0968968,0.00578423,False
rs12158565,22,66,-0.0964347,0.00617488,False
rs12158565,22,67,-0.087573,0.0130141,False
rs12158565,22,68,-0.088274,0.0127033,False
rs12158565,22,69,-0.0976013,0.00601291,False
rs12158565,22,70,-0.101248,0.0044972,False
rs12158565,22,71,-0.103291,0.00391689,False
rs12158565,22,72,-0.103832,0.00386926,False
rs12158565,22,73,-0.102834,0.00437747,False
rs12158565,22,74,-0.103179,0.00438781,False
rs12158565,22,75,-0.114989,0.00158436,False
rs12158565,22,76,-0.106004,0.00369683,False
rs12158565,22,77,-0.106294,0.0037268,False
rs12158565,22,78,-0.104224,0.00457452,False
rs12158565,22,79,-0.113134,0.00212636,False
rs12158565,22,80,-0.124333,0.000772164,False
rs12158565,22,81,-0.132042,0.000375949,False
rs12158565,22,82,-0.12248,0.00101277,False
rs12158565,22,83,-0.116635,0.00183043,False
rs12158565,22,84,-0.129822,0.000549757,False
rs12158565,22,85,-0.136875,0.000281875,False
rs12158565,22,86,-0.110845,0.00337416,False
rs12158565,22,87,-0.116471,0.00216117,False
rs12158565,22,88,-0.127732,0.00079378,False
rs12158565,22,89,-0.145253,0.000143766,False
rs12158565,22,90,-0.127609,0.00087446,False
rs12158565,22,91,-0.124609,0.00119816,False
rs12158565,22,92,-0.127552,0.000959486,False
rs12158565,22,93,-0.142228,0.00024146,False
rs12158565,22,94,-0.138667,0.000361931,False
rs12158565,22,95,-0.131161,0.000782348,False
rs12158565,22,96,-0.132617,0.000705888,False
rs12158565,22,97,-0.143818,0.000251434,False
rs12158565,22,98,-0.138756,0.00043703,False
rs12158565,22,99,-0.130545,0.000979546,False
rs12158565,22,100,-0.13752,0.000536925,False
rs12158565,22,101,-0.140092,0.000438545,False
rs12158565,22,102,-0.139271,0.000496412,False
rs12158565,22,103,-0.130779,0.00112818,False
rs12158565,22,104,-0.134941,0.000812163,False
rs12158565,22,105,-0.140551,0.000495884,False
rs12158565,22,106,-0.150253,0.000210274,False
rs12158565,22,107,-0.148046,0.000278035,False
rs12158565,22,108,-0.153013,0.000179022,False
rs12158565,22,109,-0.149541,0.000256045,False
rs12158565,22,110,-0.158087,0.000116128,False
rs12158565,22,111,-0.161323,8.8457e-05,False
rs12158565,22,112,-0.153198,0.000204721,False
rs12158565,22,113,-0.157424,0.000141285,False
rs12158565,22,114,-0.163738,7.88118e-05,False
rs12158565,22,115,-0.171266,3.7502e-05,False
rs12158565,22,116,-0.180327,1.55195e-05,False
rs12158565,22,117,-0.165284,7.83694e-05,False
rs12158565,22,118,-0.161222,0.000122486,False
rs12158565,22,119,-0.154171,0.000247182,False
rs12158565,22,120,-0.158943,0.000160264,False
rs12158565,22,121,-0.163993,0.000103455,False
rs12158565,22,122,-0.16844,6.91047e-05,False
rs12158565,22,123,-0.176124,3.21464e-05,False
rs12158565,22,124,-0.155141,0.000255668,False
rs12158565,22,125,-0.158272,0.000199003,False
rs12158565,22,126,-0.158614,0.000196517,False
rs12158565,22,127,-0.160656,0.000163611,False
rs12158565,22,128,-0.153238,0.000332803,False
rs12158565,22,129,-0.152948,0.000355648,False
rs12158565,22,130,-0.157669,0.000232375,False
rs12158565,22,131,-0.146893,0.000614721,False
rs12158565,22,132,-0.150022,0.000479949,False
rs12158565,22,133,-0.156339,0.000276242,False
rs12158565,22,134,-0.160297,0.000196735,False
rs12158565,22,135,-0.161606,0.000174801,False
rs12158565,22,136,-0.153292,0.000369245,False
rs12158565,22,137,-0.156853,0.000270538,False
rs12158565,22,138,-0.152788,0.000390164,False
rs12158565,22,139,-0.154435,0.000338505,False
rs12158565,22,140,-0.163533,0.000148997,False
rs12158565,22,141,-0.155073,0.000318132,False
rs12158565,22,142,-0.153666,0.000360462,False
rs12158565,22,143,-0.165686,0.000119306,False
rs12158565,22,144,-0.152288,0.000404371,False
rs12158565,22,145,-0.168005,9.49866e-05,False
rs12158565,22,146,-0.166071,0.000112435,False
rs12158565,22,147,-0.176627,4.07529e-05,False
rs12158565,22,148,-0.174418,4.92285e-05,False
rs12158565,22,149,-0.159437,0.000205696,False
rs12158565,22,150,-0.15211,0.000390877,False
rs12158565,22,151,-0.156237,0.000264521,False
rs12158565,22,152,-0.146874,0.000601563,False
rs12158565,22,153,-0.147316,0.000572226,False
rs12158565,22,154,-0.147942,0.000528713,False
rs12158565,22,155,-0.154499,0.00029164,False
rs12158565,22,156,-0.156913,0.00024048,False
rs12158565,22,157,-0.165294,0.000107295,False
rs12158565,22,158,-0.159705,0.000177829,False
rs12158565,22,159,-0.165339,0.000101588,False
rs12158565,22,160,-0.14881,0.000458343,False
rs12158565,22,161,-0.162946,0.000123191,False
rs12158565,22,162,-0.156916,0.000216227,False
rs12158565,22,163,-0.160774,0.000150343,False
rs12158565,22,164,-0.157109,0.000209597,False
rs12158565,22,165,-0.139545,0.000987577,False
rs12158565,22,166,-0.149233,0.000420221,False
rs12158565,22,167,-0.152924,0.000299305,False
rs12158565,22,168,-0.155369,0.000233327,False
rs12158565,22,169,-0.145384,0.000574052,False
rs12158565,22,170,-0.159917,0.000147959,False
rs12158565,22,171,-0.169155,5.85344e-05,False
rs12158565,22,172,-0.149025,0.000401816,False
rs12158565,22,173,-0.157551,0.000182303,False
rs12158565,22,174,-0.164645,9.27288e-05,False
rs12158565,22,175,-0.170222,5.10903e-05,False
rs12158565,22,176,-0.166013,7.82481e-05,False
rs12158565,22,177,-0.167431,6.73218e-05,False
rs12158565,22,178,-0.162393,0.00010972,False
rs12158565,22,179,-0.169808,5.20811e-05,False
rs12158565,22,180,-0.173728,3.45765e-05,False
rs12158565,22,181,-0.175933,2.78468e-05,False
rs12158565,22,182,-0.173518,3.45498e-05,False
rs12158565,22,183,-0.175331,2.89713e-05,False
rs12158565,22,184,-0.170532,4.70102e-05,False
rs12158565,22,185,-0.161721,0.000113573,False
rs12158565,22,186,-0.160888,0.000121586,False
rs12158565,22,187,-0.165999,7.74017e-05,False
rs12158565,22,188,-0.155161,0.000221563,False
rs12158565,22,189,-0.160949,0.000129415,False
rs12158565,22,190,-0.162213,0.00011495,False
rs12158565,22,191,-0.158368,0.000169249,False
rs12158565,22,192,-0.160565,0.000144129,False
rs12158565,22,193,-0.153137,0.000289877,False
rs12158565,22,194,-0.147962,0.000469256,False
rs12158565,22,195,-0.149351,0.000433711,False
rs12158565,22,196,-0.152935,0.000325914,False
rs12158565,22,197,-0.144723,0.000695807,False
rs12158565,22,198,-0.141628,0.000939134,False
rs12158565,22,199,-0.138128,0.00127978,False
rs12158565,22,200,-0.148826,0.000543012,False
rs12158565,22,201,-0.148614,0.000573952,False
rs12158565,22,202,-0.151741,0.000455542,False
rs12158565,22,203,-0.147835,0.000663257,False
rs12158565,22,204,-0.16001,0.000243754,False
rs12158565,22,205,-0.145414,0.000887921,False
rs12158565,22,206,-0.162385,0.000220903,False
rs12158565,22,207,-0.148156,0.000804752,False
rs12158565,22,208,-0.15583,0.000445699,False
rs12158565,22,209,-0.15411,0.000553486,False
rs12158565,22,210,-0.154308,0.000587796,False
rs12158565,22,211,-0.149295,0.000923744,False
rs12158565,22,212,-0.149096,0.00102943,False
rs12158565,22,213,-0.144667,0.00156297,False
rs12158565,22,214,-0.148768,0.00123053,False
rs12158565,22,215,-0.153798,0.000891444,False
rs12158565,22,216,-0.162478,0.000504645,False
rs12158565,22,217,-0.155889,0.000920208,False
rs12158565,22,218,-0.157779,0.000870217,False
rs12158565,22,219,-0.150735,0.00160973,False
rs12158565,22,220,-0.15496,0.00131508,False
rs12158565,22,221,-0.159632,0.00102809,False
rs12158565,22,222,-0.157064,0.00139111,False
rs12158565,22,223,-0.143799,0.00373836,False
rs12158565,22,224,-0.164371,0.00102176,False
rs12158565,22,225,-0.179901,0.000376602,False
rs12158565,22,226,-0.154064,0.00257088,False
rs12158565,22,227,-0.152408,0.00314368,False
rs12158565,22,228,-0.15964,0.002194,False
rs12158565,22,229,-0.160847,0.00229422,False
rs12158565,22,230,-0.169168,0.00148721,False
rs12158565,22,231,-0.157531,0.003417,False
rs12158565,22,232,-0.151088,0.00546421,False
rs12158565,22,233,-0.153056,0.00534767,False
rs12158565,22,234,-0.15819,0.0044423,False
rs12158565,22,235,-0.165092,0.00336909,False
rs12158565,22,236,-0.165405,0.00360695,False
rs12158565,22,237,-0.147502,0.0102925,False
rs12158565,22,238,-0.151999,0.00901202,False
rs12158565,22,239,-0.168711,0.00417507,False
rs12158565,22,240,-0.147161,0.0134906,False
rs12158565,22,241,-0.158951,0.00832977,False
rs12158565,22,242,-0.150769,0.0133655,False
rs12158565,22,243,-0.162216,0.00847994,False
rs12158565,22,244,-0.159098,0.0107403,False
rs12158565,22,245,-0.16595,0.00863121,False
rs12158565,22,246,-0.149087,0.0195521,False
rs12158565,22,247,-0.149129,0.0210035,False
rs12158565,22,248,-0.14986,0.0218026,False
rs12158565,22,249,-0.171314,0.00949806,False
rs12158565,22,250,-0.150785,0.0238455,False
rs12158565,22,251,-0.169598,0.0118518,False
rs12158565,23,6,-0.0554026,0.103043,False
rs12158565,23,7,-0.049418,0.142772,False
rs12158565,23,8,-0.0580893,0.0829055,False
rs12158565,23,9,-0.0695269,0.0364213,False
rs12158565,23,10,-0.0577365,0.0801989,False
rs12158565,23,11,-0.0580745,0.0760323,False
rs12158565,23,12,-0.0638969,0.0498739,False
rs12158565,23,13,-0.0571687,0.0782352,False
rs12158565,23,14,-0.0675396,0.036126,False
rs12158565,23,15,-0.0688601,0.0327456,False
rs12158565,23,16,-0.0829208,0.00992637,False
rs12158565,23,17,-0.0756441,0.0178098,False
rs12158565,23,18,-0.0821903,0.0100593,False
rs12158565,23,19,-0.0897392,0.00493029,False
rs12158565,23,20,-0.0885503,0.00535068,False
rs12158565,23,21,-0.0962364,0.00252527,False
rs12158565,23,22,-0.0829147,0.00923837,False
rs12158565,23,23,-0.0968843,0.00235897,False
rs12158565,23,24,-0.098878,0.00194592,False
rs12158565,23,25,-0.0924485,0.00381728,False
rs12158565,23,26,-0.078997,0.0135964,False
rs12158565,23,27,-0.0885171,0.00570782,False
rs12158565,23,28,-0.093484,0.00355973,False
rs12158565,23,29,-0.0830917,0.00969256,False
rs12158565,23,30,-0.092592,0.00397753,False
rs12158565,23,31,-0.0870486,0.0069145,False
rs12158565,23,32,-0.0948242,0.00323524,False
rs12158565,23,33,-0.0887656,0.0058898,False
rs12158565,23,34,-0.0913762,0.00477508,False
rs12158565,23,35,-0.0866388,0.00755251,False
rs12158565,23,36,-0.0855642,0.00837201,False
rs12158565,23,37,-0.0969065,0.00285093,False
rs12158565,23,38,-0.0919254,0.00480351,False
rs12158565,23,39,-0.0819062,0.0118497,False
rs12158565,23,40,-0.086467,0.00839517,False
rs12158565,23,41,-0.0870979,0.00797244,False
rs12158565,23,42,-0.0886719,0.00702722,False
rs12158565,23,43,-0.0967387,0.003381,False
rs12158565,23,44,-0.0952926,0.003975,False
rs12158565,23,45,-0.102494,0.0019996,False
rs12158565,23,46,-0.0849026,0.0105301,False
rs12158565,23,47,-0.100801,0.0024498,False
rs12158565,23,48,-0.0830765,0.0130875,False
rs12158565,23,49,-0.0914962,0.00631581,False
rs12158565,23,50,-0.0855321,0.0109989,False
rs12158565,23,51,-0.0890155,0.0081571,False
rs12158565,23,52,-0.0738549,0.0287293,False
rs12158565,23,53,-0.0833829,0.0138934,False
rs12158565,23,54,-0.0775936,0.0224663,False
rs12158565,23,55,-0.0760481,0.0254157,False
rs12158565,23,56,-0.0661738,0.0524095,False
rs12158565,23,57,-0.0607893,0.0762425,False
rs12158565,23,58,-0.0630156,0.0662922,False
rs12158565,23,59,-0.0864234,0.0121585,False
rs12158565,23,60,-0.0765086,0.0267563,False
rs12158565,23,61,-0.0631063,0.0687553,False
rs12158565,23,62,-0.0672947,0.0529921,False
rs12158565,23,63,-0.0733872,0.035528,False
rs12158565,23,64,-0.0779793,0.0261822,False
rs12158565,23,65,-0.0779913,0.0264624,False
rs12158565,23,66,-0.081222,0.02143,False
rs12158565,23,67,-0.0827725,0.019419,False
rs12158565,23,68,-0.0806274,0.023348,False
rs12158565,23,69,-0.0895021,0.0121163,False
rs12158565,23,70,-0.0893544,0.0124741,False
rs12158565,23,71,-0.0888814,0.0133262,False
rs12158565,23,72,-0.10155,0.00497564,False
rs12158565,23,73,-0.0967729,0.0075209,False
rs12158565,23,74,-0.0924415,0.0108868,False
rs12158565,23,75,-0.10782,0.00310749,False
rs12158565,23,76,-0.103864,0.00455099,False
rs12158565,23,77,-0.108551,0.00313691,False
rs12158565,23,78,-0.10856,0.0032762,False
rs12158565,23,79,-0.113757,0.00217752,False
rs12158565,23,80,-0.107757,0.00383941,False
rs12158565,23,81,-0.10475,0.00503427,False
rs12158565,23,82,-0.118288,0.00158668,False
rs12158565,23,83,-0.123117,0.00108022,False
rs12158565,23,84,-0.127389,0.00075071,False
rs12158565,23,85,-0.127,0.000795749,False
rs12158565,23,86,-0.130702,0.000587748,False
rs12158565,23,87,-0.13607,0.000366127,False
rs12158565,23,88,-0.130303,0.000684479,False
rs12158565,23,89,-0.126492,0.00100674,False
rs12158565,23,90,-0.137725,0.00035812,False
rs12158565,23,91,-0.135756,0.000453155,False
rs12158565,23,92,-0.127085,0.00110444,False
rs12158565,23,93,-0.140114,0.000333882,False
rs12158565,23,94,-0.130351,0.00088374,False
rs12158565,23,95,-0.141942,0.000312202,False
rs12158565,23,96,-0.133424,0.000725269,False
rs12158565,23,97,-0.131238,0.000929957,False
rs12158565,23,98,-0.150644,0.000147499,False
rs12158565,23,99,-0.132217,0.000926697,False
rs12158565,23,100,-0.133013,0.000886974,False
rs12158565,23,101,-0.144064,0.00033683,False
rs12158565,23,102,-0.133205,0.000955274,False
rs12158565,23,103,-0.137601,0.000682851,False
rs12158565,23,104,-0.144713,0.00036681,False
rs12158565,23,105,-0.139399,0.000614115,False
rs12158565,23,106,-0.134301,0.00100136,False
rs12158565,23,107,-0.139668,0.000653091,False
rs12158565,23,108,-0.166239,5.26245e-05,False
rs12158565,23,109,-0.165122,6.37485e-05,False
rs12158565,23,110,-0.163749,7.46137e-05,False
rs12158565,23,111,-0.165803,6.44244e-05,False
rs12158565,23,112,-0.159752,0.00012284,False
rs12158565,23,113,-0.157371,0.000161534,False
rs12158565,23,114,-0.151637,0.000286781,False
rs12158565,23,115,-0.160655,0.000126283,False
rs12158565,23,116,-0.168246,6.27877e-05,False
rs12158565,23,117,-0.159315,0.00015889,False
rs12158565,23,118,-0.157248,0.000196761,False
rs12158565,23,119,-0.167889,7.4737e-05,False
rs12158565,23,120,-0.171107,5.67848e-05,False
rs12158565,23,121,-0.164607,0.000111309,False
rs12158565,23,122,-0.164378,0.000117224,False
rs12158565,23,123,-0.168639,8.08046e-05,False
rs12158565,23,124,-0.158893,0.000214741,False
rs12158565,23,125,-0.160745,0.000183485,False
rs12158565,23,126,-0.162168,0.000163798,False
rs12158565,23,127,-0.169925,7.916e-05,False
rs12158565,23,128,-0.161512,0.000178747,False
rs12158565,23,129,-0.154965,0.000331137,False
rs12158565,23,130,-0.169736,8.70308e-05,False
rs12158565,23,131,-0.168698,9.7232e-05,False
rs12158565,23,132,-0.164711,0.000142812,False
rs12158565,23,133,-0.167657,0.000108299,False
rs12158565,23,134,-0.177216,4.42572e-05,False
rs12158565,23,135,-0.166626,0.000124205,False
rs12158565,23,136,-0.178625,3.90526e-05,False
rs12158565,23,137,-0.169371,9.73009e-05,False
rs12158565,23,138,-0.172005,7.63647e-05,False
rs12158565,23,139,-0.177897,4.25446e-05,False
rs12158565,23,140,-0.175509,5.44497e-05,False
rs12158565,23,141,-0.171669,7.79927e-05,False
rs12158565,23,142,-0.160667,0.0002188,False
rs12158565,23,143,-0.164486,0.000151658,False
rs12158565,23,144,-0.158922,0.000253547,False
rs12158565,23,145,-0.158586,0.000262511,False
rs12158565,23,146,-0.151042,0.000503005,False
rs12158565,23,147,-0.162936,0.000173514,False
rs12158565,23,148,-0.158933,0.000250067,False
rs12158565,23,149,-0.164361,0.0001521,False
rs12158565,23,150,-0.166807,0.000117398,False
rs12158565,23,151,-0.159489,0.000228036,False
rs12158565,23,152,-0.160329,0.00020844,False
rs12158565,23,153,-0.165417,0.000128909,False
rs12158565,23,154,-0.159562,0.00021718,False
rs12158565,23,155,-0.164665,0.000130843,False
rs12158565,23,156,-0.162839,0.000155115,False
rs12158565,23,157,-0.157212,0.000256683,False
rs12158565,23,158,-0.163607,0.000141432,False
rs12158565,23,159,-0.158939,0.000213315,False
rs12158565,23,160,-0.162965,0.00014343,False
rs12158565,23,161,-0.163711,0.00013522,False
rs12158565,23,162,-0.153211,0.000341668,False
rs12158565,23,163,-0.15995,0.000179115,False
rs12158565,23,164,-0.162094,0.00014528,False
rs12158565,23,165,-0.15467,0.000287607,False
rs12158565,23,166,-0.146877,0.000567663,False
rs12158565,23,167,-0.158833,0.000191666,False
rs12158565,23,168,-0.152865,0.000329688,False
rs12158565,23,169,-0.152741,0.000329344,False
rs12158565,23,170,-0.161303,0.000145736,False
rs12158565,23,171,-0.150801,0.000379338,False
rs12158565,23,172,-0.144393,0.000659756,False
rs12158565,23,173,-0.143981,0.000670525,False
rs12158565,23,174,-0.160405,0.000151659,False
rs12158565,23,175,-0.15939,0.000167533,False
rs12158565,23,176,-0.160179,0.000151481,False
rs12158565,23,177,-0.166042,8.36443e-05,False
rs12158565,23,178,-0.163867,0.000103585,False
rs12158565,23,179,-0.16108,0.000133413,False
rs12158565,23,180,-0.163448,0.000102232,False
rs12158565,23,181,-0.161872,0.000120031,False
rs12158565,23,182,-0.170137,5.26977e-05,False
rs12158565,23,183,-0.160537,0.000134774,False
rs12158565,23,184,-0.160019,0.000144078,False
rs12158565,23,185,-0.174164,3.50625e-05,False
rs12158565,23,186,-0.165327,8.67354e-05,False
rs12158565,23,187,-0.159314,0.000152369,False
rs12158565,23,188,-0.157528,0.000180537,False
rs12158565,23,189,-0.155542,0.000218151,False
rs12158565,23,190,-0.149183,0.00039635,False
rs12158565,23,191,-0.14892,0.000408464,False
rs12158565,23,192,-0.160953,0.00013416,False
rs12158565,23,193,-0.149619,0.000398053,False
rs12158565,23,194,-0.141211,0.000827527,False
rs12158565,23,195,-0.129288,0.00226375,False
rs12158565,23,196,-0.151063,0.000374012,False
rs12158565,23,197,-0.148803,0.000462482,False
rs12158565,23,198,-0.143468,0.000745169,False
rs12158565,23,199,-0.152256,0.000358346,False
rs12158565,23,200,-0.148175,0.000530513,False
rs12158565,23,201,-0.156683,0.000261761,False
rs12158565,23,202,-0.148263,0.000571175,False
rs12158565,23,203,-0.144796,0.000793706,False
rs12158565,23,204,-0.15366,0.000384592,False
rs12158565,23,205,-0.158526,0.000270776,False
rs12158565,23,206,-0.160795,0.000231857,False
rs12158565,23,207,-0.157612,0.000326128,False
rs12158565,23,208,-0.163617,0.000206347,False
rs12158565,23,209,-0.170309,0.000122588,False
rs12158565,23,210,-0.154149,0.000534993,False
rs12158565,23,211,-0.160726,0.000330875,False
rs12158565,23,212,-0.170626,0.000154974,False
rs12158565,23,213,-0.173483,0.000130385,False
rs12158565,23,214,-0.161051,0.000414323,False
rs12158565,23,215,-0.165395,0.000319409,False
rs12158565,23,216,-0.165226,0.000357621,False
rs12158565,23,217,-0.158092,0.000696879,False
rs12158565,23,218,-0.164213,0.000476008,False
rs12158565,23,219,-0.155492,0.00102046,False
rs12158565,23,220,-0.15212,0.0014595,False
rs12158565,23,221,-0.160172,0.000897171,False
rs12158565,23,222,-0.158586,0.00109263,False
rs12158565,23,223,-0.160279,0.00108409,False
rs12158565,23,224,-0.156909,0.00154804,False
rs12158565,23,225,-0.156374,0.00178759,False
rs12158565,23,226,-0.160028,0.00153176,False
rs12158565,23,227,-0.152281,0.0028374,False
rs12158565,23,228,-0.170597,0.000942988,False
rs12158565,23,229,-0.151097,0.00373632,False
rs12158565,23,230,-0.162239,0.00208092,False
rs12158565,23,231,-0.161542,0.00242699,False
rs12158565,23,232,-0.157165,0.00357601,False
rs12158565,23,233,-0.141761,0.0092567,False
rs12158565,23,234,-0.158366,0.00409483,False
rs12158565,23,235,-0.165919,0.00293983,False
rs12158565,23,236,-0.148577,0.0084642,False
rs12158565,23,237,-0.160046,0.00508186,False
rs12158565,23,238,-0.172625,0.00280097,False
rs12158565,23,239,-0.164676,0.00486182,False
rs12158565,23,240,-0.171913,0.0036521,False
rs12158565,23,241,-0.169671,0.00459047,False
rs12158565,23,242,-0.170467,0.0048872,False
rs12158565,23,243,-0.162622,0.00802833,False
rs12158565,23,244,-0.174099,0.00504769,False
rs12158565,23,245,-0.182762,0.0036341,False
rs12158565,23,246,-0.168082,0.00817088,False
rs12158565,23,247,-0.165825,0.0100173,False
rs12158565,23,248,-0.173476,0.00778592,False
rs12158565,23,249,-0.181639,0.00579759,False
rs12158565,23,250,-0.160413,0.016063,False
rs12158565,23,251,-0.173696,0.00982145,False
rs12158565,24,6,-0.0886061,0.0086121,False
rs12158565,24,7,-0.0855073,0.0109465,False
rs12158565,24,8,-0.0903555,0.00680296,False
rs12158565,24,9,-0.0792483,0.0168231,False
rs12158565,24,10,-0.0929886,0.00468008,False
rs12158565,24,11,-0.0833254,0.0108637,False
rs12158565,24,12,-0.0879752,0.00668267,False
rs12158565,24,13,-0.0748847,0.0204077,False
rs12158565,24,14,-0.0748002,0.020173,False
rs12158565,24,15,-0.0854372,0.00785014,False
rs12158565,24,16,-0.0827549,0.00978306,False
rs12158565,24,17,-0.0834526,0.0089953,False
rs12158565,24,18,-0.0910209,0.00430467,False
rs12158565,24,19,-0.0747968,0.0188531,False
rs12158565,24,20,-0.088389,0.00552178,False
rs12158565,24,21,-0.0774151,0.0151539,False
rs12158565,24,22,-0.0796158,0.0125247,False
rs12158565,24,23,-0.105435,0.000933711,False
rs12158565,24,24,-0.0874647,0.00605794,False
rs12158565,24,25,-0.0921115,0.00391656,False
rs12158565,24,26,-0.0954107,0.0028118,False
rs12158565,24,27,-0.100623,0.00165755,False
rs12158565,24,28,-0.0838507,0.0088361,False
rs12158565,24,29,-0.0970839,0.0025036,False
rs12158565,24,30,-0.0881834,0.0060186,False
rs12158565,24,31,-0.0764639,0.0175256,False
rs12158565,24,32,-0.0997903,0.00197048,False
rs12158565,24,33,-0.096064,0.0028645,False
rs12158565,24,34,-0.083118,0.0102888,False
rs12158565,24,35,-0.105662,0.00111681,False
rs12158565,24,36,-0.089388,0.00586561,False
rs12158565,24,37,-0.0903649,0.0055003,False
rs12158565,24,38,-0.0849545,0.00915577,False
rs12158565,24,39,-0.0916013,0.00506144,False
rs12158565,24,40,-0.106638,0.00112492,False
rs12158565,24,41,-0.0961755,0.00337656,False
rs12158565,24,42,-0.0927503,0.00484474,False
rs12158565,24,43,-0.10752,0.00113088,False
rs12158565,24,44,-0.108864,0.00101397,False
rs12158565,24,45,-0.116001,0.000482466,False
rs12158565,24,46,-0.102647,0.00204083,False
rs12158565,24,47,-0.0991289,0.00296665,False
rs12158565,24,48,-0.0988459,0.00319133,False
rs12158565,24,49,-0.107834,0.00131133,False
rs12158565,24,50,-0.0961088,0.00428893,False
rs12158565,24,51,-0.090379,0.00744692,False
rs12158565,24,52,-0.110388,0.00113211,False
rs12158565,24,53,-0.088608,0.00903909,False
rs12158565,24,54,-0.0929608,0.0063603,False
rs12158565,24,55,-0.0953223,0.00526871,False
rs12158565,24,56,-0.0835035,0.0149386,False
rs12158565,24,57,-0.0969199,0.00487727,False
rs12158565,24,58,-0.0964039,0.00518553,False
rs12158565,24,59,-0.0785256,0.0232327,False
rs12158565,24,60,-0.105661,0.00230884,False
rs12158565,24,61,-0.108347,0.001835,False
rs12158565,24,62,-0.0880721,0.0117709,False
rs12158565,24,63,-0.0770974,0.0278712,False
rs12158565,24,64,-0.0832615,0.0178068,False
rs12158565,24,65,-0.099451,0.00492125,False
rs12158565,24,66,-0.0994526,0.00506371,False
rs12158565,24,67,-0.0937704,0.00837027,False
rs12158565,24,68,-0.0911869,0.0107694,False
rs12158565,24,69,-0.101752,0.00455188,False
rs12158565,24,70,-0.0941033,0.00885601,False
rs12158565,24,71,-0.0999401,0.00565879,False
rs12158565,24,72,-0.106943,0.00313479,False
rs12158565,24,73,-0.105739,0.00371715,False
rs12158565,24,74,-0.095702,0.00890255,False
rs12158565,24,75,-0.106037,0.00392253,False
rs12158565,24,76,-0.0966871,0.00869372,False
rs12158565,24,77,-0.124437,0.000787276,False
rs12158565,24,78,-0.122597,0.000986089,False
rs12158565,24,79,-0.114639,0.00213447,False
rs12158565,24,80,-0.10863,0.00374317,False
rs12158565,24,81,-0.124565,0.000939933,False
rs12158565,24,82,-0.111587,0.00312677,False
rs12158565,24,83,-0.114088,0.0026111,False
rs12158565,24,84,-0.116823,0.00215505,False
rs12158565,24,85,-0.131298,0.000593375,False
rs12158565,24,86,-0.12385,0.00124165,False
rs12158565,24,87,-0.132003,0.000596276,False
rs12158565,24,88,-0.140281,0.000279223,False
rs12158565,24,89,-0.147167,0.000147048,False
rs12158565,24,90,-0.141691,0.000270573,False
rs12158565,24,91,-0.146013,0.000183374,False
rs12158565,24,92,-0.153481,8.71286e-05,False
rs12158565,24,93,-0.142348,0.00028923,False
rs12158565,24,94,-0.136074,0.000561311,False
rs12158565,24,95,-0.142068,0.000329123,False
rs12158565,24,96,-0.147458,0.000206294,False
rs12158565,24,97,-0.152847,0.000128817,False
rs12158565,24,98,-0.149116,0.000201161,False
rs12158565,24,99,-0.13964,0.000513472,False
rs12158565,24,100,-0.14866,0.000233269,False
rs12158565,24,101,-0.159274,8.40209e-05,False
rs12158565,24,102,-0.153808,0.000152577,False
rs12158565,24,103,-0.151429,0.000204476,False
rs12158565,24,104,-0.156094,0.000137455,False
rs12158565,24,105,-0.165385,5.64696e-05,False
rs12158565,24,106,-0.171874,3.02008e-05,False
rs12158565,24,107,-0.176253,1.98149e-05,False
rs12158565,24,108,-0.168842,4.66535e-05,False
rs12158565,24,109,-0.165622,6.84735e-05,False
rs12158565,24,110,-0.151393,0.00028045,False
rs12158565,24,111,-0.151505,0.000294172,False
rs12158565,24,112,-0.160617,0.000129852,False
rs12158565,24,113,-0.16449,9.18903e-05,False
rs12158565,24,114,-0.173893,3.71414e-05,False
rs12158565,24,115,-0.167904,7.19189e-05,False
rs12158565,24,116,-0.160144,0.00015771,False
rs12158565,24,117,-0.160873,0.000151819,False
rs12158565,24,118,-0.16099,0.000158761,False
rs12158565,24,119,-0.158789,0.000202785,False
rs12158565,24,120,-0.146433,0.000627563,False
rs12158565,24,121,-0.151936,0.000393416,False
rs12158565,24,122,-0.155822,0.000287355,False
rs12158565,24,123,-0.16808,9.50489e-05,False
rs12158565,24,124,-0.16641,0.000115128,False
rs12158565,24,125,-0.153863,0.000373475,False
rs12158565,24,126,-0.160418,0.000211002,False
rs12158565,24,127,-0.147812,0.000652604,False
rs12158565,24,128,-0.151833,0.000478046,False
rs12158565,24,129,-0.158131,0.000273763,False
rs12158565,24,130,-0.152854,0.00044012,False
rs12158565,24,131,-0.155872,0.000348558,False
rs12158565,24,132,-0.160135,0.00024534,False
rs12158565,24,133,-0.166489,0.000137915,False
rs12158565,24,134,-0.16652,0.00014081,False
rs12158565,24,135,-0.153121,0.00047223,False
rs12158565,24,136,-0.156065,0.00036549,False
rs12158565,24,137,-0.15624,0.000362892,False
rs12158565,24,138,-0.141676,0.00121892,False
rs12158565,24,139,-0.135386,0.00201031,False
rs12158565,24,140,-0.15185,0.000534416,False
rs12158565,24,141,-0.149645,0.000654055,False
rs12158565,24,142,-0.167867,0.000132788,False
rs12158565,24,143,-0.153744,0.000454167,False
rs12158565,24,144,-0.149583,0.000631705,False
rs12158565,24,145,-0.152136,0.000519838,False
rs12158565,24,146,-0.140527,0.00135442,False
rs12158565,24,147,-0.149394,0.000655874,False
rs12158565,24,148,-0.156758,0.000343394,False
rs12158565,24,149,-0.165464,0.000154278,False
rs12158565,24,150,-0.165436,0.000151887,False
rs12158565,24,151,-0.167,0.000132853,False
rs12158565,24,152,-0.175503,5.87183e-05,False
rs12158565,24,153,-0.160774,0.000229577,False
rs12158565,24,154,-0.159907,0.000241589,False
rs12158565,24,155,-0.168081,0.000112183,False
rs12158565,24,156,-0.168761,0.000105179,False
rs12158565,24,157,-0.165848,0.000134048,False
rs12158565,24,158,-0.161989,0.00018797,False
rs12158565,24,159,-0.166041,0.000124391,False
rs12158565,24,160,-0.187515,1.42455e-05,False
rs12158565,24,161,-0.171166,7.35469e-05,False
rs12158565,24,162,-0.180942,2.72864e-05,False
rs12158565,24,163,-0.160396,0.000195096,False
rs12158565,24,164,-0.167708,9.61957e-05,False
rs12158565,24,165,-0.172378,6.09175e-05,False
rs12158565,24,166,-0.159964,0.000197031,False
rs12158565,24,167,-0.158518,0.000218175,False
rs12158565,24,168,-0.165314,0.000113074,False
rs12158565,24,169,-0.167206,9.26344e-05,False
rs12158565,24,170,-0.16004,0.000181987,False
rs12158565,24,171,-0.157132,0.000233172,False
rs12158565,24,172,-0.154911,0.000277693,False
rs12158565,24,173,-0.15654,0.000238557,False
rs12158565,24,174,-0.152967,0.000329886,False
rs12158565,24,175,-0.151597,0.000366964,False
rs12158565,24,176,-0.145962,0.000591001,False
rs12158565,24,177,-0.150058,0.000406281,False
rs12158565,24,178,-0.145808,0.00057375,False
rs12158565,24,179,-0.152772,0.000309711,False
rs12158565,24,180,-0.150368,0.000377431,False
rs12158565,24,181,-0.146944,0.000502027,False
rs12158565,24,182,-0.15631,0.000213738,False
rs12158565,24,183,-0.145262,0.00057389,False
rs12158565,24,184,-0.147506,0.000474034,False
rs12158565,24,185,-0.140842,0.000850753,False
rs12158565,24,186,-0.135857,0.00127329,False
rs12158565,24,187,-0.141452,0.000806388,False
rs12158565,24,188,-0.147147,0.000486144,False
rs12158565,24,189,-0.143876,0.000663454,False
rs12158565,24,190,-0.145013,0.000594117,False
rs12158565,24,191,-0.148492,0.000437514,False
rs12158565,24,192,-0.144061,0.000648217,False
rs12158565,24,193,-0.157494,0.000195575,False
rs12158565,24,194,-0.151269,0.000350166,False
rs12158565,24,195,-0.145371,0.000596029,False
rs12158565,24,196,-0.151036,0.000369895,False
rs12158565,24,197,-0.154615,0.000274766,False
rs12158565,24,198,-0.150881,0.000396434,False
rs12158565,24,199,-0.150762,0.000405682,False
rs12158565,24,200,-0.152276,0.000362601,False
rs12158565,24,201,-0.153142,0.000353525,False
rs12158565,24,202,-0.16168,0.000168814,False
rs12158565,24,203,-0.15451,0.000336476,False
rs12158565,24,204,-0.161866,0.000180268,False
rs12158565,24,205,-0.165724,0.000132245,False
rs12158565,24,206,-0.162831,0.000184949,False
rs12158565,24,207,-0.1552,0.00038565,False
rs12158565,24,208,-0.15422,0.000443162,False
rs12158565,24,209,-0.160588,0.000269476,False
rs12158565,24,210,-0.163889,0.000215202,False
rs12158565,24,211,-0.152493,0.000615885,False
rs12158565,24,212,-0.168909,0.000163042,False
rs12158565,24,213,-0.153534,0.00065155,False
rs12158565,24,214,-0.15945,0.000427674,False
rs12158565,24,215,-0.154339,0.000708881,False
rs12158565,24,216,-0.152086,0.0009269,False
rs12158565,24,217,-0.145211,0.00169276,False
rs12158565,24,218,-0.148284,0.00148068,False
rs12158565,24,219,-0.154514,0.0010143,False
rs12158565,24,220,-0.161053,0.000679624,False
rs12158565,24,221,-0.162727,0.00067376,False
rs12158565,24,222,-0.15466,0.0013405,False
rs12158565,24,223,-0.166188,0.000637221,False
rs12158565,24,224,-0.163518,0.000877192,False
rs12158565,24,225,-0.157124,0.00154042,False
rs12158565,24,226,-0.163591,0.00110118,False
rs12158565,24,227,-0.156691,0.00194029,False
rs12158565,24,228,-0.15041,0.00329575,False
rs12158565,24,229,-0.164682,0.0014454,False
rs12158565,24,230,-0.163133,0.00177861,False
rs12158565,24,231,-0.166531,0.00163286,False
rs12158565,24,232,-0.163941,0.00214564,False
rs12158565,24,233,-0.154993,0.00412367,False
rs12158565,24,234,-0.155869,0.00437679,False
rs12158565,24,235,-0.17127,0.00195827,False
rs12158565,24,236,-0.166335,0.00294165,False
rs12158565,24,237,-0.168938,0.00290166,False
rs12158565,24,238,-0.171841,0.00273318,False
rs12158565,24,239,-0.167398,0.00392735,False
rs12158565,24,240,-0.1798,0.00221236,False
rs12158565,24,241,-0.165109,0.00553947,False
rs12158565,24,242,-0.172633,0.00419127,False
rs12158565,24,243,-0.177246,0.00366942,False
rs12158565,24,244,-0.164672,0.00776831,False
rs12158565,24,245,-0.176064,0.0049407,False
rs12158565,24,246,-0.177902,0.00506686,False
rs12158565,24,247,-0.176549,0.00597678,False
rs12158565,24,248,-0.170733,0.00872528,False
rs12158565,24,249,-0.176018,0.00757174,False
rs12158565,24,250,-0.167735,0.0117896,False
rs12158565,24,251,-0.1764,0.00875765,False
rs12158565,25,6,-0.103168,0.00236442,False
rs12158565,25,7,-0.0957966,0.00453434,False
rs12158565,25,8,-0.0832348,0.0128579,False
rs12158565,25,9,-0.0956108,0.0039297,False
rs12158565,25,10,-0.0766891,0.0200535,False
rs12158565,25,11,-0.0839861,0.0101691,False
rs12158565,25,12,-0.0896443,0.00572771,False
rs12158565,25,13,-0.0822867,0.0108355,False
rs12158565,25,14,-0.0921883,0.00413551,False
rs12158565,25,15,-0.0879238,0.00610836,False
rs12158565,25,16,-0.0916153,0.00414185,False
rs12158565,25,17,-0.0856087,0.00732461,False
rs12158565,25,18,-0.0936118,0.00329054,False
rs12158565,25,19,-0.0805923,0.0114441,False
rs12158565,25,20,-0.0963759,0.00248534,False
rs12158565,25,21,-0.0874008,0.00613047,False
rs12158565,25,22,-0.0859535,0.00704496,False
rs12158565,25,23,-0.102225,0.00139179,False
rs12158565,25,24,-0.0930557,0.00362507,False
rs12158565,25,25,-0.0936025,0.00341975,False
rs12158565,25,26,-0.0840972,0.0087004,False
rs12158565,25,27,-0.0848165,0.00813332,False
rs12158565,25,28,-0.111244,0.000533829,False
rs12158565,25,29,-0.0807074,0.0122526,False
rs12158565,25,30,-0.0948949,0.00325273,False
rs12158565,25,31,-0.0946233,0.00334472,False
rs12158565,25,32,-0.0980391,0.00244492,False
rs12158565,25,33,-0.0874763,0.0069562,False
rs12158565,25,34,-0.0894079,0.00588521,False
rs12158565,25,35,-0.0863338,0.00801545,False
rs12158565,25,36,-0.0895359,0.00603471,False
rs12158565,25,37,-0.10181,0.00184273,False
rs12158565,25,38,-0.0941266,0.0039743,False
rs12158565,25,39,-0.0926785,0.00468244,False
rs12158565,25,40,-0.102983,0.00170293,False
rs12158565,25,41,-0.114657,0.000484002,False
rs12158565,25,42,-0.0966076,0.00342617,False
rs12158565,25,43,-0.0914543,0.0055939,False
rs12158565,25,44,-0.100345,0.00250129,False
rs12158565,25,45,-0.100936,0.0023689,False
rs12158565,25,46,-0.107184,0.00129672,False
rs12158565,25,47,-0.102522,0.00214018,False
rs12158565,25,48,-0.107514,0.00134698,False
rs12158565,25,49,-0.0991467,0.00321639,False
rs12158565,25,50,-0.101645,0.00259679,False
rs12158565,25,51,-0.101849,0.00260926,False
rs12158565,25,52,-0.0965709,0.00448507,False
rs12158565,25,53,-0.0864455,0.0111112,False
rs12158565,25,54,-0.0868597,0.0110318,False
rs12158565,25,55,-0.101493,0.00308209,False
rs12158565,25,56,-0.0930528,0.00688783,False
rs12158565,25,57,-0.0934646,0.00675986,False
rs12158565,25,58,-0.0926059,0.00746585,False
rs12158565,25,59,-0.0991325,0.00430303,False
rs12158565,25,60,-0.102953,0.00312706,False
rs12158565,25,61,-0.0831315,0.0173203,False
rs12158565,25,62,-0.0977355,0.00533768,False
rs12158565,25,63,-0.105478,0.00275415,False
rs12158565,25,64,-0.10408,0.00323441,False
rs12158565,25,65,-0.0982894,0.00557085,False
rs12158565,25,66,-0.0897475,0.0116337,False
rs12158565,25,67,-0.0902053,0.0114453,False
rs12158565,25,68,-0.0841239,0.0190671,False
rs12158565,25,69,-0.079271,0.0278113,False
rs12158565,25,70,-0.093804,0.00945813,False
rs12158565,25,71,-0.104972,0.00382624,False
rs12158565,25,72,-0.0971097,0.00780044,False
rs12158565,25,73,-0.0808475,0.0272391,False
rs12158565,25,74,-0.0996797,0.00671001,False
rs12158565,25,75,-0.10517,0.00438798,False
rs12158565,25,76,-0.106258,0.00416428,False
rs12158565,25,77,-0.112395,0.00252877,False
rs12158565,25,78,-0.1088,0.00361141,False
rs12158565,25,79,-0.116662,0.00189064,False
rs12158565,25,80,-0.114399,0.00241908,False
rs12158565,25,81,-0.124495,0.000994136,False
rs12158565,25,82,-0.125526,0.000938221,False
rs12158565,25,83,-0.119503,0.00173959,False
rs12158565,25,84,-0.129844,0.000677238,False
rs12158565,25,85,-0.133424,0.000517034,False
rs12158565,25,86,-0.124854,0.00119236,False
rs12158565,25,87,-0.1184,0.00221672,False
rs12158565,25,88,-0.128785,0.000906084,False
rs12158565,25,89,-0.130597,0.000810796,False
rs12158565,25,90,-0.130953,0.00081525,False
rs12158565,25,91,-0.129225,0.00100885,False
rs12158565,25,92,-0.126318,0.00135695,False
rs12158565,25,93,-0.12546,0.00149285,False
rs12158565,25,94,-0.134691,0.000702434,False
rs12158565,25,95,-0.133508,0.000818938,False
rs12158565,25,96,-0.13285,0.000920658,False
rs12158565,25,97,-0.136529,0.000674697,False
rs12158565,25,98,-0.145735,0.000306441,False
rs12158565,25,99,-0.129808,0.00133654,False
rs12158565,25,100,-0.13451,0.000934112,False
rs12158565,25,101,-0.133416,0.00108049,False
rs12158565,25,102,-0.13052,0.00145239,False
rs12158565,25,103,-0.141431,0.000574689,False
rs12158565,25,104,-0.134573,0.00112504,False
rs12158565,25,105,-0.132189,0.00141354,False
rs12158565,25,106,-0.138261,0.000881556,False
rs12158565,25,107,-0.134937,0.00120671,False
rs12158565,25,108,-0.13505,0.00123885,False
rs12158565,25,109,-0.140728,0.00080194,False
rs12158565,25,110,-0.138878,0.000968437,False
rs12158565,25,111,-0.141016,0.000821912,False
rs12158565,25,112,-0.142424,0.000771503,False
rs12158565,25,113,-0.150422,0.000394807,False
rs12158565,25,114,-0.138379,0.00112471,False
rs12158565,25,115,-0.14016,0.00100204,False
rs12158565,25,116,-0.14792,0.00054037,False
rs12158565,25,117,-0.143678,0.000793401,False
rs12158565,25,118,-0.156166,0.000272005,False
rs12158565,25,119,-0.137845,0.00136394,False
rs12158565,25,120,-0.147292,0.000620775,False
rs12158565,25,121,-0.145475,0.000738657,False
rs12158565,25,122,-0.143768,0.000882276,False
rs12158565,25,123,-0.1599,0.000226483,False
rs12158565,25,124,-0.141333,0.00115288,False
rs12158565,25,125,-0.139737,0.00132795,False
rs12158565,25,126,-0.147166,0.000732771,False
rs12158565,25,127,-0.146102,0.000839455,False
rs12158565,25,128,-0.132559,0.00248451,False
rs12158565,25,129,-0.137158,0.00178132,False
rs12158565,25,130,-0.141699,0.0012552,False
rs12158565,25,131,-0.126482,0.00406794,False
rs12158565,25,132,-0.134645,0.00225116,False
rs12158565,25,133,-0.136182,0.00199418,False
rs12158565,25,134,-0.14063,0.0014254,False
rs12158565,25,135,-0.139034,0.00160491,False
rs12158565,25,136,-0.130899,0.00300288,False
rs12158565,25,137,-0.126519,0.00416245,False
rs12158565,25,138,-0.13857,0.00172523,False
rs12158565,25,139,-0.138313,0.00177564,False
rs12158565,25,140,-0.130485,0.00317869,False
rs12158565,25,141,-0.126816,0.00410556,False
rs12158565,25,142,-0.128535,0.00366175,False
rs12158565,25,143,-0.133042,0.00264787,False
rs12158565,25,144,-0.145309,0.00102575,False
rs12158565,25,145,-0.147276,0.00087935,False
rs12158565,25,146,-0.144324,0.00111228,False
rs12158565,25,147,-0.152695,0.000556303,False
rs12158565,25,148,-0.157856,0.00035399,False
rs12158565,25,149,-0.159476,0.000309806,False
rs12158565,25,150,-0.151047,0.00061921,False
rs12158565,25,151,-0.152166,0.000563226,False
rs12158565,25,152,-0.162465,0.000225385,False
rs12158565,25,153,-0.162621,0.000218605,False
rs12158565,25,154,-0.165317,0.000171674,False
rs12158565,25,155,-0.153583,0.000471776,False
rs12158565,25,156,-0.157179,0.000340745,False
rs12158565,25,157,-0.161343,0.000237288,False
rs12158565,25,158,-0.157868,0.000315361,False
rs12158565,25,159,-0.159668,0.000265375,False
rs12158565,25,160,-0.158475,0.000286791,False
rs12158565,25,161,-0.163549,0.000179324,False
rs12158565,25,162,-0.16049,0.000230763,False
rs12158565,25,163,-0.156765,0.000314038,False
rs12158565,25,164,-0.177399,4.37136e-05,False
rs12158565,25,165,-0.179313,3.48457e-05,False
rs12158565,25,166,-0.17819,3.90401e-05,False
rs12158565,25,167,-0.182837,2.3458e-05,False
rs12158565,25,168,-0.183618,2.05346e-05,False
rs12158565,25,169,-0.181579,2.48777e-05,False
rs12158565,25,170,-0.170714,7.299e-05,False
rs12158565,25,171,-0.173104,5.61678e-05,False
rs12158565,25,172,-0.183863,1.7967e-05,False
rs12158565,25,173,-0.169279,7.80465e-05,False
rs12158565,25,174,-0.163923,0.000131927,False
rs12158565,25,175,-0.165226,0.000112401,False
rs12158565,25,176,-0.168542,7.8624e-05,False
rs12158565,25,177,-0.16234,0.000141587,False
rs12158565,25,178,-0.164685,0.000110021,False
rs12158565,25,179,-0.154914,0.000265999,False
rs12158565,25,180,-0.163476,0.000116124,False
rs12158565,25,181,-0.16168,0.000139154,False
rs12158565,25,182,-0.154523,0.000270809,False
rs12158565,25,183,-0.156492,0.000222406,False
rs12158565,25,184,-0.155278,0.000246907,False
rs12158565,25,185,-0.162577,0.000123494,False
rs12158565,25,186,-0.144683,0.000627834,False
rs12158565,25,187,-0.14972,0.000399887,False
rs12158565,25,188,-0.139405,0.000982551,False
rs12158565,25,189,-0.139098,0.0010076,False
rs12158565,25,190,-0.147298,0.00049851,False
rs12158565,25,191,-0.157396,0.000200396,False
rs12158565,25,192,-0.153507,0.00027959,False
rs12158565,25,193,-0.15514,0.000242658,False
rs12158565,25,194,-0.158659,0.000180096,False
rs12158565,25,195,-0.160813,0.000151246,False
rs12158565,25,196,-0.163568,0.000120328,False
rs12158565,25,197,-0.154785,0.000284523,False
rs12158565,25,198,-0.159157,0.000189733,False
rs12158565,25,199,-0.154823,0.000288387,False
rs12158565,25,200,-0.170151,6.81141e-05,False
rs12158565,25,201,-0.161696,0.000159261,False
rs12158565,25,202,-0.172825,5.58182e-05,False
rs12158565,25,203,-0.151681,0.000417844,False
rs12158565,25,204,-0.151562,0.000446529,False
rs12158565,25,205,-0.166263,0.0001226,False
rs12158565,25,206,-0.160212,0.000219783,False
rs12158565,25,207,-0.143679,0.000959662,False
rs12158565,25,208,-0.148086,0.00069794,False
rs12158565,25,209,-0.148631,0.000709883,False
rs12158565,25,210,-0.148384,0.000777145,False
rs12158565,25,211,-0.15871,0.000337688,False
rs12158565,25,212,-0.156879,0.000424945,False
rs12158565,25,213,-0.152092,0.000689266,False
rs12158565,25,214,-0.16259,0.00030259,False
rs12158565,25,215,-0.156868,0.000534033,False
rs12158565,25,216,-0.156471,0.000598127,False
rs12158565,25,217,-0.161393,0.000435142,False
rs12158565,25,218,-0.148177,0.00135807,False
rs12158565,25,219,-0.158014,0.00069405,False
rs12158565,25,220,-0.162585,0.000536641,False
rs12158565,25,221,-0.164537,0.000509276,False
rs12158565,25,222,-0.153364,0.00132052,False
rs12158565,25,223,-0.155802,0.00122421,False
rs12158565,25,224,-0.157638,0.00119241,False
rs12158565,25,225,-0.146429,0.00287657,False
rs12158565,25,226,-0.157735,0.00146881,False
rs12158565,25,227,-0.150027,0.00275994,False
rs12158565,25,228,-0.158423,0.00174472,False
rs12158565,25,229,-0.156207,0.00227366,False
rs12158565,25,230,-0.156638,0.00244983,False
rs12158565,25,231,-0.16971,0.00118384,False
rs12158565,25,232,-0.172703,0.0011105,False
rs12158565,25,233,-0.164974,0.002071,False
rs12158565,25,234,-0.173024,0.00140597,False
rs12158565,25,235,-0.17992,0.00103337,False
rs12158565,25,236,-0.176495,0.00147973,False
rs12158565,25,237,-0.167636,0.00284177,False
rs12158565,25,238,-0.172769,0.00240014,False
rs12158565,25,239,-0.172676,0.00276346,False
rs12158565,25,240,-0.187221,0.00132817,False
rs12158565,25,241,-0.183967,0.00183636,False
rs12158565,25,242,-0.186839,0.00178531,False
rs12158565,25,243,-0.184241,0.00237763,False
rs12158565,25,244,-0.18489,0.00262484,False
rs12158565,25,245,-0.188139,0.002513,False
rs12158565,25,246,-0.177404,0.004954,False
rs12158565,25,247,-0.181016,0.00465298,False
rs12158565,25,248,-0.19054,0.00330109,False
rs12158565,25,249,-0.183793,0.00514949,False
rs12158565,25,250,-0.193971,0.00354408,False
rs12158565,25,251,-0.194109,0.00388874,False
rs12158565,26,6,-0.0979984,0.00394667,False
rs12158565,26,7,-0.088502,0.00895311,False
rs12158565,26,8,-0.101305,0.0025436,False
rs12158565,26,9,-0.0786949,0.0180191,False
rs12158565,26,10,-0.0993259,0.0025976,False
rs12158565,26,11,-0.0821538,0.0121396,False
rs12158565,26,12,-0.0793381,0.01488,False
rs12158565,26,13,-0.0800681,0.0133466,False
rs12158565,26,14,-0.0874282,0.00671147,False
rs12158565,26,15,-0.068033,0.0340597,False
rs12158565,26,16,-0.0667927,0.0369922,False
rs12158565,26,17,-0.0591235,0.0642716,False
rs12158565,26,18,-0.0669743,0.0359941,False
rs12158565,26,19,-0.0665533,0.0369118,False
rs12158565,26,20,-0.0729043,0.0223737,False
rs12158565,26,21,-0.0739988,0.0206644,False
rs12158565,26,22,-0.0838777,0.00856398,False
rs12158565,26,23,-0.0663685,0.0378042,False
rs12158565,26,24,-0.0799043,0.0125674,False
rs12158565,26,25,-0.0822871,0.0101204,False
rs12158565,26,26,-0.0799063,0.0127371,False
rs12158565,26,27,-0.0757215,0.0183967,False
rs12158565,26,28,-0.071477,0.0261887,False
rs12158565,26,29,-0.0841412,0.00891304,False
rs12158565,26,30,-0.0776528,0.0159917,False
rs12158565,26,31,-0.0784686,0.0150935,False
rs12158565,26,32,-0.0855959,0.008158,False
rs12158565,26,33,-0.0986955,0.00232933,False
rs12158565,26,34,-0.0686676,0.0346609,False
rs12158565,26,35,-0.0764072,0.0189992,False
rs12158565,26,36,-0.0825637,0.0113871,False
rs12158565,26,37,-0.077353,0.0178625,False
rs12158565,26,38,-0.0847643,0.00965407,False
rs12158565,26,39,-0.0813647,0.0132719,False
rs12158565,26,40,-0.0752,0.0222937,False
rs12158565,26,41,-0.0946121,0.00408604,False
rs12158565,26,42,-0.0940554,0.00442656,False
rs12158565,26,43,-0.0889062,0.007336,False
rs12158565,26,44,-0.0987448,0.00304926,False
rs12158565,26,45,-0.0842741,0.0114152,False
rs12158565,26,46,-0.094366,0.00478138,False
rs12158565,26,47,-0.0844312,0.011837,False
rs12158565,26,48,-0.0951116,0.00471734,False
rs12158565,26,49,-0.0983221,0.00353606,False
rs12158565,26,50,-0.0833957,0.0137467,False
rs12158565,26,51,-0.0809951,0.0169525,False
rs12158565,26,52,-0.0875962,0.00996861,False
rs12158565,26,53,-0.0779995,0.0221361,False
rs12158565,26,54,-0.0846645,0.0133928,False
rs12158565,26,55,-0.0803846,0.0194955,False
rs12158565,26,56,-0.0786506,0.0228474,False
rs12158565,26,57,-0.0763302,0.0274375,False
rs12158565,26,58,-0.0923412,0.0078505,False
rs12158565,26,59,-0.0722908,0.0381974,False
rs12158565,26,60,-0.0903357,0.00972237,False
rs12158565,26,61,-0.0780853,0.0261165,False
rs12158565,26,62,-0.0833489,0.0179028,False
rs12158565,26,63,-0.086135,0.0147896,False
rs12158565,26,64,-0.0816555,0.021314,False
rs12158565,26,65,-0.0877692,0.0135722,False
rs12158565,26,66,-0.0889018,0.0129485,False
rs12158565,26,67,-0.0848745,0.0182012,False
rs12158565,26,68,-0.0912712,0.0112614,False
rs12158565,26,69,-0.0885178,0.0145935,False
rs12158565,26,70,-0.0884505,0.0148941,False
rs12158565,26,71,-0.106569,0.00353462,False
rs12158565,26,72,-0.10366,0.00470311,False
rs12158565,26,73,-0.0993784,0.00693347,False
rs12158565,26,74,-0.101477,0.00607567,False
rs12158565,26,75,-0.102621,0.00571492,False
rs12158565,26,76,-0.083018,0.0259899,False
rs12158565,26,77,-0.0937305,0.0122649,False
rs12158565,26,78,-0.0960617,0.0105812,False
rs12158565,26,79,-0.110844,0.00328607,False
rs12158565,26,80,-0.0987267,0.00929456,False
rs12158565,26,81,-0.0985586,0.00965758,False
rs12158565,26,82,-0.119898,0.00170272,False
rs12158565,26,83,-0.10516,0.00616788,False
rs12158565,26,84,-0.105643,0.00617098,False
rs12158565,26,85,-0.114596,0.00306952,False
rs12158565,26,86,-0.121098,0.00180486,False
rs12158565,26,87,-0.112784,0.00375955,False
rs12158565,26,88,-0.125392,0.00134905,False
rs12158565,26,89,-0.133851,0.000649683,False
rs12158565,26,90,-0.126769,0.00131068,False
rs12158565,26,91,-0.133778,0.000749846,False
rs12158565,26,92,-0.140827,0.000404766,False
rs12158565,26,93,-0.149448,0.000182666,False
rs12158565,26,94,-0.126818,0.00157199,False
rs12158565,26,95,-0.138226,0.000601654,False
rs12158565,26,96,-0.136352,0.000743284,False
rs12158565,26,97,-0.137111,0.000735826,False
rs12158565,26,98,-0.133087,0.00108532,False
rs12158565,26,99,-0.126702,0.00190577,False
rs12158565,26,100,-0.136175,0.000913442,False
rs12158565,26,101,-0.14092,0.000629963,False
rs12158565,26,102,-0.137647,0.00087022,False
rs12158565,26,103,-0.141526,0.000644192,False
rs12158565,26,104,-0.13862,0.000863008,False
rs12158565,26,105,-0.131561,0.00162626,False
rs12158565,26,106,-0.134514,0.0013184,False
rs12158565,26,107,-0.148363,0.000416352,False
rs12158565,26,108,-0.144244,0.000625417,False
rs12158565,26,109,-0.137051,0.00120038,False
rs12158565,26,110,-0.128883,0.00239987,False
rs12158565,26,111,-0.131738,0.0019648,False
rs12158565,26,112,-0.140008,0.00103307,False
rs12158565,26,113,-0.135463,0.00152737,False
rs12158565,26,114,-0.138012,0.0012906,False
rs12158565,26,115,-0.13657,0.00151217,False
rs12158565,26,116,-0.136259,0.00157818,False
rs12158565,26,117,-0.144065,0.000863989,False
rs12158565,26,118,-0.144901,0.000830631,False
rs12158565,26,119,-0.143716,0.000937526,False
rs12158565,26,120,-0.134832,0.00193368,False
rs12158565,26,121,-0.124353,0.00432185,False
rs12158565,26,122,-0.141295,0.00122479,False
rs12158565,26,123,-0.13032,0.00289142,False
rs12158565,26,124,-0.133466,0.00233124,False
rs12158565,26,125,-0.131979,0.00263774,False
rs12158565,26,126,-0.141961,0.00123459,False
rs12158565,26,127,-0.142096,0.00125166,False
rs12158565,26,128,-0.124795,0.00467784,False
rs12158565,26,129,-0.128979,0.00353254,False
rs12158565,26,130,-0.130494,0.00319372,False
rs12158565,26,131,-0.138289,0.0018068,False
rs12158565,26,132,-0.141913,0.00138097,False
rs12158565,26,133,-0.131808,0.00298742,False
rs12158565,26,134,-0.130264,0.00340397,False
rs12158565,26,135,-0.133444,0.00274843,False
rs12158565,26,136,-0.141593,0.00150082,False
rs12158565,26,137,-0.140324,0.00167594,False
rs12158565,26,138,-0.138135,0.00199484,False
rs12158565,26,139,-0.129647,0.00373528,False
rs12158565,26,140,-0.131813,0.00318433,False
rs12158565,26,141,-0.136654,0.00223804,False
rs12158565,26,142,-0.138177,0.00200224,False
rs12158565,26,143,-0.127933,0.00424094,False
rs12158565,26,144,-0.133944,0.00273317,False
rs12158565,26,145,-0.13494,0.00254055,False
rs12158565,26,146,-0.132937,0.00293353,False
rs12158565,26,147,-0.134828,0.00252849,False
rs12158565,26,148,-0.142021,0.00145675,False
rs12158565,26,149,-0.14292,0.00136449,False
rs12158565,26,150,-0.155455,0.000493795,False
rs12158565,26,151,-0.149222,0.000809962,False
rs12158565,26,152,-0.138612,0.0018211,False
rs12158565,26,153,-0.145964,0.00101713,False
rs12158565,26,154,-0.161464,0.00027818,False
rs12158565,26,155,-0.16001,0.000307133,False
rs12158565,26,156,-0.1622,0.000249801,False
rs12158565,26,157,-0.168902,0.00013341,False
rs12158565,26,158,-0.17492,7.38348e-05,False
rs12158565,26,159,-0.175974,6.41701e-05,False
rs12158565,26,160,-0.170693,0.000105823,False
rs12158565,26,161,-0.163316,0.000203346,False
rs12158565,26,162,-0.167322,0.000138813,False
rs12158565,26,163,-0.162459,0.000211255,False
rs12158565,26,164,-0.16199,0.000216653,False
rs12158565,26,165,-0.162765,0.000195596,False
rs12158565,26,166,-0.166597,0.000134126,False
rs12158565,26,167,-0.162748,0.000186971,False
rs12158565,26,168,-0.154695,0.000378605,False
rs12158565,26,169,-0.158388,0.000274309,False
rs12158565,26,170,-0.169975,9.10164e-05,False
rs12158565,26,171,-0.166226,0.000122272,False
rs12158565,26,172,-0.170506,8.10695e-05,False
rs12158565,26,173,-0.167664,0.000105096,False
rs12158565,26,174,-0.160417,0.000201099,False
rs12158565,26,175,-0.162235,0.000165733,False
rs12158565,26,176,-0.156161,0.000278376,False
rs12158565,26,177,-0.157321,0.000253029,False
rs12158565,26,178,-0.160064,0.000187951,False
rs12158565,26,179,-0.173765,4.76114e-05,False
rs12158565,26,180,-0.166509,9.6858e-05,False
rs12158565,26,181,-0.165289,0.000107708,False
rs12158565,26,182,-0.164342,0.000117795,False
rs12158565,26,183,-0.156931,0.000233307,False
rs12158565,26,184,-0.162168,0.000141211,False
rs12158565,26,185,-0.161118,0.000150534,False
rs12158565,26,186,-0.160798,0.000153078,False
rs12158565,26,187,-0.157916,0.000193971,False
rs12158565,26,188,-0.154478,0.000269312,False
rs12158565,26,189,-0.158054,0.000191619,False
rs12158565,26,190,-0.159383,0.000165251,False
rs12158565,26,191,-0.165334,9.37347e-05,False
rs12158565,26,192,-0.166118,8.68472e-05,False
rs12158565,26,193,-0.165614,9.01776e-05,False
rs12158565,26,194,-0.15961,0.000162433,False
rs12158565,26,195,-0.169452,6.33667e-05,False
rs12158565,26,196,-0.162167,0.000131229,False
rs12158565,26,197,-0.167754,7.69661e-05,False
rs12158565,26,198,-0.165585,9.73771e-05,False
rs12158565,26,199,-0.170611,6.05561e-05,False
rs12158565,26,200,-0.157646,0.000214359,False
rs12158565,26,201,-0.172945,5.12392e-05,False
rs12158565,26,202,-0.172017,5.91101e-05,False
rs12158565,26,203,-0.157293,0.000247364,False
rs12158565,26,204,-0.162225,0.000162502,False
rs12158565,26,205,-0.158378,0.000244326,False
rs12158565,26,206,-0.153907,0.000373821,False
rs12158565,26,207,-0.157537,0.000286238,False
rs12158565,26,208,-0.154545,0.000390302,False
rs12158565,26,209,-0.152078,0.000509146,False
rs12158565,26,210,-0.162483,0.000218789,False
rs12158565,26,211,-0.152741,0.000539618,False
rs12158565,26,212,-0.14851,0.000803238,False
rs12158565,26,213,-0.160332,0.000313761,False
rs12158565,26,214,-0.159797,0.000355596,False
rs12158565,26,215,-0.163487,0.000281839,False
rs12158565,26,216,-0.149894,0.000914711,False
rs12158565,26,217,-0.159624,0.000458526,False
rs12158565,26,218,-0.157139,0.000630672,False
rs12158565,26,219,-0.162923,0.000426779,False
rs12158565,26,220,-0.174424,0.000181377,False
rs12158565,26,221,-0.158892,0.00072289,False
rs12158565,26,222,-0.163485,0.000555815,False
rs12158565,26,223,-0.157877,0.000961482,False
rs12158565,26,224,-0.167055,0.000531933,False
rs12158565,26,225,-0.158837,0.00109511,False
rs12158565,26,226,-0.162395,0.000950199,False
rs12158565,26,227,-0.17174,0.000551223,False
rs12158565,26,228,-0.168645,0.000788887,False
rs12158565,26,229,-0.160911,0.00151219,False
rs12158565,26,230,-0.167445,0.00110499,False
rs12158565,26,231,-0.15781,0.00236919,False
rs12158565,26,232,-0.177883,0.000703796,False
rs12158565,26,233,-0.166846,0.00168325,False
rs12158565,26,234,-0.163021,0.00242803,False
rs12158565,26,235,-0.168322,0.00196501,False
rs12158565,26,236,-0.170297,0.00199101,False
rs12158565,26,237,-0.167267,0.00272693,False
rs12158565,26,238,-0.157786,0.00527758,False
rs12158565,26,239,-0.181771,0.00150835,False
rs12158565,26,240,-0.169808,0.00341546,False
rs12158565,26,241,-0.163978,0.00529779,False
rs12158565,26,242,-0.174237,0.00346448,False
rs12158565,26,243,-0.190878,0.00157234,False
rs12158565,26,244,-0.192214,0.00170154,False
rs12158565,26,245,-0.194364,0.00176757,False
rs12158565,26,246,-0.184373,0.00342552,False
rs12158565,26,247,-0.188457,0.00315675,False
rs12158565,26,248,-0.194706,0.00262574,False
rs12158565,26,249,-0.200825,0.00219597,False
rs12158565,26,250,-0.20908,0.00164637,False
rs12158565,26,251,-0.207527,0.00196752,False
rs12158565,27,6,-0.100485,0.0032061,False
rs12158565,27,7,-0.105837,0.00173317,False
rs12158565,27,8,-0.0938987,0.00514987,False
rs12158565,27,9,-0.0939095,0.00475171,False
rs12158565,27,10,-0.0813658,0.0138278,False
rs12158565,27,11,-0.0805837,0.0141333,False
rs12158565,27,12,-0.0782731,0.0160469,False
rs12158565,27,13,-0.0946192,0.00349613,False
rs12158565,27,14,-0.0889092,0.00590925,False
rs12158565,27,15,-0.0840278,0.00889419,False
rs12158565,27,16,-0.0813002,0.0114654,False
rs12158565,27,17,-0.077363,0.0159144,False
rs12158565,27,18,-0.0848912,0.00822205,False
rs12158565,27,19,-0.0808509,0.0118428,False
rs12158565,27,20,-0.0722638,0.0242348,False
rs12158565,27,21,-0.0723526,0.0242508,False
rs12158565,27,22,-0.0864618,0.00704961,False
rs12158565,27,23,-0.0823355,0.0103941,False
rs12158565,27,24,-0.076318,0.017761,False
rs12158565,27,25,-0.0687599,0.0325332,False
rs12158565,27,26,-0.0823207,0.0104201,False
rs12158565,27,27,-0.0836837,0.00932929,False
rs12158565,27,28,-0.0906777,0.00497861,False
rs12158565,27,29,-0.0928569,0.00401147,False
rs12158565,27,30,-0.0792077,0.0141463,False
rs12158565,27,31,-0.0879173,0.00657112,False
rs12158565,27,32,-0.0923656,0.00439774,False
rs12158565,27,33,-0.0957534,0.00314642,False
rs12158565,27,34,-0.0950858,0.00342677,False
rs12158565,27,35,-0.101184,0.00191571,False
rs12158565,27,36,-0.111051,0.000669401,False
rs12158565,27,37,-0.0977508,0.00282347,False
rs12158565,27,38,-0.0982247,0.0027541,False
rs12158565,27,39,-0.106202,0.00118984,False
rs12158565,27,40,-0.11346,0.000571068,False
rs12158565,27,41,-0.110905,0.000797284,False
rs12158565,27,42,-0.10122,0.00225579,False
rs12158565,27,43,-0.101034,0.00234299,False
rs12158565,27,44,-0.105894,0.00146907,False
rs12158565,27,45,-0.105827,0.00153533,False
rs12158565,27,46,-0.0986894,0.00326856,False
rs12158565,27,47,-0.098815,0.00333852,False
rs12158565,27,48,-0.102619,0.00237369,False
rs12158565,27,49,-0.0984794,0.00367591,False
rs12158565,27,50,-0.101424,0.00288407,False
rs12158565,27,51,-0.0955016,0.00507946,False
rs12158565,27,52,-0.0999821,0.00354226,False
rs12158565,27,53,-0.0925257,0.00705401,False
rs12158565,27,54,-0.0802126,0.0199356,False
rs12158565,27,55,-0.0959313,0.00551255,False
rs12158565,27,56,-0.0881365,0.0109418,False
rs12158565,27,57,-0.0865925,0.0127347,False
rs12158565,27,58,-0.097578,0.00518723,False
rs12158565,27,59,-0.0960738,0.00612797,False
rs12158565,27,60,-0.107891,0.00215642,False
rs12158565,27,61,-0.0881235,0.0123976,False
rs12158565,27,62,-0.0883498,0.0127638,False
rs12158565,27,63,-0.088617,0.0124577,False
rs12158565,27,64,-0.0871593,0.0145436,False
rs12158565,27,65,-0.0773521,0.030907,False
rs12158565,27,66,-0.0865655,0.0160841,False
rs12158565,27,67,-0.0895462,0.0131722,False
rs12158565,27,68,-0.0824483,0.023,False
rs12158565,27,69,-0.10135,0.00543791,False
rs12158565,27,70,-0.0957052,0.00890408,False
rs12158565,27,71,-0.0911967,0.0130931,False
rs12158565,27,72,-0.0924389,0.0122521,False
rs12158565,27,73,-0.100153,0.0069668,False
rs12158565,27,74,-0.0981142,0.00836647,False
rs12158565,27,75,-0.104571,0.00510769,False
rs12158565,27,76,-0.0974981,0.00942028,False
rs12158565,27,77,-0.100529,0.00773085,False
rs12158565,27,78,-0.103459,0.00628685,False
rs12158565,27,79,-0.111505,0.00332226,False
rs12158565,27,80,-0.100198,0.00873226,False
rs12158565,27,81,-0.105888,0.0058013,False
rs12158565,27,82,-0.112444,0.00347133,False
rs12158565,27,83,-0.117447,0.0024039,False
rs12158565,27,84,-0.115077,0.00308064,False
rs12158565,27,85,-0.110213,0.00470516,False
rs12158565,27,86,-0.127546,0.00111868,False
rs12158565,27,87,-0.111946,0.00439763,False
rs12158565,27,88,-0.124943,0.00154315,False
rs12158565,27,89,-0.131025,0.000932272,False
rs12158565,27,90,-0.137492,0.000546171,False
rs12158565,27,91,-0.125382,0.00169891,False
rs12158565,27,92,-0.11901,0.00302105,False
rs12158565,27,93,-0.134989,0.000798209,False
rs12158565,27,94,-0.127021,0.0016925,False
rs12158565,27,95,-0.127988,0.00160971,False
rs12158565,27,96,-0.136454,0.000817322,False
rs12158565,27,97,-0.137595,0.000765373,False
rs12158565,27,98,-0.134813,0.0010489,False
rs12158565,27,99,-0.132884,0.00126527,False
rs12158565,27,100,-0.134685,0.00113027,False
rs12158565,27,101,-0.134288,0.00120821,False
rs12158565,27,102,-0.140659,0.000746886,False
rs12158565,27,103,-0.132482,0.00154312,False
rs12158565,27,104,-0.135578,0.00125544,False
rs12158565,27,105,-0.141074,0.000814609,False
rs12158565,27,106,-0.142732,0.000741337,False
rs12158565,27,107,-0.13349,0.00163311,False
rs12158565,27,108,-0.141181,0.000902012,False
rs12158565,27,109,-0.132341,0.00193032,False
rs12158565,27,110,-0.147138,0.000587442,False
rs12158565,27,111,-0.140078,0.00110925,False
rs12158565,27,112,-0.141573,0.00102516,False
rs12158565,27,113,-0.136151,0.00163522,False
rs12158565,27,114,-0.138327,0.00140294,False
rs12158565,27,115,-0.140517,0.00123055,False
rs12158565,27,116,-0.13531,0.00190767,False
rs12158565,27,117,-0.133255,0.00232177,False
rs12158565,27,118,-0.135108,0.0020636,False
rs12158565,27,119,-0.141962,0.00122076,False
rs12158565,27,120,-0.145147,0.000958913,False
rs12158565,27,121,-0.134238,0.00231519,False
rs12158565,27,122,-0.128611,0.00356475,False
rs12158565,27,123,-0.124809,0.00476407,False
rs12158565,27,124,-0.129074,0.00359354,False
rs12158565,27,125,-0.129267,0.00357546,False
rs12158565,27,126,-0.147132,0.000948465,False
rs12158565,27,127,-0.138273,0.00190813,False
rs12158565,27,128,-0.141145,0.00156543,False
rs12158565,27,129,-0.137283,0.00211153,False
rs12158565,27,130,-0.14536,0.00115821,False
rs12158565,27,131,-0.126168,0.00485237,False
rs12158565,27,132,-0.13672,0.00231907,False
rs12158565,27,133,-0.12645,0.00485896,False
rs12158565,27,134,-0.135825,0.00251118,False
rs12158565,27,135,-0.136905,0.00233964,False
rs12158565,27,136,-0.145738,0.00120562,False
rs12158565,27,137,-0.142308,0.00158879,False
rs12158565,27,138,-0.134208,0.00288176,False
rs12158565,27,139,-0.141851,0.00164524,False
rs12158565,27,140,-0.139685,0.00194006,False
rs12158565,27,141,-0.140022,0.00192339,False
rs12158565,27,142,-0.135654,0.00262762,False
rs12158565,27,143,-0.147624,0.00108527,False
rs12158565,27,144,-0.14639,0.00118522,False
rs12158565,27,145,-0.143241,0.00150475,False
rs12158565,27,146,-0.14325,0.00149296,False
rs12158565,27,147,-0.145622,0.00124851,False
rs12158565,27,148,-0.146768,0.00111958,False
rs12158565,27,149,-0.155468,0.000560949,False
rs12158565,27,150,-0.145621,0.00121242,False
rs12158565,27,151,-0.149397,0.000891448,False
rs12158565,27,152,-0.159497,0.000382583,False
rs12158565,27,153,-0.1574,0.000452315,False
rs12158565,27,154,-0.158765,0.000389818,False
rs12158565,27,155,-0.150521,0.000753681,False
rs12158565,27,156,-0.153362,0.000590415,False
rs12158565,27,157,-0.153095,0.000593778,False
rs12158565,27,158,-0.16127,0.000294553,False
rs12158565,27,159,-0.170218,0.000129008,False
rs12158565,27,160,-0.178696,5.62421e-05,False
rs12158565,27,161,-0.179112,5.35545e-05,False
rs12158565,27,162,-0.177373,6.23262e-05,False
rs12158565,27,163,-0.178732,5.2932e-05,False
rs12158565,27,164,-0.16811,0.00013996,False
rs12158565,27,165,-0.175598,6.61748e-05,False
rs12158565,27,166,-0.160367,0.000261358,False
rs12158565,27,167,-0.160284,0.000263586,False
rs12158565,27,168,-0.163706,0.000190235,False
rs12158565,27,169,-0.164098,0.0001796,False
rs12158565,27,170,-0.160743,0.000238676,False
rs12158565,27,171,-0.164301,0.000165475,False
rs12158565,27,172,-0.163372,0.000175276,False
rs12158565,27,173,-0.16476,0.000151655,False
rs12158565,27,174,-0.168118,0.0001076,False
rs12158565,27,175,-0.172521,6.8046e-05,False
rs12158565,27,176,-0.170789,7.52978e-05,False
rs12158565,27,177,-0.164724,0.000136347,False
rs12158565,27,178,-0.165817,0.000122207,False
rs12158565,27,179,-0.168514,9.06885e-05,False
rs12158565,27,180,-0.173081,5.66618e-05,False
rs12158565,27,181,-0.168305,8.62156e-05,False
rs12158565,27,182,-0.160408,0.000183258,False
rs12158565,27,183,-0.163542,0.000136202,False
rs12158565,27,184,-0.164159,0.000128169,False
rs12158565,27,185,-0.178119,3.05962e-05,False
rs12158565,27,186,-0.181654,2.08132e-05,False
rs12158565,27,187,-0.171805,5.65458e-05,False
rs12158565,27,188,-0.172484,5.00623e-05,False
rs12158565,27,189,-0.168189,7.78534e-05,False
rs12158565,27,190,-0.173034,4.707e-05,False
rs12158565,27,191,-0.178213,2.73414e-05,False
rs12158565,27,192,-0.170947,5.77704e-05,False
rs12158565,27,193,-0.167115,8.07566e-05,False
rs12158565,27,194,-0.167924,7.65517e-05,False
rs12158565,27,195,-0.171012,5.65991e-05,False
rs12158565,27,196,-0.15689,0.000223488,False
rs12158565,27,197,-0.158705,0.00019092,False
rs12158565,27,198,-0.168994,7.13679e-05,False
rs12158565,27,199,-0.167495,8.38845e-05,False
rs12158565,27,200,-0.173086,4.93985e-05,False
rs12158565,27,201,-0.169787,7.17609e-05,False
rs12158565,27,202,-0.160899,0.000172478,False
rs12158565,27,203,-0.169258,8.08158e-05,False
rs12158565,27,204,-0.15565,0.000294242,False
rs12158565,27,205,-0.152763,0.000396532,False
rs12158565,27,206,-0.152266,0.000428819,False
rs12158565,27,207,-0.149671,0.000563933,False
rs12158565,27,208,-0.153368,0.000417517,False
rs12158565,27,209,-0.143939,0.000982633,False
rs12158565,27,210,-0.142318,0.00116053,False
rs12158565,27,211,-0.137303,0.00180758,False
rs12158565,27,212,-0.154315,0.000481465,False
rs12158565,27,213,-0.148395,0.000826895,False
rs12158565,27,214,-0.158768,0.000363444,False
rs12158565,27,215,-0.147872,0.00097787,False
rs12158565,27,216,-0.137113,0.00239611,False
rs12158565,27,217,-0.155496,0.000602042,False
rs12158565,27,218,-0.160281,0.000444315,False
rs12158565,27,219,-0.14847,0.00124324,False
rs12158565,27,220,-0.148171,0.00135797,False
rs12158565,27,221,-0.151093,0.00119507,False
rs12158565,27,222,-0.161207,0.000603476,False
rs12158565,27,223,-0.155585,0.00102146,False
rs12158565,27,224,-0.163008,0.000647511,False
rs12158565,27,225,-0.150075,0.00186147,False
rs12158565,27,226,-0.166436,0.00062695,False
rs12158565,27,227,-0.14953,0.00236929,False
rs12158565,27,228,-0.168621,0.000695594,False
rs12158565,27,229,-0.15206,0.00247562,False
rs12158565,27,230,-0.157338,0.00194005,False
rs12158565,27,231,-0.150781,0.00336901,False
rs12158565,27,232,-0.150443,0.00378078,False
rs12158565,27,233,-0.148457,0.00477528,False
rs12158565,27,234,-0.170301,0.00137301,False
rs12158565,27,235,-0.168438,0.00180021,False
rs12158565,27,236,-0.151452,0.00560512,False
rs12158565,27,237,-0.164491,0.00295192,False
rs12158565,27,238,-0.153864,0.00601507,False
rs12158565,27,239,-0.167952,0.00311356,False
rs12158565,27,240,-0.161569,0.00503024,False
rs12158565,27,241,-0.17501,0.00270536,False
rs12158565,27,242,-0.170675,0.00393594,False
rs12158565,27,243,-0.176668,0.00323291,False
rs12158565,27,244,-0.184839,0.00238564,False
rs12158565,27,245,-0.184596,0.00278073,False
rs12158565,27,246,-0.181401,0.00373718,False
rs12158565,27,247,-0.181389,0.00427941,False
rs12158565,27,248,-0.197675,0.00212168,False
rs12158565,27,249,-0.198892,0.0022926,False
rs12158565,27,250,-0.18891,0.00420838,False
rs12158565,27,251,-0.217257,0.00112875,False
rs12158565,28,6,-0.0894857,0.00846994,False
rs12158565,28,7,-0.0853624,0.0114756,False
rs12158565,28,8,-0.0717096,0.0322174,False
rs12158565,28,9,-0.0666685,0.0447925,False
rs12158565,28,10,-0.0783603,0.017195,False
rs12158565,28,11,-0.0831779,0.0111901,False
rs12158565,28,12,-0.0800149,0.0141561,False
rs12158565,28,13,-0.087195,0.00724756,False
rs12158565,28,14,-0.062324,0.0537351,False
rs12158565,28,15,-0.0728034,0.0235783,False
rs12158565,28,16,-0.0777706,0.0154825,False
rs12158565,28,17,-0.0698803,0.0295712,False
rs12158565,28,18,-0.0733469,0.0222894,False
rs12158565,28,19,-0.0815238,0.0110555,False
rs12158565,28,20,-0.078237,0.0150017,False
rs12158565,28,21,-0.0801016,0.0126692,False
rs12158565,28,22,-0.0931117,0.0037466,False
rs12158565,28,23,-0.0741565,0.0211333,False
rs12158565,28,24,-0.0952644,0.0030628,False
rs12158565,28,25,-0.0800771,0.0130269,False
rs12158565,28,26,-0.0867157,0.00721328,False
rs12158565,28,27,-0.0861333,0.00765571,False
rs12158565,28,28,-0.0992156,0.00213858,False
rs12158565,28,29,-0.0781809,0.0158581,False
rs12158565,28,30,-0.0827142,0.0107948,False
rs12158565,28,31,-0.0848529,0.00910761,False
rs12158565,28,32,-0.0966861,0.00297295,False
rs12158565,28,33,-0.0907656,0.00545283,False
rs12158565,28,34,-0.0740956,0.0233776,False
rs12158565,28,35,-0.0957398,0.00341996,False
rs12158565,28,36,-0.0853885,0.00932381,False
rs12158565,28,37,-0.0877304,0.00761689,False
rs12158565,28,38,-0.0970323,0.00323877,False
rs12158565,28,39,-0.0948895,0.00418167,False
rs12158565,28,40,-0.0949958,0.00412645,False
rs12158565,28,41,-0.0963531,0.00374774,False
rs12158565,28,42,-0.0920795,0.00568368,False
rs12158565,28,43,-0.0995289,0.00284663,False
rs12158565,28,44,-0.107284,0.00134796,False
rs12158565,28,45,-0.0934815,0.00546402,False
rs12158565,28,46,-0.0997791,0.00310688,False
rs12158565,28,47,-0.0984267,0.00361381,False
rs12158565,28,48,-0.0976468,0.00401699,False
rs12158565,28,49,-0.107127,0.00165917,False
rs12158565,28,50,-0.0957166,0.00510521,False
rs12158565,28,51,-0.0892762,0.00920774,False
rs12158565,28,52,-0.093391,0.006606,False
rs12158565,28,53,-0.0952309,0.00577681,False
rs12158565,28,54,-0.0887974,0.0101894,False
rs12158565,28,55,-0.107488,0.00196765,False
rs12158565,28,56,-0.0927199,0.00785217,False
rs12158565,28,57,-0.104168,0.00290406,False
rs12158565,28,58,-0.0950463,0.00681579,False
rs12158565,28,59,-0.102456,0.00362885,False
rs12158565,28,60,-0.111994,0.00153534,False
rs12158565,28,61,-0.0899758,0.011085,False
rs12158565,28,62,-0.0986514,0.00557541,False
rs12158565,28,63,-0.09431,0.00827865,False
rs12158565,28,64,-0.0871107,0.0150802,False
rs12158565,28,65,-0.104701,0.00365346,False
rs12158565,28,66,-0.0922364,0.0107971,False
rs12158565,28,67,-0.0857651,0.0180703,False
rs12158565,28,68,-0.102883,0.00481434,False
rs12158565,28,69,-0.105675,0.0038663,False
rs12158565,28,70,-0.104743,0.00435604,False
rs12158565,28,71,-0.103479,0.00504692,False
rs12158565,28,72,-0.116611,0.00166388,False
rs12158565,28,73,-0.114798,0.00206338,False
rs12158565,28,74,-0.10703,0.00425909,False
rs12158565,28,75,-0.0932335,0.0131041,False
rs12158565,28,76,-0.110495,0.00345098,False
rs12158565,28,77,-0.122399,0.00127351,False
rs12158565,28,78,-0.111638,0.00344619,False
rs12158565,28,79,-0.0952236,0.0130701,False
rs12158565,28,80,-0.114149,0.00308158,False
rs12158565,28,81,-0.117258,0.00248185,False
rs12158565,28,82,-0.108273,0.0052869,False
rs12158565,28,83,-0.117264,0.00264934,False
rs12158565,28,84,-0.102823,0.00869382,False
rs12158565,28,85,-0.116477,0.00304818,False
rs12158565,28,86,-0.12342,0.0017974,False
rs12158565,28,87,-0.116503,0.00328683,False
rs12158565,28,88,-0.115441,0.00372015,False
rs12158565,28,89,-0.127678,0.00141795,False
rs12158565,28,90,-0.11883,0.00305199,False
rs12158565,28,91,-0.140618,0.000476507,False
rs12158565,28,92,-0.124349,0.00211335,False
rs12158565,28,93,-0.12285,0.00248064,False
rs12158565,28,94,-0.136723,0.000805012,False
rs12158565,28,95,-0.137035,0.000820058,False
rs12158565,28,96,-0.142556,0.000533599,False
rs12158565,28,97,-0.137761,0.000841591,False
rs12158565,28,98,-0.138911,0.000805042,False
rs12158565,28,99,-0.134243,0.00124421,False
rs12158565,28,100,-0.134058,0.00133368,False
rs12158565,28,101,-0.135951,0.00118649,False
rs12158565,28,102,-0.144864,0.000578081,False
rs12158565,28,103,-0.125408,0.00299961,False
rs12158565,28,104,-0.124424,0.00333485,False
rs12158565,28,105,-0.137721,0.00120693,False
rs12158565,28,106,-0.140954,0.000945358,False
rs12158565,28,107,-0.132653,0.0019164,False
rs12158565,28,108,-0.139496,0.0011502,False
rs12158565,28,109,-0.13758,0.00138482,False
rs12158565,28,110,-0.139663,0.00122778,False
rs12158565,28,111,-0.130153,0.00265639,False
rs12158565,28,112,-0.127097,0.00343931,False
rs12158565,28,113,-0.136379,0.00173441,False
rs12158565,28,114,-0.144428,0.000944311,False
rs12158565,28,115,-0.149997,0.000620086,False
rs12158565,28,116,-0.145653,0.00091313,False
rs12158565,28,117,-0.144884,0.00100298,False
rs12158565,28,118,-0.147963,0.00080426,False
rs12158565,28,119,-0.147844,0.000833258,False
rs12158565,28,120,-0.143431,0.0012215,False
rs12158565,28,121,-0.141037,0.00149516,False
rs12158565,28,122,-0.136977,0.00207424,False
rs12158565,28,123,-0.133808,0.00269821,False
rs12158565,28,124,-0.149595,0.000808255,False
rs12158565,28,125,-0.140795,0.00163,False
rs12158565,28,126,-0.144189,0.00126986,False
rs12158565,28,127,-0.141813,0.00156656,False
rs12158565,28,128,-0.138274,0.00208082,False
rs12158565,28,129,-0.149329,0.000899693,False
rs12158565,28,130,-0.139882,0.00189313,False
rs12158565,28,131,-0.143026,0.00151095,False
rs12158565,28,132,-0.150026,0.000890407,False
rs12158565,28,133,-0.151407,0.000809649,False
rs12158565,28,134,-0.150538,0.000888371,False
rs12158565,28,135,-0.137626,0.00239763,False
rs12158565,28,136,-0.139254,0.00212327,False
rs12158565,28,137,-0.13965,0.00208375,False
rs12158565,28,138,-0.147597,0.00115803,False
rs12158565,28,139,-0.136256,0.00269188,False
rs12158565,28,140,-0.138419,0.00231157,False
rs12158565,28,141,-0.136894,0.00256919,False
rs12158565,28,142,-0.136287,0.00269542,False
rs12158565,28,143,-0.137172,0.00251591,False
rs12158565,28,144,-0.143633,0.00155681,False
rs12158565,28,145,-0.144438,0.00147473,False
rs12158565,28,146,-0.135814,0.00278303,False
rs12158565,28,147,-0.141654,0.00179593,False
rs12158565,28,148,-0.141834,0.00174697,False
rs12158565,28,149,-0.152709,0.00075074,False
rs12158565,28,150,-0.162754,0.000321005,False
rs12158565,28,151,-0.164171,0.000283751,False
rs12158565,28,152,-0.166276,0.0002356,False
rs12158565,28,153,-0.164649,0.000263519,False
rs12158565,28,154,-0.177163,8.42728e-05,False
rs12158565,28,155,-0.167894,0.000191021,False
rs12158565,28,156,-0.162062,0.000310719,False
rs12158565,28,157,-0.15582,0.000524006,False
rs12158565,28,158,-0.169778,0.000151946,False
rs12158565,28,159,-0.171202,0.000131278,False
rs12158565,28,160,-0.172509,0.000114499,False
rs12158565,28,161,-0.172124,0.000117494,False
rs12158565,28,162,-0.164255,0.000230596,False
rs12158565,28,163,-0.158664,0.000356517,False
rs12158565,28,164,-0.159364,0.000333256,False
rs12158565,28,165,-0.170853,0.000117251,False
rs12158565,28,166,-0.164379,0.000204402,False
rs12158565,28,167,-0.161002,0.000268517,False
rs12158565,28,168,-0.170706,0.000108042,False
rs12158565,28,169,-0.148562,0.000744747,False
rs12158565,28,170,-0.146804,0.000835833,False
rs12158565,28,171,-0.151515,0.000555989,False
rs12158565,28,172,-0.166135,0.000151032,False
rs12158565,28,173,-0.171777,8.76373e-05,False
rs12158565,28,174,-0.18437,2.46068e-05,False
rs12158565,28,175,-0.184203,2.45526e-05,False
rs12158565,28,176,-0.186227,1.91583e-05,False
rs12158565,28,177,-0.186789,1.73893e-05,False
rs12158565,28,178,-0.190666,1.12195e-05,False
rs12158565,28,179,-0.1734,6.19873e-05,False
rs12158565,28,180,-0.18225,2.46777e-05,False
rs12158565,28,181,-0.167819,0.000100821,False
rs12158565,28,182,-0.176202,4.14856e-05,False
rs12158565,28,183,-0.181606,2.35859e-05,False
rs12158565,28,184,-0.183887,1.82905e-05,False
rs12158565,28,185,-0.181992,2.17667e-05,False
rs12158565,28,186,-0.176586,3.82737e-05,False
rs12158565,28,187,-0.167659,8.98374e-05,False
rs12158565,28,188,-0.166663,9.47815e-05,False
rs12158565,28,189,-0.174793,4.13852e-05,False
rs12158565,28,190,-0.17612,3.64152e-05,False
rs12158565,28,191,-0.178137,2.93173e-05,False
rs12158565,28,192,-0.168343,7.70565e-05,False
rs12158565,28,193,-0.176402,3.42363e-05,False
rs12158565,28,194,-0.182658,1.75788e-05,False
rs12158565,28,195,-0.162805,0.000131305,False
rs12158565,28,196,-0.150034,0.000427783,False
rs12158565,28,197,-0.149036,0.000465057,False
rs12158565,28,198,-0.153384,0.000317947,False
rs12158565,28,199,-0.168541,7.85326e-05,False
rs12158565,28,200,-0.152561,0.00035515,False
rs12158565,28,201,-0.158668,0.000206218,False
rs12158565,28,202,-0.152251,0.000376027,False
rs12158565,28,203,-0.156605,0.000261479,False
rs12158565,28,204,-0.162737,0.000155019,False
rs12158565,28,205,-0.156849,0.000270684,False
rs12158565,28,206,-0.160266,0.00020185,False
rs12158565,28,207,-0.166278,0.000121828,False
rs12158565,28,208,-0.163043,0.000170082,False
rs12158565,28,209,-0.172788,7.22314e-05,False
rs12158565,28,210,-0.163292,0.000189189,False
rs12158565,28,211,-0.168758,0.000116843,False
rs12158565,28,212,-0.165633,0.000166342,False
rs12158565,28,213,-0.172493,9.55535e-05,False
rs12158565,28,214,-0.170748,0.000120415,False
rs12158565,28,215,-0.154875,0.000523912,False
rs12158565,28,216,-0.159374,0.000384778,False
rs12158565,28,217,-0.156707,0.000516584,False
rs12158565,28,218,-0.163947,0.00030571,False
rs12158565,28,219,-0.179169,9.03044e-05,False
rs12158565,28,220,-0.171238,0.00019954,False
rs12158565,28,221,-0.163745,0.000419958,False
rs12158565,28,222,-0.164807,0.000431281,False
rs12158565,28,223,-0.1786,0.000153966,False
rs12158565,28,224,-0.175906,0.000220294,False
rs12158565,28,225,-0.175,0.000264687,False
rs12158565,28,226,-0.168989,0.000489968,False
rs12158565,28,227,-0.17478,0.000352695,False
rs12158565,28,228,-0.169279,0.000610615,False
rs12158565,28,229,-0.179759,0.000321115,False
rs12158565,28,230,-0.17947,0.000385103,False
rs12158565,28,231,-0.159903,0.00173331,False
rs12158565,28,232,-0.164116,0.0015007,False
rs12158565,28,233,-0.177193,0.00069875,False
rs12158565,28,234,-0.177515,0.000806058,False
rs12158565,28,235,-0.170914,0.00143572,False
rs12158565,28,236,-0.163344,0.00262215,False
rs12158565,28,237,-0.167637,0.00229071,False
rs12158565,28,238,-0.163081,0.00339364,False
rs12158565,28,239,-0.154454,0.00620872,False
rs12158565,28,240,-0.1547,0.00678408,False
rs12158565,28,241,-0.170485,0.00328957,False
rs12158565,28,242,-0.169043,0.00402645,False
rs12158565,28,243,-0.167529,0.00500537,False
rs12158565,28,244,-0.175932,0.00368121,False
rs12158565,28,245,-0.167825,0.00623814,False
rs12158565,28,246,-0.168988,0.00669297,False
rs12158565,28,247,-0.173639,0.00596285,False
rs12158565,28,248,-0.177523,0.00561018,False
rs12158565,28,249,-0.186801,0.0040487,False
rs12158565,28,250,-0.183388,0.00530223,False
rs12158565,28,251,-0.202142,0.00239788,False
rs12158565,29,6,-0.0759226,0.0261178,False
rs12158565,29,7,-0.0733269,0.0302643,False
rs12158565,29,8,-0.0860357,0.0105806,False
rs12158565,29,9,-0.0772601,0.0201839,False
rs12158565,29,10,-0.0805714,0.0146455,False
rs12158565,29,11,-0.0789324,0.0162863,False
rs12158565,29,12,-0.0735888,0.0240901,False
rs12158565,29,13,-0.0811346,0.0124253,False
rs12158565,29,14,-0.0842292,0.00935496,False
rs12158565,29,15,-0.0786422,0.0149323,False
rs12158565,29,16,-0.0801984,0.0128626,False
rs12158565,29,17,-0.0901459,0.00525147,False
rs12158565,29,18,-0.0869009,0.0069872,False
rs12158565,29,19,-0.0908716,0.0047247,False
rs12158565,29,20,-0.0856793,0.00775648,False
rs12158565,29,21,-0.094226,0.00347688,False
rs12158565,29,22,-0.0928148,0.0040292,False
rs12158565,29,23,-0.102091,0.00156614,False
rs12158565,29,24,-0.100248,0.00193013,False
rs12158565,29,25,-0.0896292,0.00555544,False
rs12158565,29,26,-0.102423,0.00157807,False
rs12158565,29,27,-0.102705,0.00150554,False
rs12158565,29,28,-0.111729,0.000575665,False
rs12158565,29,29,-0.0944397,0.00366054,False
rs12158565,29,30,-0.0979634,0.00259148,False
rs12158565,29,31,-0.0968615,0.0029741,False
rs12158565,29,32,-0.0924434,0.00462053,False
rs12158565,29,33,-0.106246,0.00114965,False
rs12158565,29,34,-0.108024,0.000970894,False
rs12158565,29,35,-0.104397,0.00144586,False
rs12158565,29,36,-0.0968599,0.00325757,False
rs12158565,29,37,-0.0942689,0.00428925,False
rs12158565,29,38,-0.105845,0.00137059,False
rs12158565,29,39,-0.101856,0.00210161,False
rs12158565,29,40,-0.088587,0.00770632,False
rs12158565,29,41,-0.105477,0.00161777,False
rs12158565,29,42,-0.101832,0.00235045,False
rs12158565,29,43,-0.0982942,0.0033922,False
rs12158565,29,44,-0.0999251,0.00299546,False
rs12158565,29,45,-0.0920386,0.0064057,False
rs12158565,29,46,-0.0924606,0.00631772,False
rs12158565,29,47,-0.0977802,0.00404405,False
rs12158565,29,48,-0.0949471,0.00534895,False
rs12158565,29,49,-0.0939815,0.00596704,False
rs12158565,29,50,-0.0978124,0.00439525,False
rs12158565,29,51,-0.0873705,0.0113528,False
rs12158565,29,52,-0.0909333,0.00852264,False
rs12158565,29,53,-0.0915521,0.00819972,False
rs12158565,29,54,-0.091162,0.00875772,False
rs12158565,29,55,-0.09896,0.0046064,False
rs12158565,29,56,-0.099696,0.00445765,False
rs12158565,29,57,-0.0918444,0.0089639,False
rs12158565,29,58,-0.0871374,0.0136425,False
rs12158565,29,59,-0.0975052,0.00592594,False
rs12158565,29,60,-0.0982739,0.00568379,False
rs12158565,29,61,-0.0845805,0.0177415,False
rs12158565,29,62,-0.0926964,0.00965604,False
rs12158565,29,63,-0.100533,0.00514276,False
rs12158565,29,64,-0.0974162,0.00700319,False
rs12158565,29,65,-0.0934917,0.00992751,False
rs12158565,29,66,-0.0930717,0.010675,False
rs12158565,29,67,-0.0996296,0.00645574,False
rs12158565,29,68,-0.0998285,0.00659247,False
rs12158565,29,69,-0.0962576,0.00896068,False
rs12158565,29,70,-0.111827,0.00256133,False
rs12158565,29,71,-0.117307,0.00161632,False
rs12158565,29,72,-0.107324,0.00410523,False
rs12158565,29,73,-0.114996,0.00218033,False
rs12158565,29,74,-0.103638,0.00610529,False
rs12158565,29,75,-0.1145,0.00259413,False
rs12158565,29,76,-0.124717,0.0010826,False
rs12158565,29,77,-0.116278,0.00241471,False
rs12158565,29,78,-0.120519,0.00176621,False
rs12158565,29,79,-0.118337,0.0022428,False
rs12158565,29,80,-0.123367,0.00151581,False
rs12158565,29,81,-0.126142,0.00124189,False
rs12158565,29,82,-0.12913,0.000997601,False
rs12158565,29,83,-0.116391,0.00308297,False
rs12158565,29,84,-0.117509,0.00297525,False
rs12158565,29,85,-0.137859,0.000526733,False
rs12158565,29,86,-0.128121,0.00132383,False
rs12158565,29,87,-0.117586,0.00338143,False
rs12158565,29,88,-0.134082,0.000885471,False
rs12158565,29,89,-0.135814,0.00078377,False
rs12158565,29,90,-0.131454,0.00118037,False
rs12158565,29,91,-0.138968,0.000624679,False
rs12158565,29,92,-0.143941,0.000431051,False
rs12158565,29,93,-0.13475,0.00103574,False
rs12158565,29,94,-0.135697,0.000977756,False
rs12158565,29,95,-0.138838,0.000788678,False
rs12158565,29,96,-0.129833,0.00174101,False
rs12158565,29,97,-0.136312,0.00106118,False
rs12158565,29,98,-0.142017,0.000685034,False
rs12158565,29,99,-0.144467,0.000564494,False
rs12158565,29,100,-0.13532,0.00130381,False
rs12158565,29,101,-0.137136,0.00116891,False
rs12158565,29,102,-0.132755,0.00174014,False
rs12158565,29,103,-0.134778,0.00154608,False
rs12158565,29,104,-0.139518,0.00107498,False
rs12158565,29,105,-0.148449,0.000527746,False
rs12158565,29,106,-0.142451,0.00091016,False
rs12158565,29,107,-0.137643,0.00141107,False
rs12158565,29,108,-0.139565,0.00122681,False
rs12158565,29,109,-0.142183,0.00103589,False
rs12158565,29,110,-0.141163,0.00116712,False
rs12158565,29,111,-0.140882,0.00123262,False
rs12158565,29,112,-0.13623,0.00183351,False
rs12158565,29,113,-0.134778,0.00209781,False
rs12158565,29,114,-0.129641,0.00316333,False
rs12158565,29,115,-0.127139,0.00391487,False
rs12158565,29,116,-0.134908,0.00228381,False
rs12158565,29,117,-0.143245,0.00122755,False
rs12158565,29,118,-0.146689,0.000961389,False
rs12158565,29,119,-0.149036,0.000819128,False
rs12158565,29,120,-0.13852,0.00192024,False
rs12158565,29,121,-0.131582,0.00327807,False
rs12158565,29,122,-0.131207,0.0034027,False
rs12158565,29,123,-0.150904,0.000784549,False
rs12158565,29,124,-0.13751,0.00227773,False
rs12158565,29,125,-0.128222,0.0045339,False
rs12158565,29,126,-0.138445,0.00221273,False
rs12158565,29,127,-0.131267,0.00374892,False
rs12158565,29,128,-0.136752,0.00254255,False
rs12158565,29,129,-0.129264,0.00436411,False
rs12158565,29,130,-0.13255,0.00350515,False
rs12158565,29,131,-0.134214,0.00314624,False
rs12158565,29,132,-0.125048,0.00596121,False
rs12158565,29,133,-0.135824,0.00283839,False
rs12158565,29,134,-0.136779,0.00268113,False
rs12158565,29,135,-0.13501,0.00305044,False
rs12158565,29,136,-0.136192,0.00284294,False
rs12158565,29,137,-0.135804,0.00295567,False
rs12158565,29,138,-0.141484,0.00195554,False
rs12158565,29,139,-0.140235,0.00213693,False
rs12158565,29,140,-0.149742,0.0010402,False
rs12158565,29,141,-0.14698,0.00128902,False
rs12158565,29,142,-0.143389,0.00171671,False
rs12158565,29,143,-0.15095,0.000965785,False
rs12158565,29,144,-0.151349,0.000927147,False
rs12158565,29,145,-0.151382,0.000932828,False
rs12158565,29,146,-0.142877,0.00177734,False
rs12158565,29,147,-0.149295,0.00108176,False
rs12158565,29,148,-0.157608,0.000557801,False
rs12158565,29,149,-0.161836,0.000396732,False
rs12158565,29,150,-0.161911,0.000381453,False
rs12158565,29,151,-0.163916,0.000319491,False
rs12158565,29,152,-0.174126,0.000129112,False
rs12158565,29,153,-0.174288,0.000126651,False
rs12158565,29,154,-0.170437,0.000176782,False
rs12158565,29,155,-0.173518,0.000129587,False
rs12158565,29,156,-0.164833,0.000271731,False
rs12158565,29,157,-0.162762,0.000324784,False
rs12158565,29,158,-0.171748,0.000144203,False
rs12158565,29,159,-0.174365,0.000112324,False
rs12158565,29,160,-0.175719,9.76038e-05,False
rs12158565,29,161,-0.169248,0.000171444,False
rs12158565,29,162,-0.172692,0.000122767,False
rs12158565,29,163,-0.170564,0.000142596,False
rs12158565,29,164,-0.153798,0.000590149,False
rs12158565,29,165,-0.156748,0.000450929,False
rs12158565,29,166,-0.166831,0.000186162,False
rs12158565,29,167,-0.169496,0.000142664,False
rs12158565,29,168,-0.1736,9.55427e-05,False
rs12158565,29,169,-0.176305,7.19314e-05,False
rs12158565,29,170,-0.173797,8.81494e-05,False
rs12158565,29,171,-0.170971,0.000110958,False
rs12158565,29,172,-0.16494,0.000189782,False
rs12158565,29,173,-0.180074,4.49125e-05,False
rs12158565,29,174,-0.175462,6.75981e-05,False
rs12158565,29,175,-0.182124,3.39379e-05,False
rs12158565,29,176,-0.179558,4.34158e-05,False
rs12158565,29,177,-0.178109,4.79063e-05,False
rs12158565,29,178,-0.169966,0.00010055,False
rs12158565,29,179,-0.18264,2.77663e-05,False
rs12158565,29,180,-0.174675,6.0802e-05,False
rs12158565,29,181,-0.174616,5.83391e-05,False
rs12158565,29,182,-0.169032,9.84804e-05,False
rs12158565,29,183,-0.162133,0.000179618,False
rs12158565,29,184,-0.173595,6.05882e-05,False
rs12158565,29,185,-0.16391,0.000146162,False
rs12158565,29,186,-0.173397,5.6023e-05,False
rs12158565,29,187,-0.177922,3.53373e-05,False
rs12158565,29,188,-0.167356,9.99046e-05,False
rs12158565,29,189,-0.163828,0.000133624,False
rs12158565,29,190,-0.17136,6.3258e-05,False
rs12158565,29,191,-0.160918,0.000168484,False
rs12158565,29,192,-0.165507,0.00010755,False
rs12158565,29,193,-0.163587,0.000129658,False
rs12158565,29,194,-0.156407,0.000244514,False
rs12158565,29,195,-0.165685,0.000102572,False
rs12158565,29,196,-0.16042,0.000173327,False
rs12158565,29,197,-0.165242,0.000108249,False
rs12158565,29,198,-0.160637,0.000168124,False
rs12158565,29,199,-0.162103,0.000145493,False
rs12158565,29,200,-0.159025,0.000199418,False
rs12158565,29,201,-0.146514,0.000619691,False
rs12158565,29,202,-0.138794,0.00121432,False
rs12158565,29,203,-0.152775,0.000377671,False
rs12158565,29,204,-0.144647,0.000762765,False
rs12158565,29,205,-0.153321,0.000368469,False
rs12158565,29,206,-0.154049,0.000354947,False
rs12158565,29,207,-0.149991,0.000521577,False
rs12158565,29,208,-0.155699,0.000331454,False
rs12158565,29,209,-0.151266,0.000510693,False
rs12158565,29,210,-0.157603,0.000301261,False
rs12158565,29,211,-0.145158,0.000895878,False
rs12158565,29,212,-0.159751,0.000275042,False
rs12158565,29,213,-0.169618,0.000117056,False
rs12158565,29,214,-0.15779,0.000371485,False
rs12158565,29,215,-0.149551,0.000776413,False
rs12158565,29,216,-0.147202,0.000997532,False
rs12158565,29,217,-0.157689,0.00044968,False
rs12158565,29,218,-0.153384,0.000702318,False
rs12158565,29,219,-0.163438,0.00032959,False
rs12158565,29,220,-0.171146,0.000188665,False
rs12158565,29,221,-0.152993,0.000927982,False
rs12158565,29,222,-0.152449,0.00104168,False
rs12158565,29,223,-0.148686,0.00149725,False
rs12158565,29,224,-0.163904,0.000527045,False
rs12158565,29,225,-0.152385,0.00138576,False
rs12158565,29,226,-0.150631,0.00172867,False
rs12158565,29,227,-0.167118,0.000579026,False
rs12158565,29,228,-0.158452,0.00122204,False
rs12158565,29,229,-0.166458,0.000771846,False
rs12158565,29,230,-0.159401,0.0014434,False
rs12158565,29,231,-0.159033,0.00165617,False
rs12158565,29,232,-0.153875,0.00265106,False
rs12158565,29,233,-0.156075,0.00257975,False
rs12158565,29,234,-0.166902,0.00144516,False
rs12158565,29,235,-0.163593,0.00208597,False
rs12158565,29,236,-0.168473,0.00172404,False
rs12158565,29,237,-0.157448,0.00388543,False
rs12158565,29,238,-0.151967,0.00589265,False
rs12158565,29,239,-0.16293,0.00356731,False
rs12158565,29,240,-0.164273,0.00375627,False
rs12158565,29,241,-0.156185,0.00657469,False
rs12158565,29,242,-0.153384,0.00854178,False
rs12158565,29,243,-0.149415,0.0115512,False
rs12158565,29,244,-0.163969,0.00627847,False
rs12158565,29,245,-0.16262,0.00762546,False
rs12158565,29,246,-0.152982,0.013351,False
rs12158565,29,247,-0.169631,0.00680722,False
rs12158565,29,248,-0.17409,0.00632249,False
rs12158565,29,249,-0.171591,0.00792625,False
rs12158565,29,250,-0.177525,0.00670685,False
rs12158565,29,251,-0.188013,0.00454379,False
rs12158565,30,6,-0.0792295,0.0199474,False
rs12158565,30,7,-0.0719891,0.0332082,False
rs12158565,30,8,-0.0833521,0.0129405,False
rs12158565,30,9,-0.0582773,0.0798182,False
rs12158565,30,10,-0.065177,0.0486164,False
rs12158565,30,11,-0.0833865,0.0112354,False
rs12158565,30,12,-0.0658082,0.0438274,False
rs12158565,30,13,-0.0694821,0.0329973,False
rs12158565,30,14,-0.085706,0.00811834,False
rs12158565,30,15,-0.0797629,0.0134018,False
rs12158565,30,16,-0.073722,0.0225888,False
rs12158565,30,17,-0.0811839,0.011803,False
rs12158565,30,18,-0.0744507,0.0210047,False
rs12158565,30,19,-0.0807982,0.0120747,False
rs12158565,30,20,-0.0868845,0.00708256,False
rs12158565,30,21,-0.0828712,0.0102142,False
rs12158565,30,22,-0.0728146,0.0242058,False
rs12158565,30,23,-0.0844468,0.00907118,False
rs12158565,30,24,-0.0873675,0.00696334,False
rs12158565,30,25,-0.108527,0.000805685,False
rs12158565,30,26,-0.0774606,0.0169596,False
rs12158565,30,27,-0.094964,0.00347282,False
rs12158565,30,28,-0.0910946,0.00511162,False
rs12158565,30,29,-0.0862106,0.00798155,False
rs12158565,30,30,-0.0957679,0.0033348,False
rs12158565,30,31,-0.0903969,0.00565451,False
rs12158565,30,32,-0.0925544,0.0047333,False
rs12158565,30,33,-0.0974006,0.00293109,False
rs12158565,30,34,-0.104534,0.00146964,False
rs12158565,30,35,-0.0950051,0.00394581,False
rs12158565,30,36,-0.0819524,0.0130012,False
rs12158565,30,37,-0.0930053,0.00501309,False
rs12158565,30,38,-0.0940708,0.00467466,False
rs12158565,30,39,-0.0936223,0.00495397,False
rs12158565,30,40,-0.0912697,0.00625606,False
rs12158565,30,41,-0.104099,0.00189609,False
rs12158565,30,42,-0.0927022,0.00593473,False
rs12158565,30,43,-0.0889378,0.00832346,False
rs12158565,30,44,-0.0860203,0.0111415,False
rs12158565,30,45,-0.0883207,0.00941335,False
rs12158565,30,46,-0.0885203,0.00945883,False
rs12158565,30,47,-0.0976159,0.00443578,False
rs12158565,30,48,-0.0996694,0.00371444,False
rs12158565,30,49,-0.0873134,0.0112599,False
rs12158565,30,50,-0.0936294,0.00688575,False
rs12158565,30,51,-0.0947384,0.00642461,False
rs12158565,30,52,-0.0925033,0.00781958,False
rs12158565,30,53,-0.109649,0.00169609,False
rs12158565,30,54,-0.0963108,0.00607785,False
rs12158565,30,55,-0.102943,0.00343053,False
rs12158565,30,56,-0.100868,0.00423515,False
rs12158565,30,57,-0.105517,0.00290904,False
rs12158565,30,58,-0.0993305,0.00523531,False
rs12158565,30,59,-0.0932642,0.00911265,False
rs12158565,30,60,-0.103096,0.00404078,False
rs12158565,30,61,-0.0885708,0.0139741,False
rs12158565,30,62,-0.0875555,0.0153561,False
rs12158565,30,63,-0.0933502,0.0101653,False
rs12158565,30,64,-0.0932171,0.0106784,False
rs12158565,30,65,-0.0890687,0.0148465,False
rs12158565,30,66,-0.092665,0.0117056,False
rs12158565,30,67,-0.0914765,0.0130709,False
rs12158565,30,68,-0.0918937,0.013147,False
rs12158565,30,69,-0.104074,0.00512417,False
rs12158565,30,70,-0.101411,0.0066917,False
rs12158565,30,71,-0.103688,0.0057677,False
rs12158565,30,72,-0.116106,0.00210497,False
rs12158565,30,73,-0.100981,0.00780818,False
rs12158565,30,74,-0.111125,0.00355688,False
rs12158565,30,75,-0.116257,0.00237121,False
rs12158565,30,76,-0.115202,0.00273592,False
rs12158565,30,77,-0.122053,0.00163246,False
rs12158565,30,78,-0.112476,0.0037847,False
rs12158565,30,79,-0.112061,0.00411865,False
rs12158565,30,80,-0.12006,0.0022418,False
rs12158565,30,81,-0.110384,0.00517507,False
rs12158565,30,82,-0.126202,0.00142212,False
rs12158565,30,83,-0.129119,0.00116705,False
rs12158565,30,84,-0.129365,0.00119903,False
rs12158565,30,85,-0.133052,0.000896241,False
rs12158565,30,86,-0.127527,0.00152524,False
rs12158565,30,87,-0.117602,0.00358122,False
rs12158565,30,88,-0.133076,0.00106032,False
rs12158565,30,89,-0.124608,0.0022295,False
rs12158565,30,90,-0.116191,0.00448828,False
rs12158565,30,91,-0.11363,0.00563275,False
rs12158565,30,92,-0.127657,0.00194822,False
rs12158565,30,93,-0.125858,0.00236081,False
rs12158565,30,94,-0.125627,0.00247987,False
rs12158565,30,95,-0.125578,0.00257548,False
rs12158565,30,96,-0.127173,0.00237227,False
rs12158565,30,97,-0.127538,0.00242792,False
rs12158565,30,98,-0.131723,0.00178475,False
rs12158565,30,99,-0.125688,0.00300528,False
rs12158565,30,100,-0.12556,0.00312764,False
rs12158565,30,101,-0.133648,0.0017265,False
rs12158565,30,102,-0.130604,0.00230093,False
rs12158565,30,103,-0.125706,0.00342049,False
rs12158565,30,104,-0.128503,0.00284926,False
rs12158565,30,105,-0.130362,0.00253905,False
rs12158565,30,106,-0.130401,0.0025942,False
rs12158565,30,107,-0.133026,0.00219287,False
rs12158565,30,108,-0.137048,0.00166542,False
rs12158565,30,109,-0.13596,0.00189393,False
rs12158565,30,110,-0.130285,0.00294715,False
rs12158565,30,111,-0.132255,0.00262354,False
rs12158565,30,112,-0.138033,0.00172882,False
rs12158565,30,113,-0.134323,0.00238352,False
rs12158565,30,114,-0.13746,0.00193812,False
rs12158565,30,115,-0.144636,0.00114003,False
rs12158565,30,116,-0.144707,0.00116363,False
rs12158565,30,117,-0.14453,0.00120703,False
rs12158565,30,118,-0.136465,0.00230132,False
rs12158565,30,119,-0.138517,0.00203552,False
rs12158565,30,120,-0.135047,0.00268117,False
rs12158565,30,121,-0.131814,0.00348594,False
rs12158565,30,122,-0.134102,0.00300817,False
rs12158565,30,123,-0.138796,0.00216526,False
rs12158565,30,124,-0.144429,0.001448,False
rs12158565,30,125,-0.132263,0.00358324,False
rs12158565,30,126,-0.136497,0.00267336,False
rs12158565,30,127,-0.132773,0.00353086,False
rs12158565,30,128,-0.13598,0.0028497,False
rs12158565,30,129,-0.132057,0.00381495,False
rs12158565,30,130,-0.139242,0.0023158,False
rs12158565,30,131,-0.138144,0.0025406,False
rs12158565,30,132,-0.141205,0.00207398,False
rs12158565,30,133,-0.132899,0.00376392,False
rs12158565,30,134,-0.145782,0.00150979,False
rs12158565,30,135,-0.134251,0.00353263,False
rs12158565,30,136,-0.128584,0.0052179,False
rs12158565,30,137,-0.145648,0.00157217,False
rs12158565,30,138,-0.142303,0.00202882,False
rs12158565,30,139,-0.135772,0.00320638,False
rs12158565,30,140,-0.144605,0.00171109,False
rs12158565,30,141,-0.146682,0.00146288,False
rs12158565,30,142,-0.147769,0.00132609,False
rs12158565,30,143,-0.144441,0.00171673,False
rs12158565,30,144,-0.152905,0.000901049,False
rs12158565,30,145,-0.155102,0.00076007,False
rs12158565,30,146,-0.157965,0.000597211,False
rs12158565,30,147,-0.148155,0.00127521,False
rs12158565,30,148,-0.150745,0.00104802,False
rs12158565,30,149,-0.162183,0.000417662,False
rs12158565,30,150,-0.167762,0.000253211,False
rs12158565,30,151,-0.167828,0.000250964,False
rs12158565,30,152,-0.160101,0.000475204,False
rs12158565,30,153,-0.163575,0.000353031,False
rs12158565,30,154,-0.172383,0.000164004,False
rs12158565,30,155,-0.173815,0.000138581,False
rs12158565,30,156,-0.169,0.000208805,False
rs12158565,30,157,-0.175428,0.000116873,False
rs12158565,30,158,-0.173909,0.00013233,False
rs12158565,30,159,-0.168271,0.000211922,False
rs12158565,30,160,-0.174838,0.000116469,False
rs12158565,30,161,-0.173427,0.000130679,False
rs12158565,30,162,-0.170893,0.000159663,False
rs12158565,30,163,-0.17074,0.000158078,False
rs12158565,30,164,-0.182898,5.01387e-05,False
rs12158565,30,165,-0.17319,0.000119589,False
rs12158565,30,166,-0.179848,6.266e-05,False
rs12158565,30,167,-0.180167,6.03208e-05,False
rs12158565,30,168,-0.18083,5.49e-05,False
rs12158565,30,169,-0.179289,6.21499e-05,False
rs12158565,30,170,-0.180395,5.3624e-05,False
rs12158565,30,171,-0.184691,3.39581e-05,False
rs12158565,30,172,-0.17639,7.25661e-05,False
rs12158565,30,173,-0.166217,0.000182563,False
rs12158565,30,174,-0.169093,0.000135292,False
rs12158565,30,175,-0.180197,4.64206e-05,False
rs12158565,30,176,-0.178565,5.32237e-05,False
rs12158565,30,177,-0.168374,0.000137099,False
rs12158565,30,178,-0.175177,7.01027e-05,False
rs12158565,30,179,-0.172867,8.49481e-05,False
rs12158565,30,180,-0.175964,5.98037e-05,False
rs12158565,30,181,-0.172148,8.28719e-05,False
rs12158565,30,182,-0.179398,4.04519e-05,False
rs12158565,30,183,-0.176989,4.93577e-05,False
rs12158565,30,184,-0.170946,8.53293e-05,False
rs12158565,30,185,-0.173123,6.7863e-05,False
rs12158565,30,186,-0.170039,8.72598e-05,False
rs12158565,30,187,-0.174439,5.50686e-05,False
rs12158565,30,188,-0.16816,9.87183e-05,False
rs12158565,30,189,-0.173923,5.47918e-05,False
rs12158565,30,190,-0.17602,4.53377e-05,False
rs12158565,30,191,-0.163446,0.000147827,False
rs12158565,30,192,-0.17039,7.43714e-05,False
rs12158565,30,193,-0.187846,1.23443e-05,False
rs12158565,30,194,-0.181398,2.44405e-05,False
rs12158565,30,195,-0.168346,8.64205e-05,False
rs12158565,30,196,-0.162606,0.000151105,False
rs12158565,30,197,-0.173465,5.39112e-05,False
rs12158565,30,198,-0.169,8.32657e-05,False
rs12158565,30,199,-0.164164,0.00013209,False
rs12158565,30,200,-0.161937,0.000164755,False
rs12158565,30,201,-0.166379,0.000108852,False
rs12158565,30,202,-0.159776,0.000207511,False
rs12158565,30,203,-0.157289,0.000261377,False
rs12158565,30,204,-0.14536,0.000746399,False
rs12158565,30,205,-0.158271,0.000245412,False
rs12158565,30,206,-0.153581,0.000381889,False
rs12158565,30,207,-0.150382,0.000514419,False
rs12158565,30,208,-0.162918,0.000173895,False
rs12158565,30,209,-0.126258,0.00373067,False
rs12158565,30,210,-0.13916,0.00143958,False
rs12158565,30,211,-0.135762,0.00193577,False
rs12158565,30,212,-0.145601,0.000933993,False
rs12158565,30,213,-0.153811,0.00048806,False
rs12158565,30,214,-0.157421,0.000377966,False
rs12158565,30,215,-0.163928,0.000230686,False
rs12158565,30,216,-0.146012,0.00108654,False
rs12158565,30,217,-0.154894,0.000565742,False
rs12158565,30,218,-0.145897,0.00123169,False
rs12158565,30,219,-0.136411,0.00273735,False
rs12158565,30,220,-0.14422,0.00161747,False
rs12158565,30,221,-0.157307,0.000640018,False
rs12158565,30,222,-0.16147,0.000502369,False
rs12158565,30,223,-0.164775,0.000426736,False
rs12158565,30,224,-0.153418,0.00112901,False
rs12158565,30,225,-0.155631,0.00104744,False
rs12158565,30,226,-0.15679,0.00105879,False
rs12158565,30,227,-0.150487,0.00183639,False
rs12158565,30,228,-0.144859,0.00297477,False
rs12158565,30,229,-0.155819,0.00154759,False
rs12158565,30,230,-0.145546,0.00344281,False
rs12158565,30,231,-0.148947,0.0030814,False
rs12158565,30,232,-0.140428,0.0057711,False
rs12158565,30,233,-0.147945,0.00402784,False
rs12158565,30,234,-0.160883,0.00202079,False
rs12158565,30,235,-0.148684,0.00481891,False
rs12158565,30,236,-0.143027,0.00737284,False
rs12158565,30,237,-0.157506,0.0035839,False
rs12158565,30,238,-0.163157,0.00291487,False
rs12158565,30,239,-0.158762,0.00434268,False
rs12158565,30,240,-0.155006,0.00599455,False
rs12158565,30,241,-0.167657,0.00336424,False
rs12158565,30,242,-0.166032,0.00425186,False
rs12158565,30,243,-0.181854,0.00201183,False
rs12158565,30,244,-0.17023,0.00439906,False
rs12158565,30,245,-0.183218,0.00254672,False
rs12158565,30,246,-0.177264,0.00400464,False
rs12158565,30,247,-0.177071,0.00466072,False
rs12158565,30,248,-0.17473,0.00592599,False
rs12158565,30,249,-0.18388,0.00430364,False
rs12158565,30,250,-0.184989,0.00459592,False
rs12158565,30,251,-0.203032,0.00213241,False
rs12158565,31,6,-0.0819135,0.0167672,False
rs12158565,31,7,-0.0698813,0.0403809,False
rs12158565,31,8,-0.0666591,0.0484829,False
rs12158565,31,9,-0.0720487,0.0319216,False
rs12158565,31,10,-0.0741109,0.0262332,False
rs12158565,31,11,-0.0654034,0.0482591,False
rs12158565,31,12,-0.0577151,0.0789972,False
rs12158565,31,13,-0.0692485,0.0344117,False
rs12158565,31,14,-0.0545304,0.0951797,False
rs12158565,31,15,-0.0711202,0.0285022,False
rs12158565,31,16,-0.066076,0.0416324,False
rs12158565,31,17,-0.0634503,0.0499909,False
rs12158565,31,18,-0.0651973,0.0440435,False
rs12158565,31,19,-0.0708802,0.0281508,False
rs12158565,31,20,-0.0704885,0.029681,False
rs12158565,31,21,-0.0705916,0.0289883,False
rs12158565,31,22,-0.0935108,0.00384863,False
rs12158565,31,23,-0.0782053,0.0158477,False
rs12158565,31,24,-0.0813416,0.0121684,False
rs12158565,31,25,-0.0943448,0.00367972,False
rs12158565,31,26,-0.0836105,0.0100693,False
rs12158565,31,27,-0.0954752,0.00340015,False
rs12158565,31,28,-0.0925241,0.00456407,False
rs12158565,31,29,-0.0898392,0.00591445,False
rs12158565,31,30,-0.0835073,0.0107924,False
rs12158565,31,31,-0.0823127,0.0120173,False
rs12158565,31,32,-0.0866187,0.00837762,False
rs12158565,31,33,-0.0895446,0.00655456,False
rs12158565,31,34,-0.0803019,0.0149128,False
rs12158565,31,35,-0.0843915,0.0107185,False
rs12158565,31,36,-0.0835372,0.0115882,False
rs12158565,31,37,-0.0936151,0.00488292,False
rs12158565,31,38,-0.0802761,0.0161669,False
rs12158565,31,39,-0.0773115,0.0208371,False
rs12158565,31,40,-0.0742232,0.0270673,False
rs12158565,31,41,-0.0860633,0.010507,False
rs12158565,31,42,-0.0812347,0.0162125,False
rs12158565,31,43,-0.0972439,0.00409474,False
rs12158565,31,44,-0.076788,0.0241519,False
rs12158565,31,45,-0.0860267,0.0115621,False
rs12158565,31,46,-0.0858349,0.0121563,False
rs12158565,31,47,-0.0792678,0.0208946,False
rs12158565,31,48,-0.0865772,0.0120592,False
rs12158565,31,49,-0.0774002,0.0256242,False
rs12158565,31,50,-0.0813341,0.0191712,False
rs12158565,31,51,-0.0846481,0.0152596,False
rs12158565,31,52,-0.0639418,0.0679634,False
rs12158565,31,53,-0.0895107,0.0107551,False
rs12158565,31,54,-0.0974607,0.00565735,False
rs12158565,31,55,-0.0764317,0.0307954,False
rs12158565,31,56,-0.0780167,0.0280513,False
rs12158565,31,57,-0.0821086,0.0211366,False
rs12158565,31,58,-0.098194,0.00598575,False
rs12158565,31,59,-0.0938662,0.00890445,False
rs12158565,31,60,-0.0790273,0.0280868,False
rs12158565,31,61,-0.0957653,0.00797843,False
rs12158565,31,62,-0.0912598,0.0118464,False
rs12158565,31,63,-0.086682,0.0174388,False
rs12158565,31,64,-0.0867011,0.0177049,False
rs12158565,31,65,-0.101606,0.00569013,False
rs12158565,31,66,-0.0915314,0.0130379,False
rs12158565,31,67,-0.104594,0.00471925,False
rs12158565,31,68,-0.102335,0.00599151,False
rs12158565,31,69,-0.0870819,0.0201613,False
rs12158565,31,70,-0.0909947,0.0156904,False
rs12158565,31,71,-0.0935871,0.0133934,False
rs12158565,31,72,-0.0979287,0.00994713,False
rs12158565,31,73,-0.109215,0.00420709,False
rs12158565,31,74,-0.0954343,0.0128084,False
rs12158565,31,75,-0.104396,0.00679563,False
rs12158565,31,76,-0.11134,0.00405003,False
rs12158565,31,77,-0.110542,0.00457613,False
rs12158565,31,78,-0.107964,0.00572992,False
rs12158565,31,79,-0.105942,0.00690663,False
rs12158565,31,80,-0.110918,0.00502136,False
rs12158565,31,81,-0.112325,0.00463951,False
rs12158565,31,82,-0.104338,0.00894293,False
rs12158565,31,83,-0.1066,0.0077601,False
rs12158565,31,84,-0.113954,0.00460146,False
rs12158565,31,85,-0.119804,0.00307019,False
rs12158565,31,86,-0.114916,0.00461766,False
rs12158565,31,87,-0.0946558,0.0200498,False
rs12158565,31,88,-0.108309,0.00804637,False
rs12158565,31,89,-0.10622,0.00961242,False
rs12158565,31,90,-0.109397,0.00795424,False
rs12158565,31,91,-0.118538,0.00418381,False
rs12158565,31,92,-0.118493,0.00433686,False
rs12158565,31,93,-0.129263,0.00193979,False
rs12158565,31,94,-0.121567,0.00370076,False
rs12158565,31,95,-0.121902,0.00374611,False
rs12158565,31,96,-0.124906,0.00310268,False
rs12158565,31,97,-0.121833,0.00401689,False
rs12158565,31,98,-0.122753,0.00387036,False
rs12158565,31,99,-0.130301,0.00225313,False
rs12158565,31,100,-0.128933,0.00259281,False
rs12158565,31,101,-0.118751,0.00572243,False
rs12158565,31,102,-0.127002,0.00322256,False
rs12158565,31,103,-0.125109,0.00379336,False
rs12158565,31,104,-0.138741,0.0013739,False
rs12158565,31,105,-0.13539,0.00183663,False
rs12158565,31,106,-0.139616,0.00136388,False
rs12158565,31,107,-0.136253,0.00181581,False
rs12158565,31,108,-0.152617,0.000496885,False
rs12158565,31,109,-0.133125,0.00247438,False
rs12158565,31,110,-0.131635,0.00280337,False
rs12158565,31,111,-0.123834,0.00503648,False
rs12158565,31,112,-0.132094,0.00286973,False
rs12158565,31,113,-0.137388,0.0019976,False
rs12158565,31,114,-0.135655,0.00230878,False
rs12158565,31,115,-0.133459,0.00277181,False
rs12158565,31,116,-0.128332,0.00406853,False
rs12158565,31,117,-0.130778,0.00349343,False
rs12158565,31,118,-0.129366,0.00401302,False
rs12158565,31,119,-0.127588,0.00467939,False
rs12158565,31,120,-0.130858,0.00378336,False
rs12158565,31,121,-0.13888,0.00216221,False
rs12158565,31,122,-0.134551,0.00300342,False
rs12158565,31,123,-0.137865,0.00240353,False
rs12158565,31,124,-0.13261,0.003569,False
rs12158565,31,125,-0.132091,0.00374344,False
rs12158565,31,126,-0.13249,0.00367242,False
rs12158565,31,127,-0.132803,0.00368951,False
rs12158565,31,128,-0.137129,0.0027258,False
rs12158565,31,129,-0.140358,0.00216416,False
rs12158565,31,130,-0.143515,0.00173664,False
rs12158565,31,131,-0.142633,0.00188825,False
rs12158565,31,132,-0.141135,0.00212583,False
rs12158565,31,133,-0.143917,0.00175291,False
rs12158565,31,134,-0.148697,0.00123022,False
rs12158565,31,135,-0.145929,0.00153666,False
rs12158565,31,136,-0.135465,0.00327849,False
rs12158565,31,137,-0.141291,0.00215086,False
rs12158565,31,138,-0.151753,0.000995872,False
rs12158565,31,139,-0.153387,0.000888094,False
rs12158565,31,140,-0.156728,0.00068253,False
rs12158565,31,141,-0.162017,0.000447662,False
rs12158565,31,142,-0.165499,0.000340128,False
rs12158565,31,143,-0.152997,0.00091591,False
rs12158565,31,144,-0.15381,0.00086229,False
rs12158565,31,145,-0.157713,0.000633601,False
rs12158565,31,146,-0.157428,0.000652963,False
rs12158565,31,147,-0.154662,0.000813927,False
rs12158565,31,148,-0.144204,0.00177872,False
rs12158565,31,149,-0.158065,0.000608694,False
rs12158565,31,150,-0.149894,0.00112956,False
rs12158565,31,151,-0.137692,0.0027671,False
rs12158565,31,152,-0.15007,0.00110799,False
rs12158565,31,153,-0.143989,0.00175224,False
rs12158565,31,154,-0.149168,0.00115363,False
rs12158565,31,155,-0.153785,0.000799357,False
rs12158565,31,156,-0.164302,0.000336376,False
rs12158565,31,157,-0.154593,0.000735712,False
rs12158565,31,158,-0.158482,0.00053252,False
rs12158565,31,159,-0.164781,0.000309696,False
rs12158565,31,160,-0.157592,0.000552935,False
rs12158565,31,161,-0.160231,0.000436425,False
rs12158565,31,162,-0.159292,0.000464973,False
rs12158565,31,163,-0.152004,0.000825124,False
rs12158565,31,164,-0.15868,0.000475214,False
rs12158565,31,165,-0.150575,0.000885935,False
rs12158565,31,166,-0.155952,0.00056526,False
rs12158565,31,167,-0.162315,0.000329172,False
rs12158565,31,168,-0.159472,0.000399612,False
rs12158565,31,169,-0.166273,0.00021441,False
rs12158565,31,170,-0.163319,0.000274664,False
rs12158565,31,171,-0.16374,0.000256122,False
rs12158565,31,172,-0.166138,0.000203675,False
rs12158565,31,173,-0.170161,0.000139563,False
rs12158565,31,174,-0.169188,0.000147081,False
rs12158565,31,175,-0.167979,0.000160682,False
rs12158565,31,176,-0.160933,0.000288623,False
rs12158565,31,177,-0.165687,0.000182011,False
rs12158565,31,178,-0.15372,0.00050598,False
rs12158565,31,179,-0.152007,0.000577835,False
rs12158565,31,180,-0.161666,0.000237861,False
rs12158565,31,181,-0.149797,0.00063681,False
rs12158565,31,182,-0.161102,0.000238715,False
rs12158565,31,183,-0.152496,0.00049142,False
rs12158565,31,184,-0.160795,0.000234639,False
rs12158565,31,185,-0.15106,0.000534474,False
rs12158565,31,186,-0.155623,0.000349768,False
rs12158565,31,187,-0.154248,0.000388463,False
rs12158565,31,188,-0.157504,0.000278064,False
rs12158565,31,189,-0.14773,0.0006412,False
rs12158565,31,190,-0.141781,0.0010162,False
rs12158565,31,191,-0.150234,0.000499897,False
rs12158565,31,192,-0.148337,0.000564792,False
rs12158565,31,193,-0.146003,0.000677983,False
rs12158565,31,194,-0.147065,0.000625863,False
rs12158565,31,195,-0.148793,0.000540211,False
rs12158565,31,196,-0.151967,0.000408352,False
rs12158565,31,197,-0.161727,0.000168582,False
rs12158565,31,198,-0.148739,0.000538555,False
rs12158565,31,199,-0.135477,0.00163668,False
rs12158565,31,200,-0.146407,0.000669129,False
rs12158565,31,201,-0.139581,0.00117532,False
rs12158565,31,202,-0.150875,0.00045377,False
rs12158565,31,203,-0.155623,0.000295161,False
rs12158565,31,204,-0.1472,0.000635289,False
rs12158565,31,205,-0.150279,0.000491796,False
rs12158565,31,206,-0.152249,0.000426826,False
rs12158565,31,207,-0.150547,0.000508457,False
rs12158565,31,208,-0.147568,0.000665821,False
rs12158565,31,209,-0.1458,0.000800394,False
rs12158565,31,210,-0.142538,0.0010796,False
rs12158565,31,211,-0.133784,0.00219419,False
rs12158565,31,212,-0.127008,0.00374348,False
rs12158565,31,213,-0.140194,0.00141474,False
rs12158565,31,214,-0.146813,0.000869865,False
rs12158565,31,215,-0.149564,0.000736502,False
rs12158565,31,216,-0.13525,0.00237255,False
rs12158565,31,217,-0.152632,0.000652611,False
rs12158565,31,218,-0.148325,0.000984,False
rs12158565,31,219,-0.147677,0.00110997,False
rs12158565,31,220,-0.151273,0.000888985,False
rs12158565,31,221,-0.132239,0.00391792,False
rs12158565,31,222,-0.149331,0.00120834,False
rs12158565,31,223,-0.153395,0.000964383,False
rs12158565,31,224,-0.149573,0.00139951,False
rs12158565,31,225,-0.131652,0.00526647,False
rs12158565,31,226,-0.150871,0.00151887,False
rs12158565,31,227,-0.135983,0.00464143,False
rs12158565,31,228,-0.150359,0.00189852,False
rs12158565,31,229,-0.14632,0.00280325,False
rs12158565,31,230,-0.137544,0.00535042,False
rs12158565,31,231,-0.134942,0.00692068,False
rs12158565,31,232,-0.158902,0.00164919,False
rs12158565,31,233,-0.150311,0.00323744,False
rs12158565,31,234,-0.137503,0.0078458,False
rs12158565,31,235,-0.13999,0.00748621,False
rs12158565,31,236,-0.158521,0.00281345,False
rs12158565,31,237,-0.144295,0.00729515,False
rs12158565,31,238,-0.158124,0.00369608,False
rs12158565,31,239,-0.155815,0.00474669,False
rs12158565,31,240,-0.162604,0.00365536,False
rs12158565,31,241,-0.174076,0.00216941,False
rs12158565,31,242,-0.165926,0.00396951,False
rs12158565,31,243,-0.177924,0.00234562,False
rs12158565,31,244,-0.178857,0.00259232,False
rs12158565,31,245,-0.19562,0.0011921,False
rs12158565,31,246,-0.186863,0.002297,False
rs12158565,31,247,-0.190275,0.00225068,False
rs12158565,31,248,-0.203319,0.00129543,False
rs12158565,31,249,-0.214222,0.000855273,False
rs12158565,31,250,-0.214381,0.000993584,False
rs12158565,31,251,-0.204512,0.00192812,False
rs12158565,32,6,-0.0578634,0.0901145,False
rs12158565,32,7,-0.0640058,0.0588891,False
rs12158565,32,8,-0.0538139,0.109389,False
rs12158565,32,9,-0.0595249,0.0737775,False
rs12158565,32,10,-0.0524512,0.113368,False
rs12158565,32,11,-0.060418,0.0663423,False
rs12158565,32,12,-0.0537615,0.10064,False
rs12158565,32,13,-0.0582645,0.0740438,False
rs12158565,32,14,-0.0732702,0.0242007,False
rs12158565,32,15,-0.0755999,0.019718,False
rs12158565,32,16,-0.0807365,0.012666,False
rs12158565,32,17,-0.0889343,0.00601128,False
rs12158565,32,18,-0.0821112,0.0110737,False
rs12158565,32,19,-0.0910568,0.00489706,False
rs12158565,32,20,-0.0818549,0.011644,False
rs12158565,32,21,-0.0922004,0.00444722,False
rs12158565,32,22,-0.09264,0.00432004,False
rs12158565,32,23,-0.0864089,0.00786527,False
rs12158565,32,24,-0.0847254,0.00917399,False
rs12158565,32,25,-0.0975751,0.00274365,False
rs12158565,32,26,-0.0935454,0.00420689,False
rs12158565,32,27,-0.0943125,0.00388497,False
rs12158565,32,28,-0.0775238,0.0177882,False
rs12158565,32,29,-0.0934332,0.00440259,False
rs12158565,32,30,-0.0766187,0.0197426,False
rs12158565,32,31,-0.083789,0.0108991,False
rs12158565,32,32,-0.0885483,0.00728835,False
rs12158565,32,33,-0.085224,0.0100083,False
rs12158565,32,34,-0.0790942,0.0170483,False
rs12158565,32,35,-0.0926798,0.00530696,False
rs12158565,32,36,-0.0978974,0.00328909,False
rs12158565,32,37,-0.0937903,0.00495964,False
rs12158565,32,38,-0.0747338,0.0256815,False
rs12158565,32,39,-0.0901816,0.00727982,False
rs12158565,32,40,-0.0856891,0.0109185,False
rs12158565,32,41,-0.0845755,0.0122927,False
rs12158565,32,42,-0.0965241,0.00442815,False
rs12158565,32,43,-0.0804458,0.0181799,False
rs12158565,32,44,-0.0823537,0.0160215,False
rs12158565,32,45,-0.090915,0.0079684,False
rs12158565,32,46,-0.0858856,0.0126048,False
rs12158565,32,47,-0.0965554,0.00511546,False
rs12158565,32,48,-0.0894811,0.00976888,False
rs12158565,32,49,-0.0840068,0.0156262,False
rs12158565,32,50,-0.0746962,0.0320799,False
rs12158565,32,51,-0.0676606,0.0534117,False
rs12158565,32,52,-0.0774429,0.0275172,False
rs12158565,32,53,-0.0727561,0.0394455,False
rs12158565,32,54,-0.0753141,0.0333798,False
rs12158565,32,55,-0.0889158,0.0122992,False
rs12158565,32,56,-0.0830927,0.0197796,False
rs12158565,32,57,-0.0765391,0.0327401,False
rs12158565,32,58,-0.0882049,0.0143388,False
rs12158565,32,59,-0.0825722,0.0223948,False
rs12158565,32,60,-0.0781034,0.0312976,False
rs12158565,32,61,-0.0908176,0.0125924,False
rs12158565,32,62,-0.0750723,0.040398,False
rs12158565,32,63,-0.0802633,0.0292544,False
rs12158565,32,64,-0.0993317,0.00714263,False
rs12158565,32,65,-0.0834185,0.0246183,False
rs12158565,32,66,-0.0870942,0.0197182,False
rs12158565,32,67,-0.0771068,0.0398145,False
rs12158565,32,68,-0.0952177,0.011346,False
rs12158565,32,69,-0.0785214,0.0377506,False
rs12158565,32,70,-0.0834604,0.027952,False
rs12158565,32,71,-0.0875707,0.021798,False
rs12158565,32,72,-0.109552,0.00423279,False
rs12158565,32,73,-0.0934366,0.0151362,False
rs12158565,32,74,-0.0878837,0.0231345,False
rs12158565,32,75,-0.105389,0.00664828,False
rs12158565,32,76,-0.103912,0.0077463,False
rs12158565,32,77,-0.0967172,0.01352,False
rs12158565,32,78,-0.100732,0.0106633,False
rs12158565,32,79,-0.101101,0.0106223,False
rs12158565,32,80,-0.0930175,0.0193757,False
rs12158565,32,81,-0.110486,0.005726,False
rs12158565,32,82,-0.112804,0.00493365,False
rs12158565,32,83,-0.0992691,0.0138783,False
rs12158565,32,84,-0.0985578,0.0149041,False
rs12158565,32,85,-0.0960094,0.0182538,False
rs12158565,32,86,-0.108575,0.00785698,False
rs12158565,32,87,-0.102037,0.0128187,False
rs12158565,32,88,-0.110088,0.0074976,False
rs12158565,32,89,-0.112937,0.00628008,False
rs12158565,32,90,-0.106225,0.0104857,False
rs12158565,32,91,-0.0906756,0.0295141,False
rs12158565,32,92,-0.0887732,0.0339628,False
rs12158565,32,93,-0.107136,0.0106856,False
rs12158565,32,94,-0.116241,0.00582199,False
rs12158565,32,95,-0.115641,0.00628038,False
rs12158565,32,96,-0.112246,0.00811656,False
rs12158565,32,97,-0.104671,0.013999,False
rs12158565,32,98,-0.109143,0.0106392,False
rs12158565,32,99,-0.103053,0.0162137,False
rs12158565,32,100,-0.0994199,0.0207965,False
rs12158565,32,101,-0.118768,0.00590789,False
rs12158565,32,102,-0.113094,0.00887876,False
rs12158565,32,103,-0.117669,0.00665224,False
rs12158565,32,104,-0.12046,0.00568883,False
rs12158565,32,105,-0.110711,0.0112878,False
rs12158565,32,106,-0.129759,0.00305966,False
rs12158565,32,107,-0.142264,0.00121042,False
rs12158565,32,108,-0.127599,0.00377205,False
rs12158565,32,109,-0.120674,0.00627481,False
rs12158565,32,110,-0.122731,0.00552438,False
rs12158565,32,111,-0.136281,0.0021335,False
rs12158565,32,112,-0.134738,0.00244834,False
rs12158565,32,113,-0.12554,0.00489227,False
rs12158565,32,114,-0.130243,0.0035694,False
rs12158565,32,115,-0.12949,0.00383033,False
rs12158565,32,116,-0.13643,0.00238941,False
rs12158565,32,117,-0.135601,0.00259045,False
rs12158565,32,118,-0.127253,0.00479815,False
rs12158565,32,119,-0.126321,0.00521277,False
rs12158565,32,120,-0.140173,0.00195752,False
rs12158565,32,121,-0.149055,0.00101634,False
rs12158565,32,122,-0.150748,0.000910593,False
rs12158565,32,123,-0.140551,0.00199903,False
rs12158565,32,124,-0.12895,0.00467471,False
rs12158565,32,125,-0.134822,0.00319475,False
rs12158565,32,126,-0.140356,0.00216805,False
rs12158565,32,127,-0.129466,0.0047022,False
rs12158565,32,128,-0.138964,0.00245298,False
rs12158565,32,129,-0.142657,0.00188577,False
rs12158565,32,130,-0.139025,0.00249408,False
rs12158565,32,131,-0.138562,0.00260553,False
rs12158565,32,132,-0.145653,0.00158313,False
rs12158565,32,133,-0.146996,0.00144178,False
rs12158565,32,134,-0.130582,0.00470485,False
rs12158565,32,135,-0.140326,0.00239809,False
rs12158565,32,136,-0.134647,0.00359142,False
rs12158565,32,137,-0.138115,0.00284902,False
rs12158565,32,138,-0.148314,0.00135941,False
rs12158565,32,139,-0.153772,0.000897528,False
rs12158565,32,140,-0.155019,0.000819155,False
rs12158565,32,141,-0.155338,0.000793612,False
rs12158565,32,142,-0.158312,0.000631155,False
rs12158565,32,143,-0.154366,0.000861594,False
rs12158565,32,144,-0.16427,0.000392077,False
rs12158565,32,145,-0.154454,0.000847923,False
rs12158565,32,146,-0.162947,0.000431978,False
rs12158565,32,147,-0.165904,0.000335574,False
rs12158565,32,148,-0.169713,0.000245195,False
rs12158565,32,149,-0.16848,0.000270348,False
rs12158565,32,150,-0.16418,0.000383586,False
rs12158565,32,151,-0.154361,0.000844428,False
rs12158565,32,152,-0.147189,0.00143823,False
rs12158565,32,153,-0.157834,0.000626135,False
rs12158565,32,154,-0.164517,0.000360558,False
rs12158565,32,155,-0.1631,0.000400427,False
rs12158565,32,156,-0.168629,0.000251867,False
rs12158565,32,157,-0.158304,0.000580887,False
rs12158565,32,158,-0.170661,0.000203904,False
rs12158565,32,159,-0.161641,0.000418862,False
rs12158565,32,160,-0.164994,0.000312249,False
rs12158565,32,161,-0.16343,0.000349009,False
rs12158565,32,162,-0.170564,0.000187432,False
rs12158565,32,163,-0.163687,0.000331582,False
rs12158565,32,164,-0.159865,0.000446906,False
rs12158565,32,165,-0.158746,0.000481798,False
rs12158565,32,166,-0.175602,0.000110586,False
rs12158565,32,167,-0.168253,0.000203908,False
rs12158565,32,168,-0.161692,0.000348315,False
rs12158565,32,169,-0.158321,0.000451881,False
rs12158565,32,170,-0.163303,0.000289556,False
rs12158565,32,171,-0.162576,0.000305114,False
rs12158565,32,172,-0.167953,0.000188274,False
rs12158565,32,173,-0.178406,7.21077e-05,False
rs12158565,32,174,-0.177711,7.47316e-05,False
rs12158565,32,175,-0.159498,0.000368396,False
rs12158565,32,176,-0.172289,0.000113883,False
rs12158565,32,177,-0.164759,0.000221207,False
rs12158565,32,178,-0.169369,0.000141026,False
rs12158565,32,179,-0.17376,9.04354e-05,False
rs12158565,32,180,-0.160299,0.000298414,False
rs12158565,32,181,-0.152086,0.000579383,False
rs12158565,32,182,-0.155871,0.000418154,False
rs12158565,32,183,-0.157302,0.000353696,False
rs12158565,32,184,-0.150678,0.000607708,False
rs12158565,32,185,-0.153835,0.000455155,False
rs12158565,32,186,-0.145712,0.000881457,False
rs12158565,32,187,-0.149218,0.000655742,False
rs12158565,32,188,-0.136438,0.00174908,False
rs12158565,32,189,-0.14483,0.000877492,False
rs12158565,32,190,-0.145672,0.000807432,False
rs12158565,32,191,-0.151429,0.000481023,False
rs12158565,32,192,-0.156219,0.000307345,False
rs12158565,32,193,-0.159998,0.000218888,False
rs12158565,32,194,-0.1548,0.00033904,False
rs12158565,32,195,-0.146593,0.000686489,False
rs12158565,32,196,-0.150602,0.00047486,False
rs12158565,32,197,-0.157236,0.000271969,False
rs12158565,32,198,-0.150282,0.000499101,False
rs12158565,32,199,-0.145692,0.000737128,False
rs12158565,32,200,-0.152582,0.000404269,False
rs12158565,32,201,-0.136657,0.00155407,False
rs12158565,32,202,-0.149339,0.000546963,False
rs12158565,32,203,-0.147197,0.00065696,False
rs12158565,32,204,-0.148602,0.000597703,False
rs12158565,32,205,-0.147929,0.000632237,False
rs12158565,32,206,-0.144668,0.000861572,False
rs12158565,32,207,-0.144672,0.000863894,False
rs12158565,32,208,-0.145111,0.000855485,False
rs12158565,32,209,-0.155525,0.000352734,False
rs12158565,32,210,-0.153092,0.000443163,False
rs12158565,32,211,-0.150461,0.000575059,False
rs12158565,32,212,-0.145903,0.000884437,False
rs12158565,32,213,-0.15148,0.000572541,False
rs12158565,32,214,-0.147268,0.00085791,False
rs12158565,32,215,-0.149898,0.000718182,False
rs12158565,32,216,-0.156496,0.000431128,False
rs12158565,32,217,-0.141649,0.00154169,False
rs12158565,32,218,-0.153251,0.000645759,False
rs12158565,32,219,-0.157953,0.00046634,False
rs12158565,32,220,-0.153789,0.000705979,False
rs12158565,32,221,-0.149623,0.00103327,False
rs12158565,32,222,-0.1429,0.00184647,False
rs12158565,32,223,-0.152195,0.000976424,False
rs12158565,32,224,-0.143724,0.00200694,False
rs12158565,32,225,-0.140903,0.00269713,False
rs12158565,32,226,-0.137542,0.00368021,False
rs12158565,32,227,-0.142382,0.00286341,False
rs12158565,32,228,-0.132239,0.00607384,False
rs12158565,32,229,-0.145811,0.00274846,False
rs12158565,32,230,-0.138285,0.0049056,False
rs12158565,32,231,-0.135332,0.00638192,False
rs12158565,32,232,-0.137574,0.0062077,False
rs12158565,32,233,-0.147633,0.00368381,False
rs12158565,32,234,-0.137492,0.00758216,False
rs12158565,32,235,-0.13975,0.00730818,False
rs12158565,32,236,-0.147413,0.00518067,False
rs12158565,32,237,-0.152799,0.00426482,False
rs12158565,32,238,-0.161792,0.00281511,False
rs12158565,32,239,-0.153901,0.00506442,False
rs12158565,32,240,-0.157163,0.00478115,False
rs12158565,32,241,-0.156513,0.0056175,False
rs12158565,32,242,-0.163066,0.00443763,False
rs12158565,32,243,-0.173717,0.00282352,False
rs12158565,32,244,-0.172197,0.00355512,False
rs12158565,32,245,-0.167866,0.00509527,False
rs12158565,32,246,-0.178558,0.00337411,False
rs12158565,32,247,-0.178934,0.00383069,False
rs12158565,32,248,-0.182055,0.00376575,False
rs12158565,32,249,-0.189864,0.00289133,False
rs12158565,32,250,-0.182674,0.00473944,False
rs12158565,32,251,-0.196044,0.00280404,False
rs12158565,33,6,-0.0914372,0.00786154,False
rs12158565,33,7,-0.0816088,0.0170666,False
rs12158565,33,8,-0.0817302,0.0158154,False
rs12158565,33,9,-0.0909716,0.00689274,False
rs12158565,33,10,-0.0830942,0.0129693,False
rs12158565,33,11,-0.0753209,0.0231798,False
rs12158565,33,12,-0.0725278,0.0279004,False
rs12158565,33,13,-0.0912595,0.00546125,False
rs12158565,33,14,-0.0792038,0.015515,False
rs12158565,33,15,-0.0849843,0.00924226,False
rs12158565,33,16,-0.0774597,0.0173809,False
rs12158565,33,17,-0.0801891,0.0135557,False
rs12158565,33,18,-0.0845605,0.00931627,False
rs12158565,33,19,-0.0801438,0.0138098,False
rs12158565,33,20,-0.0872358,0.00723169,False
rs12158565,33,21,-0.0831805,0.010523,False
rs12158565,33,22,-0.0744195,0.0222594,False
rs12158565,33,23,-0.086136,0.00838887,False
rs12158565,33,24,-0.0904112,0.00568658,False
rs12158565,33,25,-0.0853432,0.00909542,False
rs12158565,33,26,-0.0759587,0.0204556,False
rs12158565,33,27,-0.0846315,0.00989667,False
rs12158565,33,28,-0.0937585,0.00444542,False
rs12158565,33,29,-0.0993878,0.00258079,False
rs12158565,33,30,-0.0846388,0.0103439,False
rs12158565,33,31,-0.081972,0.0133734,False
rs12158565,33,32,-0.0961992,0.0037878,False
rs12158565,33,33,-0.092273,0.00555716,False
rs12158565,33,34,-0.0972178,0.00363043,False
rs12158565,33,35,-0.0994414,0.00295921,False
rs12158565,33,36,-0.0912898,0.0064218,False
rs12158565,33,37,-0.108639,0.00124591,False
rs12158565,33,38,-0.0884742,0.0088463,False
rs12158565,33,39,-0.112626,0.000866141,False
rs12158565,33,40,-0.0964985,0.00447949,False
rs12158565,33,41,-0.0851099,0.0124854,False
rs12158565,33,42,-0.0927506,0.00659665,False
rs12158565,33,43,-0.0860246,0.0120577,False
rs12158565,33,44,-0.0929967,0.00686699,False
rs12158565,33,45,-0.0823989,0.0169192,False
rs12158565,33,46,-0.080905,0.0195781,False
rs12158565,33,47,-0.0752428,0.0305764,False
rs12158565,33,48,-0.0889354,0.010707,False
rs12158565,33,49,-0.0926196,0.00803037,False
rs12158565,33,50,-0.092383,0.00853161,False
rs12158565,33,51,-0.0638992,0.0695573,False
rs12158565,33,52,-0.0878028,0.0130782,False
rs12158565,33,53,-0.0908003,0.0107411,False
rs12158565,33,54,-0.0831871,0.0197357,False
rs12158565,33,55,-0.0908152,0.0111058,False
rs12158565,33,56,-0.0765825,0.0329662,False
rs12158565,33,57,-0.0823425,0.0224879,False
rs12158565,33,58,-0.0862261,0.0174877,False
rs12158565,33,59,-0.0845046,0.0205267,False
rs12158565,33,60,-0.0821521,0.0246058,False
rs12158565,33,61,-0.0780524,0.0334427,False
rs12158565,33,62,-0.0819069,0.0261587,False
rs12158565,33,63,-0.0863005,0.01968,False
rs12158565,33,64,-0.0735833,0.0478595,False
rs12158565,33,65,-0.082846,0.0266189,False
rs12158565,33,66,-0.0946256,0.0116976,False
rs12158565,33,67,-0.106121,0.00490718,False
rs12158565,33,68,-0.0922594,0.0148647,False
rs12158565,33,69,-0.0950757,0.0124713,False
rs12158565,33,70,-0.10133,0.00809342,False
rs12158565,33,71,-0.0993598,0.00979227,False
rs12158565,33,72,-0.0995494,0.00986009,False
rs12158565,33,73,-0.100198,0.00987065,False
rs12158565,33,74,-0.0987824,0.0114493,False
rs12158565,33,75,-0.0919592,0.0191492,False
rs12158565,33,76,-0.110224,0.00519121,False
rs12158565,33,77,-0.103458,0.00891399,False
rs12158565,33,78,-0.103321,0.0094013,False
rs12158565,33,79,-0.108681,0.00648457,False
rs12158565,33,80,-0.102217,0.0108842,False
rs12158565,33,81,-0.107595,0.00775451,False
rs12158565,33,82,-0.102594,0.0112256,False
rs12158565,33,83,-0.0954509,0.0190591,False
rs12158565,33,84,-0.0948872,0.0202356,False
rs12158565,33,85,-0.092884,0.0235138,False
rs12158565,33,86,-0.0921226,0.0254929,False
rs12158565,33,87,-0.102164,0.0135701,False
rs12158565,33,88,-0.104791,0.0116387,False
rs12158565,33,89,-0.109157,0.00891841,False
rs12158565,33,90,-0.103849,0.0131488,False
rs12158565,33,91,-0.108471,0.00985986,False
rs12158565,33,92,-0.109514,0.00937101,False
rs12158565,33,93,-0.104736,0.0133693,False
rs12158565,33,94,-0.106071,0.012461,False
rs12158565,33,95,-0.097875,0.0216016,False
rs12158565,33,96,-0.107698,0.0117478,False
rs12158565,33,97,-0.111124,0.00955953,False
rs12158565,33,98,-0.122141,0.00457041,False
rs12158565,33,99,-0.114956,0.00777403,False
rs12158565,33,100,-0.116092,0.00743514,False
rs12158565,33,101,-0.120397,0.00559168,False
rs12158565,33,102,-0.119709,0.00595743,False
rs12158565,33,103,-0.121855,0.00523439,False
rs12158565,33,104,-0.123114,0.00495621,False
rs12158565,33,105,-0.120665,0.00596293,False
rs12158565,33,106,-0.125374,0.00448978,False
rs12158565,33,107,-0.134739,0.00231543,False
rs12158565,33,108,-0.127371,0.00404747,False
rs12158565,33,109,-0.135264,0.00231312,False
rs12158565,33,110,-0.129299,0.00369159,False
rs12158565,33,111,-0.133571,0.00276381,False
rs12158565,33,112,-0.116802,0.00897541,False
rs12158565,33,113,-0.135514,0.00249201,False
rs12158565,33,114,-0.120083,0.00754567,False
rs12158565,33,115,-0.123029,0.00625929,False
rs12158565,33,116,-0.125024,0.00552371,False
rs12158565,33,117,-0.125198,0.0055463,False
rs12158565,33,118,-0.136355,0.00257232,False
rs12158565,33,119,-0.120091,0.00808233,False
rs12158565,33,120,-0.113368,0.0126891,False
rs12158565,33,121,-0.124008,0.00642916,False
rs12158565,33,122,-0.115726,0.0111368,False
rs12158565,33,123,-0.127292,0.00529723,False
rs12158565,33,124,-0.125166,0.00620893,False
rs12158565,33,125,-0.123362,0.00710178,False
rs12158565,33,126,-0.13291,0.00376961,False
rs12158565,33,127,-0.134469,0.00346643,False
rs12158565,33,128,-0.129174,0.00498231,False
rs12158565,33,129,-0.117659,0.010665,False
rs12158565,33,130,-0.126406,0.00615957,False
rs12158565,33,131,-0.120014,0.00940812,False
rs12158565,33,132,-0.127197,0.00596239,False
rs12158565,33,133,-0.12848,0.00546698,False
rs12158565,33,134,-0.128562,0.00545201,False
rs12158565,33,135,-0.12459,0.00721645,False
rs12158565,33,136,-0.124559,0.00727311,False
rs12158565,33,137,-0.13552,0.00350871,False
rs12158565,33,138,-0.140628,0.00243568,False
rs12158565,33,139,-0.14125,0.00233365,False
rs12158565,33,140,-0.139518,0.00260946,False
rs12158565,33,141,-0.130258,0.00501087,False
rs12158565,33,142,-0.139829,0.00259506,False
rs12158565,33,143,-0.130009,0.00504303,False
rs12158565,33,144,-0.129201,0.0053187,False
rs12158565,33,145,-0.129521,0.00525616,False
rs12158565,33,146,-0.139865,0.00256899,False
rs12158565,33,147,-0.138805,0.00277284,False
rs12158565,33,148,-0.132966,0.00410529,False
rs12158565,33,149,-0.132389,0.00426497,False
rs12158565,33,150,-0.13219,0.00432273,False
rs12158565,33,151,-0.142582,0.00206579,False
rs12158565,33,152,-0.141734,0.00221237,False
rs12158565,33,153,-0.134255,0.00372914,False
rs12158565,33,154,-0.150201,0.00115196,False
rs12158565,33,155,-0.150546,0.00113476,False
rs12158565,33,156,-0.157825,0.00063271,False
rs12158565,33,157,-0.157766,0.000633801,False
rs12158565,33,158,-0.153508,0.000869178,False
rs12158565,33,159,-0.149792,0.00114106,False
rs12158565,33,160,-0.149287,0.00116473,False
rs12158565,33,161,-0.157875,0.000595881,False
rs12158565,33,162,-0.148407,0.00121978,False
rs12158565,33,163,-0.154553,0.0007451,False
rs12158565,33,164,-0.154116,0.00075694,False
rs12158565,33,165,-0.146321,0.00135586,False
rs12158565,33,166,-0.14074,0.00204289,False
rs12158565,33,167,-0.148664,0.0010911,False
rs12158565,33,168,-0.143123,0.00166382,False
rs12158565,33,169,-0.150105,0.000950869,False
rs12158565,33,170,-0.154076,0.000692457,False
rs12158565,33,171,-0.153273,0.000713455,False
rs12158565,33,172,-0.156372,0.000548308,False
rs12158565,33,173,-0.153844,0.000657242,False
rs12158565,33,174,-0.161194,0.000344414,False
rs12158565,33,175,-0.164393,0.000256549,False
rs12158565,33,176,-0.165302,0.000228998,False
rs12158565,33,177,-0.155237,0.000531809,False
rs12158565,33,178,-0.152451,0.000659933,False
rs12158565,33,179,-0.144794,0.00117969,False
rs12158565,33,180,-0.142992,0.00132749,False
rs12158565,33,181,-0.152624,0.000601121,False
rs12158565,33,182,-0.148079,0.000858153,False
rs12158565,33,183,-0.146306,0.000981903,False
rs12158565,33,184,-0.155474,0.000447738,False
rs12158565,33,185,-0.150015,0.000677247,False
rs12158565,33,186,-0.156945,0.000361799,False
rs12158565,33,187,-0.156865,0.000361228,False
rs12158565,33,188,-0.156449,0.000367594,False
rs12158565,33,189,-0.167716,0.000127011,False
rs12158565,33,190,-0.155436,0.000377297,False
rs12158565,33,191,-0.158145,0.000291504,False
rs12158565,33,192,-0.160528,0.000229924,False
rs12158565,33,193,-0.146924,0.000738343,False
rs12158565,33,194,-0.154228,0.000387788,False
rs12158565,33,195,-0.15346,0.000403105,False
rs12158565,33,196,-0.155009,0.000345594,False
rs12158565,33,197,-0.141346,0.00109868,False
rs12158565,33,198,-0.143116,0.000961815,False
rs12158565,33,199,-0.153637,0.000393665,False
rs12158565,33,200,-0.141099,0.0011177,False
rs12158565,33,201,-0.140981,0.00112545,False
rs12158565,33,202,-0.141369,0.00109488,False
rs12158565,33,203,-0.140648,0.00114803,False
rs12158565,33,204,-0.137569,0.00151001,False
rs12158565,33,205,-0.139743,0.00126046,False
rs12158565,33,206,-0.144669,0.000851848,False
rs12158565,33,207,-0.14355,0.000954373,False
rs12158565,33,208,-0.149607,0.000585248,False
rs12158565,33,209,-0.154861,0.000378399,False
rs12158565,33,210,-0.148011,0.000695053,False
rs12158565,33,211,-0.146291,0.00082083,False
rs12158565,33,212,-0.156954,0.000339638,False
rs12158565,33,213,-0.153021,0.00048911,False
rs12158565,33,214,-0.149977,0.000654605,False
rs12158565,33,215,-0.146881,0.000891731,False
rs12158565,33,216,-0.154489,0.000492814,False
rs12158565,33,217,-0.144917,0.00113293,False
rs12158565,33,218,-0.158213,0.000411132,False
rs12158565,33,219,-0.151035,0.000789209,False
rs12158565,33,220,-0.15729,0.000500234,False
rs12158565,33,221,-0.15435,0.000697424,False
rs12158565,33,222,-0.151181,0.00095568,False
rs12158565,33,223,-0.162148,0.000440319,False
rs12158565,33,224,-0.166555,0.000330458,False
rs12158565,33,225,-0.163512,0.000476995,False
rs12158565,33,226,-0.152259,0.00125834,False
rs12158565,33,227,-0.157947,0.000913103,False
rs12158565,33,228,-0.164636,0.000619635,False
rs12158565,33,229,-0.15697,0.0012231,False
rs12158565,33,230,-0.148888,0.0023829,False
rs12158565,33,231,-0.165988,0.000798237,False
rs12158565,33,232,-0.157383,0.00167023,False
rs12158565,33,233,-0.158917,0.00169892,False
rs12158565,33,234,-0.163202,0.00142924,False
rs12158565,33,235,-0.159969,0.00204688,False
rs12158565,33,236,-0.152399,0.00369146,False
rs12158565,33,237,-0.161944,0.00232209,False
rs12158565,33,238,-0.158828,0.00321003,False
rs12158565,33,239,-0.173559,0.00148113,False
rs12158565,33,240,-0.155635,0.0049443,False
rs12158565,33,241,-0.152503,0.00665498,False
rs12158565,33,242,-0.174002,0.00227385,False
rs12158565,33,243,-0.164412,0.00449876,False
rs12158565,33,244,-0.171219,0.003549,False
rs12158565,33,245,-0.17596,0.00318442,False
rs12158565,33,246,-0.170094,0.00506079,False
rs12158565,33,247,-0.183628,0.00289994,False
rs12158565,33,248,-0.182298,0.00356018,False
rs12158565,33,249,-0.191232,0.0026506,False
rs12158565,33,250,-0.202861,0.00168149,False
rs12158565,33,251,-0.204956,0.00171484,False
rs12158565,34,6,-0.072737,0.0345149,False
rs12158565,34,7,-0.0713265,0.0364263,False
rs12158565,34,8,-0.0753057,0.0260413,False
rs12158565,34,9,-0.0739448,0.0277582,False
rs12158565,34,10,-0.060106,0.0718385,False
rs12158565,34,11,-0.0683409,0.0390874,False
rs12158565,34,12,-0.0641977,0.0516757,False
rs12158565,34,13,-0.0646118,0.0492754,False
rs12158565,34,14,-0.0765822,0.0191248,False
rs12158565,34,15,-0.0694652,0.0331369,False
rs12158565,34,16,-0.0644339,0.048483,False
rs12158565,34,17,-0.0666623,0.0409754,False
rs12158565,34,18,-0.0749298,0.0216179,False
rs12158565,34,19,-0.0826963,0.0112465,False
rs12158565,34,20,-0.0725463,0.02643,False
rs12158565,34,21,-0.0656488,0.0444866,False
rs12158565,34,22,-0.0791359,0.0155187,False
rs12158565,34,23,-0.0715873,0.0288119,False
rs12158565,34,24,-0.0796388,0.0151856,False
rs12158565,34,25,-0.073226,0.0255316,False
rs12158565,34,26,-0.0928357,0.00472444,False
rs12158565,34,27,-0.0783163,0.0174192,False
rs12158565,34,28,-0.0858384,0.00933617,False
rs12158565,34,29,-0.0974759,0.00321395,False
rs12158565,34,30,-0.0740748,0.025168,False
rs12158565,34,31,-0.0971514,0.00341419,False
rs12158565,34,32,-0.0874127,0.00858367,False
rs12158565,34,33,-0.0760229,0.0225544,False
rs12158565,34,34,-0.10074,0.00260669,False
rs12158565,34,35,-0.0810735,0.0157247,False
rs12158565,34,36,-0.0976397,0.00373817,False
rs12158565,34,37,-0.0889124,0.00845973,False
rs12158565,34,38,-0.0887858,0.008843,False
rs12158565,34,39,-0.0787033,0.020295,False
rs12158565,34,40,-0.0916671,0.00711719,False
rs12158565,34,41,-0.0881429,0.00979184,False
rs12158565,34,42,-0.0978923,0.00428948,False
rs12158565,34,43,-0.0862137,0.012153,False
rs12158565,34,44,-0.0858833,0.0128128,False
rs12158565,34,45,-0.0872518,0.011853,False
rs12158565,34,46,-0.0809183,0.0197618,False
rs12158565,34,47,-0.0725398,0.0373565,False
rs12158565,34,48,-0.0765302,0.0286554,False
rs12158565,34,49,-0.0772502,0.0277908,False
rs12158565,34,50,-0.0773278,0.0282618,False
rs12158565,34,51,-0.0787345,0.0262675,False
rs12158565,34,52,-0.0773382,0.0296116,False
rs12158565,34,53,-0.0726304,0.0418984,False
rs12158565,34,54,-0.077901,0.0295049,False
rs12158565,34,55,-0.0751694,0.0366375,False
rs12158565,34,56,-0.0684865,0.0580411,False
rs12158565,34,57,-0.0733847,0.0431367,False
rs12158565,34,58,-0.0669827,0.0664125,False
rs12158565,34,59,-0.0694917,0.0579393,False
rs12158565,34,60,-0.0726101,0.0480831,False
rs12158565,34,61,-0.0714435,0.0530709,False
rs12158565,34,62,-0.0667529,0.0720386,False
rs12158565,34,63,-0.0720187,0.0533998,False
rs12158565,34,64,-0.0826339,0.0271176,False
rs12158565,34,65,-0.0800596,0.0331951,False
rs12158565,34,66,-0.0814291,0.0310381,False
rs12158565,34,67,-0.0738579,0.0518027,False
rs12158565,34,68,-0.0803236,0.035173,False
rs12158565,34,69,-0.0832467,0.0298935,False
rs12158565,34,70,-0.0877733,0.0226834,False
rs12158565,34,71,-0.0817619,0.0349452,False
rs12158565,34,72,-0.0823713,0.0343183,False
rs12158565,34,73,-0.0921094,0.0185905,False
rs12158565,34,74,-0.0927886,0.0184479,False
rs12158565,34,75,-0.0992326,0.0120663,False
rs12158565,34,76,-0.0924082,0.0200245,False
rs12158565,34,77,-0.093766,0.018792,False
rs12158565,34,78,-0.100327,0.0123686,False
rs12158565,34,79,-0.106315,0.00833556,False
rs12158565,34,80,-0.105714,0.00904237,False
rs12158565,34,81,-0.110072,0.00682825,False
rs12158565,34,82,-0.107258,0.00870232,False
rs12158565,34,83,-0.108855,0.00788377,False
rs12158565,34,84,-0.0956248,0.0202008,False
rs12158565,34,85,-0.0935205,0.0237249,False
rs12158565,34,86,-0.100068,0.0159874,False
rs12158565,34,87,-0.107599,0.00986376,False
rs12158565,34,88,-0.0979344,0.0193688,False
rs12158565,34,89,-0.0918908,0.0285371,False
rs12158565,34,90,-0.0979783,0.0199602,False
rs12158565,34,91,-0.121143,0.00416175,False
rs12158565,34,92,-0.119411,0.00485921,False
rs12158565,34,93,-0.102558,0.0159239,False
rs12158565,34,94,-0.108257,0.0111934,False
rs12158565,34,95,-0.102436,0.0166918,False
rs12158565,34,96,-0.111521,0.00936496,False
rs12158565,34,97,-0.122284,0.00452003,False
rs12158565,34,98,-0.111847,0.00966747,False
rs12158565,34,99,-0.122241,0.00483259,False
rs12158565,34,100,-0.113401,0.00920696,False
rs12158565,34,101,-0.113583,0.00927068,False
rs12158565,34,102,-0.113174,0.00968908,False
rs12158565,34,103,-0.117676,0.00726778,False
rs12158565,34,104,-0.113339,0.00994025,False
rs12158565,34,105,-0.11106,0.0118022,False
rs12158565,34,106,-0.122159,0.00574909,False
rs12158565,34,107,-0.121967,0.00591443,False
rs12158565,34,108,-0.125314,0.00476989,False
rs12158565,34,109,-0.131959,0.00299967,False
rs12158565,34,110,-0.141092,0.00155685,False
rs12158565,34,111,-0.134766,0.00258184,False
rs12158565,34,112,-0.128397,0.00416472,False
rs12158565,34,113,-0.129761,0.00389311,False
rs12158565,34,114,-0.126686,0.0049394,False
rs12158565,34,115,-0.127573,0.00475162,False
rs12158565,34,116,-0.120724,0.00759388,False
rs12158565,34,117,-0.114816,0.0113087,False
rs12158565,34,118,-0.118081,0.00930548,False
rs12158565,34,119,-0.10732,0.0181572,False
rs12158565,34,120,-0.116243,0.0106252,False
rs12158565,34,121,-0.113557,0.012864,False
rs12158565,34,122,-0.101042,0.0270967,False
rs12158565,34,123,-0.110777,0.0155463,False
rs12158565,34,124,-0.113586,0.0132098,False
rs12158565,34,125,-0.119913,0.00900908,False
rs12158565,34,126,-0.121222,0.00835519,False
rs12158565,34,127,-0.112708,0.0142511,False
rs12158565,34,128,-0.107886,0.0189135,False
rs12158565,34,129,-0.105017,0.0226439,False
rs12158565,34,130,-0.108649,0.0185585,False
rs12158565,34,131,-0.122607,0.00788806,False
rs12158565,34,132,-0.134556,0.00357335,False
rs12158565,34,133,-0.136403,0.00316552,False
rs12158565,34,134,-0.131429,0.00445106,False
rs12158565,34,135,-0.138754,0.0027068,False
rs12158565,34,136,-0.136576,0.00317644,False
rs12158565,34,137,-0.131983,0.00437906,False
rs12158565,34,138,-0.128019,0.0057645,False
rs12158565,34,139,-0.136425,0.00327419,False
rs12158565,34,140,-0.139518,0.00265743,False
rs12158565,34,141,-0.142222,0.00219776,False
rs12158565,34,142,-0.147367,0.00149833,False
rs12158565,34,143,-0.141935,0.00225355,False
rs12158565,34,144,-0.141008,0.00242258,False
rs12158565,34,145,-0.13861,0.00288757,False
rs12158565,34,146,-0.144514,0.00187016,False
rs12158565,34,147,-0.136379,0.00334711,False
rs12158565,34,148,-0.14146,0.00234433,False
rs12158565,34,149,-0.142134,0.00221939,False
rs12158565,34,150,-0.142273,0.00219258,False
rs12158565,34,151,-0.147255,0.00150035,False
rs12158565,34,152,-0.150804,0.00114105,False
rs12158565,34,153,-0.142969,0.00203175,False
rs12158565,34,154,-0.133751,0.00391022,False
rs12158565,34,155,-0.144911,0.00175101,False
rs12158565,34,156,-0.151968,0.00102748,False
rs12158565,34,157,-0.156273,0.000729154,False
rs12158565,34,158,-0.157445,0.000659593,False
rs12158565,34,159,-0.155537,0.000763562,False
rs12158565,34,160,-0.169255,0.000247638,False
rs12158565,34,161,-0.169872,0.000231959,False
rs12158565,34,162,-0.157638,0.000635343,False
rs12158565,34,163,-0.155146,0.000752696,False
rs12158565,34,164,-0.164472,0.000348754,False
rs12158565,34,165,-0.172262,0.000174009,False
rs12158565,34,166,-0.162015,0.000406919,False
rs12158565,34,167,-0.161076,0.000431557,False
rs12158565,34,168,-0.165028,0.000301059,False
rs12158565,34,169,-0.161051,0.000417101,False
rs12158565,34,170,-0.167869,0.000227852,False
rs12158565,34,171,-0.163046,0.000336433,False
rs12158565,34,172,-0.163344,0.000321791,False
rs12158565,34,173,-0.156356,0.000562047,False
rs12158565,34,174,-0.161587,0.000349118,False
rs12158565,34,175,-0.16238,0.000320426,False
rs12158565,34,176,-0.185596,3.88452e-05,False
rs12158565,34,177,-0.18004,6.34157e-05,False
rs12158565,34,178,-0.171656,0.000133693,False
rs12158565,34,179,-0.16302,0.000277607,False
rs12158565,34,180,-0.162767,0.000278293,False
rs12158565,34,181,-0.155647,0.000498063,False
rs12158565,34,182,-0.165301,0.000212511,False
rs12158565,34,183,-0.164355,0.000223397,False
rs12158565,34,184,-0.163404,0.00023507,False
rs12158565,34,185,-0.168684,0.000142521,False
rs12158565,34,186,-0.166001,0.000175544,False
rs12158565,34,187,-0.161761,0.000251327,False
rs12158565,34,188,-0.158281,0.000327027,False
rs12158565,34,189,-0.158573,0.000310363,False
rs12158565,34,190,-0.159642,0.000282365,False
rs12158565,34,191,-0.161185,0.000239862,False
rs12158565,34,192,-0.156935,0.00033862,False
rs12158565,34,193,-0.15006,0.000597121,False
rs12158565,34,194,-0.156523,0.000336696,False
rs12158565,34,195,-0.160378,0.000233553,False
rs12158565,34,196,-0.159451,0.000251627,False
rs12158565,34,197,-0.151718,0.000493016,False
rs12158565,34,198,-0.159574,0.000248477,False
rs12158565,34,199,-0.159784,0.000239697,False
rs12158565,34,200,-0.15828,0.000273787,False
rs12158565,34,201,-0.141176,0.0011636,False
rs12158565,34,202,-0.154479,0.000383598,False
rs12158565,34,203,-0.139915,0.00128668,False
rs12158565,34,204,-0.144208,0.00088923,False
rs12158565,34,205,-0.133103,0.00220586,False
rs12158565,34,206,-0.147757,0.000679854,False
rs12158565,34,207,-0.13933,0.00134296,False
rs12158565,34,208,-0.139686,0.00131458,False
rs12158565,34,209,-0.14817,0.000676497,False
rs12158565,34,210,-0.140262,0.00131557,False
rs12158565,34,211,-0.154107,0.000430257,False
rs12158565,34,212,-0.148643,0.00070325,False
rs12158565,34,213,-0.152491,0.000527803,False
rs12158565,34,214,-0.159972,0.000285499,False
rs12158565,34,215,-0.147862,0.000838016,False
rs12158565,34,216,-0.152112,0.000620017,False
rs12158565,34,217,-0.149543,0.000798394,False
rs12158565,34,218,-0.143678,0.00133268,False
rs12158565,34,219,-0.152688,0.000680589,False
rs12158565,34,220,-0.162696,0.000320167,False
rs12158565,34,221,-0.16151,0.000385131,False
rs12158565,34,222,-0.147863,0.00121282,False
rs12158565,34,223,-0.146019,0.00150259,False
rs12158565,34,224,-0.171628,0.000213413,False
rs12158565,34,225,-0.149442,0.00139301,False
rs12158565,34,226,-0.16523,0.000446349,False
rs12158565,34,227,-0.157916,0.000876982,False
rs12158565,34,228,-0.156066,0.00112427,False
rs12158565,34,229,-0.168914,0.00048005,False
rs12158565,34,230,-0.154363,0.00157575,False
rs12158565,34,231,-0.161267,0.00109834,False
rs12158565,34,232,-0.170585,0.000629217,False
rs12158565,34,233,-0.160091,0.00149958,False
rs12158565,34,234,-0.154477,0.00248738,False
rs12158565,34,235,-0.161336,0.00180909,False
rs12158565,34,236,-0.17288,0.000946818,False
rs12158565,34,237,-0.17792,0.000779638,False
rs12158565,34,238,-0.169367,0.00161117,False
rs12158565,34,239,-0.169085,0.00186006,False
rs12158565,34,240,-0.175542,0.00144507,False
rs12158565,34,241,-0.168994,0.00249145,False
rs12158565,34,242,-0.180011,0.00149609,False
rs12158565,34,243,-0.187338,0.00113011,False
rs12158565,34,244,-0.183492,0.00169732,False
rs12158565,34,245,-0.187788,0.00157314,False
rs12158565,34,246,-0.190007,0.00165817,False
rs12158565,34,247,-0.189339,0.00203531,False
rs12158565,34,248,-0.200883,0.0012767,False
rs12158565,34,249,-0.187815,0.00304828,False
rs12158565,34,250,-0.202009,0.00165869,False
rs12158565,34,251,-0.211149,0.00117834,False
rs12158565,35,6,-0.0656422,0.0564187,False
rs12158565,35,7,-0.0602585,0.0776899,False
rs12158565,35,8,-0.0668218,0.0491603,False
rs12158565,35,9,-0.0660066,0.0497401,False
rs12158565,35,10,-0.0834178,0.012712,False
rs12158565,35,11,-0.0682389,0.040445,False
rs12158565,35,12,-0.0672244,0.0420502,False
rs12158565,35,13,-0.0705938,0.0325706,False
rs12158565,35,14,-0.0618155,0.0599854,False
rs12158565,35,15,-0.0622605,0.0575698,False
rs12158565,35,16,-0.0661651,0.0434267,False
rs12158565,35,17,-0.0748601,0.0222517,False
rs12158565,35,18,-0.0679529,0.0381332,False
rs12158565,35,19,-0.0693732,0.0341225,False
rs12158565,35,20,-0.0482895,0.140678,False
rs12158565,35,21,-0.0743561,0.0234742,False
rs12158565,35,22,-0.0679332,0.0385372,False
rs12158565,35,23,-0.0623868,0.0584686,False
rs12158565,35,24,-0.0610716,0.0637958,False
rs12158565,35,25,-0.0430648,0.191743,False
rs12158565,35,26,-0.0725834,0.0283057,False
rs12158565,35,27,-0.0796846,0.0164501,False
rs12158565,35,28,-0.0723555,0.0295778,False
rs12158565,35,29,-0.0742494,0.0258999,False
rs12158565,35,30,-0.0749791,0.0247999,False
rs12158565,35,31,-0.0760138,0.0231948,False
rs12158565,35,32,-0.0864956,0.00981338,False
rs12158565,35,33,-0.0817278,0.0150833,False
rs12158565,35,34,-0.0814483,0.0155665,False
rs12158565,35,35,-0.0879176,0.00938361,False
rs12158565,35,36,-0.0896674,0.00818407,False
rs12158565,35,37,-0.0938077,0.00580522,False
rs12158565,35,38,-0.0832322,0.0145991,False
rs12158565,35,39,-0.101216,0.00309358,False
rs12158565,35,40,-0.0814573,0.0176843,False
rs12158565,35,41,-0.0844225,0.0140946,False
rs12158565,35,42,-0.0889425,0.0100474,False
rs12158565,35,43,-0.0868064,0.0122727,False
rs12158565,35,44,-0.0860894,0.0133799,False
rs12158565,35,45,-0.082796,0.0178068,False
rs12158565,35,46,-0.0816952,0.0197967,False
rs12158565,35,47,-0.0867827,0.0137482,False
rs12158565,35,48,-0.0853846,0.0156632,False
rs12158565,35,49,-0.0912217,0.0100692,False
rs12158565,35,50,-0.0772039,0.0300731,False
rs12158565,35,51,-0.0802924,0.0245406,False
rs12158565,35,52,-0.0926429,0.00996639,False
rs12158565,35,53,-0.0866143,0.0162492,False
rs12158565,35,54,-0.0707817,0.0505284,False
rs12158565,35,55,-0.0896801,0.0135242,False
rs12158565,35,56,-0.0869398,0.0170922,False
rs12158565,35,57,-0.081787,0.0254554,False
rs12158565,35,58,-0.0780939,0.033466,False
rs12158565,35,59,-0.0711114,0.0540134,False
rs12158565,35,60,-0.082088,0.0270123,False
rs12158565,35,61,-0.0812858,0.0291033,False
rs12158565,35,62,-0.0755628,0.0436607,False
rs12158565,35,63,-0.0750434,0.046043,False
rs12158565,35,64,-0.0774229,0.0405637,False
rs12158565,35,65,-0.0756315,0.046249,False
rs12158565,35,66,-0.0754094,0.0479713,False
rs12158565,35,67,-0.0834673,0.0290752,False
rs12158565,35,68,-0.0882542,0.0215683,False
rs12158565,35,69,-0.0791806,0.0404823,False
rs12158565,35,70,-0.0860532,0.0266101,False
rs12158565,35,71,-0.0798736,0.0407382,False
rs12158565,35,72,-0.0789519,0.0441948,False
rs12158565,35,73,-0.0846878,0.0315701,False
rs12158565,35,74,-0.0882319,0.025799,False
rs12158565,35,75,-0.0880979,0.026915,False
rs12158565,35,76,-0.0842748,0.0353635,False
rs12158565,35,77,-0.0869249,0.0308124,False
rs12158565,35,78,-0.0806672,0.0458346,False
rs12158565,35,79,-0.0777838,0.0551688,False
rs12158565,35,80,-0.0911175,0.0254204,False
rs12158565,35,81,-0.0913664,0.0254298,False
rs12158565,35,82,-0.0960275,0.0193149,False
rs12158565,35,83,-0.098178,0.0173164,False
rs12158565,35,84,-0.0776299,0.0610126,False
rs12158565,35,85,-0.0712253,0.0864812,False
rs12158565,35,86,-0.0859592,0.0392857,False
rs12158565,35,87,-0.0837964,0.0457193,False
rs12158565,35,88,-0.0833412,0.0476184,False
rs12158565,35,89,-0.0903346,0.0324818,False
rs12158565,35,90,-0.0877472,0.0385807,False
rs12158565,35,91,-0.0742106,0.0811197,False
rs12158565,35,92,-0.0739147,0.0834672,False
rs12158565,35,93,-0.0924633,0.0307389,False
rs12158565,35,94,-0.101593,0.0180469,False
rs12158565,35,95,-0.0903798,0.0360417,False
rs12158565,35,96,-0.0949559,0.0280927,False
rs12158565,35,97,-0.0951142,0.0282339,False
rs12158565,35,98,-0.084353,0.0523639,False
rs12158565,35,99,-0.0942925,0.0307272,False
rs12158565,35,100,-0.102516,0.0190441,False
rs12158565,35,101,-0.0988739,0.0243357,False
rs12158565,35,102,-0.0959873,0.0290588,False
rs12158565,35,103,-0.107758,0.0145558,False
rs12158565,35,104,-0.107027,0.0154326,False
rs12158565,35,105,-0.102967,0.0198615,False
rs12158565,35,106,-0.112386,0.0111439,False
rs12158565,35,107,-0.124873,0.00496692,False
rs12158565,35,108,-0.116111,0.00914867,False
rs12158565,35,109,-0.110658,0.0132058,False
rs12158565,35,110,-0.112702,0.0117009,False
rs12158565,35,111,-0.121496,0.00672824,False
rs12158565,35,112,-0.117592,0.00886092,False
rs12158565,35,113,-0.107308,0.0170575,False
rs12158565,35,114,-0.113448,0.0118716,False
rs12158565,35,115,-0.105661,0.0193202,False
rs12158565,35,116,-0.106708,0.0182584,False
rs12158565,35,117,-0.113828,0.0118994,False
rs12158565,35,118,-0.115357,0.010965,False
rs12158565,35,119,-0.114591,0.0117128,False
rs12158565,35,120,-0.126024,0.00562891,False
rs12158565,35,121,-0.124751,0.00624426,False
rs12158565,35,122,-0.113949,0.0126596,False
rs12158565,35,123,-0.11183,0.0144419,False
rs12158565,35,124,-0.114681,0.0122627,False
rs12158565,35,125,-0.115842,0.0114948,False
rs12158565,35,126,-0.116034,0.0115567,False
rs12158565,35,127,-0.116929,0.011051,False
rs12158565,35,128,-0.114485,0.0128175,False
rs12158565,35,129,-0.122637,0.00767665,False
rs12158565,35,130,-0.122792,0.0077065,False
rs12158565,35,131,-0.120478,0.00886485,False
rs12158565,35,132,-0.113649,0.0137371,False
rs12158565,35,133,-0.118385,0.0102829,False
rs12158565,35,134,-0.120131,0.00925015,False
rs12158565,35,135,-0.127127,0.00591349,False
rs12158565,35,136,-0.13181,0.00433096,False
rs12158565,35,137,-0.127829,0.00574263,False
rs12158565,35,138,-0.121278,0.00879445,False
rs12158565,35,139,-0.130255,0.00489694,False
rs12158565,35,140,-0.127517,0.0058854,False
rs12158565,35,141,-0.133801,0.00388131,False
rs12158565,35,142,-0.116478,0.0119467,False
rs12158565,35,143,-0.120423,0.00935324,False
rs12158565,35,144,-0.122062,0.00849539,False
rs12158565,35,145,-0.136053,0.00336579,False
rs12158565,35,146,-0.127365,0.00598236,False
rs12158565,35,147,-0.122403,0.00823887,False
rs12158565,35,148,-0.134725,0.0036437,False
rs12158565,35,149,-0.130111,0.00497116,False
rs12158565,35,150,-0.136387,0.00322302,False
rs12158565,35,151,-0.140547,0.00243738,False
rs12158565,35,152,-0.150759,0.00114338,False
rs12158565,35,153,-0.149526,0.00125894,False
rs12158565,35,154,-0.164497,0.000383173,False
rs12158565,35,155,-0.153988,0.000882726,False
rs12158565,35,156,-0.15473,0.000827205,False
rs12158565,35,157,-0.147677,0.00139323,False
rs12158565,35,158,-0.151981,0.00100068,False
rs12158565,35,159,-0.152125,0.000995752,False
rs12158565,35,160,-0.150068,0.0011636,False
rs12158565,35,161,-0.157182,0.000672116,False
rs12158565,35,162,-0.161468,0.000468305,False
rs12158565,35,163,-0.158563,0.000589693,False
rs12158565,35,164,-0.152038,0.00098545,False
rs12158565,35,165,-0.155285,0.000747679,False
rs12158565,35,166,-0.154453,0.000790463,False
rs12158565,35,167,-0.1518,0.000959477,False
rs12158565,35,168,-0.143917,0.00173663,False
rs12158565,35,169,-0.150759,0.00102496,False
rs12158565,35,170,-0.146259,0.00143159,False
rs12158565,35,171,-0.145588,0.00146992,False
rs12158565,35,172,-0.145304,0.0014635,False
rs12158565,35,173,-0.143927,0.00160315,False
rs12158565,35,174,-0.126622,0.00551815,False
rs12158565,35,175,-0.145626,0.00138614,False
rs12158565,35,176,-0.145099,0.0013925,False
rs12158565,35,177,-0.14323,0.00159612,False
rs12158565,35,178,-0.144311,0.00146158,False
rs12158565,35,179,-0.150023,0.000917669,False
rs12158565,35,180,-0.1348,0.00285632,False
rs12158565,35,181,-0.133094,0.00314424,False
rs12158565,35,182,-0.130852,0.00365972,False
rs12158565,35,183,-0.143399,0.00140116,False
rs12158565,35,184,-0.152239,0.000690061,False
rs12158565,35,185,-0.142227,0.00148167,False
rs12158565,35,186,-0.155854,0.000476959,False
rs12158565,35,187,-0.151134,0.000682845,False
rs12158565,35,188,-0.148386,0.000837151,False
rs12158565,35,189,-0.143115,0.00124218,False
rs12158565,35,190,-0.14711,0.000863985,False
rs12158565,35,191,-0.147511,0.000824042,False
rs12158565,35,192,-0.14125,0.00134932,False
rs12158565,35,193,-0.149085,0.000689426,False
rs12158565,35,194,-0.148298,0.000722649,False
rs12158565,35,195,-0.146504,0.00082789,False
rs12158565,35,196,-0.146252,0.000829668,False
rs12158565,35,197,-0.144712,0.00092006,False
rs12158565,35,198,-0.146338,0.00078961,False
rs12158565,35,199,-0.143721,0.000973729,False
rs12158565,35,200,-0.142409,0.00107581,False
rs12158565,35,201,-0.140053,0.00130667,False
rs12158565,35,202,-0.135197,0.00190093,False
rs12158565,35,203,-0.144973,0.000874093,False
rs12158565,35,204,-0.132119,0.0024175,False
rs12158565,35,205,-0.139199,0.00138829,False
rs12158565,35,206,-0.146212,0.000791295,False
rs12158565,35,207,-0.14538,0.000852276,False
rs12158565,35,208,-0.141285,0.00120723,False
rs12158565,35,209,-0.147715,0.000716659,False
rs12158565,35,210,-0.153414,0.000461005,False
rs12158565,35,211,-0.142686,0.00113416,False
rs12158565,35,212,-0.144017,0.00105335,False
rs12158565,35,213,-0.143,0.00117664,False
rs12158565,35,214,-0.121081,0.00618519,False
rs12158565,35,215,-0.132558,0.00276198,False
rs12158565,35,216,-0.124008,0.0052882,False
rs12158565,35,217,-0.135424,0.0024361,False
rs12158565,35,218,-0.133327,0.00290619,False
rs12158565,35,219,-0.132653,0.0032321,False
rs12158565,35,220,-0.135427,0.00274796,False
rs12158565,35,221,-0.14385,0.0015637,False
rs12158565,35,222,-0.157978,0.000550132,False
rs12158565,35,223,-0.152958,0.000888153,False
rs12158565,35,224,-0.154751,0.000838193,False
rs12158565,35,225,-0.163287,0.000463988,False
rs12158565,35,226,-0.149185,0.00150016,False
rs12158565,35,227,-0.155927,0.00100038,False
rs12158565,35,228,-0.159716,0.000834573,False
rs12158565,35,229,-0.169499,0.000441541,False
rs12158565,35,230,-0.159509,0.00105923,False
rs12158565,35,231,-0.16424,0.000852585,False
rs12158565,35,232,-0.154638,0.00185773,False
rs12158565,35,233,-0.163623,0.00112562,False
rs12158565,35,234,-0.176466,0.000515434,False
rs12158565,35,235,-0.167764,0.00111062,False
rs12158565,35,236,-0.157705,0.00246044,False
rs12158565,35,237,-0.167059,0.00151892,False
rs12158565,35,238,-0.167495,0.00169673,False
rs12158565,35,239,-0.152292,0.00487408,False
rs12158565,35,240,-0.16626,0.00240378,False
rs12158565,35,241,-0.16239,0.00345489,False
rs12158565,35,242,-0.174127,0.00202342,False
rs12158565,35,243,-0.166556,0.00360272,False
rs12158565,35,244,-0.164337,0.00467378,False
rs12158565,35,245,-0.175544,0.00288996,False
rs12158565,35,246,-0.171227,0.00426984,False
rs12158565,35,247,-0.174174,0.0041753,False
rs12158565,35,248,-0.170695,0.00577986,False
rs12158565,35,249,-0.178814,0.00437884,False
rs12158565,35,250,-0.186803,0.00333048,False
rs12158565,35,251,-0.189444,0.00332221,False
rs12158565,36,6,-0.0750411,0.0302887,False
rs12158565,36,7,-0.0732916,0.0330392,False
rs12158565,36,8,-0.0808869,0.0177384,False
rs12158565,36,9,-0.0697217,0.039255,False
rs12158565,36,10,-0.0596974,0.0761666,False
rs12158565,36,11,-0.0691678,0.03858,False
rs12158565,36,12,-0.0586014,0.0777923,False
rs12158565,36,13,-0.0469418,0.157189,False
rs12158565,36,14,-0.0604143,0.0668504,False
rs12158565,36,15,-0.0456567,0.165306,False
rs12158565,36,16,-0.0513617,0.117917,False
rs12158565,36,17,-0.0532023,0.105271,False
rs12158565,36,18,-0.0555037,0.0911022,False
rs12158565,36,19,-0.0517191,0.115517,False
rs12158565,36,20,-0.0458626,0.163379,False
rs12158565,36,21,-0.049612,0.132102,False
rs12158565,36,22,-0.0476831,0.148623,False
rs12158565,36,23,-0.0476015,0.149454,False
rs12158565,36,24,-0.0530729,0.108875,False
rs12158565,36,25,-0.0478444,0.149313,False
rs12158565,36,26,-0.0619253,0.0620956,False
rs12158565,36,27,-0.0483932,0.145639,False
rs12158565,36,28,-0.05153,0.12241,False
rs12158565,36,29,-0.0453545,0.174666,False
rs12158565,36,30,-0.0557374,0.0962518,False
rs12158565,36,31,-0.0504869,0.132927,False
rs12158565,36,32,-0.0508925,0.131381,False
rs12158565,36,33,-0.0500636,0.137992,False
rs12158565,36,34,-0.0506539,0.134681,False
rs12158565,36,35,-0.0581004,0.0867753,False
rs12158565,36,36,-0.0521065,0.125086,False
rs12158565,36,37,-0.0573466,0.0927864,False
rs12158565,36,38,-0.0718885,0.0355207,False
rs12158565,36,39,-0.0632687,0.0654827,False
rs12158565,36,40,-0.0639561,0.0636136,False
rs12158565,36,41,-0.05958,0.0853415,False
rs12158565,36,42,-0.0768618,0.0267129,False
rs12158565,36,43,-0.0689799,0.0474729,False
rs12158565,36,44,-0.0701143,0.0452123,False
rs12158565,36,45,-0.0595702,0.0896767,False
rs12158565,36,46,-0.0661579,0.0606144,False
rs12158565,36,47,-0.0533453,0.13139,False
rs12158565,36,48,-0.0495413,0.162896,False
rs12158565,36,49,-0.0730559,0.0409738,False
rs12158565,36,50,-0.0711781,0.0466233,False
rs12158565,36,51,-0.0680223,0.0584072,False
rs12158565,36,52,-0.0634586,0.0792346,False
rs12158565,36,53,-0.0690096,0.0571023,False
rs12158565,36,54,-0.0792762,0.0293471,False
rs12158565,36,55,-0.0747277,0.0410505,False
rs12158565,36,56,-0.0777296,0.0344235,False
rs12158565,36,57,-0.0643003,0.0812521,False
rs12158565,36,58,-0.0640916,0.0836791,False
rs12158565,36,59,-0.0701207,0.059966,False
rs12158565,36,60,-0.0778364,0.0374332,False
rs12158565,36,61,-0.0799933,0.0331649,False
rs12158565,36,62,-0.0692397,0.0665411,False
rs12158565,36,63,-0.084043,0.0265049,False
rs12158565,36,64,-0.072234,0.057829,False
rs12158565,36,65,-0.0817428,0.0327989,False
rs12158565,36,66,-0.0783383,0.0414087,False
rs12158565,36,67,-0.0793318,0.0397595,False
rs12158565,36,68,-0.0830749,0.0321596,False
rs12158565,36,69,-0.0858656,0.0278056,False
rs12158565,36,70,-0.0841726,0.0319274,False
rs12158565,36,71,-0.0777518,0.0487022,False
rs12158565,36,72,-0.0753899,0.0566582,False
rs12158565,36,73,-0.0785286,0.0482754,False
rs12158565,36,74,-0.076544,0.0556191,False
rs12158565,36,75,-0.0735736,0.067081,False
rs12158565,36,76,-0.0837047,0.0379016,False
rs12158565,36,77,-0.0793327,0.0503031,False
rs12158565,36,78,-0.0714585,0.0793141,False
rs12158565,36,79,-0.0719515,0.0786201,False
rs12158565,36,80,-0.0713719,0.0822696,False
rs12158565,36,81,-0.0737098,0.073453,False
rs12158565,36,82,-0.0813779,0.0492364,False
rs12158565,36,83,-0.0837235,0.0442497,False
rs12158565,36,84,-0.0788776,0.0589825,False
rs12158565,36,85,-0.0716637,0.0875592,False
rs12158565,36,86,-0.0906037,0.0313536,False
rs12158565,36,87,-0.0886703,0.035506,False
rs12158565,36,88,-0.0911419,0.0312514,False
rs12158565,36,89,-0.0738806,0.0817595,False
rs12158565,36,90,-0.0859744,0.0434118,False
rs12158565,36,91,-0.0802951,0.0599376,False
rs12158565,36,92,-0.0738932,0.0848585,False
rs12158565,36,93,-0.088445,0.0398468,False
rs12158565,36,94,-0.0787596,0.0677696,False
rs12158565,36,95,-0.0789845,0.0674637,False
rs12158565,36,96,-0.0833808,0.0546226,False
rs12158565,36,97,-0.0845301,0.0521106,False
rs12158565,36,98,-0.0852154,0.0506067,False
rs12158565,36,99,-0.0955047,0.0288564,False
rs12158565,36,100,-0.104984,0.0166343,False
rs12158565,36,101,-0.0977786,0.0260574,False
rs12158565,36,102,-0.0953976,0.0301956,False
rs12158565,36,103,-0.0970026,0.0278464,False
rs12158565,36,104,-0.100606,0.0227967,False
rs12158565,36,105,-0.102305,0.0208321,False
rs12158565,36,106,-0.117516,0.00808466,False
rs12158565,36,107,-0.105747,0.0174363,False
rs12158565,36,108,-0.102864,0.0209818,False
rs12158565,36,109,-0.0998784,0.025373,False
rs12158565,36,110,-0.0898097,0.0450094,False
rs12158565,36,111,-0.0907595,0.0430153,False
rs12158565,36,112,-0.0826481,0.0654388,False
rs12158565,36,113,-0.0865123,0.0543865,False
rs12158565,36,114,-0.100276,0.0258226,False
rs12158565,36,115,-0.103795,0.0213359,False
rs12158565,36,116,-0.105605,0.0193109,False
rs12158565,36,117,-0.100395,0.026314,False
rs12158565,36,118,-0.0893352,0.0486043,False
rs12158565,36,119,-0.095679,0.035069,False
rs12158565,36,120,-0.102366,0.0243721,False
rs12158565,36,121,-0.104805,0.0212168,False
rs12158565,36,122,-0.092083,0.0432914,False
rs12158565,36,123,-0.09898,0.0300831,False
rs12158565,36,124,-0.0965005,0.034808,False
rs12158565,36,125,-0.0928485,0.0423489,False
rs12158565,36,126,-0.0933547,0.0417235,False
rs12158565,36,127,-0.100752,0.0280808,False
rs12158565,36,128,-0.0964578,0.035727,False
rs12158565,36,129,-0.109305,0.0172819,False
rs12158565,36,130,-0.112642,0.0141686,False
rs12158565,36,131,-0.116203,0.0113345,False
rs12158565,36,132,-0.10916,0.0177275,False
rs12158565,36,133,-0.111438,0.0156306,False
rs12158565,36,134,-0.112934,0.0143515,False
rs12158565,36,135,-0.112812,0.0145228,False
rs12158565,36,136,-0.10948,0.0177098,False
rs12158565,36,137,-0.111759,0.0154506,False
rs12158565,36,138,-0.114551,0.0130398,False
rs12158565,36,139,-0.118165,0.01047,False
rs12158565,36,140,-0.110412,0.0168469,False
rs12158565,36,141,-0.119181,0.00996644,False
rs12158565,36,142,-0.124011,0.00731553,False
rs12158565,36,143,-0.117313,0.0112175,False
rs12158565,36,144,-0.119368,0.00986291,False
rs12158565,36,145,-0.112169,0.0152518,False
rs12158565,36,146,-0.117887,0.010934,False
rs12158565,36,147,-0.126506,0.00636662,False
rs12158565,36,148,-0.122785,0.00809115,False
rs12158565,36,149,-0.121734,0.00864247,False
rs12158565,36,150,-0.122249,0.00833856,False
rs12158565,36,151,-0.134988,0.00357187,False
rs12158565,36,152,-0.14021,0.00245795,False
rs12158565,36,153,-0.143977,0.00189288,False
rs12158565,36,154,-0.137677,0.0029447,False
rs12158565,36,155,-0.133018,0.00407306,False
rs12158565,36,156,-0.148073,0.00138858,False
rs12158565,36,157,-0.145762,0.00163825,False
rs12158565,36,158,-0.146672,0.00153947,False
rs12158565,36,159,-0.148007,0.00139353,False
rs12158565,36,160,-0.148124,0.00137011,False
rs12158565,36,161,-0.150126,0.00116859,False
rs12158565,36,162,-0.14921,0.001244,False
rs12158565,36,163,-0.144422,0.00175947,False
rs12158565,36,164,-0.144231,0.00179243,False
rs12158565,36,165,-0.150831,0.00107391,False
rs12158565,36,166,-0.137134,0.00294014,False
rs12158565,36,167,-0.144858,0.00168068,False
rs12158565,36,168,-0.137429,0.00285111,False
rs12158565,36,169,-0.14188,0.00204144,False
rs12158565,36,170,-0.144673,0.00162146,False
rs12158565,36,171,-0.149304,0.00113042,False
rs12158565,36,172,-0.151352,0.000958801,False
rs12158565,36,173,-0.14489,0.00154956,False
rs12158565,36,174,-0.148103,0.00120101,False
rs12158565,36,175,-0.132555,0.00369847,False
rs12158565,36,176,-0.128134,0.00496794,False
rs12158565,36,177,-0.150345,0.000955196,False
rs12158565,36,178,-0.144529,0.00148131,False
rs12158565,36,179,-0.136058,0.00272558,False
rs12158565,36,180,-0.13659,0.00257057,False
rs12158565,36,181,-0.139153,0.00206777,False
rs12158565,36,182,-0.145405,0.0012578,False
rs12158565,36,183,-0.143303,0.00146469,False
rs12158565,36,184,-0.137307,0.00226992,False
rs12158565,36,185,-0.134736,0.00267467,False
rs12158565,36,186,-0.149634,0.000834254,False
rs12158565,36,187,-0.143431,0.00133173,False
rs12158565,36,188,-0.143201,0.00132651,False
rs12158565,36,189,-0.147974,0.000897036,False
rs12158565,36,190,-0.13961,0.00168362,False
rs12158565,36,191,-0.137837,0.00189698,False
rs12158565,36,192,-0.155223,0.000444908,False
rs12158565,36,193,-0.160985,0.000265871,False
rs12158565,36,194,-0.138437,0.00166662,False
rs12158565,36,195,-0.146735,0.000858797,False
rs12158565,36,196,-0.148444,0.000739559,False
rs12158565,36,197,-0.152213,0.000540886,False
rs12158565,36,198,-0.145374,0.000934221,False
rs12158565,36,199,-0.151652,0.000553187,False
rs12158565,36,200,-0.138272,0.00164322,False
rs12158565,36,201,-0.152275,0.000516739,False
rs12158565,36,202,-0.158539,0.000298993,False
rs12158565,36,203,-0.146006,0.000857877,False
rs12158565,36,204,-0.149443,0.000648593,False
rs12158565,36,205,-0.150443,0.000593137,False
rs12158565,36,206,-0.141561,0.00123011,False
rs12158565,36,207,-0.137543,0.00167941,False
rs12158565,36,208,-0.146903,0.000810547,False
rs12158565,36,209,-0.143468,0.00106741,False
rs12158565,36,210,-0.152486,0.00051623,False
rs12158565,36,211,-0.143789,0.00108687,False
rs12158565,36,212,-0.128278,0.00358759,False
rs12158565,36,213,-0.137229,0.00187336,False
rs12158565,36,214,-0.139938,0.00158106,False
rs12158565,36,215,-0.140512,0.00154035,False
rs12158565,36,216,-0.140561,0.00156565,False
rs12158565,36,217,-0.137959,0.00202029,False
rs12158565,36,218,-0.132325,0.00315232,False
rs12158565,36,219,-0.123189,0.00623547,False
rs12158565,36,220,-0.122446,0.00669926,False
rs12158565,36,221,-0.136718,0.00261617,False
rs12158565,36,222,-0.134239,0.00328673,False
rs12158565,36,223,-0.137816,0.00268936,False
rs12158565,36,224,-0.141115,0.0022804,False
rs12158565,36,225,-0.145421,0.00177679,False
rs12158565,36,226,-0.143335,0.00225461,False
rs12158565,36,227,-0.143447,0.0024176,False
rs12158565,36,228,-0.139578,0.00338806,False
rs12158565,36,229,-0.135566,0.00472159,False
rs12158565,36,230,-0.152693,0.00161522,False
rs12158565,36,231,-0.151149,0.00202873,False
rs12158565,36,232,-0.151714,0.00216214,False
rs12158565,36,233,-0.152393,0.00230003,False
rs12158565,36,234,-0.160312,0.0015091,False
rs12158565,36,235,-0.167064,0.0010764,False
rs12158565,36,236,-0.16116,0.00184067,False
rs12158565,36,237,-0.162495,0.00193212,False
rs12158565,36,238,-0.16686,0.00165636,False
rs12158565,36,239,-0.170364,0.00151768,False
rs12158565,36,240,-0.159703,0.0034375,False
rs12158565,36,241,-0.165954,0.00264918,False
rs12158565,36,242,-0.159521,0.00442035,False
rs12158565,36,243,-0.166445,0.00338924,False
rs12158565,36,244,-0.16029,0.00554626,False
rs12158565,36,245,-0.162306,0.00567196,False
rs12158565,36,246,-0.156485,0.00861139,False
rs12158565,36,247,-0.163333,0.00693844,False
rs12158565,36,248,-0.159859,0.00939967,False
rs12158565,36,249,-0.167112,0.00750484,False
rs12158565,36,250,-0.153854,0.0153895,False
rs12158565,36,251,-0.165312,0.0103738,False
rs12158565,37,6,-0.0700083,0.0426876,False
rs12158565,37,7,-0.0582951,0.0896726,False
rs12158565,37,8,-0.0724931,0.0337366,False
rs12158565,37,9,-0.0756934,0.0255681,False
rs12158565,37,10,-0.0710562,0.0349106,False
rs12158565,37,11,-0.0701222,0.0368617,False
rs12158565,37,12,-0.069591,0.0373315,False
rs12158565,37,13,-0.0688471,0.0387974,False
rs12158565,37,14,-0.0852277,0.0101489,False
rs12158565,37,15,-0.0647756,0.0502592,False
rs12158565,37,16,-0.0616805,0.061981,False
rs12158565,37,17,-0.0530262,0.109108,False
rs12158565,37,18,-0.0626004,0.0590326,False
rs12158565,37,19,-0.0615004,0.0636405,False
rs12158565,37,20,-0.073245,0.0274193,False
rs12158565,37,21,-0.0703305,0.0339224,False
rs12158565,37,22,-0.0713615,0.0317846,False
rs12158565,37,23,-0.0795812,0.0167499,False
rs12158565,37,24,-0.087967,0.00822308,False
rs12158565,37,25,-0.0786404,0.0185547,False
rs12158565,37,26,-0.0853281,0.0106375,False
rs12158565,37,27,-0.0768534,0.0217159,False
rs12158565,37,28,-0.0772249,0.0212747,False
rs12158565,37,29,-0.0745353,0.0264344,False
rs12158565,37,30,-0.0820794,0.015018,False
rs12158565,37,31,-0.0734208,0.0300153,False
rs12158565,37,32,-0.0840032,0.0131076,False
rs12158565,37,33,-0.0817689,0.0161151,False
rs12158565,37,34,-0.0814722,0.0166176,False
rs12158565,37,35,-0.0756159,0.026816,False
rs12158565,37,36,-0.071284,0.0373195,False
rs12158565,37,37,-0.0831259,0.0154527,False
rs12158565,37,38,-0.0765407,0.0261364,False
rs12158565,37,39,-0.0641213,0.0627184,False
rs12158565,37,40,-0.0776669,0.0250855,False
rs12158565,37,41,-0.0771885,0.026388,False
rs12158565,37,42,-0.0653443,0.0612845,False
rs12158565,37,43,-0.0801279,0.0218995,False
rs12158565,37,44,-0.0545994,0.120349,False
rs12158565,37,45,-0.0707298,0.0447803,False
rs12158565,37,46,-0.0885605,0.0124327,False
rs12158565,37,47,-0.0750379,0.034901,False
rs12158565,37,48,-0.0734054,0.0399288,False
rs12158565,37,49,-0.0867587,0.0156432,False
rs12158565,37,50,-0.073248,0.0419413,False
rs12158565,37,51,-0.073917,0.0411686,False
rs12158565,37,52,-0.0634326,0.0806858,False
rs12158565,37,53,-0.0625941,0.0861079,False
rs12158565,37,54,-0.0816598,0.0257304,False
rs12158565,37,55,-0.0814236,0.0270181,False
rs12158565,37,56,-0.0852634,0.0212676,False
rs12158565,37,57,-0.0788016,0.0338055,False
rs12158565,37,58,-0.0880887,0.0179966,False
rs12158565,37,59,-0.078138,0.0369758,False
rs12158565,37,60,-0.0737641,0.0500711,False
rs12158565,37,61,-0.0715192,0.0585528,False
rs12158565,37,62,-0.0780952,0.0402094,False
rs12158565,37,63,-0.0632843,0.097038,False
rs12158565,37,64,-0.0551248,0.150497,False
rs12158565,37,65,-0.0674502,0.0798019,False
rs12158565,37,66,-0.0790499,0.0409732,False
rs12158565,37,67,-0.0802557,0.0389665,False
rs12158565,37,68,-0.0820308,0.0358593,False
rs12158565,37,69,-0.0736877,0.0609139,False
rs12158565,37,70,-0.0736987,0.0620173,False
rs12158565,37,71,-0.0775841,0.0503071,False
rs12158565,37,72,-0.0891058,0.0253642,False
rs12158565,37,73,-0.0802766,0.0449667,False
rs12158565,37,74,-0.085933,0.0327332,False
rs12158565,37,75,-0.0815472,0.0438108,False
rs12158565,37,76,-0.0877674,0.0308148,False
rs12158565,37,77,-0.0915948,0.0249037,False
rs12158565,37,78,-0.0935272,0.022355,False
rs12158565,37,79,-0.0970628,0.0183297,False
rs12158565,37,80,-0.0883637,0.0321877,False
rs12158565,37,81,-0.0779417,0.0596864,False
rs12158565,37,82,-0.0761754,0.0675,False
rs12158565,37,83,-0.0825636,0.0479688,False
rs12158565,37,84,-0.0833174,0.0468308,False
rs12158565,37,85,-0.0841659,0.0451431,False
rs12158565,37,86,-0.0856737,0.042352,False
rs12158565,37,87,-0.0911854,0.0311433,False
rs12158565,37,88,-0.0902187,0.0334545,False
rs12158565,37,89,-0.0804416,0.0586462,False
rs12158565,37,90,-0.0924214,0.0305309,False
rs12158565,37,91,-0.0942046,0.0278089,False
rs12158565,37,92,-0.0923893,0.0315424,False
rs12158565,37,93,-0.09158,0.0334893,False
rs12158565,37,94,-0.108094,0.0123955,False
rs12158565,37,95,-0.104659,0.0157309,False
rs12158565,37,96,-0.0951661,0.0285664,False
rs12158565,37,97,-0.0787048,0.0708166,False
rs12158565,37,98,-0.0944538,0.0304097,False
rs12158565,37,99,-0.0903565,0.0386974,False
rs12158565,37,100,-0.0886699,0.0431813,False
rs12158565,37,101,-0.0919211,0.0362866,False
rs12158565,37,102,-0.0908827,0.0387598,False
rs12158565,37,103,-0.0936564,0.0335852,False
rs12158565,37,104,-0.0936846,0.0338443,False
rs12158565,37,105,-0.0947525,0.0321689,False
rs12158565,37,106,-0.104242,0.018659,False
rs12158565,37,107,-0.10184,0.0218208,False
rs12158565,37,108,-0.0976371,0.0280922,False
rs12158565,37,109,-0.0980213,0.0278123,False
rs12158565,37,110,-0.100179,0.0247346,False
rs12158565,37,111,-0.0956249,0.032363,False
rs12158565,37,112,-0.093023,0.0376181,False
rs12158565,37,113,-0.0997225,0.0261875,False
rs12158565,37,114,-0.0900903,0.0447791,False
rs12158565,37,115,-0.108388,0.0159412,False
rs12158565,37,116,-0.114085,0.0113483,False
rs12158565,37,117,-0.114004,0.0115236,False
rs12158565,37,118,-0.0974607,0.0309227,False
rs12158565,37,119,-0.0939521,0.037719,False
rs12158565,37,120,-0.0914422,0.0433663,False
rs12158565,37,121,-0.0943993,0.0371878,False
rs12158565,37,122,-0.0904328,0.0460935,False
rs12158565,37,123,-0.0921509,0.0422762,False
rs12158565,37,124,-0.0957225,0.0351664,False
rs12158565,37,125,-0.104198,0.0219458,False
rs12158565,37,126,-0.105731,0.0201554,False
rs12158565,37,127,-0.10482,0.0215267,False
rs12158565,37,128,-0.0975959,0.0324468,False
rs12158565,37,129,-0.0958913,0.0358661,False
rs12158565,37,130,-0.109233,0.0169766,False
rs12158565,37,131,-0.110734,0.0155624,False
rs12158565,37,132,-0.10514,0.0214944,False
rs12158565,37,133,-0.101768,0.0261717,False
rs12158565,37,134,-0.112676,0.013847,False
rs12158565,37,135,-0.115825,0.011455,False
rs12158565,37,136,-0.119553,0.00911439,False
rs12158565,37,137,-0.108578,0.0179474,False
rs12158565,37,138,-0.111259,0.0154005,False
rs12158565,37,139,-0.102832,0.0253299,False
rs12158565,37,140,-0.108196,0.0186563,False
rs12158565,37,141,-0.112374,0.0146035,False
rs12158565,37,142,-0.10595,0.0213406,False
rs12158565,37,143,-0.111982,0.01509,False
rs12158565,37,144,-0.125181,0.00661081,False
rs12158565,37,145,-0.12721,0.00584251,False
rs12158565,37,146,-0.125539,0.00647923,False
rs12158565,37,147,-0.125729,0.00636659,False
rs12158565,37,148,-0.141585,0.00215575,False
rs12158565,37,149,-0.14342,0.00189065,False
rs12158565,37,150,-0.137328,0.00291655,False
rs12158565,37,151,-0.13398,0.0036761,False
rs12158565,37,152,-0.131155,0.00453189,False
rs12158565,37,153,-0.140013,0.00244784,False
rs12158565,37,154,-0.145639,0.00164796,False
rs12158565,37,155,-0.148781,0.00127937,False
rs12158565,37,156,-0.147517,0.00140262,False
rs12158565,37,157,-0.140268,0.00239533,False
rs12158565,37,158,-0.152553,0.00096094,False
rs12158565,37,159,-0.146035,0.00156043,False
rs12158565,37,160,-0.143713,0.00185025,False
rs12158565,37,161,-0.144099,0.00181495,False
rs12158565,37,162,-0.150403,0.00111731,False
rs12158565,37,163,-0.152314,0.000965843,False
rs12158565,37,164,-0.161175,0.000477401,False
rs12158565,37,165,-0.155708,0.000728338,False
rs12158565,37,166,-0.153684,0.000853789,False
rs12158565,37,167,-0.148755,0.00124384,False
rs12158565,37,168,-0.155724,0.000728382,False
rs12158565,37,169,-0.153808,0.000841,False
rs12158565,37,170,-0.159794,0.000517872,False
rs12158565,37,171,-0.162222,0.000414062,False
rs12158565,37,172,-0.157033,0.000624532,False
rs12158565,37,173,-0.156385,0.0006402,False
rs12158565,37,174,-0.156077,0.000646511,False
rs12158565,37,175,-0.15321,0.000787705,False
rs12158565,37,176,-0.154957,0.000676317,False
rs12158565,37,177,-0.155948,0.000617302,False
rs12158565,37,178,-0.158855,0.000488381,False
rs12158565,37,179,-0.15925,0.000468139,False
rs12158565,37,180,-0.152097,0.000820514,False
rs12158565,37,181,-0.164545,0.000286526,False
rs12158565,37,182,-0.1487,0.0010268,False
rs12158565,37,183,-0.150049,0.000905449,False
rs12158565,37,184,-0.148952,0.000969582,False
rs12158565,37,185,-0.152013,0.000747609,False
rs12158565,37,186,-0.142246,0.00158721,False
rs12158565,37,187,-0.14173,0.00161002,False
rs12158565,37,188,-0.140839,0.00167487,False
rs12158565,37,189,-0.152235,0.000669893,False
rs12158565,37,190,-0.156566,0.000450286,False
rs12158565,37,191,-0.149597,0.000792178,False
rs12158565,37,192,-0.147922,0.000879295,False
rs12158565,37,193,-0.147985,0.000863203,False
rs12158565,37,194,-0.1431,0.00125107,False
rs12158565,37,195,-0.14603,0.000970821,False
rs12158565,37,196,-0.140084,0.00154101,False
rs12158565,37,197,-0.129336,0.00343898,False
rs12158565,37,198,-0.136445,0.00199843,False
rs12158565,37,199,-0.139132,0.00160138,False
rs12158565,37,200,-0.13102,0.00294085,False
rs12158565,37,201,-0.13522,0.00215695,False
rs12158565,37,202,-0.130411,0.00306743,False
rs12158565,37,203,-0.131201,0.0029125,False
rs12158565,37,204,-0.136117,0.00197789,False
rs12158565,37,205,-0.130677,0.00300628,False
rs12158565,37,206,-0.129811,0.00319669,False
rs12158565,37,207,-0.126889,0.00393817,False
rs12158565,37,208,-0.130044,0.0031485,False
rs12158565,37,209,-0.134888,0.00219892,False
rs12158565,37,210,-0.119955,0.00656981,False
rs12158565,37,211,-0.124104,0.00499267,False
rs12158565,37,212,-0.144874,0.00105971,False
rs12158565,37,213,-0.142457,0.00131257,False
rs12158565,37,214,-0.141625,0.00143944,False
rs12158565,37,215,-0.126987,0.00432186,False
rs12158565,37,216,-0.142543,0.0014097,False
rs12158565,37,217,-0.144303,0.00127576,False
rs12158565,37,218,-0.143053,0.00142788,False
rs12158565,37,219,-0.150905,0.000821069,False
rs12158565,37,220,-0.16312,0.00031246,False
rs12158565,37,221,-0.15238,0.000801673,False
rs12158565,37,222,-0.150915,0.000963495,False
rs12158565,37,223,-0.159453,0.000511099,False
rs12158565,37,224,-0.155137,0.000784331,False
rs12158565,37,225,-0.162844,0.000457151,False
rs12158565,37,226,-0.157425,0.000754512,False
rs12158565,37,227,-0.152867,0.00116163,False
rs12158565,37,228,-0.162896,0.000605712,False
rs12158565,37,229,-0.151839,0.00153461,False
rs12158565,37,230,-0.170706,0.000406113,False
rs12158565,37,231,-0.18404,0.000162116,False
rs12158565,37,232,-0.169939,0.000566695,False
rs12158565,37,233,-0.162111,0.00112873,False
rs12158565,37,234,-0.170583,0.000713902,False
rs12158565,37,235,-0.1734,0.000667429,False
rs12158565,37,236,-0.179516,0.000495208,False
rs12158565,37,237,-0.180249,0.000549647,False
rs12158565,37,238,-0.169585,0.00132416,False
rs12158565,37,239,-0.154821,0.00378298,False
rs12158565,37,240,-0.172072,0.00151539,False
rs12158565,37,241,-0.171196,0.00184965,False
rs12158565,37,242,-0.161145,0.00383406,False
rs12158565,37,243,-0.187498,0.000920592,False
rs12158565,37,244,-0.171845,0.00276395,False
rs12158565,37,245,-0.159219,0.00626947,False
rs12158565,37,246,-0.148554,0.0120655,False
rs12158565,37,247,-0.163057,0.00676419,False
rs12158565,37,248,-0.156215,0.0107403,False
rs12158565,37,249,-0.158059,0.011196,False
rs12158565,37,250,-0.164281,0.00939261,False
rs12158565,37,251,-0.169691,0.00810759,False
rs12158565,38,6,-0.0563847,0.104661,False
rs12158565,38,7,-0.0561664,0.104604,False
rs12158565,38,8,-0.0489539,0.153406,False
rs12158565,38,9,-0.0436949,0.197989,False
rs12158565,38,10,-0.0362916,0.282524,False
rs12158565,38,11,-0.0468737,0.162577,False
rs12158565,38,12,-0.0437677,0.190489,False
rs12158565,38,13,-0.0389737,0.241413,False
rs12158565,38,14,-0.0388618,0.241224,False
rs12158565,38,15,-0.0410068,0.215103,False
rs12158565,38,16,-0.0526329,0.11196,False
rs12158565,38,17,-0.0599392,0.0701489,False
rs12158565,38,18,-0.04754,0.150539,False
rs12158565,38,19,-0.0588377,0.0759126,False
rs12158565,38,20,-0.052024,0.116975,False
rs12158565,38,21,-0.0475504,0.152415,False
rs12158565,38,22,-0.0489232,0.141923,False
rs12158565,38,23,-0.0664178,0.0467716,False
rs12158565,38,24,-0.0707806,0.0340353,False
rs12158565,38,25,-0.0619176,0.0647332,False
rs12158565,38,26,-0.0716271,0.0323724,False
rs12158565,38,27,-0.0712328,0.0342267,False
rs12158565,38,28,-0.0770208,0.0224437,False
rs12158565,38,29,-0.0563096,0.0957948,False
rs12158565,38,30,-0.0690041,0.0416579,False
rs12158565,38,31,-0.0760986,0.0250635,False
rs12158565,38,32,-0.0603007,0.0764745,False
rs12158565,38,33,-0.0500906,0.142223,False
rs12158565,38,34,-0.066548,0.0517523,False
rs12158565,38,35,-0.068068,0.0473448,False
rs12158565,38,36,-0.0548195,0.111393,False
rs12158565,38,37,-0.0483657,0.161243,False
rs12158565,38,38,-0.052783,0.127369,False
rs12158565,38,39,-0.0653791,0.0600773,False
rs12158565,38,40,-0.0705163,0.0434841,False
rs12158565,38,41,-0.0589385,0.0917752,False
rs12158565,38,42,-0.0580506,0.0981006,False
rs12158565,38,43,-0.0594612,0.0919673,False
rs12158565,38,44,-0.0609906,0.0853089,False
rs12158565,38,45,-0.0618569,0.0820128,False
rs12158565,38,46,-0.0624836,0.0801132,False
rs12158565,38,47,-0.0733753,0.0406004,False
rs12158565,38,48,-0.0598803,0.0958544,False
rs12158565,38,49,-0.0601146,0.0966278,False
rs12158565,38,50,-0.0656278,0.0704953,False
rs12158565,38,51,-0.0528135,0.147263,False
rs12158565,38,52,-0.0517138,0.15733,False
rs12158565,38,53,-0.0623788,0.0901624,False
rs12158565,38,54,-0.0603179,0.102961,False
rs12158565,38,55,-0.0576707,0.119829,False
rs12158565,38,56,-0.0676013,0.0695546,False
rs12158565,38,57,-0.0737437,0.049054,False
rs12158565,38,58,-0.0603852,0.108599,False
rs12158565,38,59,-0.0715719,0.0581991,False
rs12158565,38,60,-0.0832716,0.0283267,False
rs12158565,38,61,-0.0751415,0.0485672,False
rs12158565,38,62,-0.0677243,0.0768475,False
rs12158565,38,63,-0.0845824,0.0277477,False
rs12158565,38,64,-0.0689943,0.0740863,False
rs12158565,38,65,-0.0924992,0.0173373,False
rs12158565,38,66,-0.0715284,0.0663243,False
rs12158565,38,67,-0.0717628,0.0668154,False
rs12158565,38,68,-0.0791585,0.0441829,False
rs12158565,38,69,-0.0771538,0.0509289,False
rs12158565,38,70,-0.0771467,0.0522001,False
rs12158565,38,71,-0.0815879,0.0411094,False
rs12158565,38,72,-0.0612556,0.127376,False
rs12158565,38,73,-0.0663161,0.0999175,False
rs12158565,38,74,-0.0803291,0.04728,False
rs12158565,38,75,-0.0650977,0.109563,False
rs12158565,38,76,-0.0721025,0.0772718,False
rs12158565,38,77,-0.0707817,0.0847242,False
rs12158565,38,78,-0.0815886,0.0478,False
rs12158565,38,79,-0.0818236,0.0476566,False
rs12158565,38,80,-0.0759187,0.0675447,False
rs12158565,38,81,-0.0682323,0.101605,False
rs12158565,38,82,-0.0752182,0.0720759,False
rs12158565,38,83,-0.0671352,0.109368,False
rs12158565,38,84,-0.0579985,0.169023,False
rs12158565,38,85,-0.0693663,0.100431,False
rs12158565,38,86,-0.0639399,0.131472,False
rs12158565,38,87,-0.0628981,0.13943,False
rs12158565,38,88,-0.0717583,0.0924102,False
rs12158565,38,89,-0.0705641,0.0991492,False
rs12158565,38,90,-0.0752857,0.0789057,False
rs12158565,38,91,-0.0612559,0.15394,False
rs12158565,38,92,-0.0727909,0.0912815,False
rs12158565,38,93,-0.078035,0.0713058,False
rs12158565,38,94,-0.0737262,0.088576,False
rs12158565,38,95,-0.0807397,0.0625639,False
rs12158565,38,96,-0.0748532,0.0852098,False
rs12158565,38,97,-0.0772796,0.0761616,False
rs12158565,38,98,-0.0870127,0.0463542,False
rs12158565,38,99,-0.0865341,0.0480099,False
rs12158565,38,100,-0.0845332,0.054155,False
rs12158565,38,101,-0.0875012,0.0464176,False
rs12158565,38,102,-0.0786593,0.0738144,False
rs12158565,38,103,-0.0803663,0.0682229,False
rs12158565,38,104,-0.0806688,0.0677841,False
rs12158565,38,105,-0.0805284,0.0686357,False
rs12158565,38,106,-0.0838337,0.0581204,False
rs12158565,38,107,-0.0753161,0.0886403,False
rs12158565,38,108,-0.0881917,0.0465663,False
rs12158565,38,109,-0.082258,0.0639566,False
rs12158565,38,110,-0.0733802,0.099163,False
rs12158565,38,111,-0.0855315,0.0548147,False
rs12158565,38,112,-0.0894301,0.0445286,False
rs12158565,38,113,-0.0923774,0.0383897,False
rs12158565,38,114,-0.0801817,0.0724324,False
rs12158565,38,115,-0.0804095,0.0721454,False
rs12158565,38,116,-0.0812836,0.0696383,False
rs12158565,38,117,-0.0871561,0.0519021,False
rs12158565,38,118,-0.0877109,0.050763,False
rs12158565,38,119,-0.0861754,0.0552535,False
rs12158565,38,120,-0.094012,0.0369383,False
rs12158565,38,121,-0.0866982,0.0543573,False
rs12158565,38,122,-0.089423,0.0470949,False
rs12158565,38,123,-0.0819831,0.0692499,False
rs12158565,38,124,-0.0869201,0.0547107,False
rs12158565,38,125,-0.0846661,0.0615731,False
rs12158565,38,126,-0.0838099,0.0644219,False
rs12158565,38,127,-0.0845343,0.0625581,False
rs12158565,38,128,-0.0936069,0.0392558,False
rs12158565,38,129,-0.0906051,0.0464121,False
rs12158565,38,130,-0.0880899,0.0527292,False
rs12158565,38,131,-0.0989704,0.0295907,False
rs12158565,38,132,-0.100165,0.0278735,False
rs12158565,38,133,-0.0972512,0.032877,False
rs12158565,38,134,-0.0984581,0.0306267,False
rs12158565,38,135,-0.0893059,0.0499097,False
rs12158565,38,136,-0.0824434,0.0702387,False
rs12158565,38,137,-0.089729,0.0489936,False
rs12158565,38,138,-0.10134,0.0263436,False
rs12158565,38,139,-0.0874406,0.0554292,False
rs12158565,38,140,-0.0933713,0.0409764,False
rs12158565,38,141,-0.0923891,0.0434039,False
rs12158565,38,142,-0.101109,0.0271222,False
rs12158565,38,143,-0.105845,0.0208461,False
rs12158565,38,144,-0.0962326,0.0356739,False
rs12158565,38,145,-0.104085,0.0230294,False
rs12158565,38,146,-0.103603,0.0238408,False
rs12158565,38,147,-0.0980944,0.0327034,False
rs12158565,38,148,-0.107485,0.0193211,False
rs12158565,38,149,-0.103938,0.0236636,False
rs12158565,38,150,-0.114691,0.012586,False
rs12158565,38,151,-0.116879,0.0109872,False
rs12158565,38,152,-0.113853,0.0133016,False
rs12158565,38,153,-0.108284,0.018601,False
rs12158565,38,154,-0.105707,0.0217027,False
rs12158565,38,155,-0.117962,0.0103673,False
rs12158565,38,156,-0.133478,0.00374071,False
rs12158565,38,157,-0.138759,0.00256431,False
rs12158565,38,158,-0.139819,0.00238438,False
rs12158565,38,159,-0.143735,0.00181121,False
rs12158565,38,160,-0.155071,0.00077141,False
rs12158565,38,161,-0.13981,0.00243884,False
rs12158565,38,162,-0.142476,0.00203349,False
rs12158565,38,163,-0.148458,0.00128718,False
rs12158565,38,164,-0.14573,0.00156607,False
rs12158565,38,165,-0.149558,0.00115799,False
rs12158565,38,166,-0.149367,0.00118617,False
rs12158565,38,167,-0.151416,0.00101607,False
rs12158565,38,168,-0.151199,0.00101441,False
rs12158565,38,169,-0.139874,0.0023453,False
rs12158565,38,170,-0.133584,0.00363761,False
rs12158565,38,171,-0.146072,0.00150051,False
rs12158565,38,172,-0.137569,0.00276638,False
rs12158565,38,173,-0.131099,0.00431321,False
rs12158565,38,174,-0.130673,0.00440557,False
rs12158565,38,175,-0.142262,0.00193195,False
rs12158565,38,176,-0.136662,0.00287396,False
rs12158565,38,177,-0.137318,0.00272879,False
rs12158565,38,178,-0.143238,0.00171247,False
rs12158565,38,179,-0.133501,0.00345853,False
rs12158565,38,180,-0.131237,0.00400246,False
rs12158565,38,181,-0.128419,0.00482657,False
rs12158565,38,182,-0.126148,0.00552739,False
rs12158565,38,183,-0.130342,0.00414353,False
rs12158565,38,184,-0.14073,0.00193049,False
rs12158565,38,185,-0.13902,0.0021468,False
rs12158565,38,186,-0.136955,0.00246399,False
rs12158565,38,187,-0.13566,0.00263949,False
rs12158565,38,188,-0.140069,0.00189656,False
rs12158565,38,189,-0.146134,0.00115966,False
rs12158565,38,190,-0.147045,0.00104586,False
rs12158565,38,191,-0.145283,0.00115829,False
rs12158565,38,192,-0.135901,0.00234162,False
rs12158565,38,193,-0.132824,0.00293035,False
rs12158565,38,194,-0.134042,0.00260724,False
rs12158565,38,195,-0.126396,0.00445912,False
rs12158565,38,196,-0.134271,0.00249741,False
rs12158565,38,197,-0.132529,0.00282565,False
rs12158565,38,198,-0.134716,0.00235214,False
rs12158565,38,199,-0.132199,0.00280019,False
rs12158565,38,200,-0.129786,0.00337034,False
rs12158565,38,201,-0.122605,0.00562749,False
rs12158565,38,202,-0.127103,0.00406782,False
rs12158565,38,203,-0.12599,0.0043492,False
rs12158565,38,204,-0.120873,0.00625512,False
rs12158565,38,205,-0.120012,0.00659342,False
rs12158565,38,206,-0.119537,0.00686826,False
rs12158565,38,207,-0.116891,0.00815135,False
rs12158565,38,208,-0.123301,0.00532189,False
rs12158565,38,209,-0.126087,0.00438637,False
rs12158565,38,210,-0.119933,0.00680641,False
rs12158565,38,211,-0.131045,0.00312546,False
rs12158565,38,212,-0.125236,0.00482023,False
rs12158565,38,213,-0.133653,0.00268487,False
rs12158565,38,214,-0.124533,0.00518593,False
rs12158565,38,215,-0.115981,0.00931706,False
rs12158565,38,216,-0.121239,0.00668315,False
rs12158565,38,217,-0.133861,0.00285708,False
rs12158565,38,218,-0.133552,0.00298054,False
rs12158565,38,219,-0.132971,0.00326723,False
rs12158565,38,220,-0.138198,0.0023016,False
rs12158565,38,221,-0.129763,0.00440679,False
rs12158565,38,222,-0.123829,0.00680053,False
rs12158565,38,223,-0.134056,0.00353249,False
rs12158565,38,224,-0.1337,0.00383573,False
rs12158565,38,225,-0.134889,0.00371864,False
rs12158565,38,226,-0.130614,0.00525423,False
rs12158565,38,227,-0.143813,0.00230534,False
rs12158565,38,228,-0.145133,0.00224087,False
rs12158565,38,229,-0.154802,0.00122175,False
rs12158565,38,230,-0.151158,0.00174969,False
rs12158565,38,231,-0.147983,0.00239282,False
rs12158565,38,232,-0.153215,0.00183176,False
rs12158565,38,233,-0.147668,0.00294231,False
rs12158565,38,234,-0.150221,0.00273351,False
rs12158565,38,235,-0.148526,0.00337151,False
rs12158565,38,236,-0.14834,0.00382136,False
rs12158565,38,237,-0.143601,0.00566334,False
rs12158565,38,238,-0.155404,0.00308544,False
rs12158565,38,239,-0.166443,0.00175628,False
rs12158565,38,240,-0.162559,0.00253367,False
rs12158565,38,241,-0.16709,0.00219997,False
rs12158565,38,242,-0.162141,0.00343406,False
rs12158565,38,243,-0.160522,0.00428421,False
rs12158565,38,244,-0.155546,0.00644543,False
rs12158565,38,245,-0.15459,0.00762623,False
rs12158565,38,246,-0.154003,0.00892602,False
rs12158565,38,247,-0.162221,0.00671108,False
rs12158565,38,248,-0.158012,0.00942344,False
rs12158565,38,249,-0.160836,0.00938016,False
rs12158565,38,250,-0.151328,0.01607,False
rs12158565,38,251,-0.151171,0.0178041,False
rs12158565,39,6,-0.030445,0.381895,False
rs12158565,39,7,-0.0481799,0.164125,False
rs12158565,39,8,-0.0352231,0.305388,False
rs12158565,39,9,-0.0237788,0.486277,False
rs12158565,39,10,-0.0327817,0.33508,False
rs12158565,39,11,-0.0281884,0.404091,False
rs12158565,39,12,-0.02243,0.504781,False
rs12158565,39,13,-0.0352204,0.29337,False
rs12158565,39,14,-0.0349536,0.29584,False
rs12158565,39,15,-0.0374884,0.261759,False
rs12158565,39,16,-0.0359975,0.280305,False
rs12158565,39,17,-0.0479455,0.149451,False
rs12158565,39,18,-0.0540954,0.104862,False
rs12158565,39,19,-0.0361005,0.278293,False
rs12158565,39,20,-0.0458817,0.168146,False
rs12158565,39,21,-0.052788,0.113624,False
rs12158565,39,22,-0.0680756,0.0419363,False
rs12158565,39,23,-0.0490524,0.1433,False
rs12158565,39,24,-0.0501871,0.133828,False
rs12158565,39,25,-0.0595137,0.0772115,False
rs12158565,39,26,-0.0546249,0.105776,False
rs12158565,39,27,-0.0538249,0.111638,False
rs12158565,39,28,-0.0544024,0.10875,False
rs12158565,39,29,-0.0521015,0.125589,False
rs12158565,39,30,-0.0558321,0.101698,False
rs12158565,39,31,-0.063394,0.0636993,False
rs12158565,39,32,-0.0607471,0.0766036,False
rs12158565,39,33,-0.0486904,0.156707,False
rs12158565,39,34,-0.0722434,0.0362551,False
rs12158565,39,35,-0.0679018,0.0493642,False
rs12158565,39,36,-0.0597002,0.0851949,False
rs12158565,39,37,-0.0612628,0.0785907,False
rs12158565,39,38,-0.0535643,0.125515,False
rs12158565,39,39,-0.0474687,0.175487,False
rs12158565,39,40,-0.0556258,0.114005,False
rs12158565,39,41,-0.0498524,0.157722,False
rs12158565,39,42,-0.0473762,0.180547,False
rs12158565,39,43,-0.0545543,0.125155,False
rs12158565,39,44,-0.0420293,0.239575,False
rs12158565,39,45,-0.033723,0.345986,False
rs12158565,39,46,-0.0433902,0.228165,False
rs12158565,39,47,-0.0567356,0.116639,False
rs12158565,39,48,-0.050688,0.162493,False
rs12158565,39,49,-0.0470601,0.196383,False
rs12158565,39,50,-0.0419747,0.2515,False
rs12158565,39,51,-0.0541082,0.140775,False
rs12158565,39,52,-0.057626,0.118628,False
rs12158565,39,53,-0.0599176,0.105766,False
rs12158565,39,54,-0.0556972,0.134342,False
rs12158565,39,55,-0.0645301,0.0847274,False
rs12158565,39,56,-0.0628926,0.0942585,False
rs12158565,39,57,-0.0613373,0.104209,False
rs12158565,39,58,-0.0685769,0.0704731,False
rs12158565,39,59,-0.0703634,0.0645149,False
rs12158565,39,60,-0.0761831,0.0464588,False
rs12158565,39,61,-0.0747254,0.0520101,False
rs12158565,39,62,-0.0728752,0.0587278,False
rs12158565,39,63,-0.0701861,0.0703222,False
rs12158565,39,64,-0.0701465,0.0712983,False
rs12158565,39,65,-0.0797883,0.0412208,False
rs12158565,39,66,-0.0783665,0.045913,False
rs12158565,39,67,-0.082378,0.036652,False
rs12158565,39,68,-0.0690231,0.0815277,False
rs12158565,39,69,-0.059285,0.136744,False
rs12158565,39,70,-0.0634771,0.112687,False
rs12158565,39,71,-0.070024,0.0814973,False
rs12158565,39,72,-0.0783537,0.0523477,False
rs12158565,39,73,-0.082407,0.0421757,False
rs12158565,39,74,-0.0830954,0.0417266,False
rs12158565,39,75,-0.066811,0.102365,False
rs12158565,39,76,-0.0678832,0.0983105,False
rs12158565,39,77,-0.0665558,0.1067,False
rs12158565,39,78,-0.0780248,0.0596252,False
rs12158565,39,79,-0.0740567,0.0746218,False
rs12158565,39,80,-0.0605685,0.145935,False
rs12158565,39,81,-0.0640899,0.12575,False
rs12158565,39,82,-0.0703543,0.0939152,False
rs12158565,39,83,-0.0679121,0.107219,False
rs12158565,39,84,-0.071072,0.0928451,False
rs12158565,39,85,-0.0638691,0.132386,False
rs12158565,39,86,-0.0649999,0.126283,False
rs12158565,39,87,-0.072643,0.088262,False
rs12158565,39,88,-0.0698959,0.102104,False
rs12158565,39,89,-0.0738941,0.0847387,False
rs12158565,39,90,-0.0633696,0.140362,False
rs12158565,39,91,-0.0617086,0.152219,False
rs12158565,39,92,-0.0703845,0.103284,False
rs12158565,39,93,-0.0769891,0.0751765,False
rs12158565,39,94,-0.07712,0.0753962,False
rs12158565,39,95,-0.0669148,0.12306,False
rs12158565,39,96,-0.0615736,0.156774,False
rs12158565,39,97,-0.0707503,0.104454,False
rs12158565,39,98,-0.0864324,0.0477154,False
rs12158565,39,99,-0.0786802,0.0717693,False
rs12158565,39,100,-0.0727081,0.0962776,False
rs12158565,39,101,-0.0797574,0.0683225,False
rs12158565,39,102,-0.068653,0.117215,False
rs12158565,39,103,-0.0889694,0.0424511,False
rs12158565,39,104,-0.0769167,0.0797385,False
rs12158565,39,105,-0.0777313,0.0772443,False
rs12158565,39,106,-0.0725614,0.0994178,False
rs12158565,39,107,-0.0675261,0.125932,False
rs12158565,39,108,-0.0659744,0.135222,False
rs12158565,39,109,-0.0659249,0.13551,False
rs12158565,39,110,-0.0834519,0.0593563,False
rs12158565,39,111,-0.0720473,0.103886,False
rs12158565,39,112,-0.0769765,0.0829429,False
rs12158565,39,113,-0.0729613,0.100249,False
rs12158565,39,114,-0.0796141,0.073378,False
rs12158565,39,115,-0.0824938,0.0638365,False
rs12158565,39,116,-0.0850891,0.056098,False
rs12158565,39,117,-0.0843699,0.058482,False
rs12158565,39,118,-0.0806885,0.0707775,False
rs12158565,39,119,-0.0809831,0.0703609,False
rs12158565,39,120,-0.0756984,0.0911422,False
rs12158565,39,121,-0.0781163,0.0815196,False
rs12158565,39,122,-0.0731879,0.103294,False
rs12158565,39,123,-0.0691501,0.1241,False
rs12158565,39,124,-0.0853948,0.0576151,False
rs12158565,39,125,-0.0812063,0.0714413,False
rs12158565,39,126,-0.0871852,0.0529956,False
rs12158565,39,127,-0.0774389,0.086268,False
rs12158565,39,128,-0.0715286,0.113055,False
rs12158565,39,129,-0.0796526,0.0782338,False
rs12158565,39,130,-0.0851499,0.0598486,False
rs12158565,39,131,-0.0855512,0.0591743,False
rs12158565,39,132,-0.0809603,0.0741829,False
rs12158565,39,133,-0.0842854,0.063008,False
rs12158565,39,134,-0.0819341,0.0709144,False
rs12158565,39,135,-0.091811,0.0430578,False
rs12158565,39,136,-0.0911929,0.0446876,False
rs12158565,39,137,-0.0862941,0.0574505,False
rs12158565,39,138,-0.0930423,0.0406038,False
rs12158565,39,139,-0.107493,0.0180873,False
rs12158565,39,140,-0.104069,0.0220426,False
rs12158565,39,141,-0.111285,0.0143048,False
rs12158565,39,142,-0.108889,0.0166616,False
rs12158565,39,143,-0.111747,0.0141124,False
rs12158565,39,144,-0.110643,0.0151152,False
rs12158565,39,145,-0.116222,0.0107354,False
rs12158565,39,146,-0.117059,0.0102209,False
rs12158565,39,147,-0.121734,0.00759349,False
rs12158565,39,148,-0.116688,0.0105597,False
rs12158565,39,149,-0.10619,0.0199792,False
rs12158565,39,150,-0.109774,0.016253,False
rs12158565,39,151,-0.120194,0.00852172,False
rs12158565,39,152,-0.11613,0.0111855,False
rs12158565,39,153,-0.120282,0.00868419,False
rs12158565,39,154,-0.126389,0.00588338,False
rs12158565,39,155,-0.125045,0.00641696,False
rs12158565,39,156,-0.121106,0.00836829,False
rs12158565,39,157,-0.136657,0.00296628,False
rs12158565,39,158,-0.145747,0.00152912,False
rs12158565,39,159,-0.140949,0.0021841,False
rs12158565,39,160,-0.132157,0.00405171,False
rs12158565,39,161,-0.135155,0.00329612,False
rs12158565,39,162,-0.148257,0.00128712,False
rs12158565,39,163,-0.149639,0.00115983,False
rs12158565,39,164,-0.144533,0.00169946,False
rs12158565,39,165,-0.140587,0.00223918,False
rs12158565,39,166,-0.157623,0.000614043,False
rs12158565,39,167,-0.153151,0.000875537,False
rs12158565,39,168,-0.148505,0.00123554,False
rs12158565,39,169,-0.142094,0.00199701,False
rs12158565,39,170,-0.155971,0.000705379,False
rs12158565,39,171,-0.155543,0.000729838,False
rs12158565,39,172,-0.151953,0.000972865,False
rs12158565,39,173,-0.140976,0.00220525,False
rs12158565,39,174,-0.141535,0.00206953,False
rs12158565,39,175,-0.14879,0.00118254,False
rs12158565,39,176,-0.149345,0.00112012,False
rs12158565,39,177,-0.145224,0.00152017,False
rs12158565,39,178,-0.154609,0.000740262,False
rs12158565,39,179,-0.138516,0.00248971,False
rs12158565,39,180,-0.134233,0.00333988,False
rs12158565,39,181,-0.137306,0.00264421,False
rs12158565,39,182,-0.133525,0.00341501,False
rs12158565,39,183,-0.139699,0.00217856,False
rs12158565,39,184,-0.129385,0.00443292,False
rs12158565,39,185,-0.14032,0.00199697,False
rs12158565,39,186,-0.146618,0.00123222,False
rs12158565,39,187,-0.144874,0.00136687,False
rs12158565,39,188,-0.154285,0.000648863,False
rs12158565,39,189,-0.158352,0.000458067,False
rs12158565,39,190,-0.149526,0.000912921,False
rs12158565,39,191,-0.151612,0.000751893,False
rs12158565,39,192,-0.137119,0.00229615,False
rs12158565,39,193,-0.144178,0.00130907,False
rs12158565,39,194,-0.143281,0.00139421,False
rs12158565,39,195,-0.150779,0.000752475,False
rs12158565,39,196,-0.146658,0.00103339,False
rs12158565,39,197,-0.14306,0.00135602,False
rs12158565,39,198,-0.137673,0.00199492,False
rs12158565,39,199,-0.134146,0.00258913,False
rs12158565,39,200,-0.129537,0.00359748,False
rs12158565,39,201,-0.140903,0.00152555,False
rs12158565,39,202,-0.14285,0.0013083,False
rs12158565,39,203,-0.132814,0.00277221,False
rs12158565,39,204,-0.139072,0.00171982,False
rs12158565,39,205,-0.147732,0.000877716,False
rs12158565,39,206,-0.137363,0.00196526,False
rs12158565,39,207,-0.122145,0.00587732,False
rs12158565,39,208,-0.141364,0.00143484,False
rs12158565,39,209,-0.146059,0.000994393,False
rs12158565,39,210,-0.132441,0.0028516,False
rs12158565,39,211,-0.131187,0.00316432,False
rs12158565,39,212,-0.136228,0.00220176,False
rs12158565,39,213,-0.134428,0.00257193,False
rs12158565,39,214,-0.149404,0.000826507,False
rs12158565,39,215,-0.152099,0.000673571,False
rs12158565,39,216,-0.146217,0.00110132,False
rs12158565,39,217,-0.149537,0.0008829,False
rs12158565,39,218,-0.15011,0.000872049,False
rs12158565,39,219,-0.153672,0.000679233,False
rs12158565,39,220,-0.158987,0.00045846,False
rs12158565,39,221,-0.161211,0.00040695,False
rs12158565,39,222,-0.152422,0.000862289,False
rs12158565,39,223,-0.169452,0.000225234,False
rs12158565,39,224,-0.178735,0.000108764,False
rs12158565,39,225,-0.166541,0.000335738,False
rs12158565,39,226,-0.171339,0.000244491,False
rs12158565,39,227,-0.155291,0.000959528,False
rs12158565,39,228,-0.161132,0.000670354,False
rs12158565,39,229,-0.152033,0.00142518,False
rs12158565,39,230,-0.154996,0.00127452,False
rs12158565,39,231,-0.146091,0.00260472,False
rs12158565,39,232,-0.157696,0.00127178,False
rs12158565,39,233,-0.152778,0.00198398,False
rs12158565,39,234,-0.143281,0.00409154,False
rs12158565,39,235,-0.152968,0.00241551,False
rs12158565,39,236,-0.129353,0.0111602,False
rs12158565,39,237,-0.117779,0.0225057,False
rs12158565,39,238,-0.133414,0.0105694,False
rs12158565,39,239,-0.136602,0.00978367,False
rs12158565,39,240,-0.132976,0.0129832,False
rs12158565,39,241,-0.144584,0.00769057,False
rs12158565,39,242,-0.148115,0.00713656,False
rs12158565,39,243,-0.150636,0.00691141,False
rs12158565,39,244,-0.151898,0.00729966,False
rs12158565,39,245,-0.147922,0.0102405,False
rs12158565,39,246,-0.153407,0.00878713,False
rs12158565,39,247,-0.156775,0.00836162,False
rs12158565,39,248,-0.168547,0.00533498,False
rs12158565,39,249,-0.16396,0.00768035,False
rs12158565,39,250,-0.168889,0.00691305,False
rs12158565,39,251,-0.164056,0.00982049,False
rs12158565,40,6,-0.0269568,0.444082,False
rs12158565,40,7,-0.035808,0.306216,False
rs12158565,40,8,-0.0380897,0.273003,False
rs12158565,40,9,-0.0278685,0.418432,False
rs12158565,40,10,-0.0252029,0.461349,False
rs12158565,40,11,-0.030278,0.373153,False
rs12158565,40,12,-0.0317631,0.347464,False
rs12158565,40,13,-0.0226538,0.50139,False
rs12158565,40,14,-0.0373481,0.265837,False
rs12158565,40,15,-0.0464648,0.165053,False
rs12158565,40,16,-0.0303316,0.365078,False
rs12158565,40,17,-0.0297479,0.374285,False
rs12158565,40,18,-0.0534104,0.11098,False
rs12158565,40,19,-0.0451529,0.178438,False
rs12158565,40,20,-0.0345969,0.302257,False
rs12158565,40,21,-0.0604451,0.0716064,False
rs12158565,40,22,-0.0458921,0.17227,False
rs12158565,40,23,-0.0599902,0.075077,False
rs12158565,40,24,-0.0600577,0.0753407,False
rs12158565,40,25,-0.0654727,0.052527,False
rs12158565,40,26,-0.0654024,0.0538428,False
rs12158565,40,27,-0.0733544,0.0309477,False
rs12158565,40,28,-0.0632568,0.0636234,False
rs12158565,40,29,-0.0729783,0.0326444,False
rs12158565,40,30,-0.0654767,0.0562062,False
rs12158565,40,31,-0.0736004,0.0321429,False
rs12158565,40,32,-0.0667428,0.0525243,False
rs12158565,40,33,-0.0710902,0.0393472,False
rs12158565,40,34,-0.0742522,0.0322073,False
rs12158565,40,35,-0.0610781,0.0785941,False
rs12158565,40,36,-0.073311,0.0353177,False
rs12158565,40,37,-0.076661,0.028198,False
rs12158565,40,38,-0.062109,0.076871,False
rs12158565,40,39,-0.0600644,0.0883763,False
rs12158565,40,40,-0.0642319,0.069095,False
rs12158565,40,41,-0.0537711,0.129955,False
rs12158565,40,42,-0.0569772,0.10908,False
rs12158565,40,43,-0.0651171,0.0684325,False
rs12158565,40,44,-0.070329,0.0500843,False
rs12158565,40,45,-0.0652244,0.0708442,False
rs12158565,40,46,-0.0641696,0.076912,False
rs12158565,40,47,-0.0757141,0.0372072,False
rs12158565,40,48,-0.0781854,0.0322438,False
rs12158565,40,49,-0.073916,0.0437409,False
rs12158565,40,50,-0.0685259,0.0624334,False
rs12158565,40,51,-0.0784385,0.0340556,False
rs12158565,40,52,-0.0740643,0.0464809,False
rs12158565,40,53,-0.0867899,0.0200501,False
rs12158565,40,54,-0.0799255,0.033086,False
rs12158565,40,55,-0.0852887,0.023259,False
rs12158565,40,56,-0.084215,0.0259226,False
rs12158565,40,57,-0.0826414,0.0294713,False
rs12158565,40,58,-0.0667351,0.0795355,False
rs12158565,40,59,-0.079979,0.0367491,False
rs12158565,40,60,-0.0774674,0.044228,False
rs12158565,40,61,-0.0798793,0.0388247,False
rs12158565,40,62,-0.0903013,0.0199493,False
rs12158565,40,63,-0.0815968,0.0366533,False
rs12158565,40,64,-0.0830458,0.034263,False
rs12158565,40,65,-0.0889501,0.0239102,False
rs12158565,40,66,-0.0832177,0.0354415,False
rs12158565,40,67,-0.0741064,0.0623129,False
rs12158565,40,68,-0.0699508,0.0797698,False
rs12158565,40,69,-0.0775354,0.0531555,False
rs12158565,40,70,-0.0683817,0.089643,False
rs12158565,40,71,-0.0869469,0.0317037,False
rs12158565,40,72,-0.0783682,0.0538053,False
rs12158565,40,73,-0.0761417,0.0623212,False
rs12158565,40,74,-0.0699433,0.088591,False
rs12158565,40,75,-0.0726869,0.0778135,False
rs12158565,40,76,-0.0797371,0.0539103,False
rs12158565,40,77,-0.0900226,0.0302117,False
rs12158565,40,78,-0.0728156,0.0807927,False
rs12158565,40,79,-0.0748036,0.0738814,False
rs12158565,40,80,-0.0791609,0.058962,False
rs12158565,40,81,-0.0819125,0.0515607,False
rs12158565,40,82,-0.0748765,0.0757571,False
rs12158565,40,83,-0.080996,0.0556049,False
rs12158565,40,84,-0.0719935,0.0900797,False
rs12158565,40,85,-0.0746525,0.0789025,False
rs12158565,40,86,-0.0773996,0.069461,False
rs12158565,40,87,-0.068832,0.107545,False
rs12158565,40,88,-0.0664064,0.121447,False
rs12158565,40,89,-0.0736233,0.0864338,False
rs12158565,40,90,-0.0621184,0.149215,False
rs12158565,40,91,-0.0707815,0.101285,False
rs12158565,40,92,-0.0706742,0.102255,False
rs12158565,40,93,-0.0802701,0.063704,False
rs12158565,40,94,-0.086301,0.0462413,False
rs12158565,40,95,-0.0875236,0.0439029,False
rs12158565,40,96,-0.0879076,0.0431166,False
rs12158565,40,97,-0.0758663,0.0810222,False
rs12158565,40,98,-0.0810261,0.0628499,False
rs12158565,40,99,-0.0677159,0.120784,False
rs12158565,40,100,-0.0686573,0.115695,False
rs12158565,40,101,-0.0796851,0.0678878,False
rs12158565,40,102,-0.0756244,0.0836555,False
rs12158565,40,103,-0.077339,0.0773155,False
rs12158565,40,104,-0.0782922,0.0738904,False
rs12158565,40,105,-0.0755283,0.0852329,False
rs12158565,40,106,-0.084646,0.0537611,False
rs12158565,40,107,-0.0804574,0.0671408,False
rs12158565,40,108,-0.0788192,0.0732188,False
rs12158565,40,109,-0.0833676,0.0579503,False
rs12158565,40,110,-0.0768606,0.0806478,False
rs12158565,40,111,-0.0655654,0.137144,False
rs12158565,40,112,-0.0760063,0.0849679,False
rs12158565,40,113,-0.0829913,0.0602305,False
rs12158565,40,114,-0.0694351,0.116519,False
rs12158565,40,115,-0.0619581,0.161348,False
rs12158565,40,116,-0.0641452,0.147329,False
rs12158565,40,117,-0.0606593,0.171028,False
rs12158565,40,118,-0.0606626,0.171836,False
rs12158565,40,119,-0.0580971,0.190695,False
rs12158565,40,120,-0.0614456,0.166507,False
rs12158565,40,121,-0.0648613,0.145229,False
rs12158565,40,122,-0.0666385,0.135085,False
rs12158565,40,123,-0.0669562,0.133541,False
rs12158565,40,124,-0.0683696,0.126346,False
rs12158565,40,125,-0.0687368,0.124763,False
rs12158565,40,126,-0.0780196,0.0814469,False
rs12158565,40,127,-0.0869378,0.052177,False
rs12158565,40,128,-0.0885139,0.0481307,False
rs12158565,40,129,-0.0837651,0.0618636,False
rs12158565,40,130,-0.0840855,0.0612562,False
rs12158565,40,131,-0.0792539,0.0776936,False
rs12158565,40,132,-0.0663108,0.13993,False
rs12158565,40,133,-0.0830884,0.0646473,False
rs12158565,40,134,-0.0890003,0.0479655,False
rs12158565,40,135,-0.0845172,0.0604693,False
rs12158565,40,136,-0.0943953,0.0360126,False
rs12158565,40,137,-0.0936028,0.0378546,False
rs12158565,40,138,-0.097965,0.0297764,False
rs12158565,40,139,-0.102497,0.0231392,False
rs12158565,40,140,-0.102574,0.0229859,False
rs12158565,40,141,-0.106364,0.018316,False
rs12158565,40,142,-0.104379,0.0207679,False
rs12158565,40,143,-0.100067,0.0266785,False
rs12158565,40,144,-0.0976333,0.0306479,False
rs12158565,40,145,-0.10573,0.0191291,False
rs12158565,40,146,-0.106079,0.0188324,False
rs12158565,40,147,-0.114113,0.0116769,False
rs12158565,40,148,-0.118692,0.00874199,False
rs12158565,40,149,-0.121831,0.00714431,False
rs12158565,40,150,-0.118086,0.0091306,False
rs12158565,40,151,-0.11869,0.00898516,False
rs12158565,40,152,-0.123281,0.00669333,False
rs12158565,40,153,-0.12668,0.00538095,False
rs12158565,40,154,-0.12312,0.00689417,False
rs12158565,40,155,-0.129138,0.0046252,False
rs12158565,40,156,-0.140028,0.00213828,False
rs12158565,40,157,-0.138751,0.00238081,False
rs12158565,40,158,-0.128497,0.00498083,False
rs12158565,40,159,-0.128295,0.0051091,False
rs12158565,40,160,-0.134322,0.00337119,False
rs12158565,40,161,-0.130326,0.00450609,False
rs12158565,40,162,-0.125708,0.00613055,False
rs12158565,40,163,-0.136153,0.00299098,False
rs12158565,40,164,-0.139397,0.00238982,False
rs12158565,40,165,-0.14021,0.00226985,False
rs12158565,40,166,-0.143549,0.0017665,False
rs12158565,40,167,-0.153816,0.000811194,False
rs12158565,40,168,-0.161277,0.000448445,False
rs12158565,40,169,-0.153311,0.000851989,False
rs12158565,40,170,-0.142609,0.00193268,False
rs12158565,40,171,-0.136288,0.00305202,False
rs12158565,40,172,-0.129345,0.00496843,False
rs12158565,40,173,-0.129268,0.00495574,False
rs12158565,40,174,-0.130997,0.00438711,False
rs12158565,40,175,-0.128929,0.00507555,False
rs12158565,40,176,-0.129655,0.00484763,False
rs12158565,40,177,-0.139097,0.0024817,False
rs12158565,40,178,-0.140872,0.00213806,False
rs12158565,40,179,-0.145333,0.00155256,False
rs12158565,40,180,-0.12509,0.00632784,False
rs12158565,40,181,-0.131602,0.00406125,False
rs12158565,40,182,-0.130766,0.00428786,False
rs12158565,40,183,-0.137719,0.00258255,False
rs12158565,40,184,-0.129567,0.00450482,False
rs12158565,40,185,-0.13476,0.00311713,False
rs12158565,40,186,-0.140457,0.00202187,False
rs12158565,40,187,-0.131593,0.00378853,False
rs12158565,40,188,-0.13892,0.00220639,False
rs12158565,40,189,-0.138153,0.0023127,False
rs12158565,40,190,-0.13646,0.00256885,False
rs12158565,40,191,-0.119118,0.00829167,False
rs12158565,40,192,-0.128829,0.00428126,False
rs12158565,40,193,-0.137499,0.00226119,False
rs12158565,40,194,-0.132663,0.00315373,False
rs12158565,40,195,-0.137288,0.00224152,False
rs12158565,40,196,-0.15299,0.000655959,False
rs12158565,40,197,-0.145185,0.00120013,False
rs12158565,40,198,-0.141795,0.00152488,False
rs12158565,40,199,-0.142791,0.0014162,False
rs12158565,40,200,-0.138656,0.00192049,False
rs12158565,40,201,-0.13796,0.00200482,False
rs12158565,40,202,-0.14384,0.00126901,False
rs12158565,40,203,-0.141455,0.0015149,False
rs12158565,40,204,-0.139436,0.00176526,False
rs12158565,40,205,-0.14408,0.00122257,False
rs12158565,40,206,-0.146998,0.00095556,False
rs12158565,40,207,-0.146812,0.000990133,False
rs12158565,40,208,-0.141979,0.00143752,False
rs12158565,40,209,-0.142355,0.00138732,False
rs12158565,40,210,-0.151046,0.000701853,False
rs12158565,40,211,-0.150393,0.000755501,False
rs12158565,40,212,-0.15645,0.000461304,False
rs12158565,40,213,-0.148881,0.000865135,False
rs12158565,40,214,-0.14271,0.00144346,False
rs12158565,40,215,-0.154326,0.000589746,False
rs12158565,40,216,-0.1576,0.000454,False
rs12158565,40,217,-0.15435,0.000615519,False
rs12158565,40,218,-0.149356,0.000942585,False
rs12158565,40,219,-0.148972,0.00101122,False
rs12158565,40,220,-0.139181,0.00219991,False
rs12158565,40,221,-0.153295,0.00077254,False
rs12158565,40,222,-0.158199,0.000545416,False
rs12158565,40,223,-0.147422,0.00133701,False
rs12158565,40,224,-0.168919,0.000250399,False
rs12158565,40,225,-0.166473,0.000333593,False
rs12158565,40,226,-0.169004,0.000292617,False
rs12158565,40,227,-0.16869,0.000332799,False
rs12158565,40,228,-0.171503,0.000290832,False
rs12158565,40,229,-0.161019,0.000724813,False
rs12158565,40,230,-0.174888,0.000267831,False
rs12158565,40,231,-0.164615,0.00067728,False
rs12158565,40,232,-0.169469,0.000514753,False
rs12158565,40,233,-0.159277,0.00123067,False
rs12158565,40,234,-0.174239,0.000473137,False
rs12158565,40,235,-0.158864,0.00158709,False
rs12158565,40,236,-0.157536,0.00196099,False
rs12158565,40,237,-0.167585,0.00110037,False
rs12158565,40,238,-0.167813,0.0012374,False
rs12158565,40,239,-0.145889,0.0054978,False
rs12158565,40,240,-0.164378,0.00200361,False
rs12158565,40,241,-0.149487,0.00553445,False
rs12158565,40,242,-0.151034,0.00569783,False
rs12158565,40,243,-0.159707,0.00391979,False
rs12158565,40,244,-0.159774,0.004464,False
rs12158565,40,245,-0.148637,0.00916213,False
rs12158565,40,246,-0.175002,0.00257044,False
rs12158565,40,247,-0.172124,0.00352463,False
rs12158565,40,248,-0.174087,0.00371713,False
rs12158565,40,249,-0.170914,0.00513717,False
rs12158565,40,250,-0.173695,0.00513349,False
rs12158565,40,251,-0.178736,0.00462165,False
rs12158565,41,6,-0.0778916,0.0276698,False
rs12158565,41,7,-0.0822223,0.0191421,False
rs12158565,41,8,-0.0820771,0.0185114,False
rs12158565,41,9,-0.0794274,0.0215105,False
rs12158565,41,10,-0.0805698,0.0189423,False
rs12158565,41,11,-0.0699026,0.0400732,False
rs12158565,41,12,-0.0885801,0.00905198,False
rs12158565,41,13,-0.0839486,0.0128885,False
rs12158565,41,14,-0.063935,0.0579412,False
rs12158565,41,15,-0.072495,0.0315571,False
rs12158565,41,16,-0.0702152,0.0371424,False
rs12158565,41,17,-0.073777,0.0285267,False
rs12158565,41,18,-0.0642998,0.0562245,False
rs12158565,41,19,-0.0664855,0.0484448,False
rs12158565,41,20,-0.0493768,0.143804,False
rs12158565,41,21,-0.0642189,0.0577035,False
rs12158565,41,22,-0.0734145,0.0301793,False
rs12158565,41,23,-0.0795804,0.018992,False
rs12158565,41,24,-0.0700253,0.0389411,False
rs12158565,41,25,-0.0710078,0.0368135,False
rs12158565,41,26,-0.0696914,0.040827,False
rs12158565,41,27,-0.0685049,0.0453255,False
rs12158565,41,28,-0.0671227,0.0507345,False
rs12158565,41,29,-0.0619764,0.0715135,False
rs12158565,41,30,-0.0644087,0.061872,False
rs12158565,41,31,-0.071166,0.0399493,False
rs12158565,41,32,-0.0585071,0.0919277,False
rs12158565,41,33,-0.0555578,0.11052,False
rs12158565,41,34,-0.0626301,0.0724481,False
rs12158565,41,35,-0.0683276,0.05085,False
rs12158565,41,36,-0.0677027,0.0534266,False
rs12158565,41,37,-0.0720861,0.0403754,False
rs12158565,41,38,-0.0709622,0.0447617,False
rs12158565,41,39,-0.0753194,0.0335529,False
rs12158565,41,40,-0.0680429,0.0558565,False
rs12158565,41,41,-0.073698,0.039459,False
rs12158565,41,42,-0.0573728,0.110229,False
rs12158565,41,43,-0.0861888,0.0168374,False
rs12158565,41,44,-0.0698405,0.0534222,False
rs12158565,41,45,-0.0612472,0.0916277,False
rs12158565,41,46,-0.0719451,0.0486662,False
rs12158565,41,47,-0.0764337,0.0366929,False
rs12158565,41,48,-0.0765094,0.0374913,False
rs12158565,41,49,-0.0804424,0.0294883,False
rs12158565,41,50,-0.0778275,0.0360566,False
rs12158565,41,51,-0.0727715,0.0507267,False
rs12158565,41,52,-0.0784697,0.0360866,False
rs12158565,41,53,-0.0766609,0.0415162,False
rs12158565,41,54,-0.0667775,0.0775308,False
rs12158565,41,55,-0.0817922,0.0314213,False
rs12158565,41,56,-0.0731906,0.0551915,False
rs12158565,41,57,-0.0623474,0.10361,False
rs12158565,41,58,-0.0637596,0.0976608,False
rs12158565,41,59,-0.0829969,0.0317921,False
rs12158565,41,60,-0.0783191,0.0438726,False
rs12158565,41,61,-0.0659523,0.0910793,False
rs12158565,41,62,-0.0715994,0.0675624,False
rs12158565,41,63,-0.0652861,0.0971339,False
rs12158565,41,64,-0.0669102,0.0903493,False
rs12158565,41,65,-0.0743073,0.0612018,False
rs12158565,41,66,-0.0671704,0.0916556,False
rs12158565,41,67,-0.0672019,0.0929926,False
rs12158565,41,68,-0.0644477,0.108709,False
rs12158565,41,69,-0.059649,0.139647,False
rs12158565,41,70,-0.0599577,0.139514,False
rs12158565,41,71,-0.0645909,0.112408,False
rs12158565,41,72,-0.0612428,0.134733,False
rs12158565,41,73,-0.068847,0.0938184,False
rs12158565,41,74,-0.0782133,0.0578655,False
rs12158565,41,75,-0.079045,0.0565688,False
rs12158565,41,76,-0.0723165,0.0818935,False
rs12158565,41,77,-0.0811581,0.051863,False
rs12158565,41,78,-0.0743924,0.0754615,False
rs12158565,41,79,-0.0762394,0.0694628,False
rs12158565,41,80,-0.069745,0.0977083,False
rs12158565,41,81,-0.0772033,0.0679695,False
rs12158565,41,82,-0.0758576,0.073512,False
rs12158565,41,83,-0.0787856,0.0633022,False
rs12158565,41,84,-0.0734355,0.0840528,False
rs12158565,41,85,-0.0811072,0.0569319,False
rs12158565,41,86,-0.078237,0.0670009,False
rs12158565,41,87,-0.0603487,0.158183,False
rs12158565,41,88,-0.065374,0.127077,False
rs12158565,41,89,-0.0733739,0.0871083,False
rs12158565,41,90,-0.0691841,0.107587,False
rs12158565,41,91,-0.0605356,0.159548,False
rs12158565,41,92,-0.0688592,0.109977,False
rs12158565,41,93,-0.0676094,0.117032,False
rs12158565,41,94,-0.0731941,0.0898613,False
rs12158565,41,95,-0.0714813,0.0979276,False
rs12158565,41,96,-0.0722872,0.094969,False
rs12158565,41,97,-0.0783243,0.0705716,False
rs12158565,41,98,-0.0807308,0.0626829,False
rs12158565,41,99,-0.0774869,0.0740907,False
rs12158565,41,100,-0.0889621,0.040563,False
rs12158565,41,101,-0.0833277,0.0551765,False
rs12158565,41,102,-0.094084,0.0306036,False
rs12158565,41,103,-0.0897917,0.0388891,False
rs12158565,41,104,-0.0948088,0.0293055,False
rs12158565,41,105,-0.0827374,0.0573985,False
rs12158565,41,106,-0.0763171,0.0800152,False
rs12158565,41,107,-0.0863365,0.0478932,False
rs12158565,41,108,-0.0730342,0.0944927,False
rs12158565,41,109,-0.0805773,0.0653294,False
rs12158565,41,110,-0.0832698,0.0571462,False
rs12158565,41,111,-0.0705606,0.106953,False
rs12158565,41,112,-0.0798473,0.0681899,False
rs12158565,41,113,-0.0898129,0.0405141,False
rs12158565,41,114,-0.095883,0.0289188,False
rs12158565,41,115,-0.0820057,0.0619428,False
rs12158565,41,116,-0.0732374,0.0959533,False
rs12158565,41,117,-0.0668666,0.128812,False
rs12158565,41,118,-0.0730306,0.0973287,False
rs12158565,41,119,-0.0797861,0.0704909,False
rs12158565,41,120,-0.0796803,0.0712059,False
rs12158565,41,121,-0.0770436,0.081302,False
rs12158565,41,122,-0.0775144,0.0802308,False
rs12158565,41,123,-0.0788141,0.0753887,False
rs12158565,41,124,-0.0792421,0.0738818,False
rs12158565,41,125,-0.0766077,0.0843937,False
rs12158565,41,126,-0.0826244,0.0629579,False
rs12158565,41,127,-0.086704,0.0512426,False
rs12158565,41,128,-0.0888352,0.046168,False
rs12158565,41,129,-0.0773072,0.0831027,False
rs12158565,41,130,-0.0878045,0.0488009,False
rs12158565,41,131,-0.0826387,0.0638739,False
rs12158565,41,132,-0.0742469,0.0960086,False
rs12158565,41,133,-0.0763404,0.0873212,False
rs12158565,41,134,-0.0856315,0.0552604,False
rs12158565,41,135,-0.0920473,0.0393851,False
rs12158565,41,136,-0.0892305,0.0458699,False
rs12158565,41,137,-0.0920991,0.039364,False
rs12158565,41,138,-0.101205,0.0236461,False
rs12158565,41,139,-0.0970184,0.0299051,False
rs12158565,41,140,-0.0964677,0.0309901,False
rs12158565,41,141,-0.0909332,0.0420112,False
rs12158565,41,142,-0.0885322,0.048046,False
rs12158565,41,143,-0.0978221,0.0289333,False
rs12158565,41,144,-0.100742,0.0245342,False
rs12158565,41,145,-0.110003,0.0142374,False
rs12158565,41,146,-0.126533,0.00480098,False
rs12158565,41,147,-0.120868,0.00708556,False
rs12158565,41,148,-0.119298,0.00787544,False
rs12158565,41,149,-0.127104,0.00468796,False
rs12158565,41,150,-0.135333,0.00262388,False
rs12158565,41,151,-0.141243,0.00169849,False
rs12158565,41,152,-0.145276,0.00126842,False
rs12158565,41,153,-0.14694,0.00113668,False
rs12158565,41,154,-0.145279,0.0013176,False
rs12158565,41,155,-0.140953,0.00182404,False
rs12158565,41,156,-0.132826,0.00333204,False
rs12158565,41,157,-0.143982,0.00149878,False
rs12158565,41,158,-0.133302,0.00333381,False
rs12158565,41,159,-0.132359,0.00358737,False
rs12158565,41,160,-0.133922,0.00324323,False
rs12158565,41,161,-0.128888,0.00468253,False
rs12158565,41,162,-0.134945,0.00309266,False
rs12158565,41,163,-0.152547,0.000840961,False
rs12158565,41,164,-0.140703,0.00207564,False
rs12158565,41,165,-0.136662,0.00281556,False
rs12158565,41,166,-0.152416,0.000875988,False
rs12158565,41,167,-0.153386,0.000814561,False
rs12158565,41,168,-0.154422,0.000752309,False
rs12158565,41,169,-0.138776,0.00246107,False
rs12158565,41,170,-0.143515,0.00173546,False
rs12158565,41,171,-0.156373,0.000651612,False
rs12158565,41,172,-0.143638,0.00176525,False
rs12158565,41,173,-0.150984,0.00100561,False
rs12158565,41,174,-0.145274,0.00155676,False
rs12158565,41,175,-0.142143,0.0019938,False
rs12158565,41,176,-0.146196,0.00146624,False
rs12158565,41,177,-0.147108,0.00136605,False
rs12158565,41,178,-0.138631,0.00252144,False
rs12158565,41,179,-0.14341,0.00178682,False
rs12158565,41,180,-0.144353,0.00163351,False
rs12158565,41,181,-0.156017,0.000657002,False
rs12158565,41,182,-0.158308,0.000547547,False
rs12158565,41,183,-0.145213,0.00149922,False
rs12158565,41,184,-0.150496,0.000992136,False
rs12158565,41,185,-0.153911,0.000755822,False
rs12158565,41,186,-0.145781,0.00139655,False
rs12158565,41,187,-0.153429,0.000759587,False
rs12158565,41,188,-0.154633,0.000684407,False
rs12158565,41,189,-0.157162,0.000547275,False
rs12158565,41,190,-0.143052,0.0016253,False
rs12158565,41,191,-0.155864,0.000580104,False
rs12158565,41,192,-0.142668,0.00158552,False
rs12158565,41,193,-0.132217,0.00340128,False
rs12158565,41,194,-0.148635,0.000998794,False
rs12158565,41,195,-0.14404,0.00138631,False
rs12158565,41,196,-0.140529,0.0017765,False
rs12158565,41,197,-0.142432,0.00153922,False
rs12158565,41,198,-0.148671,0.000943474,False
rs12158565,41,199,-0.159413,0.000389144,False
rs12158565,41,200,-0.159134,0.000392473,False
rs12158565,41,201,-0.149868,0.000833839,False
rs12158565,41,202,-0.143391,0.00136714,False
rs12158565,41,203,-0.151409,0.000715292,False
rs12158565,41,204,-0.159981,0.000347191,False
rs12158565,41,205,-0.157528,0.00043854,False
rs12158565,41,206,-0.158755,0.000382662,False
rs12158565,41,207,-0.156259,0.000474363,False
rs12158565,41,208,-0.157692,0.000410161,False
rs12158565,41,209,-0.159102,0.000372479,False
rs12158565,41,210,-0.160461,0.000336728,False
rs12158565,41,211,-0.150924,0.000758296,False
rs12158565,41,212,-0.147648,0.000991387,False
rs12158565,41,213,-0.150091,0.000811344,False
rs12158565,41,214,-0.15013,0.000829142,False
rs12158565,41,215,-0.152948,0.000667112,False
rs12158565,41,216,-0.148503,0.000976091,False
rs12158565,41,217,-0.162791,0.000308567,False
rs12158565,41,218,-0.167304,0.000216224,False
rs12158565,41,219,-0.164974,0.000274849,False
rs12158565,41,220,-0.167507,0.000228484,False
rs12158565,41,221,-0.169231,0.000207462,False
rs12158565,41,222,-0.173294,0.000154326,False
rs12158565,41,223,-0.172225,0.00017582,False
rs12158565,41,224,-0.177827,0.000116829,False
rs12158565,41,225,-0.176313,0.000145553,False
rs12158565,41,226,-0.1785,0.000129092,False
rs12158565,41,227,-0.162904,0.0005173,False
rs12158565,41,228,-0.184756,9.0427e-05,False
rs12158565,41,229,-0.176494,0.000204012,False
rs12158565,41,230,-0.174408,0.000274752,False
rs12158565,41,231,-0.178217,0.000222995,False
rs12158565,41,232,-0.172344,0.00040455,False
rs12158565,41,233,-0.172818,0.000439099,False
rs12158565,41,234,-0.179921,0.000286293,False
rs12158565,41,235,-0.166828,0.000876909,False
rs12158565,41,236,-0.17393,0.000589511,False
rs12158565,41,237,-0.176803,0.000549474,False
rs12158565,41,238,-0.180742,0.000473712,False
rs12158565,41,239,-0.182629,0.000479077,False
rs12158565,41,240,-0.170644,0.00124579,False
rs12158565,41,241,-0.16918,0.0015788,False
rs12158565,41,242,-0.16743,0.00200474,False
rs12158565,41,243,-0.176817,0.00130344,False
rs12158565,41,244,-0.176862,0.0015164,False
rs12158565,41,245,-0.176713,0.00177719,False
rs12158565,41,246,-0.176077,0.00218881,False
rs12158565,41,247,-0.185385,0.00150507,False
rs12158565,41,248,-0.202029,0.000668299,False
rs12158565,41,249,-0.190741,0.00161514,False
rs12158565,41,250,-0.209483,0.000656031,False
rs12158565,41,251,-0.203677,0.00113951,False
rs12158565,42,6,-0.0287944,0.418469,False
rs12158565,42,7,-0.0444376,0.207222,False
rs12158565,42,8,-0.0461485,0.188069,False
rs12158565,42,9,-0.0407032,0.241833,False
rs12158565,42,10,-0.0467722,0.175261,False
rs12158565,42,11,-0.0419939,0.220418,False
rs12158565,42,12,-0.0524314,0.12435,False
rs12158565,42,13,-0.0467117,0.169185,False
rs12158565,42,14,-0.0415502,0.220156,False
rs12158565,42,15,-0.034856,0.302472,False
rs12158565,42,16,-0.0497076,0.141275,False
rs12158565,42,17,-0.0409742,0.22571,False
rs12158565,42,18,-0.0410688,0.224478,False
rs12158565,42,19,-0.0407852,0.228725,False
rs12158565,42,20,-0.0493655,0.144912,False
rs12158565,42,21,-0.0522762,0.123076,False
rs12158565,42,22,-0.0579767,0.0879883,False
rs12158565,42,23,-0.0490158,0.149173,False
rs12158565,42,24,-0.0491242,0.149731,False
rs12158565,42,25,-0.0542771,0.111981,False
rs12158565,42,26,-0.0540558,0.114319,False
rs12158565,42,27,-0.0512426,0.135274,False
rs12158565,42,28,-0.0588219,0.0872382,False
rs12158565,42,29,-0.0593083,0.0849162,False
rs12158565,42,30,-0.0653612,0.0586517,False
rs12158565,42,31,-0.0575665,0.0968309,False
rs12158565,42,32,-0.0588798,0.089903,False
rs12158565,42,33,-0.0625645,0.0733281,False
rs12158565,42,34,-0.0591105,0.0909959,False
rs12158565,42,35,-0.058477,0.0952231,False
rs12158565,42,36,-0.0648022,0.0661771,False
rs12158565,42,37,-0.0667182,0.0594257,False
rs12158565,42,38,-0.0665358,0.0614971,False
rs12158565,42,39,-0.0689885,0.0528148,False
rs12158565,42,40,-0.0584961,0.102308,False
rs12158565,42,41,-0.0655484,0.0679001,False
rs12158565,42,42,-0.0582936,0.105671,False
rs12158565,42,43,-0.0585916,0.105497,False
rs12158565,42,44,-0.0556698,0.126104,False
rs12158565,42,45,-0.0391097,0.283566,False
rs12158565,42,46,-0.0583091,0.112321,False
rs12158565,42,47,-0.0669294,0.0692762,False
rs12158565,42,48,-0.0606973,0.101061,False
rs12158565,42,49,-0.0531265,0.153486,False
rs12158565,42,50,-0.0592199,0.113238,False
rs12158565,42,51,-0.0671763,0.0739403,False
rs12158565,42,52,-0.0635928,0.0912061,False
rs12158565,42,53,-0.0655211,0.0833374,False
rs12158565,42,54,-0.0626317,0.0996935,False
rs12158565,42,55,-0.0623485,0.102968,False
rs12158565,42,56,-0.0684887,0.0741956,False
rs12158565,42,57,-0.0722996,0.060772,False
rs12158565,42,58,-0.0722686,0.0617544,False
rs12158565,42,59,-0.0698605,0.0721808,False
rs12158565,42,60,-0.0676232,0.0832337,False
rs12158565,42,61,-0.0656694,0.0941523,False
rs12158565,42,62,-0.0693552,0.0783421,False
rs12158565,42,63,-0.0671273,0.0893592,False
rs12158565,42,64,-0.0715485,0.0717333,False
rs12158565,42,65,-0.062742,0.116576,False
rs12158565,42,66,-0.0555585,0.165774,False
rs12158565,42,67,-0.0770072,0.0556394,False
rs12158565,42,68,-0.0637167,0.114544,False
rs12158565,42,69,-0.0634581,0.117673,False
rs12158565,42,70,-0.0558298,0.170116,False
rs12158565,42,71,-0.0750459,0.0663864,False
rs12158565,42,72,-0.0701385,0.0881756,False
rs12158565,42,73,-0.0661094,0.108715,False
rs12158565,42,74,-0.0762503,0.0654361,False
rs12158565,42,75,-0.0697036,0.0932621,False
rs12158565,42,76,-0.06276,0.131729,False
rs12158565,42,77,-0.0651434,0.119594,False
rs12158565,42,78,-0.0646039,0.123499,False
rs12158565,42,79,-0.0721164,0.0866171,False
rs12158565,42,80,-0.0631418,0.134105,False
rs12158565,42,81,-0.0643173,0.127784,False
rs12158565,42,82,-0.0705255,0.09627,False
rs12158565,42,83,-0.0736556,0.0827876,False
rs12158565,42,84,-0.0663397,0.119202,False
rs12158565,42,85,-0.0572585,0.179386,False
rs12158565,42,86,-0.0692011,0.105602,False
rs12158565,42,87,-0.0543878,0.203826,False
rs12158565,42,88,-0.0592797,0.166349,False
rs12158565,42,89,-0.0660064,0.123761,False
rs12158565,42,90,-0.0691348,0.10745,False
rs12158565,42,91,-0.0481576,0.262342,False
rs12158565,42,92,-0.0538644,0.21066,False
rs12158565,42,93,-0.0605221,0.159524,False
rs12158565,42,94,-0.0679142,0.114518,False
rs12158565,42,95,-0.0583531,0.17546,False
rs12158565,42,96,-0.0641064,0.136975,False
rs12158565,42,97,-0.0609567,0.157096,False
rs12158565,42,98,-0.0800394,0.0634331,False
rs12158565,42,99,-0.0675701,0.117308,False
rs12158565,42,100,-0.0640105,0.138159,False
rs12158565,42,101,-0.0734877,0.0888378,False
rs12158565,42,102,-0.0589635,0.17264,False
rs12158565,42,103,-0.0686366,0.112883,False
rs12158565,42,104,-0.0708475,0.102068,False
rs12158565,42,105,-0.05827,0.179179,False
rs12158565,42,106,-0.0617795,0.153575,False
rs12158565,42,107,-0.0698694,0.106822,False
rs12158565,42,108,-0.0662288,0.126859,False
rs12158565,42,109,-0.0733716,0.0909283,False
rs12158565,42,110,-0.0671008,0.122647,False
rs12158565,42,111,-0.0687792,0.113436,False
rs12158565,42,112,-0.063977,0.141192,False
rs12158565,42,113,-0.0701051,0.10726,False
rs12158565,42,114,-0.0717726,0.0999027,False
rs12158565,42,115,-0.0584726,0.179982,False
rs12158565,42,116,-0.0628715,0.149996,False
rs12158565,42,117,-0.0616496,0.158516,False
rs12158565,42,118,-0.0800768,0.0673347,False
rs12158565,42,119,-0.0767026,0.0798843,False
rs12158565,42,120,-0.0742219,0.0905913,False
rs12158565,42,121,-0.0730865,0.0959442,False
rs12158565,42,122,-0.0718134,0.102632,False
rs12158565,42,123,-0.0686196,0.119759,False
rs12158565,42,124,-0.0661978,0.133873,False
rs12158565,42,125,-0.0651932,0.140085,False
rs12158565,42,126,-0.0674187,0.12743,False
rs12158565,42,127,-0.0628429,0.155839,False
rs12158565,42,128,-0.0723667,0.102248,False
rs12158565,42,129,-0.0706311,0.110944,False
rs12158565,42,130,-0.0695789,0.116595,False
rs12158565,42,131,-0.0559873,0.207094,False
rs12158565,42,132,-0.0647105,0.145247,False
rs12158565,42,133,-0.0654892,0.140771,False
rs12158565,42,134,-0.0623297,0.160536,False
rs12158565,42,135,-0.062292,0.161119,False
rs12158565,42,136,-0.0653624,0.1416,False
rs12158565,42,137,-0.0695407,0.117345,False
rs12158565,42,138,-0.0657024,0.139224,False
rs12158565,42,139,-0.0680138,0.126123,False
rs12158565,42,140,-0.0798137,0.0721667,False
rs12158565,42,141,-0.0782794,0.0778905,False
rs12158565,42,142,-0.0857617,0.0536014,False
rs12158565,42,143,-0.0807876,0.0693804,False
rs12158565,42,144,-0.0833247,0.0612084,False
rs12158565,42,145,-0.0907001,0.041728,False
rs12158565,42,146,-0.0901688,0.0427418,False
rs12158565,42,147,-0.0907954,0.0414371,False
rs12158565,42,148,-0.0919727,0.0388263,False
rs12158565,42,149,-0.1013,0.0229334,False
rs12158565,42,150,-0.114107,0.0106014,False
rs12158565,42,151,-0.108991,0.0147211,False
rs12158565,42,152,-0.112684,0.011838,False
rs12158565,42,153,-0.113558,0.0113261,False
rs12158565,42,154,-0.11635,0.00960073,False
rs12158565,42,155,-0.118708,0.00825985,False
rs12158565,42,156,-0.12726,0.00469434,False
rs12158565,42,157,-0.133101,0.00316943,False
rs12158565,42,158,-0.12885,0.0043088,False
rs12158565,42,159,-0.13071,0.00380703,False
rs12158565,42,160,-0.129107,0.00433215,False
rs12158565,42,161,-0.149108,0.0010027,False
rs12158565,42,162,-0.132646,0.0034756,False
rs12158565,42,163,-0.141437,0.00182992,False
rs12158565,42,164,-0.136583,0.00267095,False
rs12158565,42,165,-0.153285,0.000749895,False
rs12158565,42,166,-0.143656,0.0016259,False
rs12158565,42,167,-0.146408,0.00133031,False
rs12158565,42,168,-0.134191,0.00329762,False
rs12158565,42,169,-0.133382,0.00350847,False
rs12158565,42,170,-0.136298,0.00288728,False
rs12158565,42,171,-0.130486,0.00438708,False
rs12158565,42,172,-0.130336,0.0044234,False
rs12158565,42,173,-0.14274,0.00184003,False
rs12158565,42,174,-0.142806,0.00186109,False
rs12158565,42,175,-0.149276,0.00114042,False
rs12158565,42,176,-0.137127,0.0028078,False
rs12158565,42,177,-0.136851,0.00285837,False
rs12158565,42,178,-0.135989,0.00306081,False
rs12158565,42,179,-0.143083,0.0018189,False
rs12158565,42,180,-0.143916,0.00167574,False
rs12158565,42,181,-0.154651,0.000728033,False
rs12158565,42,182,-0.154925,0.000716433,False
rs12158565,42,183,-0.1525,0.000854898,False
rs12158565,42,184,-0.152472,0.000849335,False
rs12158565,42,185,-0.16719,0.000251771,False
rs12158565,42,186,-0.152222,0.000853133,False
rs12158565,42,187,-0.14391,0.0016134,False
rs12158565,42,188,-0.149511,0.00103267,False
rs12158565,42,189,-0.144537,0.00147907,False
rs12158565,42,190,-0.136065,0.00275093,False
rs12158565,42,191,-0.143259,0.00159521,False
rs12158565,42,192,-0.152143,0.000797864,False
rs12158565,42,193,-0.151364,0.000838982,False
rs12158565,42,194,-0.150919,0.000860857,False
rs12158565,42,195,-0.129131,0.00429435,False
rs12158565,42,196,-0.135266,0.00278496,False
rs12158565,42,197,-0.135515,0.00270005,False
rs12158565,42,198,-0.143171,0.00150057,False
rs12158565,42,199,-0.147188,0.00108336,False
rs12158565,42,200,-0.144287,0.00135593,False
rs12158565,42,201,-0.137858,0.00214456,False
rs12158565,42,202,-0.141394,0.00164275,False
rs12158565,42,203,-0.14068,0.00172189,False
rs12158565,42,204,-0.151284,0.00074869,False
rs12158565,42,205,-0.14278,0.00146573,False
rs12158565,42,206,-0.139379,0.00188474,False
rs12158565,42,207,-0.148866,0.00089917,False
rs12158565,42,208,-0.155441,0.000528272,False
rs12158565,42,209,-0.146856,0.00105556,False
rs12158565,42,210,-0.149384,0.000866674,False
rs12158565,42,211,-0.152226,0.000697644,False
rs12158565,42,212,-0.149979,0.000844184,False
rs12158565,42,213,-0.160859,0.000344606,False
rs12158565,42,214,-0.158559,0.000417942,False
rs12158565,42,215,-0.148196,0.000992561,False
rs12158565,42,216,-0.139302,0.00201349,False
rs12158565,42,217,-0.14614,0.00120855,False
rs12158565,42,218,-0.137217,0.00242521,False
rs12158565,42,219,-0.144379,0.00143987,False
rs12158565,42,220,-0.13846,0.00233712,False
rs12158565,42,221,-0.149667,0.00102432,False
rs12158565,42,222,-0.159141,0.000505344,False
rs12158565,42,223,-0.156309,0.000678094,False
rs12158565,42,224,-0.159435,0.00054705,False
rs12158565,42,225,-0.154311,0.000873653,False
rs12158565,42,226,-0.1558,0.000833032,False
rs12158565,42,227,-0.146101,0.00181947,False
rs12158565,42,228,-0.148428,0.00163626,False
rs12158565,42,229,-0.155494,0.00104601,False
rs12158565,42,230,-0.158624,0.000895966,False
rs12158565,42,231,-0.154626,0.00132971,False
rs12158565,42,232,-0.148842,0.00216043,False
rs12158565,42,233,-0.140048,0.00424028,False
rs12158565,42,234,-0.143615,0.00365802,False
rs12158565,42,235,-0.145884,0.00344575,False
rs12158565,42,236,-0.150069,0.00288048,False
rs12158565,42,237,-0.148563,0.00348651,False
rs12158565,42,238,-0.150881,0.0032883,False
rs12158565,42,239,-0.145509,0.00512248,False
rs12158565,42,240,-0.157033,0.00282754,False
rs12158565,42,241,-0.147522,0.00552853,False
rs12158565,42,242,-0.154795,0.00405316,False
rs12158565,42,243,-0.156536,0.00414575,False
rs12158565,42,244,-0.157955,0.00432269,False
rs12158565,42,245,-0.163317,0.00361784,False
rs12158565,42,246,-0.163113,0.00423955,False
rs12158565,42,247,-0.169108,0.00352554,False
rs12158565,42,248,-0.169964,0.00394451,False
rs12158565,42,249,-0.170042,0.00460881,False
rs12158565,42,250,-0.167998,0.0059219,False
rs12158565,42,251,-0.165412,0.00775872,False
rs12158565,43,6,-0.0448737,0.209286,False
rs12158565,43,7,-0.0348998,0.324826,False
rs12158565,43,8,-0.04781,0.174571,False
rs12158565,43,9,-0.0522011,0.135245,False
rs12158565,43,10,-0.0422204,0.223359,False
rs12158565,43,11,-0.0487268,0.157064,False
rs12158565,43,12,-0.044758,0.191747,False
rs12158565,43,13,-0.0552909,0.105812,False
rs12158565,43,14,-0.0467259,0.169475,False
rs12158565,43,15,-0.0480514,0.157731,False
rs12158565,43,16,-0.0430441,0.204413,False
rs12158565,43,17,-0.053269,0.116481,False
rs12158565,43,18,-0.0452075,0.183207,False
rs12158565,43,19,-0.0501626,0.139052,False
rs12158565,43,20,-0.0544442,0.109045,False
rs12158565,43,21,-0.0509323,0.134617,False
rs12158565,43,22,-0.0397156,0.24401,False
rs12158565,43,23,-0.0614815,0.0719583,False
rs12158565,43,24,-0.0540136,0.114822,False
rs12158565,43,25,-0.0482755,0.159627,False
rs12158565,43,26,-0.0464318,0.177096,False
rs12158565,43,27,-0.067894,0.0491285,False
rs12158565,43,28,-0.0438607,0.204578,False
rs12158565,43,29,-0.0520388,0.133701,False
rs12158565,43,30,-0.0619514,0.0751798,False
rs12158565,43,31,-0.0577985,0.0969733,False
rs12158565,43,32,-0.0702924,0.0443495,False
rs12158565,43,33,-0.0550331,0.117541,False
rs12158565,43,34,-0.0568152,0.10753,False
rs12158565,43,35,-0.0510791,0.149137,False
rs12158565,43,36,-0.0486624,0.169815,False
rs12158565,43,37,-0.0394727,0.268246,False
rs12158565,43,38,-0.0508237,0.155501,False
rs12158565,43,39,-0.0556934,0.121193,False
rs12158565,43,40,-0.0548978,0.12792,False
rs12158565,43,41,-0.047286,0.190443,False
rs12158565,43,42,-0.045567,0.209252,False
rs12158565,43,43,-0.0562136,0.123426,False
rs12158565,43,44,-0.0567699,0.120881,False
rs12158565,43,45,-0.0527695,0.151547,False
rs12158565,43,46,-0.049683,0.178649,False
rs12158565,43,47,-0.0562098,0.130015,False
rs12158565,43,48,-0.0611774,0.100588,False
rs12158565,43,49,-0.0619858,0.0980433,False
rs12158565,43,50,-0.0532297,0.157468,False
rs12158565,43,51,-0.0654502,0.0838877,False
rs12158565,43,52,-0.0728618,0.0551469,False
rs12158565,43,53,-0.0536267,0.160213,False
rs12158565,43,54,-0.0557041,0.146653,False
rs12158565,43,55,-0.0733597,0.0568948,False
rs12158565,43,56,-0.0576641,0.136023,False
rs12158565,43,57,-0.051629,0.184324,False
rs12158565,43,58,-0.0639591,0.100994,False
rs12158565,43,59,-0.0777871,0.0472586,False
rs12158565,43,60,-0.0788806,0.0447577,False
rs12158565,43,61,-0.0593047,0.132977,False
rs12158565,43,62,-0.0670297,0.0913077,False
rs12158565,43,63,-0.0728642,0.067109,False
rs12158565,43,64,-0.0556123,0.163756,False
rs12158565,43,65,-0.0702452,0.0799982,False
rs12158565,43,66,-0.0676159,0.0931374,False
rs12158565,43,67,-0.0665518,0.100203,False
rs12158565,43,68,-0.0717878,0.0772057,False
rs12158565,43,69,-0.0686834,0.0921802,False
rs12158565,43,70,-0.0711445,0.0817867,False
rs12158565,43,71,-0.0681649,0.0969533,False
rs12158565,43,72,-0.0713284,0.0836695,False
rs12158565,43,73,-0.0629118,0.128684,False
rs12158565,43,74,-0.0626304,0.131583,False
rs12158565,43,75,-0.063202,0.128894,False
rs12158565,43,76,-0.0552813,0.186263,False
rs12158565,43,77,-0.0664361,0.112739,False
rs12158565,43,78,-0.0684444,0.103135,False
rs12158565,43,79,-0.0715297,0.0900049,False
rs12158565,43,80,-0.0677113,0.10937,False
rs12158565,43,81,-0.0736006,0.0825104,False
rs12158565,43,82,-0.0731781,0.0842412,False
rs12158565,43,83,-0.0665232,0.117451,False
rs12158565,43,84,-0.059455,0.161789,False
rs12158565,43,85,-0.0540683,0.204163,False
rs12158565,43,86,-0.0668592,0.116561,False
rs12158565,43,87,-0.0688993,0.106404,False
rs12158565,43,88,-0.0625801,0.143264,False
rs12158565,43,89,-0.0575074,0.178968,False
rs12158565,43,90,-0.0599612,0.161033,False
rs12158565,43,91,-0.0665983,0.120099,False
rs12158565,43,92,-0.0630607,0.141265,False
rs12158565,43,93,-0.0596119,0.164433,False
rs12158565,43,94,-0.0533403,0.214,False
rs12158565,43,95,-0.0722621,0.0926402,False
rs12158565,43,96,-0.0699217,0.103597,False
rs12158565,43,97,-0.072346,0.0919979,False
rs12158565,43,98,-0.0554866,0.196709,False
rs12158565,43,99,-0.0741573,0.0843028,False
rs12158565,43,100,-0.0694064,0.106325,False
rs12158565,43,101,-0.0638274,0.137534,False
rs12158565,43,102,-0.059449,0.16651,False
rs12158565,43,103,-0.0568065,0.186569,False
rs12158565,43,104,-0.0696378,0.105318,False
rs12158565,43,105,-0.0718955,0.0949345,False
rs12158565,43,106,-0.0605881,0.159754,False
rs12158565,43,107,-0.0522166,0.225701,False
rs12158565,43,108,-0.0518461,0.2289,False
rs12158565,43,109,-0.0577786,0.180112,False
rs12158565,43,110,-0.0551147,0.200847,False
rs12158565,43,111,-0.065727,0.127708,False
rs12158565,43,112,-0.059242,0.170415,False
rs12158565,43,113,-0.053033,0.219697,False
rs12158565,43,114,-0.058331,0.176805,False
rs12158565,43,115,-0.0602183,0.163462,False
rs12158565,43,116,-0.0503133,0.245182,False
rs12158565,43,117,-0.0519725,0.231067,False
rs12158565,43,118,-0.0628183,0.148329,False
rs12158565,43,119,-0.0591466,0.174187,False
rs12158565,43,120,-0.0559279,0.19944,False
rs12158565,43,121,-0.0549553,0.208408,False
rs12158565,43,122,-0.0512687,0.240876,False
rs12158565,43,123,-0.060838,0.164752,False
rs12158565,43,124,-0.0583709,0.182495,False
rs12158565,43,125,-0.0561842,0.200205,False
rs12158565,43,126,-0.0549583,0.211263,False
rs12158565,43,127,-0.0492505,0.263091,False
rs12158565,43,128,-0.0456351,0.299877,False
rs12158565,43,129,-0.050979,0.247034,False
rs12158565,43,130,-0.0431032,0.328187,False
rs12158565,43,131,-0.0487887,0.26817,False
rs12158565,43,132,-0.0459666,0.296636,False
rs12158565,43,133,-0.0558116,0.20514,False
rs12158565,43,134,-0.0563698,0.200639,False
rs12158565,43,135,-0.0587909,0.182476,False
rs12158565,43,136,-0.059202,0.179116,False
rs12158565,43,137,-0.0777987,0.0771559,False
rs12158565,43,138,-0.0789642,0.0730837,False
rs12158565,43,139,-0.0765584,0.0819018,False
rs12158565,43,140,-0.0827509,0.0599136,False
rs12158565,43,141,-0.079321,0.0712856,False
rs12158565,43,142,-0.0808253,0.0660006,False
rs12158565,43,143,-0.0879212,0.045852,False
rs12158565,43,144,-0.0941823,0.0322926,False
rs12158565,43,145,-0.0886,0.0443243,False
rs12158565,43,146,-0.0898903,0.0415699,False
rs12158565,43,147,-0.0958522,0.0300436,False
rs12158565,43,148,-0.111889,0.0112923,False
rs12158565,43,149,-0.106437,0.016046,False
rs12158565,43,150,-0.11721,0.0081682,False
rs12158565,43,151,-0.11059,0.0125582,False
rs12158565,43,152,-0.109116,0.0139417,False
rs12158565,43,153,-0.115045,0.00957641,False
rs12158565,43,154,-0.109706,0.0137222,False
rs12158565,43,155,-0.112996,0.0112421,False
rs12158565,43,156,-0.124473,0.00531996,False
rs12158565,43,157,-0.128853,0.00390717,False
rs12158565,43,158,-0.134937,0.00255755,False
rs12158565,43,159,-0.134475,0.00267753,False
rs12158565,43,160,-0.116505,0.00950325,False
rs12158565,43,161,-0.119382,0.00799469,False
rs12158565,43,162,-0.132812,0.00319333,False
rs12158565,43,163,-0.121803,0.00697161,False
rs12158565,43,164,-0.119771,0.00811389,False
rs12158565,43,165,-0.121736,0.00720547,False
rs12158565,43,166,-0.127851,0.00490753,False
rs12158565,43,167,-0.117687,0.00965738,False
rs12158565,43,168,-0.127877,0.00499461,False
rs12158565,43,169,-0.13598,0.00286842,False
rs12158565,43,170,-0.125757,0.00581086,False
rs12158565,43,171,-0.133283,0.00354004,False
rs12158565,43,172,-0.142184,0.00187253,False
rs12158565,43,173,-0.131276,0.00412097,False
rs12158565,43,174,-0.119202,0.00929256,False
rs12158565,43,175,-0.129363,0.00475228,False
rs12158565,43,176,-0.139183,0.00240102,False
rs12158565,43,177,-0.132107,0.00398569,False
rs12158565,43,178,-0.13119,0.00426413,False
rs12158565,43,179,-0.137104,0.00278605,False
rs12158565,43,180,-0.132724,0.00380461,False
rs12158565,43,181,-0.125966,0.00603817,False
rs12158565,43,182,-0.138951,0.00242234,False
rs12158565,43,183,-0.136962,0.0027952,False
rs12158565,43,184,-0.129211,0.00477288,False
rs12158565,43,185,-0.134087,0.00338042,False
rs12158565,43,186,-0.108567,0.0176067,False
rs12158565,43,187,-0.131895,0.00396092,False
rs12158565,43,188,-0.138113,0.00250543,False
rs12158565,43,189,-0.14755,0.00122179,False
rs12158565,43,190,-0.134802,0.00308588,False
rs12158565,43,191,-0.130746,0.00407057,False
rs12158565,43,192,-0.129954,0.004263,False
rs12158565,43,193,-0.129283,0.00444799,False
rs12158565,43,194,-0.12714,0.00514155,False
rs12158565,43,195,-0.126608,0.00530493,False
rs12158565,43,196,-0.135417,0.00278819,False
rs12158565,43,197,-0.136557,0.00258229,False
rs12158565,43,198,-0.137567,0.00234627,False
rs12158565,43,199,-0.134487,0.00290162,False
rs12158565,43,200,-0.13264,0.00329191,False
rs12158565,43,201,-0.140562,0.00183603,False
rs12158565,43,202,-0.153257,0.000674485,False
rs12158565,43,203,-0.156501,0.000518487,False
rs12158565,43,204,-0.144395,0.00133371,False
rs12158565,43,205,-0.141829,0.00162197,False
rs12158565,43,206,-0.145082,0.00127298,False
rs12158565,43,207,-0.15607,0.000520926,False
rs12158565,43,208,-0.148219,0.000966151,False
rs12158565,43,209,-0.162201,0.000307226,False
rs12158565,43,210,-0.153661,0.000638905,False
rs12158565,43,211,-0.147074,0.00108743,False
rs12158565,43,212,-0.143224,0.00147204,False
rs12158565,43,213,-0.156653,0.000501136,False
rs12158565,43,214,-0.15261,0.000707323,False
rs12158565,43,215,-0.155577,0.000561657,False
rs12158565,43,216,-0.148015,0.00104994,False
rs12158565,43,217,-0.145248,0.00132778,False
rs12158565,43,218,-0.150314,0.000914651,False
rs12158565,43,219,-0.151833,0.000830206,False
rs12158565,43,220,-0.152678,0.000798337,False
rs12158565,43,221,-0.161214,0.000417153,False
rs12158565,43,222,-0.161183,0.000438239,False
rs12158565,43,223,-0.166256,0.000300663,False
rs12158565,43,224,-0.157833,0.000632525,False
rs12158565,43,225,-0.163989,0.000409801,False
rs12158565,43,226,-0.172086,0.000221168,False
rs12158565,43,227,-0.166779,0.000369336,False
rs12158565,43,228,-0.173788,0.000225039,False
rs12158565,43,229,-0.172472,0.00027752,False
rs12158565,43,230,-0.181472,0.000142138,False
rs12158565,43,231,-0.168905,0.000438341,False
rs12158565,43,232,-0.16888,0.000491953,False
rs12158565,43,233,-0.173748,0.000376983,False
rs12158565,43,234,-0.167306,0.000676587,False
rs12158565,43,235,-0.180043,0.000292028,False
rs12158565,43,236,-0.179102,0.000348501,False
rs12158565,43,237,-0.186579,0.000227615,False
rs12158565,43,238,-0.191859,0.000177242,False
rs12158565,43,239,-0.185186,0.000342415,False
rs12158565,43,240,-0.171982,0.00098778,False
rs12158565,43,241,-0.177659,0.000766297,False
rs12158565,43,242,-0.168388,0.00163885,False
rs12158565,43,243,-0.167974,0.0019401,False
rs12158565,43,244,-0.173629,0.00155727,False
rs12158565,43,245,-0.175366,0.0016198,False
rs12158565,43,246,-0.19194,0.000673666,False
rs12158565,43,247,-0.176584,0.00209324,False
rs12158565,43,248,-0.175561,0.00266001,False
rs12158565,43,249,-0.191097,0.00130329,False
rs12158565,43,250,-0.199868,0.000965847,False
rs12158565,43,251,-0.209477,0.000679223,False
rs12158565,44,6,-0.0738041,0.0394378,False
rs12158565,44,7,-0.0756113,0.033591,False
rs12158565,44,8,-0.0849918,0.0160626,False
rs12158565,44,9,-0.0813976,0.0203046,False
rs12158565,44,10,-0.0801883,0.0214181,False
rs12158565,44,11,-0.0857425,0.0132835,False
rs12158565,44,12,-0.0865422,0.0119483,False
rs12158565,44,13,-0.0762962,0.026164,False
rs12158565,44,14,-0.0696882,0.0419051,False
rs12158565,44,15,-0.0798212,0.0194573,False
rs12158565,44,16,-0.0644903,0.0586983,False
rs12158565,44,17,-0.067184,0.0485478,False
rs12158565,44,18,-0.0628682,0.0656374,False
rs12158565,44,19,-0.0585682,0.0853627,False
rs12158565,44,20,-0.0592376,0.082876,False
rs12158565,44,21,-0.0627772,0.0663034,False
rs12158565,44,22,-0.0647043,0.0585321,False
rs12158565,44,23,-0.0701084,0.0411456,False
rs12158565,44,24,-0.0545139,0.112962,False
rs12158565,44,25,-0.074581,0.0306672,False
rs12158565,44,26,-0.067448,0.0510844,False
rs12158565,44,27,-0.0597086,0.084876,False
rs12158565,44,28,-0.0650647,0.0610106,False
rs12158565,44,29,-0.0726809,0.0374269,False
rs12158565,44,30,-0.0526699,0.131828,False
rs12158565,44,31,-0.0627005,0.0739079,False
rs12158565,44,32,-0.0690564,0.0500249,False
rs12158565,44,33,-0.0603045,0.0878642,False
rs12158565,44,34,-0.0516755,0.144047,False
rs12158565,44,35,-0.0632955,0.075607,False
rs12158565,44,36,-0.0496115,0.164891,False
rs12158565,44,37,-0.0722355,0.0441594,False
rs12158565,44,38,-0.0567081,0.115738,False
rs12158565,44,39,-0.0624039,0.0846763,False
rs12158565,44,40,-0.0657578,0.0701515,False
rs12158565,44,41,-0.0634583,0.0816374,False
rs12158565,44,42,-0.0500303,0.171336,False
rs12158565,44,43,-0.0599017,0.103418,False
rs12158565,44,44,-0.0630639,0.0883483,False
rs12158565,44,45,-0.0734919,0.0476458,False
rs12158565,44,46,-0.0614116,0.0996437,False
rs12158565,44,47,-0.079436,0.0340576,False
rs12158565,44,48,-0.0638697,0.0894395,False
rs12158565,44,49,-0.0739621,0.0507654,False
rs12158565,44,50,-0.0668337,0.078187,False
rs12158565,44,51,-0.0647916,0.0897112,False
rs12158565,44,52,-0.075003,0.0502532,False
rs12158565,44,53,-0.0711252,0.064861,False
rs12158565,44,54,-0.0817995,0.0342134,False
rs12158565,44,55,-0.0764855,0.0485569,False
rs12158565,44,56,-0.0794276,0.041606,False
rs12158565,44,57,-0.0687446,0.0789614,False
rs12158565,44,58,-0.0628633,0.109476,False
rs12158565,44,59,-0.0649844,0.0992827,False
rs12158565,44,60,-0.0619983,0.117126,False
rs12158565,44,61,-0.0861246,0.0301772,False
rs12158565,44,62,-0.0732813,0.0658245,False
rs12158565,44,63,-0.0741759,0.0638732,False
rs12158565,44,64,-0.0681362,0.0900422,False
rs12158565,44,65,-0.078399,0.051853,False
rs12158565,44,66,-0.0659135,0.103576,False
rs12158565,44,67,-0.0610718,0.132916,False
rs12158565,44,68,-0.0737206,0.0708432,False
rs12158565,44,69,-0.0624582,0.127958,False
rs12158565,44,70,-0.0517379,0.208839,False
rs12158565,44,71,-0.0632302,0.125225,False
rs12158565,44,72,-0.0593013,0.151786,False
rs12158565,44,73,-0.0574668,0.166124,False
rs12158565,44,74,-0.0598566,0.150522,False
rs12158565,44,75,-0.0628948,0.13201,False
rs12158565,44,76,-0.0634286,0.129787,False
rs12158565,44,77,-0.0736698,0.0791119,False
rs12158565,44,78,-0.0665184,0.113808,False
rs12158565,44,79,-0.067554,0.109131,False
rs12158565,44,80,-0.0739571,0.0799805,False
rs12158565,44,81,-0.060745,0.151131,False
rs12158565,44,82,-0.0507724,0.230949,False
rs12158565,44,83,-0.0515009,0.225561,False
rs12158565,44,84,-0.0582075,0.170935,False
rs12158565,44,85,-0.0564992,0.183767,False
rs12158565,44,86,-0.0629397,0.139526,False
rs12158565,44,87,-0.066857,0.117143,False
rs12158565,44,88,-0.0599089,0.160063,False
rs12158565,44,89,-0.0621682,0.145044,False
rs12158565,44,90,-0.061874,0.147113,False
rs12158565,44,91,-0.0607155,0.155285,False
rs12158565,44,92,-0.0558431,0.191358,False
rs12158565,44,93,-0.0697279,0.10277,False
rs12158565,44,94,-0.0678101,0.112559,False
rs12158565,44,95,-0.0578245,0.175702,False
rs12158565,44,96,-0.0614928,0.149393,False
rs12158565,44,97,-0.0658758,0.122899,False
rs12158565,44,98,-0.0801254,0.0606274,False
rs12158565,44,99,-0.0791383,0.0637602,False
rs12158565,44,100,-0.0752995,0.0777194,False
rs12158565,44,101,-0.0576769,0.176619,False
rs12158565,44,102,-0.0642181,0.132326,False
rs12158565,44,103,-0.0738485,0.0834222,False
rs12158565,44,104,-0.0606283,0.155783,False
rs12158565,44,105,-0.0607901,0.15496,False
rs12158565,44,106,-0.0638224,0.135693,False
rs12158565,44,107,-0.0558184,0.191189,False
rs12158565,44,108,-0.0584487,0.171606,False
rs12158565,44,109,-0.0679628,0.112278,False
rs12158565,44,110,-0.0515616,0.228841,False
rs12158565,44,111,-0.0473725,0.268806,False
rs12158565,44,112,-0.0525221,0.221177,False
rs12158565,44,113,-0.0651295,0.129536,False
rs12158565,44,114,-0.0612283,0.154854,False
rs12158565,44,115,-0.0584767,0.174848,False
rs12158565,44,116,-0.0557395,0.196842,False
rs12158565,44,117,-0.062095,0.151557,False
rs12158565,44,118,-0.0516962,0.232818,False
rs12158565,44,119,-0.0462369,0.286686,False
rs12158565,44,120,-0.044548,0.305685,False
rs12158565,44,121,-0.0435786,0.317002,False
rs12158565,44,122,-0.0470912,0.280515,False
rs12158565,44,123,-0.0476907,0.275342,False
rs12158565,44,124,-0.0406705,0.353243,False
rs12158565,44,125,-0.0456614,0.297923,False
rs12158565,44,126,-0.0369237,0.400394,False
rs12158565,44,127,-0.0292789,0.505581,False
rs12158565,44,128,-0.0318817,0.469056,False
rs12158565,44,129,-0.0393964,0.370779,False
rs12158565,44,130,-0.0469697,0.286768,False
rs12158565,44,131,-0.0396897,0.367615,False
rs12158565,44,132,-0.0445873,0.311273,False
rs12158565,44,133,-0.0489468,0.265853,False
rs12158565,44,134,-0.046992,0.284919,False
rs12158565,44,135,-0.0559721,0.203671,False
rs12158565,44,136,-0.0520573,0.237055,False
rs12158565,44,137,-0.05064,0.249146,False
rs12158565,44,138,-0.057128,0.193954,False
rs12158565,44,139,-0.064357,0.143358,False
rs12158565,44,140,-0.0645124,0.141757,False
rs12158565,44,141,-0.0686587,0.11826,False
rs12158565,44,142,-0.0679223,0.12198,False
rs12158565,44,143,-0.074758,0.0885595,False
rs12158565,44,144,-0.0806258,0.0665144,False
rs12158565,44,145,-0.0806744,0.065902,False
rs12158565,44,146,-0.0888121,0.0430328,False
rs12158565,44,147,-0.0859908,0.0499102,False
rs12158565,44,148,-0.0814876,0.0636305,False
rs12158565,44,149,-0.0763466,0.0820441,False
rs12158565,44,150,-0.089957,0.0407287,False
rs12158565,44,151,-0.105605,0.0164334,False
rs12158565,44,152,-0.118955,0.0069849,False
rs12158565,44,153,-0.117187,0.00793585,False
rs12158565,44,154,-0.112349,0.0110621,False
rs12158565,44,155,-0.113564,0.0103219,False
rs12158565,44,156,-0.112862,0.0108327,False
rs12158565,44,157,-0.117702,0.00803146,False
rs12158565,44,158,-0.114075,0.0103206,False
rs12158565,44,159,-0.123502,0.00559186,False
rs12158565,44,160,-0.122455,0.00612599,False
rs12158565,44,161,-0.123937,0.00560223,False
rs12158565,44,162,-0.128756,0.0040801,False
rs12158565,44,163,-0.119412,0.00782956,False
rs12158565,44,164,-0.122133,0.00664333,False
rs12158565,44,165,-0.128122,0.00448089,False
rs12158565,44,166,-0.130543,0.00377892,False
rs12158565,44,167,-0.135313,0.00274112,False
rs12158565,44,168,-0.132766,0.00334881,False
rs12158565,44,169,-0.131339,0.00378797,False
rs12158565,44,170,-0.129113,0.00446384,False
rs12158565,44,171,-0.136951,0.00258493,False
rs12158565,44,172,-0.122953,0.00692283,False
rs12158565,44,173,-0.123749,0.00665009,False
rs12158565,44,174,-0.12759,0.00519496,False
rs12158565,44,175,-0.143354,0.00170631,False
rs12158565,44,176,-0.136489,0.00284557,False
rs12158565,44,177,-0.145635,0.00147172,False
rs12158565,44,178,-0.155389,0.000704956,False
rs12158565,44,179,-0.144431,0.00162009,False
rs12158565,44,180,-0.146393,0.00139593,False
rs12158565,44,181,-0.14792,0.00126227,False
rs12158565,44,182,-0.138648,0.00251737,False
rs12158565,44,183,-0.137283,0.00277073,False
rs12158565,44,184,-0.134666,0.00334764,False
rs12158565,44,185,-0.138608,0.00249824,False
rs12158565,44,186,-0.137948,0.00257422,False
rs12158565,44,187,-0.140389,0.00215866,False
rs12158565,44,188,-0.137282,0.00268554,False
rs12158565,44,189,-0.136883,0.00278164,False
rs12158565,44,190,-0.138982,0.00235062,False
rs12158565,44,191,-0.135955,0.00290781,False
rs12158565,44,192,-0.143287,0.0016693,False
rs12158565,44,193,-0.145227,0.00144526,False
rs12158565,44,194,-0.145902,0.00134841,False
rs12158565,44,195,-0.154659,0.000678464,False
rs12158565,44,196,-0.138303,0.00232727,False
rs12158565,44,197,-0.147512,0.00116092,False
rs12158565,44,198,-0.151248,0.000868836,False
rs12158565,44,199,-0.151544,0.000839593,False
rs12158565,44,200,-0.143461,0.00155578,False
rs12158565,44,201,-0.157602,0.000504875,False
rs12158565,44,202,-0.15198,0.000787982,False
rs12158565,44,203,-0.145528,0.00130605,False
rs12158565,44,204,-0.156781,0.000523722,False
rs12158565,44,205,-0.148825,0.000978311,False
rs12158565,44,206,-0.148161,0.00102247,False
rs12158565,44,207,-0.162012,0.000328978,False
rs12158565,44,208,-0.160466,0.000375024,False
rs12158565,44,209,-0.155555,0.000563539,False
rs12158565,44,210,-0.151656,0.000768232,False
rs12158565,44,211,-0.15622,0.000523102,False
rs12158565,44,212,-0.156456,0.000527066,False
rs12158565,44,213,-0.156034,0.000554264,False
rs12158565,44,214,-0.148466,0.0010116,False
rs12158565,44,215,-0.147294,0.00113959,False
rs12158565,44,216,-0.141142,0.00181923,False
rs12158565,44,217,-0.150503,0.000905674,False
rs12158565,44,218,-0.157904,0.000503074,False
rs12158565,44,219,-0.157417,0.00053236,False
rs12158565,44,220,-0.16526,0.000286774,False
rs12158565,44,221,-0.168878,0.000221325,False
rs12158565,44,222,-0.16231,0.000402453,False
rs12158565,44,223,-0.165122,0.000320667,False
rs12158565,44,224,-0.173117,0.000171745,False
rs12158565,44,225,-0.168762,0.000273699,False
rs12158565,44,226,-0.173936,0.000187335,False
rs12158565,44,227,-0.17931,0.000125145,False
rs12158565,44,228,-0.181867,0.000108719,False
rs12158565,44,229,-0.179735,0.000143401,False
rs12158565,44,230,-0.167812,0.000413598,False
rs12158565,44,231,-0.177629,0.000201208,False
rs12158565,44,232,-0.171675,0.000362897,False
rs12158565,44,233,-0.17657,0.000272843,False
rs12158565,44,234,-0.173384,0.000391338,False
rs12158565,44,235,-0.175553,0.000370354,False
rs12158565,44,236,-0.174897,0.00043902,False
rs12158565,44,237,-0.174742,0.000494967,False
rs12158565,44,238,-0.186034,0.000238506,False
rs12158565,44,239,-0.191481,0.000183131,False
rs12158565,44,240,-0.184893,0.000347123,False
rs12158565,44,241,-0.188833,0.000304592,False
rs12158565,44,242,-0.181087,0.000621541,False
rs12158565,44,243,-0.191021,0.000362969,False
rs12158565,44,244,-0.19027,0.000458334,False
rs12158565,44,245,-0.189496,0.000573415,False
rs12158565,44,246,-0.199711,0.000351254,False
rs12158565,44,247,-0.190814,0.000778967,False
rs12158565,44,248,-0.1867,0.00123771,False
rs12158565,44,249,-0.197371,0.000806202,False
rs12158565,44,250,-0.200058,0.00084844,False
rs12158565,44,251,-0.198684,0.00113547,False
rs12158565,45,6,-0.0737131,0.0392682,False
rs12158565,45,7,-0.0701658,0.0483709,False
rs12158565,45,8,-0.0719641,0.0411173,False
rs12158565,45,9,-0.0760825,0.0299388,False
rs12158565,45,10,-0.0790092,0.0231042,False
rs12158565,45,11,-0.0671359,0.0515971,False
rs12158565,45,12,-0.0694082,0.0435716,False
rs12158565,45,13,-0.0752557,0.0280282,False
rs12158565,45,14,-0.0704524,0.0396077,False
rs12158565,45,15,-0.0613774,0.072631,False
rs12158565,45,16,-0.0660354,0.0533298,False
rs12158565,45,17,-0.0642495,0.060144,False
rs12158565,45,18,-0.0502145,0.141599,False
rs12158565,45,19,-0.05392,0.114957,False
rs12158565,45,20,-0.0792498,0.0204609,False
rs12158565,45,21,-0.0627314,0.0674612,False
rs12158565,45,22,-0.0671803,0.0506104,False
rs12158565,45,23,-0.0701816,0.0417766,False
rs12158565,45,24,-0.0682801,0.0482491,False
rs12158565,45,25,-0.0677161,0.0508577,False
rs12158565,45,26,-0.0723276,0.0373404,False
rs12158565,45,27,-0.066823,0.0551311,False
rs12158565,45,28,-0.0591866,0.0903373,False
rs12158565,45,29,-0.0680906,0.0522779,False
rs12158565,45,30,-0.0529224,0.132244,False
rs12158565,45,31,-0.0520962,0.140377,False
rs12158565,45,32,-0.0531564,0.133699,False
rs12158565,45,33,-0.0551751,0.120978,False
rs12158565,45,34,-0.0512809,0.150564,False
rs12158565,45,35,-0.055562,0.120707,False
rs12158565,45,36,-0.0578057,0.107822,False
rs12158565,45,37,-0.0624731,0.0833833,False
rs12158565,45,38,-0.0591646,0.10315,False
rs12158565,45,39,-0.0532353,0.143522,False
rs12158565,45,40,-0.0411442,0.26039,False
rs12158565,45,41,-0.0470182,0.20075,False
rs12158565,45,42,-0.0550884,0.135484,False
rs12158565,45,43,-0.0543303,0.142191,False
rs12158565,45,44,-0.0483891,0.193945,False
rs12158565,45,45,-0.0507531,0.174077,False
rs12158565,45,46,-0.0503228,0.180226,False
rs12158565,45,47,-0.0577789,0.125346,False
rs12158565,45,48,-0.0523112,0.166663,False
rs12158565,45,49,-0.0380948,0.316565,False
rs12158565,45,50,-0.052817,0.166652,False
rs12158565,45,51,-0.0520012,0.175494,False
rs12158565,45,52,-0.0582425,0.130229,False
rs12158565,45,53,-0.0606086,0.116792,False
rs12158565,45,54,-0.0593426,0.125949,False
rs12158565,45,55,-0.0550138,0.158512,False
rs12158565,45,56,-0.0626409,0.109557,False
rs12158565,45,57,-0.0596782,0.128819,False
rs12158565,45,58,-0.0644289,0.10267,False
rs12158565,45,59,-0.0577442,0.144881,False
rs12158565,45,60,-0.0596519,0.133498,False
rs12158565,45,61,-0.0612889,0.124924,False
rs12158565,45,62,-0.0602524,0.133063,False
rs12158565,45,63,-0.0624125,0.120816,False
rs12158565,45,64,-0.068605,0.0894761,False
rs12158565,45,65,-0.0758824,0.0612438,False
rs12158565,45,66,-0.0708088,0.081763,False
rs12158565,45,67,-0.0634018,0.1204,False
rs12158565,45,68,-0.0604279,0.140525,False
rs12158565,45,69,-0.0618778,0.131995,False
rs12158565,45,70,-0.0672999,0.102348,False
rs12158565,45,71,-0.0702263,0.0894362,False
rs12158565,45,72,-0.0677632,0.10256,False
rs12158565,45,73,-0.0666426,0.109283,False
rs12158565,45,74,-0.0579537,0.165208,False
rs12158565,45,75,-0.0594868,0.155022,False
rs12158565,45,76,-0.0518212,0.216211,False
rs12158565,45,77,-0.0592315,0.158736,False
rs12158565,45,78,-0.0454536,0.280735,False
rs12158565,45,79,-0.0552588,0.190428,False
rs12158565,45,80,-0.0551377,0.192405,False
rs12158565,45,81,-0.0665291,0.115768,False
rs12158565,45,82,-0.0606964,0.152036,False
rs12158565,45,83,-0.0642342,0.129219,False
rs12158565,45,84,-0.0629205,0.13774,False
rs12158565,45,85,-0.0570335,0.179022,False
rs12158565,45,86,-0.055615,0.189847,False
rs12158565,45,87,-0.0612553,0.149751,False
rs12158565,45,88,-0.0629255,0.139127,False
rs12158565,45,89,-0.0583717,0.169109,False
rs12158565,45,90,-0.0525925,0.215432,False
rs12158565,45,91,-0.0441208,0.298989,False
rs12158565,45,92,-0.0584467,0.168752,False
rs12158565,45,93,-0.0518548,0.221388,False
rs12158565,45,94,-0.0518141,0.222439,False
rs12158565,45,95,-0.0623836,0.141472,False
rs12158565,45,96,-0.0516913,0.222989,False
rs12158565,45,97,-0.0595402,0.160741,False
rs12158565,45,98,-0.0540961,0.202139,False
rs12158565,45,99,-0.0448425,0.290011,False
rs12158565,45,100,-0.0418397,0.323278,False
rs12158565,45,101,-0.0451669,0.286161,False
rs12158565,45,102,-0.0502292,0.235246,False
rs12158565,45,103,-0.0524146,0.216203,False
rs12158565,45,104,-0.0468124,0.269898,False
rs12158565,45,105,-0.0374783,0.376598,False
rs12158565,45,106,-0.0464946,0.272979,False
rs12158565,45,107,-0.0353683,0.404483,False
rs12158565,45,108,-0.0445586,0.294492,False
rs12158565,45,109,-0.0554111,0.192919,False
rs12158565,45,110,-0.0490741,0.249428,False
rs12158565,45,111,-0.0382914,0.36931,False
rs12158565,45,112,-0.041087,0.336237,False
rs12158565,45,113,-0.0444643,0.298724,False
rs12158565,45,114,-0.0308355,0.472312,False
rs12158565,45,115,-0.0168599,0.695009,False
rs12158565,45,116,-0.0328542,0.44662,False
rs12158565,45,117,-0.0464276,0.281965,False
rs12158565,45,118,-0.0425147,0.326144,False
rs12158565,45,119,-0.0324942,0.454151,False
rs12158565,45,120,-0.0334523,0.4426,False
rs12158565,45,121,-0.032513,0.456023,False
rs12158565,45,122,-0.0355248,0.416283,False
rs12158565,45,123,-0.041516,0.342724,False
rs12158565,45,124,-0.0448465,0.306472,False
rs12158565,45,125,-0.0432156,0.325279,False
rs12158565,45,126,-0.0434679,0.322941,False
rs12158565,45,127,-0.0450513,0.306377,False
rs12158565,45,128,-0.0526257,0.232173,False
rs12158565,45,129,-0.0425925,0.334178,False
rs12158565,45,130,-0.0424559,0.335724,False
rs12158565,45,131,-0.0331085,0.453216,False
rs12158565,45,132,-0.03826,0.385942,False
rs12158565,45,133,-0.0510286,0.246667,False
rs12158565,45,134,-0.04119,0.349911,False
rs12158565,45,135,-0.0560629,0.203404,False
rs12158565,45,136,-0.0527579,0.230541,False
rs12158565,45,137,-0.0548145,0.212405,False
rs12158565,45,138,-0.0539363,0.219345,False
rs12158565,45,139,-0.0585085,0.18204,False
rs12158565,45,140,-0.07477,0.0881278,False
rs12158565,45,141,-0.0889777,0.0422363,False
rs12158565,45,142,-0.0881567,0.0439689,False
rs12158565,45,143,-0.0843458,0.0538855,False
rs12158565,45,144,-0.0847757,0.0524734,False
rs12158565,45,145,-0.0932526,0.0328431,False
rs12158565,45,146,-0.0870523,0.0463058,False
rs12158565,45,147,-0.0912308,0.0367588,False
rs12158565,45,148,-0.0873098,0.0455511,False
rs12158565,45,149,-0.0965184,0.0271852,False
rs12158565,45,150,-0.0911216,0.0370271,False
rs12158565,45,151,-0.101144,0.0206544,False
rs12158565,45,152,-0.098774,0.0240124,False
rs12158565,45,153,-0.109399,0.0124875,False
rs12158565,45,154,-0.119254,0.00655249,False
rs12158565,45,155,-0.114443,0.00922977,False
rs12158565,45,156,-0.113704,0.00970055,False
rs12158565,45,157,-0.112201,0.0108726,False
rs12158565,45,158,-0.113678,0.00992608,False
rs12158565,45,159,-0.107826,0.0146744,False
rs12158565,45,160,-0.11535,0.00917471,False
rs12158565,45,161,-0.121922,0.0059951,False
rs12158565,45,162,-0.120874,0.00649364,False
rs12158565,45,163,-0.115752,0.00925829,False
rs12158565,45,164,-0.11069,0.013034,False
rs12158565,45,165,-0.113059,0.0113741,False
rs12158565,45,166,-0.134985,0.00259496,False
rs12158565,45,167,-0.12046,0.00730591,False
rs12158565,45,168,-0.131779,0.00339217,False
rs12158565,45,169,-0.139276,0.00201159,False
rs12158565,45,170,-0.131904,0.00351935,False
rs12158565,45,171,-0.130295,0.00395802,False
rs12158565,45,172,-0.122997,0.00663879,False
rs12158565,45,173,-0.128321,0.00470476,False
rs12158565,45,174,-0.126448,0.0054311,False
rs12158565,45,175,-0.137565,0.00251494,False
rs12158565,45,176,-0.136554,0.00277659,False
rs12158565,45,177,-0.130096,0.0043908,False
rs12158565,45,178,-0.134474,0.00327716,False
rs12158565,45,179,-0.12702,0.00547728,False
rs12158565,45,180,-0.130372,0.0043902,False
rs12158565,45,181,-0.136838,0.00278436,False
rs12158565,45,182,-0.130361,0.00445139,False
rs12158565,45,183,-0.131315,0.00417786,False
rs12158565,45,184,-0.137602,0.002695,False
rs12158565,45,185,-0.126044,0.00594103,False
rs12158565,45,186,-0.134067,0.00347474,False
rs12158565,45,187,-0.128081,0.00517602,False
rs12158565,45,188,-0.124792,0.0064446,False
rs12158565,45,189,-0.137447,0.00268484,False
rs12158565,45,190,-0.128854,0.00482969,False
rs12158565,45,191,-0.137773,0.00257908,False
rs12158565,45,192,-0.134063,0.00332041,False
rs12158565,45,193,-0.13566,0.00294364,False
rs12158565,45,194,-0.137333,0.00261787,False
rs12158565,45,195,-0.133607,0.00338926,False
rs12158565,45,196,-0.13051,0.00417136,False
rs12158565,45,197,-0.133352,0.00338675,False
rs12158565,45,198,-0.146993,0.00124305,False
rs12158565,45,199,-0.129103,0.0045644,False
rs12158565,45,200,-0.134753,0.00304635,False
rs12158565,45,201,-0.132009,0.0036999,False
rs12158565,45,202,-0.134517,0.00307269,False
rs12158565,45,203,-0.135737,0.00278883,False
rs12158565,45,204,-0.139188,0.00216231,False
rs12158565,45,205,-0.145164,0.00136923,False
rs12158565,45,206,-0.143844,0.00151812,False
rs12158565,45,207,-0.164498,0.00028657,False
rs12158565,45,208,-0.163961,0.000296108,False
rs12158565,45,209,-0.145667,0.00130255,False
rs12158565,45,210,-0.140412,0.00191238,False
rs12158565,45,211,-0.139463,0.00206989,False
rs12158565,45,212,-0.144326,0.00145582,False
rs12158565,45,213,-0.147506,0.00113563,False
rs12158565,45,214,-0.15776,0.000505444,False
rs12158565,45,215,-0.14684,0.00123475,False
rs12158565,45,216,-0.142889,0.00166832,False
rs12158565,45,217,-0.153108,0.000763727,False
rs12158565,45,218,-0.159497,0.000460276,False
rs12158565,45,219,-0.142251,0.00180233,False
rs12158565,45,220,-0.158265,0.0005293,False
rs12158565,45,221,-0.170001,0.000203973,False
rs12158565,45,222,-0.162077,0.000412065,False
rs12158565,45,223,-0.170157,0.000220778,False
rs12158565,45,224,-0.156812,0.000689308,False
rs12158565,45,225,-0.156561,0.000735231,False
rs12158565,45,226,-0.172002,0.000216584,False
rs12158565,45,227,-0.167948,0.000326085,False
rs12158565,45,228,-0.173323,0.000222767,False
rs12158565,45,229,-0.164819,0.000489186,False
rs12158565,45,230,-0.163187,0.000589856,False
rs12158565,45,231,-0.166112,0.000499139,False
rs12158565,45,232,-0.174414,0.000290289,False
rs12158565,45,233,-0.181268,0.000182724,False
rs12158565,45,234,-0.179541,0.000231499,False
rs12158565,45,235,-0.174102,0.00039639,False
rs12158565,45,236,-0.175744,0.000389036,False
rs12158565,45,237,-0.183099,0.000247525,False
rs12158565,45,238,-0.177054,0.000444823,False
rs12158565,45,239,-0.165368,0.00117508,False
rs12158565,45,240,-0.164521,0.00139731,False
rs12158565,45,241,-0.183728,0.000412296,False
rs12158565,45,242,-0.186496,0.000386237,False
rs12158565,45,243,-0.181259,0.000648012,False
rs12158565,45,244,-0.172042,0.00139119,False
rs12158565,45,245,-0.197654,0.000293426,False
rs12158565,45,246,-0.196053,0.000405335,False
rs12158565,45,247,-0.190806,0.000702288,False
rs12158565,45,248,-0.185384,0.00120807,False
rs12158565,45,249,-0.193472,0.000906103,False
rs12158565,45,250,-0.18362,0.00199744,False
rs12158565,45,251,-0.186936,0.00199969,False
rs12158565,46,6,-0.066737,0.0613356,False
rs12158565,46,7,-0.0816941,0.0213081,False
rs12158565,46,8,-0.083253,0.0180548,False
rs12158565,46,9,-0.0735193,0.0358574,False
rs12158565,46,10,-0.0839153,0.0160178,False
rs12158565,46,11,-0.0816399,0.0182747,False
rs12158565,46,12,-0.0797943,0.0204121,False
rs12158565,46,13,-0.087355,0.0111573,False
rs12158565,46,14,-0.0722212,0.0350343,False
rs12158565,46,15,-0.0747821,0.0289973,False
rs12158565,46,16,-0.0610651,0.0741312,False
rs12158565,46,17,-0.0652348,0.0566769,False
rs12158565,46,18,-0.074384,0.0301151,False
rs12158565,46,19,-0.0648525,0.0587095,False
rs12158565,46,20,-0.0738055,0.0318773,False
rs12158565,46,21,-0.0631471,0.0668654,False
rs12158565,46,22,-0.0512994,0.138261,False
rs12158565,46,23,-0.0468827,0.176822,False
rs12158565,46,24,-0.0610873,0.0788747,False
rs12158565,46,25,-0.061278,0.0788049,False
rs12158565,46,26,-0.0533235,0.127271,False
rs12158565,46,27,-0.0600235,0.0875395,False
rs12158565,46,28,-0.0580999,0.0988572,False
rs12158565,46,29,-0.0567355,0.107275,False
rs12158565,46,30,-0.0608928,0.0856122,False
rs12158565,46,31,-0.0590297,0.0964934,False
rs12158565,46,32,-0.0622702,0.0802572,False
rs12158565,46,33,-0.0580675,0.104444,False
rs12158565,46,34,-0.0627315,0.0808176,False
rs12158565,46,35,-0.056101,0.119682,False
rs12158565,46,36,-0.0756601,0.0365983,False
rs12158565,46,37,-0.0616478,0.089801,False
rs12158565,46,38,-0.0680424,0.062298,False
rs12158565,46,39,-0.0652234,0.0750371,False
rs12158565,46,40,-0.0839366,0.0226011,False
rs12158565,46,41,-0.0712699,0.0540787,False
rs12158565,46,42,-0.0690426,0.0625967,False
rs12158565,46,43,-0.0599265,0.107371,False
rs12158565,46,44,-0.0596976,0.110527,False
rs12158565,46,45,-0.0580544,0.122462,False
rs12158565,46,46,-0.0603987,0.109318,False
rs12158565,46,47,-0.0544378,0.151072,False
rs12158565,46,48,-0.0646324,0.0897001,False
rs12158565,46,49,-0.0588984,0.124029,False
rs12158565,46,50,-0.0661033,0.0853473,False
rs12158565,46,51,-0.0631225,0.101725,False
rs12158565,46,52,-0.0519735,0.180087,False
rs12158565,46,53,-0.0637163,0.101724,False
rs12158565,46,54,-0.0603696,0.122992,False
rs12158565,46,55,-0.0755553,0.0541604,False
rs12158565,46,56,-0.0534696,0.174974,False
rs12158565,46,57,-0.0548689,0.165155,False
rs12158565,46,58,-0.0597936,0.132243,False
rs12158565,46,59,-0.059907,0.133648,False
rs12158565,46,60,-0.0700905,0.0801497,False
rs12158565,46,61,-0.0619659,0.122869,False
rs12158565,46,62,-0.0712837,0.0768833,False
rs12158565,46,63,-0.0634373,0.116967,False
rs12158565,46,64,-0.0727115,0.0732926,False
rs12158565,46,65,-0.0599795,0.141384,False
rs12158565,46,66,-0.0666311,0.103651,False
rs12158565,46,67,-0.0564186,0.168689,False
rs12158565,46,68,-0.0789294,0.0552542,False
rs12158565,46,69,-0.0569116,0.167309,False
rs12158565,46,70,-0.0563389,0.172806,False
rs12158565,46,71,-0.0534913,0.197305,False
rs12158565,46,72,-0.0724112,0.0821257,False
rs12158565,46,73,-0.0713044,0.0874999,False
rs12158565,46,74,-0.0614155,0.141572,False
rs12158565,46,75,-0.0517301,0.216867,False
rs12158565,46,76,-0.0599922,0.153175,False
rs12158565,46,77,-0.0644064,0.12604,False
rs12158565,46,78,-0.0567114,0.178205,False
rs12158565,46,79,-0.0655107,0.119799,False
rs12158565,46,80,-0.0569265,0.177451,False
rs12158565,46,81,-0.0621665,0.14165,False
rs12158565,46,82,-0.0550064,0.193725,False
rs12158565,46,83,-0.0523797,0.215656,False
rs12158565,46,84,-0.0522301,0.216847,False
rs12158565,46,85,-0.0556966,0.188301,False
rs12158565,46,86,-0.0536039,0.204929,False
rs12158565,46,87,-0.0604189,0.153115,False
rs12158565,46,88,-0.0523949,0.215577,False
rs12158565,46,89,-0.0512796,0.225061,False
rs12158565,46,90,-0.0478333,0.25793,False
rs12158565,46,91,-0.0462084,0.274368,False
rs12158565,46,92,-0.0510116,0.226233,False
rs12158565,46,93,-0.067263,0.110238,False
rs12158565,46,94,-0.0627457,0.136053,False
rs12158565,46,95,-0.057297,0.172864,False
rs12158565,46,96,-0.0493108,0.240765,False
rs12158565,46,97,-0.0468538,0.265358,False
rs12158565,46,98,-0.0551164,0.189996,False
rs12158565,46,99,-0.0531993,0.205057,False
rs12158565,46,100,-0.0520765,0.215137,False
rs12158565,46,101,-0.0456585,0.276862,False
rs12158565,46,102,-0.0426063,0.310106,False
rs12158565,46,103,-0.0447293,0.287254,False
rs12158565,46,104,-0.0425646,0.311697,False
rs12158565,46,105,-0.037962,0.366629,False
rs12158565,46,106,-0.0480277,0.254285,False
rs12158565,46,107,-0.0499097,0.237777,False
rs12158565,46,108,-0.0711257,0.0926742,False
rs12158565,46,109,-0.0658436,0.119926,False
rs12158565,46,110,-0.0497467,0.241507,False
rs12158565,46,111,-0.0543371,0.201971,False
rs12158565,46,112,-0.0478609,0.262682,False
rs12158565,46,113,-0.0486205,0.255983,False
rs12158565,46,114,-0.0431877,0.314303,False
rs12158565,46,115,-0.0478104,0.266313,False
rs12158565,46,116,-0.0470654,0.275647,False
rs12158565,46,117,-0.052043,0.229335,False
rs12158565,46,118,-0.0510979,0.239763,False
rs12158565,46,119,-0.0495003,0.255998,False
rs12158565,46,120,-0.0490764,0.262006,False
rs12158565,46,121,-0.0463201,0.291363,False
rs12158565,46,122,-0.0496293,0.260182,False
rs12158565,46,123,-0.0402405,0.362547,False
rs12158565,46,124,-0.0250576,0.571177,False
rs12158565,46,125,-0.0327764,0.459794,False
rs12158565,46,126,-0.0359989,0.417474,False
rs12158565,46,127,-0.0343874,0.438925,False
rs12158565,46,128,-0.0356595,0.422794,False
rs12158565,46,129,-0.043469,0.32886,False
rs12158565,46,130,-0.0352111,0.428905,False
rs12158565,46,131,-0.0502224,0.259207,False
rs12158565,46,132,-0.0590732,0.184608,False
rs12158565,46,133,-0.0503067,0.258473,False
rs12158565,46,134,-0.052577,0.237143,False
rs12158565,46,135,-0.0490943,0.268492,False
rs12158565,46,136,-0.0513514,0.24646,False
rs12158565,46,137,-0.0349455,0.429543,False
rs12158565,46,138,-0.0457424,0.300806,False
rs12158565,46,139,-0.0537139,0.222751,False
rs12158565,46,140,-0.0479815,0.275533,False
rs12158565,46,141,-0.0503264,0.252049,False
rs12158565,46,142,-0.0645162,0.141414,False
rs12158565,46,143,-0.0700308,0.109795,False
rs12158565,46,144,-0.0734684,0.092656,False
rs12158565,46,145,-0.0793944,0.0692367,False
rs12158565,46,146,-0.0773721,0.0760158,False
rs12158565,46,147,-0.078455,0.0716922,False
rs12158565,46,148,-0.0819656,0.0595673,False
rs12158565,46,149,-0.0778286,0.0735758,False
rs12158565,46,150,-0.0846331,0.0516992,False
rs12158565,46,151,-0.0771362,0.0762513,False
rs12158565,46,152,-0.076257,0.0799832,False
rs12158565,46,153,-0.0826338,0.0576793,False
rs12158565,46,154,-0.0836731,0.0545562,False
rs12158565,46,155,-0.0895103,0.0397642,False
rs12158565,46,156,-0.101702,0.0196997,False
rs12158565,46,157,-0.107558,0.0137154,False
rs12158565,46,158,-0.106289,0.0151291,False
rs12158565,46,159,-0.105862,0.0157534,False
rs12158565,46,160,-0.111929,0.0108325,False
rs12158565,46,161,-0.115954,0.00840241,False
rs12158565,46,162,-0.115642,0.00869219,False
rs12158565,46,163,-0.112787,0.0106961,False
rs12158565,46,164,-0.103604,0.0192203,False
rs12158565,46,165,-0.119301,0.00719962,False
rs12158565,46,166,-0.105701,0.0174952,False
rs12158565,46,167,-0.110874,0.0127911,False
rs12158565,46,168,-0.120824,0.00674637,False
rs12158565,46,169,-0.114752,0.010284,False
rs12158565,46,170,-0.108584,0.0155486,False
rs12158565,46,171,-0.120981,0.00714884,False
rs12158565,46,172,-0.120681,0.00738856,False
rs12158565,46,173,-0.131692,0.00352449,False
rs12158565,46,174,-0.128813,0.00444181,False
rs12158565,46,175,-0.132675,0.00340909,False
rs12158565,46,176,-0.127999,0.00480963,False
rs12158565,46,177,-0.132605,0.00353418,False
rs12158565,46,178,-0.129376,0.00443039,False
rs12158565,46,179,-0.1253,0.00592156,False
rs12158565,46,180,-0.133648,0.00340429,False
rs12158565,46,181,-0.148516,0.00114731,False
rs12158565,46,182,-0.149401,0.00106147,False
rs12158565,46,183,-0.145185,0.00148066,False
rs12158565,46,184,-0.144615,0.00156379,False
rs12158565,46,185,-0.131552,0.00403022,False
rs12158565,46,186,-0.133735,0.00343976,False
rs12158565,46,187,-0.136327,0.00284073,False
rs12158565,46,188,-0.142603,0.00182488,False
rs12158565,46,189,-0.155725,0.000652456,False
rs12158565,46,190,-0.158117,0.00052664,False
rs12158565,46,191,-0.149934,0.00103116,False
rs12158565,46,192,-0.154111,0.000729729,False
rs12158565,46,193,-0.157583,0.000549435,False
rs12158565,46,194,-0.163389,0.000329582,False
rs12158565,46,195,-0.165164,0.000286156,False
rs12158565,46,196,-0.15852,0.000491749,False
rs12158565,46,197,-0.1628,0.000345123,False
rs12158565,46,198,-0.164386,0.000305995,False
rs12158565,46,199,-0.164966,0.000286879,False
rs12158565,46,200,-0.164667,0.000293331,False
rs12158565,46,201,-0.171967,0.000151297,False
rs12158565,46,202,-0.170499,0.000175265,False
rs12158565,46,203,-0.161402,0.000381893,False
rs12158565,46,204,-0.175964,0.000104609,False
rs12158565,46,205,-0.169498,0.000185739,False
rs12158565,46,206,-0.158663,0.000469362,False
rs12158565,46,207,-0.15798,0.000490194,False
rs12158565,46,208,-0.165064,0.000264395,False
rs12158565,46,209,-0.164925,0.000274192,False
rs12158565,46,210,-0.167828,0.000212378,False
rs12158565,46,211,-0.153641,0.00070079,False
rs12158565,46,212,-0.157675,0.000501226,False
rs12158565,46,213,-0.167173,0.000222978,False
rs12158565,46,214,-0.164055,0.000290365,False
rs12158565,46,215,-0.15917,0.000446723,False
rs12158565,46,216,-0.154141,0.000672912,False
rs12158565,46,217,-0.166649,0.000239492,False
rs12158565,46,218,-0.159734,0.000439183,False
rs12158565,46,219,-0.176179,0.000109523,False
rs12158565,46,220,-0.171888,0.000163197,False
rs12158565,46,221,-0.179979,8.10735e-05,False
rs12158565,46,222,-0.171038,0.00019156,False
rs12158565,46,223,-0.171046,0.000197591,False
rs12158565,46,224,-0.182937,7.198e-05,False
rs12158565,46,225,-0.173412,0.000174919,False
rs12158565,46,226,-0.175784,0.000155583,False
rs12158565,46,227,-0.178602,0.000131526,False
rs12158565,46,228,-0.165393,0.000414109,False
rs12158565,46,229,-0.188759,6.00805e-05,False
rs12158565,46,230,-0.192104,4.96397e-05,False
rs12158565,46,231,-0.194809,4.24671e-05,False
rs12158565,46,232,-0.197388,3.81537e-05,False
rs12158565,46,233,-0.1879,9.81167e-05,False
rs12158565,46,234,-0.193473,6.74979e-05,False
rs12158565,46,235,-0.206933,2.339e-05,False
rs12158565,46,236,-0.21225,1.64161e-05,False
rs12158565,46,237,-0.204003,4.06104e-05,False
rs12158565,46,238,-0.199062,7.00526e-05,False
rs12158565,46,239,-0.207939,3.90759e-05,False
rs12158565,46,240,-0.194604,0.000136371,False
rs12158565,46,241,-0.210449,4.31036e-05,False
rs12158565,46,242,-0.221976,2.01895e-05,False
rs12158565,46,243,-0.206493,8.92359e-05,False
rs12158565,46,244,-0.204153,0.000129645,False
rs12158565,46,245,-0.215141,6.98506e-05,False
rs12158565,46,246,-0.204607,0.000192676,False
rs12158565,46,247,-0.204344,0.000248834,False
rs12158565,46,248,-0.215889,0.000139337,False
rs12158565,46,249,-0.215432,0.000193587,False
rs12158565,46,250,-0.212221,0.000309368,False
rs12158565,46,251,-0.205276,0.000614836,False
rs12158565,47,6,-0.0717117,0.045723,False
rs12158565,47,7,-0.0765858,0.0321469,False
rs12158565,47,8,-0.0816491,0.0216007,False
rs12158565,47,9,-0.0771815,0.0284948,False
rs12158565,47,10,-0.0654341,0.0616345,False
rs12158565,47,11,-0.0717217,0.0388145,False
rs12158565,47,12,-0.0697499,0.0434494,False
rs12158565,47,13,-0.0831134,0.0160554,False
rs12158565,47,14,-0.0724305,0.0351958,False
rs12158565,47,15,-0.0818578,0.017395,False
rs12158565,47,16,-0.0600417,0.0807893,False
rs12158565,47,17,-0.0604297,0.0793633,False
rs12158565,47,18,-0.0675323,0.0501083,False
rs12158565,47,19,-0.0615834,0.0745877,False
rs12158565,47,20,-0.0792778,0.0216022,False
rs12158565,47,21,-0.0609568,0.0784925,False
rs12158565,47,22,-0.0648319,0.0615635,False
rs12158565,47,23,-0.0629606,0.0703164,False
rs12158565,47,24,-0.0709093,0.0418665,False
rs12158565,47,25,-0.0620275,0.0761535,False
rs12158565,47,26,-0.0639224,0.0682139,False
rs12158565,47,27,-0.054329,0.12255,False
rs12158565,47,28,-0.0732732,0.0378767,False
rs12158565,47,29,-0.0586648,0.096968,False
rs12158565,47,30,-0.0593953,0.0941873,False
rs12158565,47,31,-0.0705261,0.0481567,False
rs12158565,47,32,-0.0632219,0.077191,False
rs12158565,47,33,-0.0635723,0.0767655,False
rs12158565,47,34,-0.0505719,0.160336,False
rs12158565,47,35,-0.0558893,0.12248,False
rs12158565,47,36,-0.0685779,0.0589882,False
rs12158565,47,37,-0.0577603,0.113358,False
rs12158565,47,38,-0.0542427,0.139025,False
rs12158565,47,39,-0.0586824,0.11074,False
rs12158565,47,40,-0.0645922,0.0803506,False
rs12158565,47,41,-0.0554166,0.135814,False
rs12158565,47,42,-0.0445501,0.232038,False
rs12158565,47,43,-0.0488119,0.192657,False
rs12158565,47,44,-0.045583,0.225335,False
rs12158565,47,45,-0.0569101,0.132323,False
rs12158565,47,46,-0.0525652,0.167047,False
rs12158565,47,47,-0.0528043,0.166799,False
rs12158565,47,48,-0.0515091,0.179318,False
rs12158565,47,49,-0.0653792,0.0895265,False
rs12158565,47,50,-0.0521582,0.177801,False
rs12158565,47,51,-0.0607012,0.118556,False
rs12158565,47,52,-0.0699578,0.0731385,False
rs12158565,47,53,-0.0701793,0.0733394,False
rs12158565,47,54,-0.0742768,0.059171,False
rs12158565,47,55,-0.0639994,0.105049,False
rs12158565,47,56,-0.0635317,0.108782,False
rs12158565,47,57,-0.0668493,0.0928055,False
rs12158565,47,58,-0.0563443,0.158902,False
rs12158565,47,59,-0.0556547,0.165636,False
rs12158565,47,60,-0.0631547,0.116611,False
rs12158565,47,61,-0.0626157,0.121074,False
rs12158565,47,62,-0.0630942,0.119191,False
rs12158565,47,63,-0.0731986,0.0715398,False
rs12158565,47,64,-0.0750753,0.0654717,False
rs12158565,47,65,-0.0655463,0.109013,False
rs12158565,47,66,-0.0676443,0.0991702,False
rs12158565,47,67,-0.0650792,0.113585,False
rs12158565,47,68,-0.0715884,0.0823167,False
rs12158565,47,69,-0.0521071,0.208187,False
rs12158565,47,70,-0.0649028,0.117401,False
rs12158565,47,71,-0.059536,0.152013,False
rs12158565,47,72,-0.0683737,0.10116,False
rs12158565,47,73,-0.071099,0.0883353,False
rs12158565,47,74,-0.0627081,0.133422,False
rs12158565,47,75,-0.0591517,0.15774,False
rs12158565,47,76,-0.0514327,0.220807,False
rs12158565,47,77,-0.0521992,0.213983,False
rs12158565,47,78,-0.0596037,0.15636,False
rs12158565,47,79,-0.068285,0.104629,False
rs12158565,47,80,-0.0552961,0.189845,False
rs12158565,47,81,-0.0513388,0.22382,False
rs12158565,47,82,-0.0542597,0.197403,False
rs12158565,47,83,-0.0515162,0.220959,False
rs12158565,47,84,-0.0418381,0.320335,False
rs12158565,47,85,-0.0444932,0.29075,False
rs12158565,47,86,-0.055657,0.186088,False
rs12158565,47,87,-0.0600744,0.153606,False
rs12158565,47,88,-0.0524616,0.212763,False
rs12158565,47,89,-0.0519031,0.217193,False
rs12158565,47,90,-0.0560099,0.182134,False
rs12158565,47,91,-0.0557565,0.183978,False
rs12158565,47,92,-0.0540107,0.198545,False
rs12158565,47,93,-0.0481864,0.250877,False
rs12158565,47,94,-0.0583194,0.164384,False
rs12158565,47,95,-0.0468801,0.263317,False
rs12158565,47,96,-0.0366593,0.381103,False
rs12158565,47,97,-0.0463877,0.267259,False
rs12158565,47,98,-0.0410905,0.325062,False
rs12158565,47,99,-0.0526711,0.206993,False
rs12158565,47,100,-0.0451821,0.279344,False
rs12158565,47,101,-0.0386777,0.354539,False
rs12158565,47,102,-0.0233698,0.575937,False
rs12158565,47,103,-0.0280859,0.501808,False
rs12158565,47,104,-0.0373044,0.372371,False
rs12158565,47,105,-0.0339137,0.418785,False
rs12158565,47,106,-0.0494427,0.239611,False
rs12158565,47,107,-0.0454623,0.280618,False
rs12158565,47,108,-0.0389124,0.356122,False
rs12158565,47,109,-0.0438105,0.300418,False
rs12158565,47,110,-0.046703,0.271235,False
rs12158565,47,111,-0.0334243,0.431563,False
rs12158565,47,112,-0.0265509,0.533947,False
rs12158565,47,113,-0.033279,0.437625,False
rs12158565,47,114,-0.033518,0.436963,False
rs12158565,47,115,-0.04241,0.326986,False
rs12158565,47,116,-0.0393387,0.364936,False
rs12158565,47,117,-0.0382219,0.380749,False
rs12158565,47,118,-0.0475355,0.277559,False
rs12158565,47,119,-0.0326446,0.458356,False
rs12158565,47,120,-0.0293026,0.507223,False
rs12158565,47,121,-0.032405,0.464902,False
rs12158565,47,122,-0.0288553,0.516908,False
rs12158565,47,123,-0.0320831,0.472767,False
rs12158565,47,124,-0.0356023,0.427241,False
rs12158565,47,125,-0.0373714,0.406038,False
rs12158565,47,126,-0.0441522,0.327315,False
rs12158565,47,127,-0.0378195,0.402132,False
rs12158565,47,128,-0.0356115,0.430534,False
rs12158565,47,129,-0.0399347,0.377309,False
rs12158565,47,130,-0.0405359,0.369862,False
rs12158565,47,131,-0.0467569,0.301556,False
rs12158565,47,132,-0.0288592,0.523963,False
rs12158565,47,133,-0.0441255,0.328763,False
rs12158565,47,134,-0.0394844,0.381354,False
rs12158565,47,135,-0.0386679,0.390934,False
rs12158565,47,136,-0.0483063,0.282054,False
rs12158565,47,137,-0.0469146,0.294707,False
rs12158565,47,138,-0.0461327,0.302469,False
rs12158565,47,139,-0.0432267,0.332113,False
rs12158565,47,140,-0.0378417,0.394233,False
rs12158565,47,141,-0.032825,0.458812,False
rs12158565,47,142,-0.0433528,0.326094,False
rs12158565,47,143,-0.0462418,0.294613,False
rs12158565,47,144,-0.0492848,0.263032,False
rs12158565,47,145,-0.0555201,0.205624,False
rs12158565,47,146,-0.0571578,0.191505,False
rs12158565,47,147,-0.0555875,0.202812,False
rs12158565,47,148,-0.0522753,0.230273,False
rs12158565,47,149,-0.0562789,0.196364,False
rs12158565,47,150,-0.0674911,0.1207,False
rs12158565,47,151,-0.0592148,0.172452,False
rs12158565,47,152,-0.0606963,0.162235,False
rs12158565,47,153,-0.066547,0.125224,False
rs12158565,47,154,-0.0806226,0.0632714,False
rs12158565,47,155,-0.0767871,0.0770172,False
rs12158565,47,156,-0.0736047,0.0904343,False
rs12158565,47,157,-0.0916656,0.0350555,False
rs12158565,47,158,-0.0858589,0.0485584,False
rs12158565,47,159,-0.103201,0.0180108,False
rs12158565,47,160,-0.0916443,0.0359316,False
rs12158565,47,161,-0.0912899,0.0370525,False
rs12158565,47,162,-0.0938127,0.0323335,False
rs12158565,47,163,-0.104067,0.0178408,False
rs12158565,47,164,-0.100611,0.0223611,False
rs12158565,47,165,-0.10152,0.0213867,False
rs12158565,47,166,-0.104173,0.0183113,False
rs12158565,47,167,-0.121015,0.00623254,False
rs12158565,47,168,-0.12138,0.00624037,False
rs12158565,47,169,-0.107421,0.0158258,False
rs12158565,47,170,-0.11824,0.00806929,False
rs12158565,47,171,-0.111403,0.0127186,False
rs12158565,47,172,-0.11905,0.00787338,False
rs12158565,47,173,-0.115427,0.0100776,False
rs12158565,47,174,-0.112551,0.0123497,False
rs12158565,47,175,-0.125324,0.00541694,False
rs12158565,47,176,-0.121231,0.00736646,False
rs12158565,47,177,-0.126803,0.00516006,False
rs12158565,47,178,-0.124698,0.00600729,False
rs12158565,47,179,-0.12479,0.0060066,False
rs12158565,47,180,-0.127838,0.00493057,False
rs12158565,47,181,-0.124969,0.00612606,False
rs12158565,47,182,-0.125371,0.00602718,False
rs12158565,47,183,-0.125458,0.00601647,False
rs12158565,47,184,-0.1245,0.00638775,False
rs12158565,47,185,-0.119708,0.00876818,False
rs12158565,47,186,-0.114822,0.011996,False
rs12158565,47,187,-0.131074,0.00415677,False
rs12158565,47,188,-0.151765,0.000911434,False
rs12158565,47,189,-0.142016,0.00192817,False
rs12158565,47,190,-0.148098,0.00119798,False
rs12158565,47,191,-0.151402,0.000923998,False
rs12158565,47,192,-0.146625,0.00133449,False
rs12158565,47,193,-0.146279,0.00136156,False
rs12158565,47,194,-0.146007,0.00138886,False
rs12158565,47,195,-0.139372,0.00226561,False
rs12158565,47,196,-0.137791,0.00253615,False
rs12158565,47,197,-0.145943,0.00139905,False
rs12158565,47,198,-0.161761,0.000399039,False
rs12158565,47,199,-0.15869,0.000513584,False
rs12158565,47,200,-0.157197,0.000574726,False
rs12158565,47,201,-0.164297,0.000311618,False
rs12158565,47,202,-0.155517,0.000638521,False
rs12158565,47,203,-0.156445,0.000593778,False
rs12158565,47,204,-0.156448,0.000593737,False
rs12158565,47,205,-0.159417,0.000466657,False
rs12158565,47,206,-0.14751,0.00118182,False
rs12158565,47,207,-0.152913,0.000765366,False
rs12158565,47,208,-0.159478,0.000453112,False
rs12158565,47,209,-0.154276,0.000696206,False
rs12158565,47,210,-0.146089,0.00130193,False
rs12158565,47,211,-0.155701,0.000616642,False
rs12158565,47,212,-0.172121,0.00015495,False
rs12158565,47,213,-0.154934,0.000650368,False
rs12158565,47,214,-0.153611,0.000722997,False
rs12158565,47,215,-0.163553,0.000323129,False
rs12158565,47,216,-0.154114,0.000704352,False
rs12158565,47,217,-0.161665,0.00038224,False
rs12158565,47,218,-0.157284,0.000551723,False
rs12158565,47,219,-0.161039,0.000418306,False
rs12158565,47,220,-0.160955,0.000428441,False
rs12158565,47,221,-0.159751,0.000481212,False
rs12158565,47,222,-0.163716,0.000358525,False
rs12158565,47,223,-0.156341,0.000669734,False
rs12158565,47,224,-0.163027,0.000412037,False
rs12158565,47,225,-0.163024,0.000429283,False
rs12158565,47,226,-0.184678,7.24708e-05,False
rs12158565,47,227,-0.184932,7.40716e-05,False
rs12158565,47,228,-0.189521,5.33839e-05,False
rs12158565,47,229,-0.193764,3.84077e-05,False
rs12158565,47,230,-0.180631,0.000136751,False
rs12158565,47,231,-0.175635,0.000224836,False
rs12158565,47,232,-0.186874,9.34695e-05,False
rs12158565,47,233,-0.179934,0.000186396,False
rs12158565,47,234,-0.170688,0.000423805,False
rs12158565,47,235,-0.175144,0.000323435,False
rs12158565,47,236,-0.184456,0.000172549,False
rs12158565,47,237,-0.17835,0.000311249,False
rs12158565,47,238,-0.188286,0.000158514,False
rs12158565,47,239,-0.185872,0.000217624,False
rs12158565,47,240,-0.185835,0.000246307,False
rs12158565,47,241,-0.176492,0.00055479,False
rs12158565,47,242,-0.179636,0.000507101,False
rs12158565,47,243,-0.17721,0.000696652,False
rs12158565,47,244,-0.178874,0.000719479,False
rs12158565,47,245,-0.175002,0.00108856,False
rs12158565,47,246,-0.168215,0.00198785,False
rs12158565,47,247,-0.168065,0.0023613,False
rs12158565,47,248,-0.178163,0.00152033,False
rs12158565,47,249,-0.174416,0.00228296,False
rs12158565,47,250,-0.165326,0.00457592,False
rs12158565,47,251,-0.176595,0.00296555,False
rs12158565,48,6,-0.0821036,0.0239109,False
rs12158565,48,7,-0.0864034,0.0168858,False
rs12158565,48,8,-0.0979516,0.00637331,False
rs12158565,48,9,-0.0899898,0.0112917,False
rs12158565,48,10,-0.0709543,0.044758,False
rs12158565,48,11,-0.0899726,0.010267,False
rs12158565,48,12,-0.0756717,0.0301046,False
rs12158565,48,13,-0.0693469,0.0461746,False
rs12158565,48,14,-0.0757646,0.0293574,False
rs12158565,48,15,-0.0818909,0.0183612,False
rs12158565,48,16,-0.071078,0.0400277,False
rs12158565,48,17,-0.0619527,0.0738439,False
rs12158565,48,18,-0.0751781,0.0301422,False
rs12158565,48,19,-0.0831265,0.0167866,False
rs12158565,48,20,-0.0848643,0.0147349,False
rs12158565,48,21,-0.0675729,0.0527234,False
rs12158565,48,22,-0.0783391,0.024881,False
rs12158565,48,23,-0.0799979,0.0226702,False
rs12158565,48,24,-0.0700459,0.0458764,False
rs12158565,48,25,-0.0703248,0.0460142,False
rs12158565,48,26,-0.0636942,0.0717979,False
rs12158565,48,27,-0.0694684,0.0498433,False
rs12158565,48,28,-0.0759946,0.032638,False
rs12158565,48,29,-0.0553842,0.120808,False
rs12158565,48,30,-0.0563422,0.114981,False
rs12158565,48,31,-0.0649815,0.0702629,False
rs12158565,48,32,-0.0612877,0.0891886,False
rs12158565,48,33,-0.063473,0.0790832,False
rs12158565,48,34,-0.0612528,0.0918674,False
rs12158565,48,35,-0.0647083,0.0755092,False
rs12158565,48,36,-0.0605646,0.0981152,False
rs12158565,48,37,-0.0581205,0.114093,False
rs12158565,48,38,-0.0657855,0.0752071,False
rs12158565,48,39,-0.0693227,0.0616633,False
rs12158565,48,40,-0.0561648,0.131488,False
rs12158565,48,41,-0.0624049,0.0955201,False
rs12158565,48,42,-0.0666643,0.0763442,False
rs12158565,48,43,-0.0620977,0.0997101,False
rs12158565,48,44,-0.0682627,0.0717451,False
rs12158565,48,45,-0.0560426,0.141799,False
rs12158565,48,46,-0.0489468,0.20176,False
rs12158565,48,47,-0.0595123,0.122299,False
rs12158565,48,48,-0.0631513,0.102402,False
rs12158565,48,49,-0.0575411,0.138327,False
rs12158565,48,50,-0.0671331,0.0851819,False
rs12158565,48,51,-0.0680258,0.0828743,False
rs12158565,48,52,-0.0580437,0.1405,False
rs12158565,48,53,-0.0549153,0.164574,False
rs12158565,48,54,-0.0672262,0.0897209,False
rs12158565,48,55,-0.0608878,0.126214,False
rs12158565,48,56,-0.0566861,0.155816,False
rs12158565,48,57,-0.0575312,0.151421,False
rs12158565,48,58,-0.0648322,0.107205,False
rs12158565,48,59,-0.0622543,0.122847,False
rs12158565,48,60,-0.0640823,0.11309,False
rs12158565,48,61,-0.0627204,0.122221,False
rs12158565,48,62,-0.0543234,0.182403,False
rs12158565,48,63,-0.0575741,0.158683,False
rs12158565,48,64,-0.0700616,0.0869678,False
rs12158565,48,65,-0.0711628,0.0825652,False
rs12158565,48,66,-0.0715469,0.0819554,False
rs12158565,48,67,-0.0551159,0.181133,False
rs12158565,48,68,-0.0492008,0.234083,False
rs12158565,48,69,-0.0451423,0.275892,False
rs12158565,48,70,-0.040198,0.332992,False
rs12158565,48,71,-0.0466238,0.262749,False
rs12158565,48,72,-0.0480831,0.249699,False
rs12158565,48,73,-0.0440645,0.291512,False
rs12158565,48,74,-0.0337622,0.419836,False
rs12158565,48,75,-0.0363682,0.385893,False
rs12158565,48,76,-0.0429968,0.305787,False
rs12158565,48,77,-0.0471973,0.261268,False
rs12158565,48,78,-0.0527738,0.209653,False
rs12158565,48,79,-0.049423,0.239595,False
rs12158565,48,80,-0.0448694,0.28683,False
rs12158565,48,81,-0.0551823,0.190094,False
rs12158565,48,82,-0.0548663,0.192588,False
rs12158565,48,83,-0.046595,0.267898,False
rs12158565,48,84,-0.0634548,0.130923,False
rs12158565,48,85,-0.0493919,0.239688,False
rs12158565,48,86,-0.0417264,0.320035,False
rs12158565,48,87,-0.0437249,0.297118,False
rs12158565,48,88,-0.0461015,0.271181,False
rs12158565,48,89,-0.0490156,0.242068,False
rs12158565,48,90,-0.04932,0.238099,False
rs12158565,48,91,-0.0374585,0.36963,False
rs12158565,48,92,-0.0384937,0.356574,False
rs12158565,48,93,-0.0399105,0.33821,False
rs12158565,48,94,-0.0311368,0.455464,False
rs12158565,48,95,-0.0346511,0.406437,False
rs12158565,48,96,-0.0334047,0.421871,False
rs12158565,48,97,-0.0361714,0.383953,False
rs12158565,48,98,-0.0383805,0.35611,False
rs12158565,48,99,-0.0325332,0.434349,False
rs12158565,48,100,-0.0459836,0.26958,False
rs12158565,48,101,-0.0393593,0.344919,False
rs12158565,48,102,-0.0453808,0.276682,False
rs12158565,48,103,-0.0304676,0.465999,False
rs12158565,48,104,-0.0264223,0.528326,False
rs12158565,48,105,-0.0318711,0.447743,False
rs12158565,48,106,-0.0270379,0.520222,False
rs12158565,48,107,-0.0254019,0.54705,False
rs12158565,48,108,-0.0345491,0.413963,False
rs12158565,48,109,-0.0349664,0.409948,False
rs12158565,48,110,-0.0354149,0.406427,False
rs12158565,48,111,-0.0378028,0.37758,False
rs12158565,48,112,-0.0348023,0.418701,False
rs12158565,48,113,-0.0395134,0.360873,False
rs12158565,48,114,-0.0346729,0.425382,False
rs12158565,48,115,-0.0356642,0.415189,False
rs12158565,48,116,-0.0341459,0.437906,False
rs12158565,48,117,-0.0347455,0.432075,False
rs12158565,48,118,-0.0374825,0.399319,False
rs12158565,48,119,-0.0328082,0.462499,False
rs12158565,48,120,-0.0356723,0.427323,False
rs12158565,48,121,-0.0439966,0.329858,False
rs12158565,48,122,-0.0393208,0.386646,False
rs12158565,48,123,-0.0333981,0.46402,False
rs12158565,48,124,-0.0292497,0.522604,False
rs12158565,48,125,-0.0255101,0.578457,False
rs12158565,48,126,-0.0272935,0.553632,False
rs12158565,48,127,-0.025728,0.576904,False
rs12158565,48,128,-0.0296273,0.521106,False
rs12158565,48,129,-0.0306314,0.50734,False
rs12158565,48,130,-0.0208509,0.651876,False
rs12158565,48,131,-0.0210338,0.649012,False
rs12158565,48,132,-0.0297836,0.518921,False
rs12158565,48,133,-0.0263851,0.567432,False
rs12158565,48,134,-0.0222665,0.628947,False
rs12158565,48,135,-0.0256016,0.57736,False
rs12158565,48,136,-0.0331409,0.46927,False
rs12158565,48,137,-0.0379983,0.405403,False
rs12158565,48,138,-0.0428887,0.345317,False
rs12158565,48,139,-0.0376588,0.406204,False
rs12158565,48,140,-0.0297869,0.509119,False
rs12158565,48,141,-0.0484502,0.280907,False
rs12158565,48,142,-0.0461644,0.301922,False
rs12158565,48,143,-0.0538818,0.227065,False
rs12158565,48,144,-0.0447843,0.313597,False
rs12158565,48,145,-0.0320171,0.469359,False
rs12158565,48,146,-0.0453664,0.303786,False
rs12158565,48,147,-0.0521634,0.235919,False
rs12158565,48,148,-0.0585112,0.181847,False
rs12158565,48,149,-0.0522945,0.231802,False
rs12158565,48,150,-0.0399059,0.360781,False
rs12158565,48,151,-0.0568409,0.192051,False
rs12158565,48,152,-0.0488069,0.262084,False
rs12158565,48,153,-0.0462869,0.287016,False
rs12158565,48,154,-0.0581018,0.181633,False
rs12158565,48,155,-0.0839234,0.053399,False
rs12158565,48,156,-0.079407,0.067333,False
rs12158565,48,157,-0.0810122,0.0617941,False
rs12158565,48,158,-0.0824663,0.0572129,False
rs12158565,48,159,-0.0872499,0.0444331,False
rs12158565,48,160,-0.0964689,0.026472,False
rs12158565,48,161,-0.0920006,0.0347424,False
rs12158565,48,162,-0.0950532,0.0293155,False
rs12158565,48,163,-0.101386,0.020561,False
rs12158565,48,164,-0.0995093,0.0232238,False
rs12158565,48,165,-0.102533,0.0196051,False
rs12158565,48,166,-0.106985,0.0150057,False
rs12158565,48,167,-0.118961,0.00695865,False
rs12158565,48,168,-0.0965479,0.02887,False
rs12158565,48,169,-0.113485,0.0104466,False
rs12158565,48,170,-0.134886,0.00241619,False
rs12158565,48,171,-0.120527,0.0067987,False
rs12158565,48,172,-0.122069,0.00623879,False
rs12158565,48,173,-0.127724,0.00433255,False
rs12158565,48,174,-0.12042,0.00724503,False
rs12158565,48,175,-0.123838,0.00593307,False
rs12158565,48,176,-0.124258,0.00576901,False
rs12158565,48,177,-0.116676,0.00970381,False
rs12158565,48,178,-0.117828,0.00921257,False
rs12158565,48,179,-0.120021,0.00809651,False
rs12158565,48,180,-0.123868,0.00642816,False
rs12158565,48,181,-0.13337,0.00334234,False
rs12158565,48,182,-0.133061,0.00343667,False
rs12158565,48,183,-0.1367,0.00268228,False
rs12158565,48,184,-0.132025,0.00375537,False
rs12158565,48,185,-0.126941,0.00543234,False
rs12158565,48,186,-0.146946,0.00129906,False
rs12158565,48,187,-0.146443,0.00133097,False
rs12158565,48,188,-0.154092,0.000746257,False
rs12158565,48,189,-0.156618,0.000609039,False
rs12158565,48,190,-0.155384,0.00068285,False
rs12158565,48,191,-0.152941,0.000812567,False
rs12158565,48,192,-0.162875,0.00036221,False
rs12158565,48,193,-0.157643,0.00055921,False
rs12158565,48,194,-0.148034,0.00119224,False
rs12158565,48,195,-0.147407,0.00124553,False
rs12158565,48,196,-0.156253,0.000618274,False
rs12158565,48,197,-0.1505,0.000992535,False
rs12158565,48,198,-0.151123,0.000948488,False
rs12158565,48,199,-0.144652,0.00154307,False
rs12158565,48,200,-0.141287,0.00198464,False
rs12158565,48,201,-0.155264,0.00068292,False
rs12158565,48,202,-0.15082,0.000953211,False
rs12158565,48,203,-0.146432,0.00131896,False
rs12158565,48,204,-0.139761,0.0021701,False
rs12158565,48,205,-0.142551,0.0017775,False
rs12158565,48,206,-0.159961,0.000451116,False
rs12158565,48,207,-0.150974,0.000930605,False
rs12158565,48,208,-0.141412,0.0019086,False
rs12158565,48,209,-0.143835,0.00156644,False
rs12158565,48,210,-0.144677,0.00148205,False
rs12158565,48,211,-0.153652,0.000733843,False
rs12158565,48,212,-0.153829,0.000716862,False
rs12158565,48,213,-0.164394,0.000295001,False
rs12158565,48,214,-0.16004,0.000435688,False
rs12158565,48,215,-0.164265,0.000306418,False
rs12158565,48,216,-0.167017,0.000244041,False
rs12158565,48,217,-0.167551,0.000237234,False
rs12158565,48,218,-0.167494,0.000240194,False
rs12158565,48,219,-0.167036,0.000257321,False
rs12158565,48,220,-0.156788,0.000613999,False
rs12158565,48,221,-0.167639,0.000256918,False
rs12158565,48,222,-0.165572,0.00031275,False
rs12158565,48,223,-0.165661,0.000320447,False
rs12158565,48,224,-0.166563,0.000313347,False
rs12158565,48,225,-0.17827,0.000122246,False
rs12158565,48,226,-0.168059,0.000305509,False
rs12158565,48,227,-0.158534,0.000677271,False
rs12158565,48,228,-0.170361,0.000276148,False
rs12158565,48,229,-0.156807,0.000865004,False
rs12158565,48,230,-0.157312,0.000875711,False
rs12158565,48,231,-0.150138,0.00158018,False
rs12158565,48,232,-0.152368,0.00142657,False
rs12158565,48,233,-0.155063,0.0012514,False
rs12158565,48,234,-0.151036,0.00177783,False
rs12158565,48,235,-0.150443,0.00196922,False
rs12158565,48,236,-0.164524,0.00078203,False
rs12158565,48,237,-0.169794,0.000567252,False
rs12158565,48,238,-0.159562,0.00128529,False
rs12158565,48,239,-0.162584,0.00113392,False
rs12158565,48,240,-0.172079,0.000634612,False
rs12158565,48,241,-0.174688,0.000583387,False
rs12158565,48,242,-0.175702,0.000615126,False
rs12158565,48,243,-0.180025,0.000508803,False
rs12158565,48,244,-0.184687,0.000426152,False
rs12158565,48,245,-0.200035,0.000165069,False
rs12158565,48,246,-0.189984,0.000419524,False
rs12158565,48,247,-0.199588,0.000264415,False
rs12158565,48,248,-0.202684,0.000269746,False
rs12158565,48,249,-0.206509,0.000267726,False
rs12158565,48,250,-0.197665,0.00062353,False
rs12158565,48,251,-0.207058,0.000435997,False
rs12158565,49,6,-0.050666,0.163962,False
rs12158565,49,7,-0.0457435,0.205906,False
rs12158565,49,8,-0.056007,0.118977,False
rs12158565,49,9,-0.0451671,0.205315,False
rs12158565,49,10,-0.0586881,0.0973332,False
rs12158565,49,11,-0.0610181,0.0823046,False
rs12158565,49,12,-0.0662215,0.0584668,False
rs12158565,49,13,-0.0653974,0.0607075,False
rs12158565,49,14,-0.0727439,0.0367937,False
rs12158565,49,15,-0.0583064,0.0936919,False
rs12158565,49,16,-0.0548631,0.114276,False
rs12158565,49,17,-0.0700924,0.0437784,False
rs12158565,49,18,-0.0667725,0.0545527,False
rs12158565,49,19,-0.0613085,0.0779497,False
rs12158565,49,20,-0.0648016,0.0630233,False
rs12158565,49,21,-0.061492,0.0783885,False
rs12158565,49,22,-0.0765694,0.0286203,False
rs12158565,49,23,-0.0709631,0.0432199,False
rs12158565,49,24,-0.0668377,0.0574928,False
rs12158565,49,25,-0.0645506,0.0673886,False
rs12158565,49,26,-0.0735074,0.0382944,False
rs12158565,49,27,-0.0775534,0.0291165,False
rs12158565,49,28,-0.074206,0.037465,False
rs12158565,49,29,-0.0798229,0.0260738,False
rs12158565,49,30,-0.0668792,0.0632007,False
rs12158565,49,31,-0.0705534,0.0507509,False
rs12158565,49,32,-0.0701814,0.052923,False
rs12158565,49,33,-0.064386,0.0769429,False
rs12158565,49,34,-0.0695919,0.0567432,False
rs12158565,49,35,-0.0687723,0.0609458,False
rs12158565,49,36,-0.0635343,0.0843511,False
rs12158565,49,37,-0.0540698,0.142749,False
rs12158565,49,38,-0.0656342,0.0767383,False
rs12158565,49,39,-0.0576557,0.122157,False
rs12158565,49,40,-0.0676364,0.070999,False
rs12158565,49,41,-0.0784396,0.0367499,False
rs12158565,49,42,-0.0673402,0.0744535,False
rs12158565,49,43,-0.0626447,0.0985871,False
rs12158565,49,44,-0.0786592,0.0392566,False
rs12158565,49,45,-0.0618653,0.106639,False
rs12158565,49,46,-0.0658755,0.0869712,False
rs12158565,49,47,-0.06437,0.096309,False
rs12158565,49,48,-0.0691116,0.075291,False
rs12158565,49,49,-0.0735131,0.0598515,False
rs12158565,49,50,-0.0612991,0.117476,False
rs12158565,49,51,-0.0580966,0.140589,False
rs12158565,49,52,-0.0495397,0.210092,False
rs12158565,49,53,-0.0612318,0.123628,False
rs12158565,49,54,-0.0613292,0.123926,False
rs12158565,49,55,-0.0530783,0.184215,False
rs12158565,49,56,-0.0623505,0.120081,False
rs12158565,49,57,-0.0528903,0.188609,False
rs12158565,49,58,-0.0546403,0.1758,False
rs12158565,49,59,-0.0613249,0.130249,False
rs12158565,49,60,-0.0554161,0.172302,False
rs12158565,49,61,-0.0503894,0.216202,False
rs12158565,49,62,-0.0450728,0.269785,False
rs12158565,49,63,-0.0506845,0.215484,False
rs12158565,49,64,-0.055654,0.175542,False
rs12158565,49,65,-0.0523849,0.202899,False
rs12158565,49,66,-0.0581659,0.158484,False
rs12158565,49,67,-0.045674,0.269524,False
rs12158565,49,68,-0.0353689,0.392999,False
rs12158565,49,69,-0.0422051,0.308636,False
rs12158565,49,70,-0.0563673,0.175905,False
rs12158565,49,71,-0.0489235,0.241528,False
rs12158565,49,72,-0.0405752,0.331824,False
rs12158565,49,73,-0.0493259,0.238586,False
rs12158565,49,74,-0.0339155,0.418309,False
rs12158565,49,75,-0.0399643,0.340588,False
rs12158565,49,76,-0.0362517,0.387789,False
rs12158565,49,77,-0.0374537,0.371684,False
rs12158565,49,78,-0.0458715,0.274408,False
rs12158565,49,79,-0.0581424,0.165962,False
rs12158565,49,80,-0.0518775,0.216363,False
rs12158565,49,81,-0.0513029,0.220778,False
rs12158565,49,82,-0.0473697,0.258932,False
rs12158565,49,83,-0.0345918,0.409016,False
rs12158565,49,84,-0.0476975,0.254672,False
rs12158565,49,85,-0.0349651,0.403234,False
rs12158565,49,86,-0.036216,0.385283,False
rs12158565,49,87,-0.0375281,0.367961,False
rs12158565,49,88,-0.0353992,0.395929,False
rs12158565,49,89,-0.0395251,0.34199,False
rs12158565,49,90,-0.0446358,0.283494,False
rs12158565,49,91,-0.0510426,0.219383,False
rs12158565,49,92,-0.0452738,0.275466,False
rs12158565,49,93,-0.0400658,0.333587,False
rs12158565,49,94,-0.0281831,0.496942,False
rs12158565,49,95,-0.0294452,0.47712,False
rs12158565,49,96,-0.0408623,0.323961,False
rs12158565,49,97,-0.0379051,0.360544,False
rs12158565,49,98,-0.0276159,0.50564,False
rs12158565,49,99,-0.025611,0.536887,False
rs12158565,49,100,-0.0338101,0.415478,False
rs12158565,49,101,-0.0418922,0.313372,False
rs12158565,49,102,-0.0322566,0.438445,False
rs12158565,49,103,-0.0319326,0.444143,False
rs12158565,49,104,-0.0399936,0.338911,False
rs12158565,49,105,-0.0366885,0.381999,False
rs12158565,49,106,-0.0312534,0.458122,False
rs12158565,49,107,-0.0320314,0.448716,False
rs12158565,49,108,-0.0413735,0.330526,False
rs12158565,49,109,-0.0397738,0.351104,False
rs12158565,49,110,-0.0422871,0.324323,False
rs12158565,49,111,-0.0361225,0.402845,False
rs12158565,49,112,-0.0382073,0.379576,False
rs12158565,49,113,-0.0402967,0.356578,False
rs12158565,49,114,-0.0286697,0.514823,False
rs12158565,49,115,-0.0344958,0.436312,False
rs12158565,49,116,-0.0390841,0.380931,False
rs12158565,49,117,-0.0313622,0.484955,False
rs12158565,49,118,-0.0401056,0.374776,False
rs12158565,49,119,-0.0398144,0.381415,False
rs12158565,49,120,-0.0428613,0.348958,False
rs12158565,49,121,-0.0367396,0.426634,False
rs12158565,49,122,-0.0455197,0.32757,False
rs12158565,49,123,-0.0421521,0.367562,False
rs12158565,49,124,-0.0252555,0.590298,False
rs12158565,49,125,-0.0360059,0.444146,False
rs12158565,49,126,-0.0409159,0.386096,False
rs12158565,49,127,-0.0295038,0.533128,False
rs12158565,49,128,-0.0342772,0.470003,False
rs12158565,49,129,-0.0313458,0.508913,False
rs12158565,49,130,-0.0470429,0.321917,False
rs12158565,49,131,-0.0500451,0.291433,False
rs12158565,49,132,-0.0437463,0.35525,False
rs12158565,49,133,-0.039596,0.402309,False
rs12158565,49,134,-0.0352327,0.455318,False
rs12158565,49,135,-0.0422585,0.368539,False
rs12158565,49,136,-0.0484551,0.300967,False
rs12158565,49,137,-0.0381168,0.413913,False
rs12158565,49,138,-0.0433211,0.349903,False
rs12158565,49,139,-0.0378948,0.412153,False
rs12158565,49,140,-0.0446866,0.331028,False
rs12158565,49,141,-0.0388487,0.396224,False
rs12158565,49,142,-0.0380703,0.403111,False
rs12158565,49,143,-0.0363786,0.422552,False
rs12158565,49,144,-0.0395744,0.379861,False
rs12158565,49,145,-0.0358972,0.423674,False
rs12158565,49,146,-0.0391001,0.381167,False
rs12158565,49,147,-0.0421707,0.342772,False
rs12158565,49,148,-0.0387856,0.381327,False
rs12158565,49,149,-0.0417603,0.343398,False
rs12158565,49,150,-0.0493537,0.261398,False
rs12158565,49,151,-0.0553685,0.206053,False
rs12158565,49,152,-0.0513511,0.23972,False
rs12158565,49,153,-0.0507067,0.244546,False
rs12158565,49,154,-0.0467225,0.283304,False
rs12158565,49,155,-0.0593959,0.171712,False
rs12158565,49,156,-0.072243,0.0962293,False
rs12158565,49,157,-0.0883354,0.0415987,False
rs12158565,49,158,-0.0953636,0.0277278,False
rs12158565,49,159,-0.103629,0.0170022,False
rs12158565,49,160,-0.0860485,0.047325,False
rs12158565,49,161,-0.0885932,0.041511,False
rs12158565,49,162,-0.0982271,0.0238731,False
rs12158565,49,163,-0.0847939,0.0518367,False
rs12158565,49,164,-0.0909202,0.0371765,False
rs12158565,49,165,-0.0897189,0.0400088,False
rs12158565,49,166,-0.106944,0.0145518,False
rs12158565,49,167,-0.102422,0.019473,False
rs12158565,49,168,-0.107356,0.0145598,False
rs12158565,49,169,-0.102308,0.0201533,False
rs12158565,49,170,-0.0996508,0.0241132,False
rs12158565,49,171,-0.112961,0.0107909,False
rs12158565,49,172,-0.108362,0.0147793,False
rs12158565,49,173,-0.101543,0.0225602,False
rs12158565,49,174,-0.108942,0.0147568,False
rs12158565,49,175,-0.111927,0.0125158,False
rs12158565,49,176,-0.11753,0.00883108,False
rs12158565,49,177,-0.108558,0.0158949,False
rs12158565,49,178,-0.111359,0.0134771,False
rs12158565,49,179,-0.122651,0.00663714,False
rs12158565,49,180,-0.134368,0.00295472,False
rs12158565,49,181,-0.134179,0.00302536,False
rs12158565,49,182,-0.129977,0.00415616,False
rs12158565,49,183,-0.12784,0.00484752,False
rs12158565,49,184,-0.13309,0.0034532,False
rs12158565,49,185,-0.145459,0.00141044,False
rs12158565,49,186,-0.144696,0.00151917,False
rs12158565,49,187,-0.142053,0.00182543,False
rs12158565,49,188,-0.146758,0.00128842,False
rs12158565,49,189,-0.135551,0.00295571,False
rs12158565,49,190,-0.132266,0.00374241,False
rs12158565,49,191,-0.140998,0.00202021,False
rs12158565,49,192,-0.145052,0.00150427,False
rs12158565,49,193,-0.150897,0.000967907,False
rs12158565,49,194,-0.149092,0.00109236,False
rs12158565,49,195,-0.144219,0.00158988,False
rs12158565,49,196,-0.136658,0.00277116,False
rs12158565,49,197,-0.151767,0.000904987,False
rs12158565,49,198,-0.134868,0.00317587,False
rs12158565,49,199,-0.13753,0.00262829,False
rs12158565,49,200,-0.142202,0.00185263,False
rs12158565,49,201,-0.146522,0.00133106,False
rs12158565,49,202,-0.154355,0.000741533,False
rs12158565,49,203,-0.157333,0.000585334,False
rs12158565,49,204,-0.164574,0.000316283,False
rs12158565,49,205,-0.165334,0.00030067,False
rs12158565,49,206,-0.146801,0.00130355,False
rs12158565,49,207,-0.15343,0.000786955,False
rs12158565,49,208,-0.141672,0.00191328,False
rs12158565,49,209,-0.148559,0.00113718,False
rs12158565,49,210,-0.146727,0.00128003,False
rs12158565,49,211,-0.143051,0.00169355,False
rs12158565,49,212,-0.15234,0.000820202,False
rs12158565,49,213,-0.154208,0.000708775,False
rs12158565,49,214,-0.164764,0.000299201,False
rs12158565,49,215,-0.158699,0.000497324,False
rs12158565,49,216,-0.167264,0.000241272,False
rs12158565,49,217,-0.170207,0.000189622,False
rs12158565,49,218,-0.167616,0.000237879,False
rs12158565,49,219,-0.173846,0.000140985,False
rs12158565,49,220,-0.168736,0.000223856,False
rs12158565,49,221,-0.170332,0.000199947,False
rs12158565,49,222,-0.166133,0.00028976,False
rs12158565,49,223,-0.176015,0.000128457,False
rs12158565,49,224,-0.180326,9.10456e-05,False
rs12158565,49,225,-0.173385,0.00017744,False
rs12158565,49,226,-0.173777,0.000178499,False
rs12158565,49,227,-0.187461,5.68018e-05,False
rs12158565,49,228,-0.192746,3.76028e-05,False
rs12158565,49,229,-0.181721,0.000107876,False
rs12158565,49,230,-0.183599,9.84021e-05,False
rs12158565,49,231,-0.191565,5.20144e-05,False
rs12158565,49,232,-0.194045,4.64768e-05,False
rs12158565,49,233,-0.189228,7.69536e-05,False
rs12158565,49,234,-0.186659,0.000103653,False
rs12158565,49,235,-0.189081,9.272e-05,False
rs12158565,49,236,-0.197297,5.07671e-05,False
rs12158565,49,237,-0.18773,0.000127865,False
rs12158565,49,238,-0.192717,9.38964e-05,False
rs12158565,49,239,-0.190362,0.000131879,False
rs12158565,49,240,-0.186634,0.000199827,False
rs12158565,49,241,-0.186458,0.000232009,False
rs12158565,49,242,-0.190985,0.000189449,False
rs12158565,49,243,-0.187884,0.00027896,False
rs12158565,49,244,-0.188974,0.000300464,False
rs12158565,49,245,-0.17297,0.00109265,False
rs12158565,49,246,-0.189301,0.000431437,False
rs12158565,49,247,-0.197287,0.000305416,False
rs12158565,49,248,-0.199775,0.000336387,False
rs12158565,49,249,-0.191148,0.00075792,False
rs12158565,49,250,-0.173217,0.00279755,False
rs12158565,49,251,-0.171363,0.00369976,False
rs12158565,50,6,-0.0631478,0.0843993,False
rs12158565,50,7,-0.050059,0.167561,False
rs12158565,50,8,-0.0517417,0.150624,False
rs12158565,50,9,-0.057562,0.107147,False
rs12158565,50,10,-0.0524165,0.13926,False
rs12158565,50,11,-0.0547603,0.120518,False
rs12158565,50,12,-0.0546686,0.119012,False
rs12158565,50,13,-0.050158,0.151755,False
rs12158565,50,14,-0.0525875,0.133304,False
rs12158565,50,15,-0.0561229,0.107866,False
rs12158565,50,16,-0.0621988,0.0745684,False
rs12158565,50,17,-0.0652368,0.0613299,False
rs12158565,50,18,-0.0584452,0.0944142,False
rs12158565,50,19,-0.0608689,0.0819423,False
rs12158565,50,20,-0.0520675,0.137145,False
rs12158565,50,21,-0.050259,0.152478,False
rs12158565,50,22,-0.057505,0.102889,False
rs12158565,50,23,-0.0581064,0.0994771,False
rs12158565,50,24,-0.0649135,0.0665202,False
rs12158565,50,25,-0.0577278,0.104499,False
rs12158565,50,26,-0.0623497,0.08004,False
rs12158565,50,27,-0.0537456,0.132184,False
rs12158565,50,28,-0.0505994,0.158082,False
rs12158565,50,29,-0.0543013,0.130719,False
rs12158565,50,30,-0.0530324,0.141933,False
rs12158565,50,31,-0.0418075,0.248659,False
rs12158565,50,32,-0.0572309,0.115397,False
rs12158565,50,33,-0.0632273,0.0831569,False
rs12158565,50,34,-0.0620513,0.0907656,False
rs12158565,50,35,-0.0618847,0.0926391,False
rs12158565,50,36,-0.0638064,0.0842606,False
rs12158565,50,37,-0.071922,0.0526549,False
rs12158565,50,38,-0.0637813,0.087087,False
rs12158565,50,39,-0.054348,0.146588,False
rs12158565,50,40,-0.0570518,0.129295,False
rs12158565,50,41,-0.057601,0.127668,False
rs12158565,50,42,-0.0558935,0.141124,False
rs12158565,50,43,-0.0622706,0.102819,False
rs12158565,50,44,-0.0732806,0.0563758,False
rs12158565,50,45,-0.069279,0.0722873,False
rs12158565,50,46,-0.0672655,0.0825795,False
rs12158565,50,47,-0.061141,0.115941,False
rs12158565,50,48,-0.0572932,0.142455,False
rs12158565,50,49,-0.061653,0.115753,False
rs12158565,50,50,-0.0697872,0.0763937,False
rs12158565,50,51,-0.0585206,0.139362,False
rs12158565,50,52,-0.0489339,0.218138,False
rs12158565,50,53,-0.0561249,0.158865,False
rs12158565,50,54,-0.070508,0.0782446,False
rs12158565,50,55,-0.0585489,0.145092,False
rs12158565,50,56,-0.0483813,0.229951,False
rs12158565,50,57,-0.047759,0.238504,False
rs12158565,50,58,-0.0459821,0.257657,False
rs12158565,50,59,-0.0466317,0.251626,False
rs12158565,50,60,-0.0491157,0.229099,False
rs12158565,50,61,-0.0604628,0.140025,False
rs12158565,50,62,-0.0530893,0.195768,False
rs12158565,50,63,-0.0444141,0.279771,False
rs12158565,50,64,-0.0381798,0.354501,False
rs12158565,50,65,-0.0448751,0.277598,False
rs12158565,50,66,-0.0457079,0.269397,False
rs12158565,50,67,-0.0473053,0.253536,False
rs12158565,50,68,-0.048923,0.23892,False
rs12158565,50,69,-0.0482482,0.245831,False
rs12158565,50,70,-0.0453297,0.276539,False
rs12158565,50,71,-0.0462491,0.267538,False
rs12158565,50,72,-0.0449843,0.281603,False
rs12158565,50,73,-0.0528346,0.205942,False
rs12158565,50,74,-0.0457708,0.274289,False
rs12158565,50,75,-0.0443716,0.289454,False
rs12158565,50,76,-0.051206,0.221598,False
rs12158565,50,77,-0.0462226,0.269725,False
rs12158565,50,78,-0.0501349,0.231129,False
rs12158565,50,79,-0.0397988,0.341669,False
rs12158565,50,80,-0.0409923,0.327124,False
rs12158565,50,81,-0.0394154,0.346422,False
rs12158565,50,82,-0.0438027,0.294273,False
rs12158565,50,83,-0.0422061,0.311901,False
rs12158565,50,84,-0.0268577,0.518811,False
rs12158565,50,85,-0.0379127,0.362423,False
rs12158565,50,86,-0.0325897,0.433361,False
rs12158565,50,87,-0.0386546,0.351426,False
rs12158565,50,88,-0.0246357,0.55235,False
rs12158565,50,89,-0.0217086,0.59992,False
rs12158565,50,90,-0.0251189,0.543501,False
rs12158565,50,91,-0.0189951,0.645656,False
rs12158565,50,92,-0.0274139,0.507065,False
rs12158565,50,93,-0.0211816,0.608471,False
rs12158565,50,94,-0.0296258,0.473642,False
rs12158565,50,95,-0.0315008,0.446069,False
rs12158565,50,96,-0.0235384,0.569145,False
rs12158565,50,97,-0.018638,0.652254,False
rs12158565,50,98,-0.0283612,0.493229,False
rs12158565,50,99,-0.032015,0.439929,False
rs12158565,50,100,-0.0298715,0.471768,False
rs12158565,50,101,-0.0283114,0.496401,False
rs12158565,50,102,-0.022407,0.591247,False
rs12158565,50,103,-0.0233932,0.576198,False
rs12158565,50,104,-0.0296829,0.479359,False
rs12158565,50,105,-0.0385192,0.361254,False
rs12158565,50,106,-0.036677,0.386579,False
rs12158565,50,107,-0.0336866,0.428796,False
rs12158565,50,108,-0.0317588,0.458157,False
rs12158565,50,109,-0.0320598,0.456611,False
rs12158565,50,110,-0.0410914,0.342091,False
rs12158565,50,111,-0.0397904,0.361273,False
rs12158565,50,112,-0.0396918,0.366029,False
rs12158565,50,113,-0.0390712,0.377561,False
rs12158565,50,114,-0.0381309,0.393073,False
rs12158565,50,115,-0.0269631,0.549209,False
rs12158565,50,116,-0.0371938,0.412624,False
rs12158565,50,117,-0.0366681,0.422674,False
rs12158565,50,118,-0.0536906,0.244873,False
rs12158565,50,119,-0.0299504,0.520073,False
rs12158565,50,120,-0.0277647,0.55401,False
rs12158565,50,121,-0.0310541,0.510938,False
rs12158565,50,122,-0.0332519,0.484905,False
rs12158565,50,123,-0.0321506,0.50209,False
rs12158565,50,124,-0.0320701,0.505221,False
rs12158565,50,125,-0.0338214,0.4847,False
rs12158565,50,126,-0.0250811,0.605483,False
rs12158565,50,127,-0.01504,0.757657,False
rs12158565,50,128,-0.0215421,0.658805,False
rs12158565,50,129,-0.0271872,0.578183,False
rs12158565,50,130,-0.0301641,0.537931,False
rs12158565,50,131,-0.0266793,0.585361,False
rs12158565,50,132,-0.0309329,0.526078,False
rs12158565,50,133,-0.0357936,0.462316,False
rs12158565,50,134,-0.0252807,0.602284,False
rs12158565,50,135,-0.0255863,0.596869,False
rs12158565,50,136,-0.0191634,0.69057,False
rs12158565,50,137,-0.0199707,0.676966,False
rs12158565,50,138,-0.0210898,0.658369,False
rs12158565,50,139,-0.0289388,0.541608,False
rs12158565,50,140,-0.0263214,0.575597,False
rs12158565,50,141,-0.0262763,0.574444,False
rs12158565,50,142,-0.0229418,0.622413,False
rs12158565,50,143,-0.0292208,0.527494,False
rs12158565,50,144,-0.017892,0.697239,False
rs12158565,50,145,-0.0222669,0.6263,False
rs12158565,50,146,-0.0291213,0.521628,False
rs12158565,50,147,-0.0294128,0.514943,False
rs12158565,50,148,-0.0293519,0.513765,False
rs12158565,50,149,-0.0415811,0.352423,False
rs12158565,50,150,-0.0423332,0.341876,False
rs12158565,50,151,-0.0301258,0.496564,False
rs12158565,50,152,-0.0305957,0.488166,False
rs12158565,50,153,-0.0466109,0.289525,False
rs12158565,50,154,-0.0509543,0.245269,False
rs12158565,50,155,-0.0340075,0.437252,False
rs12158565,50,156,-0.0399189,0.360788,False
rs12158565,50,157,-0.0313671,0.471443,False
rs12158565,50,158,-0.0522873,0.229078,False
rs12158565,50,159,-0.0617552,0.155329,False
rs12158565,50,160,-0.0465335,0.283536,False
rs12158565,50,161,-0.0571802,0.187184,False
rs12158565,50,162,-0.0648886,0.134631,False
rs12158565,50,163,-0.0790808,0.0683028,False
rs12158565,50,164,-0.0875183,0.0441465,False
rs12158565,50,165,-0.0772488,0.0760231,False
rs12158565,50,166,-0.0700072,0.10826,False
rs12158565,50,167,-0.0778144,0.0749615,False
rs12158565,50,168,-0.0969796,0.0268191,False
rs12158565,50,169,-0.0969371,0.027076,False
rs12158565,50,170,-0.0885087,0.0438732,False
rs12158565,50,171,-0.102749,0.0197065,False
rs12158565,50,172,-0.0944266,0.0324818,False
rs12158565,50,173,-0.0945715,0.032529,False
rs12158565,50,174,-0.0945516,0.0332549,False
rs12158565,50,175,-0.104502,0.0187448,False
rs12158565,50,176,-0.112261,0.0117961,False
rs12158565,50,177,-0.122132,0.0062665,False
rs12158565,50,178,-0.133904,0.00278832,False
rs12158565,50,179,-0.116813,0.00925485,False
rs12158565,50,180,-0.105595,0.0188495,False
rs12158565,50,181,-0.111308,0.0136232,False
rs12158565,50,182,-0.117483,0.00941034,False
rs12158565,50,183,-0.12753,0.00486283,False
rs12158565,50,184,-0.121289,0.00742742,False
rs12158565,50,185,-0.117949,0.0093499,False
rs12158565,50,186,-0.119814,0.00834802,False
rs12158565,50,187,-0.126432,0.00546715,False
rs12158565,50,188,-0.131522,0.00389055,False
rs12158565,50,189,-0.142208,0.00181876,False
rs12158565,50,190,-0.14946,0.00105295,False
rs12158565,50,191,-0.14167,0.00190618,False
rs12158565,50,192,-0.138181,0.0024582,False
rs12158565,50,193,-0.141607,0.00191843,False
rs12158565,50,194,-0.162179,0.000381688,False
rs12158565,50,195,-0.155617,0.000662014,False
rs12158565,50,196,-0.164795,0.000311734,False
rs12158565,50,197,-0.153959,0.000758587,False
rs12158565,50,198,-0.165428,0.000288942,False
rs12158565,50,199,-0.1659,0.000278907,False
rs12158565,50,200,-0.156451,0.000609104,False
rs12158565,50,201,-0.15135,0.000935763,False
rs12158565,50,202,-0.156603,0.000620183,False
rs12158565,50,203,-0.161446,0.000418154,False
rs12158565,50,204,-0.164484,0.000322119,False
rs12158565,50,205,-0.160493,0.000441404,False
rs12158565,50,206,-0.148268,0.00115122,False
rs12158565,50,207,-0.152353,0.000840545,False
rs12158565,50,208,-0.155717,0.000641393,False
rs12158565,50,209,-0.165445,0.000283626,False
rs12158565,50,210,-0.14412,0.00157585,False
rs12158565,50,211,-0.151677,0.000873327,False
rs12158565,50,212,-0.163593,0.000328398,False
rs12158565,50,213,-0.154172,0.000723777,False
rs12158565,50,214,-0.151595,0.000883842,False
rs12158565,50,215,-0.151756,0.000862681,False
rs12158565,50,216,-0.174155,0.000130558,False
rs12158565,50,217,-0.172107,0.000158937,False
rs12158565,50,218,-0.174073,0.00013741,False
rs12158565,50,219,-0.174443,0.00013276,False
rs12158565,50,220,-0.169905,0.000203028,False
rs12158565,50,221,-0.177524,0.000105736,False
rs12158565,50,222,-0.172146,0.000175724,False
rs12158565,50,223,-0.169605,0.000222753,False
rs12158565,50,224,-0.174693,0.000145654,False
rs12158565,50,225,-0.163809,0.000381956,False
rs12158565,50,226,-0.170557,0.000228203,False
rs12158565,50,227,-0.181526,9.17732e-05,False
rs12158565,50,228,-0.181193,9.89359e-05,False
rs12158565,50,229,-0.179791,0.000119306,False
rs12158565,50,230,-0.196708,2.7699e-05,False
rs12158565,50,231,-0.176543,0.000181653,False
rs12158565,50,232,-0.18811,7.18309e-05,False
rs12158565,50,233,-0.182743,0.000125148,False
rs12158565,50,234,-0.183092,0.000133226,False
rs12158565,50,235,-0.196171,4.76147e-05,False
rs12158565,50,236,-0.197059,4.90378e-05,False
rs12158565,50,237,-0.201664,3.65616e-05,False
rs12158565,50,238,-0.189478,0.000117434,False
rs12158565,50,239,-0.192959,0.000100147,False
rs12158565,50,240,-0.212168,2.18582e-05,False
rs12158565,50,241,-0.203804,5.29265e-05,False
rs12158565,50,242,-0.201716,7.38526e-05,False
rs12158565,50,243,-0.195451,0.00014284,False
rs12158565,50,244,-0.191669,0.000229392,False
rs12158565,50,245,-0.182739,0.000521182,False
rs12158565,50,246,-0.188675,0.000406323,False
rs12158565,50,247,-0.189411,0.000480044,False
rs12158565,50,248,-0.185678,0.000770818,False
rs12158565,50,249,-0.189889,0.000756693,False
rs12158565,50,250,-0.176616,0.00214842,False
rs12158565,50,251,-0.182722,0.00186792,False
rs12158565,51,6,-0.0748655,0.0419744,False
rs12158565,51,7,-0.0591879,0.105198,False
rs12158565,51,8,-0.0611819,0.0920277,False
rs12158565,51,9,-0.0650901,0.0702958,False
rs12158565,51,10,-0.0495675,0.164828,False
rs12158565,51,11,-0.0564842,0.110773,False
rs12158565,51,12,-0.0439482,0.212198,False
rs12158565,51,13,-0.0499928,0.155131,False
rs12158565,51,14,-0.0648638,0.0642918,False
rs12158565,51,15,-0.0640916,0.067316,False
rs12158565,51,16,-0.0665822,0.0571901,False
rs12158565,51,17,-0.0631523,0.0712288,False
rs12158565,51,18,-0.0688844,0.0493655,False
rs12158565,51,19,-0.0701496,0.0457204,False
rs12158565,51,20,-0.0655399,0.0627458,False
rs12158565,51,21,-0.0768842,0.0293395,False
rs12158565,51,22,-0.0769757,0.0294146,False
rs12158565,51,23,-0.074835,0.0347507,False
rs12158565,51,24,-0.0724689,0.0414383,False
rs12158565,51,25,-0.0785374,0.0275656,False
rs12158565,51,26,-0.0705621,0.0483217,False
rs12158565,51,27,-0.0694223,0.0533197,False
rs12158565,51,28,-0.0642227,0.0748689,False
rs12158565,51,29,-0.0750316,0.0380188,False
rs12158565,51,30,-0.0777457,0.0323541,False
rs12158565,51,31,-0.0807677,0.0264522,False
rs12158565,51,32,-0.0862276,0.01807,False
rs12158565,51,33,-0.0776016,0.0344767,False
rs12158565,51,34,-0.083701,0.023204,False
rs12158565,51,35,-0.0751208,0.0421721,False
rs12158565,51,36,-0.0696999,0.0607512,False
rs12158565,51,37,-0.060033,0.10781,False
rs12158565,51,38,-0.0633983,0.091367,False
rs12158565,51,39,-0.0726623,0.0537415,False
rs12158565,51,40,-0.0552558,0.144947,False
rs12158565,51,41,-0.0523702,0.169119,False
rs12158565,51,42,-0.0572839,0.134066,False
rs12158565,51,43,-0.0596925,0.119924,False
rs12158565,51,44,-0.0469074,0.224164,False
rs12158565,51,45,-0.0551261,0.15507,False
rs12158565,51,46,-0.0559576,0.151433,False
rs12158565,51,47,-0.0491476,0.208833,False
rs12158565,51,48,-0.0532651,0.175058,False
rs12158565,51,49,-0.0521405,0.186722,False
rs12158565,51,50,-0.0487037,0.219499,False
rs12158565,51,51,-0.0554128,0.164018,False
rs12158565,51,52,-0.0628028,0.11588,False
rs12158565,51,53,-0.0457784,0.254321,False
rs12158565,51,54,-0.049572,0.218907,False
rs12158565,51,55,-0.0495139,0.220713,False
rs12158565,51,56,-0.0479765,0.237987,False
rs12158565,51,57,-0.0422021,0.299944,False
rs12158565,51,58,-0.0405176,0.321219,False
rs12158565,51,59,-0.0574735,0.160707,False
rs12158565,51,60,-0.0533946,0.194009,False
rs12158565,51,61,-0.0345585,0.401239,False
rs12158565,51,62,-0.043815,0.288086,False
rs12158565,51,63,-0.0502116,0.224362,False
rs12158565,51,64,-0.049251,0.234668,False
rs12158565,51,65,-0.0447623,0.281118,False
rs12158565,51,66,-0.0321515,0.439764,False
rs12158565,51,67,-0.0324292,0.436904,False
rs12158565,51,68,-0.0395127,0.343091,False
rs12158565,51,69,-0.0317146,0.447505,False
rs12158565,51,70,-0.0345571,0.407924,False
rs12158565,51,71,-0.0279225,0.504456,False
rs12158565,51,72,-0.0433079,0.300764,False
rs12158565,51,73,-0.0308915,0.46046,False
rs12158565,51,74,-0.0321955,0.442078,False
rs12158565,51,75,-0.0353083,0.399361,False
rs12158565,51,76,-0.0195801,0.64031,False
rs12158565,51,77,-0.0322498,0.440591,False
rs12158565,51,78,-0.0255994,0.540425,False
rs12158565,51,79,-0.0368261,0.378973,False
rs12158565,51,80,-0.0427352,0.305747,False
rs12158565,51,81,-0.0487761,0.242107,False
rs12158565,51,82,-0.035889,0.389089,False
rs12158565,51,83,-0.0299852,0.4714,False
rs12158565,51,84,-0.0390322,0.347666,False
rs12158565,51,85,-0.0379038,0.36111,False
rs12158565,51,86,-0.0373731,0.367052,False
rs12158565,51,87,-0.0382155,0.355535,False
rs12158565,51,88,-0.0361956,0.380695,False
rs12158565,51,89,-0.0501569,0.223927,False
rs12158565,51,90,-0.044256,0.283051,False
rs12158565,51,91,-0.0379007,0.357885,False
rs12158565,51,92,-0.0313241,0.447154,False
rs12158565,51,93,-0.0354684,0.389583,False
rs12158565,51,94,-0.0377954,0.359579,False
rs12158565,51,95,-0.0371769,0.367201,False
rs12158565,51,96,-0.0243551,0.555122,False
rs12158565,51,97,-0.0153555,0.710495,False
rs12158565,51,98,-0.0280508,0.498476,False
rs12158565,51,99,-0.0226935,0.584709,False
rs12158565,51,100,-0.0283088,0.496639,False
rs12158565,51,101,-0.0343053,0.411548,False
rs12158565,51,102,-0.0435419,0.29901,False
rs12158565,51,103,-0.0312703,0.457888,False
rs12158565,51,104,-0.032813,0.437836,False
rs12158565,51,105,-0.0414196,0.329517,False
rs12158565,51,106,-0.0376107,0.37866,False
rs12158565,51,107,-0.0370697,0.388224,False
rs12158565,51,108,-0.0316832,0.463994,False
rs12158565,51,109,-0.0413792,0.343196,False
rs12158565,51,110,-0.0208342,0.635313,False
rs12158565,51,111,-0.034901,0.430876,False
rs12158565,51,112,-0.039774,0.373182,False
rs12158565,51,113,-0.0369894,0.411656,False
rs12158565,51,114,-0.0377325,0.406866,False
rs12158565,51,115,-0.0439718,0.338338,False
rs12158565,51,116,-0.0299297,0.518684,False
rs12158565,51,117,-0.0219983,0.638836,False
rs12158565,51,118,-0.0266133,0.573858,False
rs12158565,51,119,-0.0313559,0.511681,False
rs12158565,51,120,-0.0302113,0.530966,False
rs12158565,51,121,-0.0298851,0.539299,False
rs12158565,51,122,-0.0483026,0.325509,False
rs12158565,51,123,-0.0386337,0.434752,False
rs12158565,51,124,-0.036823,0.45937,False
rs12158565,51,125,-0.0369421,0.460538,False
rs12158565,51,126,-0.0347796,0.489235,False
rs12158565,51,127,-0.039022,0.439309,False
rs12158565,51,128,-0.0282606,0.576576,False
rs12158565,51,129,-0.0222366,0.660702,False
rs12158565,51,130,-0.0219972,0.664061,False
rs12158565,51,131,-0.0180883,0.721037,False
rs12158565,51,132,-0.0170701,0.735518,False
rs12158565,51,133,-0.0168843,0.737399,False
rs12158565,51,134,-0.0175271,0.727072,False
rs12158565,51,135,-0.0315863,0.527131,False
rs12158565,51,136,-0.0151279,0.760733,False
rs12158565,51,137,-0.0237828,0.630057,False
rs12158565,51,138,-0.0200497,0.682654,False
rs12158565,51,139,-0.0199667,0.682216,False
rs12158565,51,140,-0.0267923,0.57956,False
rs12158565,51,141,-0.0243086,0.613029,False
rs12158565,51,142,-0.0248143,0.603446,False
rs12158565,51,143,-0.0251601,0.595538,False
rs12158565,51,144,-0.025069,0.594183,False
rs12158565,51,145,-0.0227856,0.626034,False
rs12158565,51,146,-0.0366099,0.430236,False
rs12158565,51,147,-0.0368666,0.423457,False
rs12158565,51,148,-0.028944,0.527075,False
rs12158565,51,149,-0.0439269,0.333626,False
rs12158565,51,150,-0.0474841,0.293178,False
rs12158565,51,151,-0.0438302,0.329235,False
rs12158565,51,152,-0.0578874,0.194846,False
rs12158565,51,153,-0.0509016,0.252071,False
rs12158565,51,154,-0.0488683,0.269952,False
rs12158565,51,155,-0.0382579,0.385736,False
rs12158565,51,156,-0.042663,0.331955,False
rs12158565,51,157,-0.045276,0.30175,False
rs12158565,51,158,-0.0629448,0.149896,False
rs12158565,51,159,-0.0644673,0.139376,False
rs12158565,51,160,-0.0590912,0.17446,False
rs12158565,51,161,-0.0494828,0.254774,False
rs12158565,51,162,-0.0582211,0.180119,False
rs12158565,51,163,-0.0759511,0.0803388,False
rs12158565,51,164,-0.0796258,0.0671361,False
rs12158565,51,165,-0.080092,0.0657577,False
rs12158565,51,166,-0.0904815,0.0374823,False
rs12158565,51,167,-0.0925049,0.0336483,False
rs12158565,51,168,-0.0680961,0.11854,False
rs12158565,51,169,-0.07857,0.0724246,False
rs12158565,51,170,-0.082023,0.0611033,False
rs12158565,51,171,-0.094823,0.030767,False
rs12158565,51,172,-0.0886433,0.0437537,False
rs12158565,51,173,-0.0963862,0.0288279,False
rs12158565,51,174,-0.0819585,0.0637544,False
rs12158565,51,175,-0.0949414,0.0322265,False
rs12158565,51,176,-0.092939,0.0364473,False
rs12158565,51,177,-0.104676,0.018871,False
rs12158565,51,178,-0.111125,0.0127683,False
rs12158565,51,179,-0.115229,0.00999258,False
rs12158565,51,180,-0.115816,0.00986806,False
rs12158565,51,181,-0.117044,0.00920735,False
rs12158565,51,182,-0.114515,0.0109857,False
rs12158565,51,183,-0.121565,0.00710163,False
rs12158565,51,184,-0.121473,0.00723496,False
rs12158565,51,185,-0.126146,0.0053458,False
rs12158565,51,186,-0.131433,0.00375349,False
rs12158565,51,187,-0.136233,0.00270371,False
rs12158565,51,188,-0.131925,0.00377716,False
rs12158565,51,189,-0.133292,0.0034382,False
rs12158565,51,190,-0.133497,0.00340331,False
rs12158565,51,191,-0.144582,0.00152232,False
rs12158565,51,192,-0.144441,0.00156068,False
rs12158565,51,193,-0.143091,0.00172094,False
rs12158565,51,194,-0.148962,0.00111362,False
rs12158565,51,195,-0.145646,0.00143609,False
rs12158565,51,196,-0.146431,0.00137255,False
rs12158565,51,197,-0.142688,0.00182743,False
rs12158565,51,198,-0.14127,0.00201913,False
rs12158565,51,199,-0.156534,0.000618991,False
rs12158565,51,200,-0.165447,0.000301406,False
rs12158565,51,201,-0.156876,0.000616557,False
rs12158565,51,202,-0.156053,0.000651545,False
rs12158565,51,203,-0.158389,0.000537007,False
rs12158565,51,204,-0.159161,0.000497894,False
rs12158565,51,205,-0.161853,0.00039974,False
rs12158565,51,206,-0.152545,0.000843845,False
rs12158565,51,207,-0.158243,0.000538152,False
rs12158565,51,208,-0.154891,0.000701023,False
rs12158565,51,209,-0.159497,0.000478448,False
rs12158565,51,210,-0.156777,0.000596089,False
rs12158565,51,211,-0.156587,0.000604104,False
rs12158565,51,212,-0.15004,0.0010231,False
rs12158565,51,213,-0.157913,0.000548655,False
rs12158565,51,214,-0.156138,0.000629545,False
rs12158565,51,215,-0.150759,0.000957887,False
rs12158565,51,216,-0.145678,0.00143744,False
rs12158565,51,217,-0.134062,0.00333653,False
rs12158565,51,218,-0.146252,0.00137433,False
rs12158565,51,219,-0.139347,0.0023184,False
rs12158565,51,220,-0.148293,0.00119364,False
rs12158565,51,221,-0.146598,0.00137609,False
rs12158565,51,222,-0.156373,0.00064666,False
rs12158565,51,223,-0.153389,0.000861443,False
rs12158565,51,224,-0.150611,0.00108407,False
rs12158565,51,225,-0.146211,0.00156102,False
rs12158565,51,226,-0.143681,0.00192505,False
rs12158565,51,227,-0.156227,0.000770252,False
rs12158565,51,228,-0.165078,0.000400286,False
rs12158565,51,229,-0.162328,0.000524153,False
rs12158565,51,230,-0.164044,0.000478819,False
rs12158565,51,231,-0.172088,0.000263243,False
rs12158565,51,232,-0.176479,0.000194692,False
rs12158565,51,233,-0.188409,7.6654e-05,False
rs12158565,51,234,-0.187784,8.81097e-05,False
rs12158565,51,235,-0.203505,2.37912e-05,False
rs12158565,51,236,-0.200296,3.50303e-05,False
rs12158565,51,237,-0.205354,2.43321e-05,False
rs12158565,51,238,-0.190263,0.000102781,False
rs12158565,51,239,-0.200178,5.14678e-05,False
rs12158565,51,240,-0.196769,7.86984e-05,False
rs12158565,51,241,-0.195283,0.000103177,False
rs12158565,51,242,-0.200468,7.74068e-05,False
rs12158565,51,243,-0.203093,7.32472e-05,False
rs12158565,51,244,-0.204775,7.91486e-05,False
rs12158565,51,245,-0.194397,0.000216348,False
rs12158565,51,246,-0.189269,0.000386045,False
rs12158565,51,247,-0.200875,0.000206165,False
rs12158565,51,248,-0.197149,0.00035122,False
rs12158565,51,249,-0.200175,0.000373901,False
rs12158565,51,250,-0.19088,0.000885265,False
rs12158565,51,251,-0.19223,0.00103901,False
rs12158565,52,6,-0.0508749,0.169496,False
rs12158565,52,7,-0.0564457,0.125423,False
rs12158565,52,8,-0.0523316,0.15128,False
rs12158565,52,9,-0.0646666,0.0740333,False
rs12158565,52,10,-0.0556664,0.121027,False
rs12158565,52,11,-0.0535635,0.133255,False
rs12158565,52,12,-0.0610389,0.0859039,False
rs12158565,52,13,-0.0538065,0.128059,False
rs12158565,52,14,-0.0617142,0.0806589,False
rs12158565,52,15,-0.0553541,0.115718,False
rs12158565,52,16,-0.0590059,0.0939891,False
rs12158565,52,17,-0.0693898,0.049054,False
rs12158565,52,18,-0.0714669,0.0425153,False
rs12158565,52,19,-0.0764899,0.0304611,False
rs12158565,52,20,-0.0647049,0.0675916,False
rs12158565,52,21,-0.0612092,0.0847011,False
rs12158565,52,22,-0.0796279,0.0248875,False
rs12158565,52,23,-0.0768535,0.0310248,False
rs12158565,52,24,-0.0746715,0.0366578,False
rs12158565,52,25,-0.0776588,0.0300143,False
rs12158565,52,26,-0.0806619,0.0246107,False
rs12158565,52,27,-0.0769625,0.0326919,False
rs12158565,52,28,-0.0792911,0.0283894,False
rs12158565,52,29,-0.0807934,0.0261559,False
rs12158565,52,30,-0.0803028,0.0274561,False
rs12158565,52,31,-0.0766576,0.0364186,False
rs12158565,52,32,-0.0722837,0.0493205,False
rs12158565,52,33,-0.0782763,0.0338892,False
rs12158565,52,34,-0.0681409,0.0663978,False
rs12158565,52,35,-0.0782286,0.0358709,False
rs12158565,52,36,-0.0896012,0.0166965,False
rs12158565,52,37,-0.0753068,0.04511,False
rs12158565,52,38,-0.0699084,0.0643203,False
rs12158565,52,39,-0.0651534,0.086502,False
rs12158565,52,40,-0.0658415,0.0839942,False
rs12158565,52,41,-0.0686984,0.0729341,False
rs12158565,52,42,-0.061301,0.110995,False
rs12158565,52,43,-0.0757634,0.0503282,False
rs12158565,52,44,-0.0749576,0.0538653,False
rs12158565,52,45,-0.0705118,0.0708877,False
rs12158565,52,46,-0.0718088,0.0669139,False
rs12158565,52,47,-0.0666698,0.0906719,False
rs12158565,52,48,-0.0665863,0.0923057,False
rs12158565,52,49,-0.0657697,0.0978911,False
rs12158565,52,50,-0.0523921,0.189081,False
rs12158565,52,51,-0.0519275,0.195115,False
rs12158565,52,52,-0.0551269,0.170858,False
rs12158565,52,53,-0.0419802,0.298661,False
rs12158565,52,54,-0.0677781,0.0945358,False
rs12158565,52,55,-0.0535254,0.188123,False
rs12158565,52,56,-0.0563346,0.167971,False
rs12158565,52,57,-0.0520492,0.203725,False
rs12158565,52,58,-0.0467814,0.253822,False
rs12158565,52,59,-0.0432814,0.293444,False
rs12158565,52,60,-0.0483848,0.241885,False
rs12158565,52,61,-0.0394294,0.340226,False
rs12158565,52,62,-0.0524497,0.205745,False
rs12158565,52,63,-0.0512695,0.216787,False
rs12158565,52,64,-0.0456609,0.272085,False
rs12158565,52,65,-0.0515804,0.215813,False
rs12158565,52,66,-0.0574202,0.168436,False
rs12158565,52,67,-0.0479347,0.250383,False
rs12158565,52,68,-0.0450903,0.28046,False
rs12158565,52,69,-0.0351168,0.401015,False
rs12158565,52,70,-0.0393246,0.347157,False
rs12158565,52,71,-0.0342498,0.412744,False
rs12158565,52,72,-0.0420819,0.314633,False
rs12158565,52,73,-0.0461406,0.270156,False
rs12158565,52,74,-0.0375187,0.369599,False
rs12158565,52,75,-0.0436184,0.297049,False
rs12158565,52,76,-0.0326136,0.435313,False
rs12158565,52,77,-0.0416437,0.319554,False
rs12158565,52,78,-0.0372488,0.371856,False
rs12158565,52,79,-0.035016,0.401443,False
rs12158565,52,80,-0.0298517,0.473253,False
rs12158565,52,81,-0.0421416,0.310637,False
rs12158565,52,82,-0.0346652,0.403274,False
rs12158565,52,83,-0.0273386,0.509519,False
rs12158565,52,84,-0.0297899,0.471143,False
rs12158565,52,85,-0.0302509,0.463412,False
rs12158565,52,86,-0.0241445,0.5584,False
rs12158565,52,87,-0.0206572,0.615861,False
rs12158565,52,88,-0.02799,0.495988,False
rs12158565,52,89,-0.0189981,0.64426,False
rs12158565,52,90,-0.0143904,0.726528,False
rs12158565,52,91,-0.0338047,0.410957,False
rs12158565,52,92,-0.0265861,0.517397,False
rs12158565,52,93,-0.0323926,0.430573,False
rs12158565,52,94,-0.0295722,0.472368,False
rs12158565,52,95,-0.018096,0.66049,False
rs12158565,52,96,-0.0139774,0.734778,False
rs12158565,52,97,-0.0290962,0.480916,False
rs12158565,52,98,-0.018382,0.657156,False
rs12158565,52,99,-0.0304276,0.464113,False
rs12158565,52,100,-0.0256734,0.538007,False
rs12158565,52,101,-0.0248165,0.553697,False
rs12158565,52,102,-0.0123404,0.769442,False
rs12158565,52,103,-0.0204132,0.629047,False
rs12158565,52,104,-0.0250321,0.556587,False
rs12158565,52,105,-0.0282382,0.509059,False
rs12158565,52,106,-0.0196485,0.648355,False
rs12158565,52,107,-0.00832598,0.847652,False
rs12158565,52,108,-0.0199901,0.647587,False
rs12158565,52,109,-0.0213849,0.627844,False
rs12158565,52,110,-0.0222854,0.616451,False
rs12158565,52,111,-0.0396762,0.377192,False
rs12158565,52,112,-0.0231272,0.610606,False
rs12158565,52,113,-0.0203347,0.657809,False
rs12158565,52,114,-0.0180863,0.696694,False
rs12158565,52,115,-0.0219679,0.639822,False
rs12158565,52,116,-0.0226215,0.634246,False
rs12158565,52,117,-0.0200798,0.676047,False
rs12158565,52,118,-0.0250457,0.60612,False
rs12158565,52,119,-0.022504,0.647365,False
rs12158565,52,120,-0.0257655,0.604285,False
rs12158565,52,121,-0.0169801,0.735821,False
rs12158565,52,122,-0.0174374,0.731639,False
rs12158565,52,123,-0.0170757,0.739153,False
rs12158565,52,124,-0.0193369,0.708075,False
rs12158565,52,125,-0.00886361,0.864707,False
rs12158565,52,126,-0.0212741,0.683997,False
rs12158565,52,127,-0.0270259,0.606228,False
rs12158565,52,128,-0.0309375,0.556218,False
rs12158565,52,129,-0.019643,0.709502,False
rs12158565,52,130,-0.0146348,0.781046,False
rs12158565,52,131,-0.0178209,0.73476,False
rs12158565,52,132,-0.0204727,0.696239,False
rs12158565,52,133,-0.0281798,0.589521,False
rs12158565,52,134,-0.0266207,0.608861,False
rs12158565,52,135,-0.0186565,0.718218,False
rs12158565,52,136,-0.0222436,0.665003,False
rs12158565,52,137,-0.0237001,0.642258,False
rs12158565,52,138,-0.029192,0.564394,False
rs12158565,52,139,-0.0276829,0.581805,False
rs12158565,52,140,-0.0257033,0.60638,False
rs12158565,52,141,-0.0318687,0.518753,False
rs12158565,52,142,-0.0235082,0.630903,False
rs12158565,52,143,-0.0145123,0.765119,False
rs12158565,52,144,-0.0190154,0.693259,False
rs12158565,52,145,-0.00540641,0.909958,False
rs12158565,52,146,-0.0176356,0.709897,False
rs12158565,52,147,-0.0109413,0.816017,False
rs12158565,52,148,-0.0204206,0.661579,False
rs12158565,52,149,-0.0221534,0.632017,False
rs12158565,52,150,-0.0257738,0.574405,False
rs12158565,52,151,-0.0220127,0.629792,False
rs12158565,52,152,-0.0249947,0.581551,False
rs12158565,52,153,-0.0215345,0.632986,False
rs12158565,52,154,-0.0291679,0.515356,False
rs12158565,52,155,-0.033835,0.447513,False
rs12158565,52,156,-0.0319445,0.471526,False
rs12158565,52,157,-0.0378546,0.391325,False
rs12158565,52,158,-0.0368355,0.402112,False
rs12158565,52,159,-0.0409678,0.34968,False
rs12158565,52,160,-0.0583343,0.181941,False
rs12158565,52,161,-0.0494031,0.257129,False
rs12158565,52,162,-0.0600284,0.167712,False
rs12158565,52,163,-0.0725971,0.0949314,False
rs12158565,52,164,-0.0757878,0.0812851,False
rs12158565,52,165,-0.0751169,0.0840893,False
rs12158565,52,166,-0.075577,0.0821898,False
rs12158565,52,167,-0.0799443,0.0661084,False
rs12158565,52,168,-0.0951184,0.0287181,False
rs12158565,52,169,-0.090019,0.03883,False
rs12158565,52,170,-0.0919408,0.0352728,False
rs12158565,52,171,-0.0986086,0.0241074,False
rs12158565,52,172,-0.105001,0.0164994,False
rs12158565,52,173,-0.110284,0.0120329,False
rs12158565,52,174,-0.105931,0.0162155,False
rs12158565,52,175,-0.103112,0.0194531,False
rs12158565,52,176,-0.118825,0.00721188,False
rs12158565,52,177,-0.125343,0.00470219,False
rs12158565,52,178,-0.113091,0.0109847,False
rs12158565,52,179,-0.117539,0.00829419,False
rs12158565,52,180,-0.125648,0.0049192,False
rs12158565,52,181,-0.12332,0.00587453,False
rs12158565,52,182,-0.124208,0.00568497,False
rs12158565,52,183,-0.121632,0.00680527,False
rs12158565,52,184,-0.135764,0.002577,False
rs12158565,52,185,-0.129774,0.00406178,False
rs12158565,52,186,-0.127926,0.00465568,False
rs12158565,52,187,-0.12968,0.00424136,False
rs12158565,52,188,-0.134083,0.00315523,False
rs12158565,52,189,-0.145857,0.00133636,False
rs12158565,52,190,-0.142444,0.00173613,False
rs12158565,52,191,-0.136351,0.00274016,False
rs12158565,52,192,-0.138967,0.00227036,False
rs12158565,52,193,-0.141086,0.00197462,False
rs12158565,52,194,-0.154142,0.000721916,False
rs12158565,52,195,-0.154939,0.000695158,False
rs12158565,52,196,-0.152085,0.000875386,False
rs12158565,52,197,-0.149882,0.00103275,False
rs12158565,52,198,-0.161814,0.000398935,False
rs12158565,52,199,-0.158427,0.000530317,False
rs12158565,52,200,-0.16641,0.000275658,False
rs12158565,52,201,-0.156985,0.000594713,False
rs12158565,52,202,-0.162246,0.000388901,False
rs12158565,52,203,-0.157384,0.000563384,False
rs12158565,52,204,-0.158414,0.000523993,False
rs12158565,52,205,-0.156459,0.000616752,False
rs12158565,52,206,-0.155185,0.000672768,False
rs12158565,52,207,-0.152182,0.000858992,False
rs12158565,52,208,-0.156208,0.00062302,False
rs12158565,52,209,-0.171876,0.000165623,False
rs12158565,52,210,-0.158115,0.00052754,False
rs12158565,52,211,-0.156228,0.000611246,False
rs12158565,52,212,-0.159477,0.000473127,False
rs12158565,52,213,-0.153593,0.000760612,False
rs12158565,52,214,-0.162091,0.000383849,False
rs12158565,52,215,-0.163272,0.000343356,False
rs12158565,52,216,-0.155025,0.000687782,False
rs12158565,52,217,-0.156846,0.000593889,False
rs12158565,52,218,-0.164921,0.000302905,False
rs12158565,52,219,-0.162105,0.000397489,False
rs12158565,52,220,-0.164176,0.000337306,False
rs12158565,52,221,-0.151097,0.000996774,False
rs12158565,52,222,-0.164063,0.00035771,False
rs12158565,52,223,-0.153161,0.000864063,False
rs12158565,52,224,-0.159285,0.000547857,False
rs12158565,52,225,-0.157242,0.000658527,False
rs12158565,52,226,-0.165261,0.00035408,False
rs12158565,52,227,-0.152466,0.00101581,False
rs12158565,52,228,-0.161118,0.000544812,False
rs12158565,52,229,-0.176336,0.000161872,False
rs12158565,52,230,-0.176248,0.000173593,False
rs12158565,52,231,-0.184566,8.99853e-05,False
rs12158565,52,232,-0.19461,3.90863e-05,False
rs12158565,52,233,-0.191627,5.66442e-05,False
rs12158565,52,234,-0.202362,2.33532e-05,False
rs12158565,52,235,-0.195996,4.60982e-05,False
rs12158565,52,236,-0.185244,0.000127243,False
rs12158565,52,237,-0.199399,4.17195e-05,False
rs12158565,52,238,-0.199288,4.67023e-05,False
rs12158565,52,239,-0.198237,5.92412e-05,False
rs12158565,52,240,-0.204911,3.69356e-05,False
rs12158565,52,241,-0.211529,2.40536e-05,False
rs12158565,52,242,-0.215028,2.10742e-05,False
rs12158565,52,243,-0.212559,3.19694e-05,False
rs12158565,52,244,-0.215938,2.90336e-05,False
rs12158565,52,245,-0.208089,6.90297e-05,False
rs12158565,52,246,-0.211864,6.55323e-05,False
rs12158565,52,247,-0.215761,6.23309e-05,False
rs12158565,52,248,-0.217195,7.43649e-05,False
rs12158565,52,249,-0.21671,0.000104586,False
rs12158565,52,250,-0.224087,8.67934e-05,False
rs12158565,52,251,-0.212669,0.000256587,False
rs12158565,53,6,-0.0827341,0.0257974,False
rs12158565,53,7,-0.0846879,0.0213875,False
rs12158565,53,8,-0.08188,0.0247679,False
rs12158565,53,9,-0.0772558,0.0326631,False
rs12158565,53,10,-0.0666295,0.0633181,False
rs12158565,53,11,-0.0648289,0.070074,False
rs12158565,53,12,-0.0498831,0.161229,False
rs12158565,53,13,-0.0579398,0.102093,False
rs12158565,53,14,-0.0536038,0.129493,False
rs12158565,53,15,-0.0552418,0.117832,False
rs12158565,53,16,-0.0575547,0.102548,False
rs12158565,53,17,-0.0616801,0.0804367,False
rs12158565,53,18,-0.0407402,0.248949,False
rs12158565,53,19,-0.0439498,0.214261,False
rs12158565,53,20,-0.0529027,0.13591,False
rs12158565,53,21,-0.0512327,0.149779,False
rs12158565,53,22,-0.0496757,0.163542,False
rs12158565,53,23,-0.0520335,0.14554,False
rs12158565,53,24,-0.0546046,0.128302,False
rs12158565,53,25,-0.0654087,0.0688342,False
rs12158565,53,26,-0.0617846,0.087289,False
rs12158565,53,27,-0.0896824,0.0135259,False
rs12158565,53,28,-0.0744435,0.040966,False
rs12158565,53,29,-0.07567,0.0384431,False
rs12158565,53,30,-0.0822032,0.025133,False
rs12158565,53,31,-0.0817382,0.026522,False
rs12158565,53,32,-0.0838392,0.0233757,False
rs12158565,53,33,-0.0784863,0.0347474,False
rs12158565,53,34,-0.0924521,0.0132128,False
rs12158565,53,35,-0.0942055,0.0118579,False
rs12158565,53,36,-0.0790332,0.0356246,False
rs12158565,53,37,-0.0765631,0.0425558,False
rs12158565,53,38,-0.0809883,0.0329015,False
rs12158565,53,39,-0.0691304,0.0702395,False
rs12158565,53,40,-0.0629261,0.1005,False
rs12158565,53,41,-0.0712469,0.0641587,False
rs12158565,53,42,-0.0647399,0.0944756,False
rs12158565,53,43,-0.0760191,0.0509067,False
rs12158565,53,44,-0.0560747,0.151328,False
rs12158565,53,45,-0.0522248,0.184439,False
rs12158565,53,46,-0.0664048,0.0923608,False
rs12158565,53,47,-0.0461191,0.24495,False
rs12158565,53,48,-0.0638915,0.108598,False
rs12158565,53,49,-0.0623413,0.11856,False
rs12158565,53,50,-0.0531627,0.185347,False
rs12158565,53,51,-0.06221,0.122353,False
rs12158565,53,52,-0.0504054,0.212027,False
rs12158565,53,53,-0.0424212,0.295422,False
rs12158565,53,54,-0.0437352,0.283075,False
rs12158565,53,55,-0.0554426,0.174847,False
rs12158565,53,56,-0.0538342,0.188734,False
rs12158565,53,57,-0.0620115,0.130345,False
rs12158565,53,58,-0.0472423,0.250543,False
rs12158565,53,59,-0.0528276,0.20055,False
rs12158565,53,60,-0.0513065,0.214902,False
rs12158565,53,61,-0.0552896,0.182192,False
rs12158565,53,62,-0.0493865,0.234642,False
rs12158565,53,63,-0.0496919,0.233068,False
rs12158565,53,64,-0.0588834,0.157762,False
rs12158565,53,65,-0.0531977,0.201654,False
rs12158565,53,66,-0.0375675,0.367551,False
rs12158565,53,67,-0.0368857,0.376312,False
rs12158565,53,68,-0.0420519,0.313433,False
rs12158565,53,69,-0.0460732,0.270388,False
rs12158565,53,70,-0.0395174,0.344397,False
rs12158565,53,71,-0.0361609,0.387518,False
rs12158565,53,72,-0.046694,0.263792,False
rs12158565,53,73,-0.0484223,0.246802,False
rs12158565,53,74,-0.0409115,0.327249,False
rs12158565,53,75,-0.0417426,0.317453,False
rs12158565,53,76,-0.0411652,0.323756,False
rs12158565,53,77,-0.0351447,0.39921,False
rs12158565,53,78,-0.0312582,0.45228,False
rs12158565,53,79,-0.0280299,0.500169,False
rs12158565,53,80,-0.0418874,0.313117,False
rs12158565,53,81,-0.0526792,0.203453,False
rs12158565,53,82,-0.0397547,0.336686,False
rs12158565,53,83,-0.0174248,0.673097,False
rs12158565,53,84,-0.0349244,0.397279,False
rs12158565,53,85,-0.0396479,0.33626,False
rs12158565,53,86,-0.0329365,0.424288,False
rs12158565,53,87,-0.0295613,0.472902,False
rs12158565,53,88,-0.0264262,0.520472,False
rs12158565,53,89,-0.0350017,0.394571,False
rs12158565,53,90,-0.0248538,0.545593,False
rs12158565,53,91,-0.0292189,0.477281,False
rs12158565,53,92,-0.0312119,0.447112,False
rs12158565,53,93,-0.0296856,0.470466,False
rs12158565,53,94,-0.0129289,0.754057,False
rs12158565,53,95,-0.0128244,0.75649,False
rs12158565,53,96,-0.00506188,0.902758,False
rs12158565,53,97,-0.0171722,0.679125,False
rs12158565,53,98,-0.00868786,0.834642,False
rs12158565,53,99,-0.00739661,0.859499,False
rs12158565,53,100,-0.016957,0.686096,False
rs12158565,53,101,-0.0137293,0.744757,False
rs12158565,53,102,-0.00930627,0.826337,False
rs12158565,53,103,-0.0135083,0.751498,False
rs12158565,53,104,-0.0196974,0.645802,False
rs12158565,53,105,-0.011453,0.790904,False
rs12158565,53,106,-0.00567095,0.896525,False
rs12158565,53,107,-0.0114099,0.795211,False
rs12158565,53,108,-0.0212534,0.631261,False
rs12158565,53,109,-0.0282862,0.5277,False
rs12158565,53,110,-0.0187839,0.677988,False
rs12158565,53,111,-0.0124397,0.785908,False
rs12158565,53,112,-0.009979,0.829514,False
rs12158565,53,113,-0.0259707,0.579026,False
rs12158565,53,114,-0.0227338,0.632289,False
rs12158565,53,115,-0.0191978,0.690062,False
rs12158565,53,116,-0.0130684,0.789026,False
rs12158565,53,117,-0.00759403,0.878079,False
rs12158565,53,118,-0.0121177,0.809127,False
rs12158565,53,119,-0.0123835,0.807726,False
rs12158565,53,120,-0.0183563,0.721692,False
rs12158565,53,121,-0.00383684,0.941374,False
rs12158565,53,122,-0.0020757,0.968629,False
rs12158565,53,123,-0.00339107,0.949296,False
rs12158565,53,124,-0.0066018,0.902206,False
rs12158565,53,125,-0.0126629,0.815038,False
rs12158565,53,126,-0.00998025,0.854506,False
rs12158565,53,127,8.0696e-05,0.998821,False
rs12158565,53,128,0.000183928,0.997324,False
rs12158565,53,129,-0.0218964,0.689881,False
rs12158565,53,130,-0.00307171,0.955309,False
rs12158565,53,131,-0.00808733,0.882448,False
rs12158565,53,132,-0.00799847,0.883348,False
rs12158565,53,133,-0.0164723,0.761481,False
rs12158565,53,134,-0.00812435,0.880311,False
rs12158565,53,135,0.00191796,0.97146,False
rs12158565,53,136,-0.00350156,0.947473,False
rs12158565,53,137,-0.0176709,0.737471,False
rs12158565,53,138,-0.00931673,0.858377,False
rs12158565,53,139,-0.0123653,0.811126,False
rs12158565,53,140,-0.0244935,0.632777,False
rs12158565,53,141,-0.0149417,0.768345,False
rs12158565,53,142,-0.0208767,0.677932,False
rs12158565,53,143,-0.0166132,0.738689,False
rs12158565,53,144,-0.0235093,0.634113,False
rs12158565,53,145,-0.0297085,0.543663,False
rs12158565,53,146,-0.0153768,0.751116,False
rs12158565,53,147,-0.0133658,0.78084,False
rs12158565,53,148,-0.0140161,0.768748,False
rs12158565,53,149,-0.0197052,0.676857,False
rs12158565,53,150,-0.0204126,0.6636,False
rs12158565,53,151,-0.0191701,0.680389,False
rs12158565,53,152,-0.0295538,0.522099,False
rs12158565,53,153,-0.0210289,0.646125,False
rs12158565,53,154,-0.029178,0.521242,False
rs12158565,53,155,-0.0235695,0.601964,False
rs12158565,53,156,-0.0320531,0.475353,False
rs12158565,53,157,-0.0331073,0.458491,False
rs12158565,53,158,-0.0268893,0.545136,False
rs12158565,53,159,-0.0492144,0.265915,False
rs12158565,53,160,-0.0619883,0.159458,False
rs12158565,53,161,-0.0666624,0.128651,False
rs12158565,53,162,-0.0589837,0.17694,False
rs12158565,53,163,-0.06888,0.114084,False
rs12158565,53,164,-0.0689763,0.113096,False
rs12158565,53,165,-0.0790041,0.0693704,False
rs12158565,53,166,-0.0784769,0.0714142,False
rs12158565,53,167,-0.0756817,0.0819604,False
rs12158565,53,168,-0.081469,0.0611291,False
rs12158565,53,169,-0.0927427,0.0332727,False
rs12158565,53,170,-0.0983831,0.0240174,False
rs12158565,53,171,-0.109532,0.0120289,False
rs12158565,53,172,-0.112885,0.00972918,False
rs12158565,53,173,-0.10109,0.0210059,False
rs12158565,53,174,-0.108421,0.0134845,False
rs12158565,53,175,-0.105408,0.0165827,False
rs12158565,53,176,-0.11218,0.0108891,False
rs12158565,53,177,-0.114747,0.00938448,False
rs12158565,53,178,-0.128782,0.00369709,False
rs12158565,53,179,-0.12066,0.0066203,False
rs12158565,53,180,-0.126311,0.00460359,False
rs12158565,53,181,-0.128343,0.00408395,False
rs12158565,53,182,-0.132248,0.00315657,False
rs12158565,53,183,-0.130004,0.0037883,False
rs12158565,53,184,-0.147586,0.00103548,False
rs12158565,53,185,-0.145389,0.00126691,False
rs12158565,53,186,-0.140596,0.00185982,False
rs12158565,53,187,-0.148107,0.00106417,False
rs12158565,53,188,-0.140803,0.00189125,False
rs12158565,53,189,-0.14359,0.00156303,False
rs12158565,53,190,-0.139689,0.0021063,False
rs12158565,53,191,-0.151829,0.000836195,False
rs12158565,53,192,-0.150076,0.000975594,False
rs12158565,53,193,-0.143691,0.00159447,False
rs12158565,53,194,-0.132083,0.00371861,False
rs12158565,53,195,-0.142804,0.00173881,False
rs12158565,53,196,-0.137156,0.00265233,False
rs12158565,53,197,-0.143121,0.00172045,False
rs12158565,53,198,-0.139947,0.00218817,False
rs12158565,53,199,-0.1613,0.000418657,False
rs12158565,53,200,-0.1532,0.000815471,False
rs12158565,53,201,-0.150871,0.00096635,False
rs12158565,53,202,-0.15104,0.000949453,False
rs12158565,53,203,-0.160677,0.00044013,False
rs12158565,53,204,-0.155625,0.000651109,False
rs12158565,53,205,-0.147521,0.00123927,False
rs12158565,53,206,-0.157921,0.000537918,False
rs12158565,53,207,-0.158852,0.00050194,False
rs12158565,53,208,-0.155487,0.000665857,False
rs12158565,53,209,-0.158931,0.000511714,False
rs12158565,53,210,-0.155641,0.000658565,False
rs12158565,53,211,-0.160343,0.000450178,False
rs12158565,53,212,-0.15448,0.000723765,False
rs12158565,53,213,-0.167982,0.00023467,False
rs12158565,53,214,-0.172346,0.0001601,False
rs12158565,53,215,-0.169384,0.000211846,False
rs12158565,53,216,-0.155734,0.000656666,False
rs12158565,53,217,-0.170253,0.000198359,False
rs12158565,53,218,-0.175713,0.00012472,False
rs12158565,53,219,-0.178347,0.000101278,False
rs12158565,53,220,-0.168246,0.000246634,False
rs12158565,53,221,-0.159812,0.000500894,False
rs12158565,53,222,-0.166276,0.000292948,False
rs12158565,53,223,-0.174291,0.000150074,False
rs12158565,53,224,-0.159989,0.000514387,False
rs12158565,53,225,-0.171261,0.000209515,False
rs12158565,53,226,-0.176467,0.000139484,False
rs12158565,53,227,-0.179075,0.000117052,False
rs12158565,53,228,-0.19432,3.05423e-05,False
rs12158565,53,229,-0.185304,7.45704e-05,False
rs12158565,53,230,-0.191354,4.60667e-05,False
rs12158565,53,231,-0.182062,0.000109788,False
rs12158565,53,232,-0.184636,9.28648e-05,False
rs12158565,53,233,-0.174269,0.000244925,False
rs12158565,53,234,-0.181185,0.000147003,False
rs12158565,53,235,-0.17234,0.000325986,False
rs12158565,53,236,-0.180963,0.000171548,False
rs12158565,53,237,-0.171281,0.000410609,False
rs12158565,53,238,-0.168003,0.000566337,False
rs12158565,53,239,-0.175406,0.000355559,False
rs12158565,53,240,-0.16629,0.000775486,False
rs12158565,53,241,-0.172483,0.000548274,False
rs12158565,53,242,-0.18888,0.000173141,False
rs12158565,53,243,-0.199864,8.29222e-05,False
rs12158565,53,244,-0.191401,0.000193239,False
rs12158565,53,245,-0.191938,0.000225131,False
rs12158565,53,246,-0.190536,0.000310249,False
rs12158565,53,247,-0.186429,0.000513376,False
rs12158565,53,248,-0.180777,0.000939325,False
rs12158565,53,249,-0.185358,0.000887235,False
rs12158565,53,250,-0.192281,0.000720187,False
rs12158565,53,251,-0.198168,0.000651043,False
rs12158565,54,6,-0.0924591,0.0133692,False
rs12158565,54,7,-0.0922206,0.0127621,False
rs12158565,54,8,-0.106504,0.0037614,False
rs12158565,54,9,-0.096555,0.00809048,False
rs12158565,54,10,-0.0859056,0.0174978,False
rs12158565,54,11,-0.096284,0.0071608,False
rs12158565,54,12,-0.0864319,0.0151075,False
rs12158565,54,13,-0.095411,0.00732501,False
rs12158565,54,14,-0.098052,0.00568009,False
rs12158565,54,15,-0.0824774,0.0195074,False
rs12158565,54,16,-0.0927854,0.00865164,False
rs12158565,54,17,-0.0992557,0.00503686,False
rs12158565,54,18,-0.0941575,0.00771977,False
rs12158565,54,19,-0.0988686,0.00522918,False
rs12158565,54,20,-0.100369,0.00473141,False
rs12158565,54,21,-0.0876528,0.0136768,False
rs12158565,54,22,-0.0885458,0.0131447,False
rs12158565,54,23,-0.0982669,0.00607242,False
rs12158565,54,24,-0.0927441,0.00988663,False
rs12158565,54,25,-0.0892399,0.013396,False
rs12158565,54,26,-0.0832444,0.0214832,False
rs12158565,54,27,-0.0947208,0.00923453,False
rs12158565,54,28,-0.0759394,0.0378979,False
rs12158565,54,29,-0.0716325,0.0505275,False
rs12158565,54,30,-0.0806108,0.0287016,False
rs12158565,54,31,-0.0691722,0.0616552,False
rs12158565,54,32,-0.0764798,0.0394131,False
rs12158565,54,33,-0.0756403,0.0425371,False
rs12158565,54,34,-0.074026,0.0483983,False
rs12158565,54,35,-0.0771803,0.0403965,False
rs12158565,54,36,-0.0761438,0.0441802,False
rs12158565,54,37,-0.0729493,0.0549577,False
rs12158565,54,38,-0.0797308,0.0364495,False
rs12158565,54,39,-0.0780063,0.0418448,False
rs12158565,54,40,-0.0686301,0.0751534,False
rs12158565,54,41,-0.0681428,0.0781182,False
rs12158565,54,42,-0.080306,0.0391605,False
rs12158565,54,43,-0.0768845,0.0495063,False
rs12158565,54,44,-0.0717193,0.0680858,False
rs12158565,54,45,-0.0695876,0.0783108,False
rs12158565,54,46,-0.0632229,0.111626,False
rs12158565,54,47,-0.0564502,0.157493,False
rs12158565,54,48,-0.0643171,0.108298,False
rs12158565,54,49,-0.0521895,0.194865,False
rs12158565,54,50,-0.0464093,0.250351,False
rs12158565,54,51,-0.0568408,0.160902,False
rs12158565,54,52,-0.0542683,0.182158,False
rs12158565,54,53,-0.0533177,0.191743,False
rs12158565,54,54,-0.0556104,0.174479,False
rs12158565,54,55,-0.0558734,0.173089,False
rs12158565,54,56,-0.0604495,0.142,False
rs12158565,54,57,-0.0482255,0.242667,False
rs12158565,54,58,-0.05687,0.169672,False
rs12158565,54,59,-0.0515901,0.213683,False
rs12158565,54,60,-0.0552956,0.183475,False
rs12158565,54,61,-0.040501,0.331028,False
rs12158565,54,62,-0.0528384,0.205027,False
rs12158565,54,63,-0.0528824,0.205449,False
rs12158565,54,64,-0.0525492,0.208424,False
rs12158565,54,65,-0.0395124,0.345053,False
rs12158565,54,66,-0.0500718,0.231414,False
rs12158565,54,67,-0.0537454,0.199609,False
rs12158565,54,68,-0.0695334,0.096842,False
rs12158565,54,69,-0.0527918,0.207311,False
rs12158565,54,70,-0.0496399,0.23582,False
rs12158565,54,71,-0.0425217,0.309803,False
rs12158565,54,72,-0.0444123,0.288412,False
rs12158565,54,73,-0.0393855,0.345618,False
rs12158565,54,74,-0.044215,0.290071,False
rs12158565,54,75,-0.0391709,0.349439,False
rs12158565,54,76,-0.0403605,0.333345,False
rs12158565,54,77,-0.041765,0.316185,False
rs12158565,54,78,-0.0207817,0.617754,False
rs12158565,54,79,-0.0264247,0.524781,False
rs12158565,54,80,-0.0309385,0.455869,False
rs12158565,54,81,-0.0222369,0.591833,False
rs12158565,54,82,-0.0361761,0.381427,False
rs12158565,54,83,-0.0313998,0.446919,False
rs12158565,54,84,-0.0260176,0.528237,False
rs12158565,54,85,-0.0128866,0.754203,False
rs12158565,54,86,-0.0140771,0.731947,False
rs12158565,54,87,-0.0199422,0.627202,False
rs12158565,54,88,-0.0225056,0.583635,False
rs12158565,54,89,-0.020529,0.617056,False
rs12158565,54,90,-0.0251744,0.540081,False
rs12158565,54,91,-0.0174921,0.670565,False
rs12158565,54,92,-0.0103683,0.801179,False
rs12158565,54,93,-0.0129583,0.753246,False
rs12158565,54,94,-0.0185972,0.652722,False
rs12158565,54,95,-0.00662296,0.87297,False
rs12158565,54,96,-0.0121077,0.770609,False
rs12158565,54,97,-0.00422729,0.918978,False
rs12158565,54,98,0.000372127,0.992903,False
rs12158565,54,99,-0.00400049,0.924124,False
rs12158565,54,100,-0.0201287,0.633963,False
rs12158565,54,101,-0.00186331,0.965015,False
rs12158565,54,102,-0.00593733,0.88957,False
rs12158565,54,103,-0.0125675,0.769993,False
rs12158565,54,104,-0.00238186,0.956136,False
rs12158565,54,105,-0.0212785,0.625892,False
rs12158565,54,106,-0.0155629,0.724024,False
rs12158565,54,107,-0.0117165,0.792564,False
rs12158565,54,108,-0.0173824,0.69949,False
rs12158565,54,109,-0.0180871,0.69104,False
rs12158565,54,110,-0.0271223,0.555777,False
rs12158565,54,111,-0.0105716,0.820584,False
rs12158565,54,112,-0.0142954,0.762353,False
rs12158565,54,113,-0.0155721,0.745447,False
rs12158565,54,114,-0.0229466,0.63675,False
rs12158565,54,115,-0.0292225,0.554505,False
rs12158565,54,116,-0.0290503,0.562945,False
rs12158565,54,117,-0.0335976,0.510726,False
rs12158565,54,118,-0.0231174,0.655499,False
rs12158565,54,119,-0.0237952,0.65124,False
rs12158565,54,120,-0.0257007,0.630886,False
rs12158565,54,121,-0.0334097,0.537699,False
rs12158565,54,122,-0.0247533,0.651909,False
rs12158565,54,123,-0.0198622,0.720552,False
rs12158565,54,124,-0.0151989,0.786342,False
rs12158565,54,125,-0.0218351,0.699176,False
rs12158565,54,126,-0.0190253,0.737904,False
rs12158565,54,127,-0.0179945,0.75271,False
rs12158565,54,128,-0.00952839,0.867782,False
rs12158565,54,129,-0.0193432,0.735744,False
rs12158565,54,130,-0.023869,0.676696,False
rs12158565,54,131,-0.015388,0.787338,False
rs12158565,54,132,-0.00995105,0.860964,False
rs12158565,54,133,0.00103032,0.985433,False
rs12158565,54,134,-0.000365524,0.994797,False
rs12158565,54,135,-0.00558257,0.919973,False
rs12158565,54,136,0.000773576,0.988786,False
rs12158565,54,137,-0.00591497,0.913555,False
rs12158565,54,138,-0.000801311,0.988141,False
rs12158565,54,139,0.00774373,0.88469,False
rs12158565,54,140,-0.00746472,0.887547,False
rs12158565,54,141,-0.0100443,0.847297,False
rs12158565,54,142,-0.00471711,0.927207,False
rs12158565,54,143,-0.00629987,0.901791,False
rs12158565,54,144,-0.0190528,0.705761,False
rs12158565,54,145,-0.0139851,0.779573,False
rs12158565,54,146,-0.0190408,0.70049,False
rs12158565,54,147,-0.0219169,0.655068,False
rs12158565,54,148,-0.0140934,0.772084,False
rs12158565,54,149,-0.021447,0.655785,False
rs12158565,54,150,-0.0238727,0.616493,False
rs12158565,54,151,-0.0250766,0.596078,False
rs12158565,54,152,-0.0275211,0.55753,False
rs12158565,54,153,-0.0331506,0.47643,False
rs12158565,54,154,-0.0270268,0.558443,False
rs12158565,54,155,-0.0403746,0.378979,False
rs12158565,54,156,-0.0396125,0.384595,False
rs12158565,54,157,-0.0430909,0.340312,False
rs12158565,54,158,-0.0529995,0.238369,False
rs12158565,54,159,-0.0459592,0.303949,False
rs12158565,54,160,-0.0548091,0.217898,False
rs12158565,54,161,-0.0596837,0.177384,False
rs12158565,54,162,-0.0688259,0.118674,False
rs12158565,54,163,-0.0507031,0.248172,False
rs12158565,54,164,-0.0516764,0.237582,False
rs12158565,54,165,-0.0580046,0.184171,False
rs12158565,54,166,-0.0631934,0.147489,False
rs12158565,54,167,-0.0682039,0.117768,False
rs12158565,54,168,-0.0798649,0.0668805,False
rs12158565,54,169,-0.0745343,0.0872062,False
rs12158565,54,170,-0.0805597,0.064458,False
rs12158565,54,171,-0.0959382,0.0277383,False
rs12158565,54,172,-0.0947958,0.0300928,False
rs12158565,54,173,-0.0967862,0.0270919,False
rs12158565,54,174,-0.101609,0.0205698,False
rs12158565,54,175,-0.116114,0.00822033,False
rs12158565,54,176,-0.112599,0.0105016,False
rs12158565,54,177,-0.103917,0.0184818,False
rs12158565,54,178,-0.105024,0.0173708,False
rs12158565,54,179,-0.112764,0.0107987,False
rs12158565,54,180,-0.10826,0.014723,False
rs12158565,54,181,-0.109204,0.0141697,False
rs12158565,54,182,-0.101729,0.0227758,False
rs12158565,54,183,-0.100498,0.0248206,False
rs12158565,54,184,-0.103035,0.0216489,False
rs12158565,54,185,-0.119489,0.00781901,False
rs12158565,54,186,-0.125703,0.00527106,False
rs12158565,54,187,-0.119331,0.00815762,False
rs12158565,54,188,-0.130424,0.0038471,False
rs12158565,54,189,-0.131206,0.00370907,False
rs12158565,54,190,-0.13302,0.00329307,False
rs12158565,54,191,-0.144237,0.00149248,False
rs12158565,54,192,-0.147842,0.00114754,False
rs12158565,54,193,-0.142284,0.00174947,False
rs12158565,54,194,-0.13625,0.00274626,False
rs12158565,54,195,-0.133823,0.00331261,False
rs12158565,54,196,-0.141324,0.00194388,False
rs12158565,54,197,-0.139702,0.00220266,False
rs12158565,54,198,-0.148801,0.00112949,False
rs12158565,54,199,-0.147388,0.00125999,False
rs12158565,54,200,-0.145553,0.00144141,False
rs12158565,54,201,-0.153732,0.000773084,False
rs12158565,54,202,-0.158007,0.000550929,False
rs12158565,54,203,-0.164476,0.000322015,False
rs12158565,54,204,-0.168946,0.000223293,False
rs12158565,54,205,-0.16138,0.000421662,False
rs12158565,54,206,-0.155096,0.000688517,False
rs12158565,54,207,-0.148366,0.00117181,False
rs12158565,54,208,-0.161101,0.000420026,False
rs12158565,54,209,-0.147366,0.00124915,False
rs12158565,54,210,-0.147287,0.001257,False
rs12158565,54,211,-0.146761,0.00130696,False
rs12158565,54,212,-0.167913,0.000230719,False
rs12158565,54,213,-0.157703,0.00054638,False
rs12158565,54,214,-0.138129,0.00246011,False
rs12158565,54,215,-0.149574,0.00106343,False
rs12158565,54,216,-0.16176,0.000402094,False
rs12158565,54,217,-0.164634,0.000306738,False
rs12158565,54,218,-0.1582,0.000530537,False
rs12158565,54,219,-0.147041,0.00128526,False
rs12158565,54,220,-0.16631,0.00027528,False
rs12158565,54,221,-0.168398,0.000236944,False
rs12158565,54,222,-0.166624,0.000278994,False
rs12158565,54,223,-0.156358,0.000660321,False
rs12158565,54,224,-0.152076,0.000939466,False
rs12158565,54,225,-0.161228,0.000464442,False
rs12158565,54,226,-0.172352,0.000188048,False
rs12158565,54,227,-0.162012,0.000473441,False
rs12158565,54,228,-0.176717,0.000145822,False
rs12158565,54,229,-0.18222,9.23929e-05,False
rs12158565,54,230,-0.180309,0.000114613,False
rs12158565,54,231,-0.186507,7.16866e-05,False
rs12158565,54,232,-0.186978,7.32772e-05,False
rs12158565,54,233,-0.197098,3.2161e-05,False
rs12158565,54,234,-0.188647,7.30707e-05,False
rs12158565,54,235,-0.184758,0.000109581,False
rs12158565,54,236,-0.19224,6.21748e-05,False
rs12158565,54,237,-0.20024,3.30822e-05,False
rs12158565,54,238,-0.192415,7.53778e-05,False
rs12158565,54,239,-0.204266,2.96597e-05,False
rs12158565,54,240,-0.20819,2.37646e-05,False
rs12158565,54,241,-0.201228,5.14908e-05,False
rs12158565,54,242,-0.206395,3.88158e-05,False
rs12158565,54,243,-0.206144,4.73289e-05,False
rs12158565,54,244,-0.205252,6.15256e-05,False
rs12158565,54,245,-0.210246,5.09597e-05,False
rs12158565,54,246,-0.201057,0.000138008,False
rs12158565,54,247,-0.188841,0.000419812,False
rs12158565,54,248,-0.197787,0.000289224,False
rs12158565,54,249,-0.202568,0.000276471,False
rs12158565,54,250,-0.214141,0.000164828,False
rs12158565,54,251,-0.218177,0.00016941,False
rs12158565,55,6,-0.0665056,0.0784937,False
rs12158565,55,7,-0.0659382,0.0777308,False
rs12158565,55,8,-0.0754108,0.0417722,False
rs12158565,55,9,-0.080109,0.0288944,False
rs12158565,55,10,-0.0758318,0.0370063,False
rs12158565,55,11,-0.0686796,0.0569811,False
rs12158565,55,12,-0.0738829,0.0397022,False
rs12158565,55,13,-0.0718999,0.0442536,False
rs12158565,55,14,-0.0883621,0.0130568,False
rs12158565,55,15,-0.0776516,0.0287948,False
rs12158565,55,16,-0.0913188,0.0101472,False
rs12158565,55,17,-0.0924133,0.00929184,False
rs12158565,55,18,-0.093696,0.00829778,False
rs12158565,55,19,-0.0834445,0.0189979,False
rs12158565,55,20,-0.0779428,0.0286261,False
rs12158565,55,21,-0.0710054,0.0470124,False
rs12158565,55,22,-0.0845754,0.0184009,False
rs12158565,55,23,-0.0617809,0.0863456,False
rs12158565,55,24,-0.0696508,0.053807,False
rs12158565,55,25,-0.0845635,0.0196491,False
rs12158565,55,26,-0.0744156,0.0409436,False
rs12158565,55,27,-0.0752904,0.0393101,False
rs12158565,55,28,-0.0643922,0.0800387,False
rs12158565,55,29,-0.0745395,0.0430925,False
rs12158565,55,30,-0.072218,0.0512296,False
rs12158565,55,31,-0.0703129,0.0589336,False
rs12158565,55,32,-0.0829736,0.0267191,False
rs12158565,55,33,-0.0925902,0.013646,False
rs12158565,55,34,-0.077305,0.0403243,False
rs12158565,55,35,-0.0778792,0.0398718,False
rs12158565,55,36,-0.0801303,0.0353275,False
rs12158565,55,37,-0.0840563,0.0280572,False
rs12158565,55,38,-0.0723502,0.0601609,False
rs12158565,55,39,-0.0775469,0.0450658,False
rs12158565,55,40,-0.073071,0.060038,False
rs12158565,55,41,-0.0788269,0.0433697,False
rs12158565,55,42,-0.0793693,0.0429197,False
rs12158565,55,43,-0.083757,0.0336547,False
rs12158565,55,44,-0.0694143,0.079439,False
rs12158565,55,45,-0.0747086,0.060341,False
rs12158565,55,46,-0.0705452,0.0775424,False
rs12158565,55,47,-0.0753811,0.0601778,False
rs12158565,55,48,-0.0775521,0.0542971,False
rs12158565,55,49,-0.0757808,0.0606637,False
rs12158565,55,50,-0.0630917,0.120149,False
rs12158565,55,51,-0.0666442,0.101965,False
rs12158565,55,52,-0.0618071,0.130665,False
rs12158565,55,53,-0.0624434,0.127954,False
rs12158565,55,54,-0.0525424,0.202022,False
rs12158565,55,55,-0.0627378,0.128789,False
rs12158565,55,56,-0.075222,0.0695595,False
rs12158565,55,57,-0.0593643,0.153443,False
rs12158565,55,58,-0.0596821,0.151524,False
rs12158565,55,59,-0.0635465,0.127245,False
rs12158565,55,60,-0.0653159,0.117669,False
rs12158565,55,61,-0.0573207,0.170532,False
rs12158565,55,62,-0.0592967,0.156638,False
rs12158565,55,63,-0.0592331,0.157448,False
rs12158565,55,64,-0.0571304,0.17311,False
rs12158565,55,65,-0.0508406,0.225974,False
rs12158565,55,66,-0.0537391,0.199967,False
rs12158565,55,67,-0.0535069,0.202412,False
rs12158565,55,68,-0.058114,0.165476,False
rs12158565,55,69,-0.059164,0.158091,False
rs12158565,55,70,-0.0528115,0.20743,False
rs12158565,55,71,-0.0335639,0.422552,False
rs12158565,55,72,-0.0418146,0.317621,False
rs12158565,55,73,-0.0558631,0.181696,False
rs12158565,55,74,-0.0476279,0.253791,False
rs12158565,55,75,-0.0378743,0.364193,False
rs12158565,55,76,-0.0275644,0.508388,False
rs12158565,55,77,-0.0365048,0.38037,False
rs12158565,55,78,-0.0337685,0.416495,False
rs12158565,55,79,-0.0290972,0.482727,False
rs12158565,55,80,-0.024567,0.552839,False
rs12158565,55,81,-0.0267202,0.518132,False
rs12158565,55,82,-0.0277303,0.501517,False
rs12158565,55,83,-0.0226192,0.582434,False
rs12158565,55,84,-0.0150311,0.71505,False
rs12158565,55,85,-0.0140955,0.731743,False
rs12158565,55,86,-0.0127216,0.757116,False
rs12158565,55,87,-0.00801109,0.845583,False
rs12158565,55,88,-0.0195221,0.634889,False
rs12158565,55,89,-0.00113745,0.977905,False
rs12158565,55,90,-0.0187238,0.648935,False
rs12158565,55,91,-0.00210121,0.959314,False
rs12158565,55,92,-0.00809916,0.844283,False
rs12158565,55,93,-0.00402572,0.922321,False
rs12158565,55,94,-4.0835e-05,0.999215,False
rs12158565,55,95,-0.013208,0.751123,False
rs12158565,55,96,-0.0135556,0.7454,False
rs12158565,55,97,-0.0075842,0.856479,False
rs12158565,55,98,-0.000680275,0.987121,False
rs12158565,55,99,-0.00688804,0.870825,False
rs12158565,55,100,-0.0115852,0.785774,False
rs12158565,55,101,-0.00296445,0.944889,False
rs12158565,55,102,1.50156e-05,0.999722,False
rs12158565,55,103,-0.00982742,0.821444,False
rs12158565,55,104,0.00315444,0.942716,False
rs12158565,55,105,-0.00628849,0.887131,False
rs12158565,55,106,-0.0126386,0.777572,False
rs12158565,55,107,-0.0119354,0.79184,False
rs12158565,55,108,-0.0132095,0.772761,False
rs12158565,55,109,-0.0233642,0.61419,False
rs12158565,55,110,-0.00707808,0.880231,False
rs12158565,55,111,-0.0046816,0.92171,False
rs12158565,55,112,-0.0197789,0.682756,False
rs12158565,55,113,-0.00893077,0.856038,False
rs12158565,55,114,-0.00390267,0.937933,False
rs12158565,55,115,-0.0176325,0.729694,False
rs12158565,55,116,-0.0196367,0.705389,False
rs12158565,55,117,-0.0108897,0.836795,False
rs12158565,55,118,-0.0120342,0.82331,False
rs12158565,55,119,-0.00604258,0.912266,False
rs12158565,55,120,-0.00674059,0.903773,False
rs12158565,55,121,-0.0135875,0.810444,False
rs12158565,55,122,-0.0103445,0.857169,False
rs12158565,55,123,-0.018817,0.746213,False
rs12158565,55,124,-0.0192002,0.743888,False
rs12158565,55,125,-0.0116387,0.844172,False
rs12158565,55,126,-0.0247618,0.677723,False
rs12158565,55,127,-0.0165299,0.782193,False
rs12158565,55,128,-0.0117167,0.844903,False
rs12158565,55,129,-0.0157436,0.792775,False
rs12158565,55,130,-0.0204162,0.732744,False
rs12158565,55,131,-0.00464547,0.937845,False
rs12158565,55,132,-0.0225678,0.703312,False
rs12158565,55,133,-0.00640039,0.913374,False
rs12158565,55,134,-0.00302732,0.958628,False
rs12158565,55,135,-0.00452006,0.937598,False
rs12158565,55,136,-0.0199791,0.726536,False
rs12158565,55,137,-0.0223815,0.691907,False
rs12158565,55,138,-0.00759232,0.891609,False
rs12158565,55,139,-0.0105551,0.847957,False
rs12158565,55,140,-0.0191083,0.72508,False
rs12158565,55,141,-0.0171183,0.749941,False
rs12158565,55,142,-0.00649132,0.902585,False
rs12158565,55,143,-0.0189623,0.717401,False
rs12158565,55,144,-0.0104032,0.84069,False
rs12158565,55,145,-0.0138392,0.786718,False
rs12158565,55,146,-0.0200478,0.691896,False
rs12158565,55,147,-0.0200747,0.689143,False
rs12158565,55,148,-0.0135114,0.785243,False
rs12158565,55,149,-0.0130246,0.790916,False
rs12158565,55,150,-0.0213683,0.660277,False
rs12158565,55,151,-0.0204524,0.671492,False
rs12158565,55,152,-0.0161689,0.735217,False
rs12158565,55,153,-0.0266955,0.573106,False
rs12158565,55,154,-0.0270346,0.564853,False
rs12158565,55,155,-0.0249397,0.592612,False
rs12158565,55,156,-0.0336305,0.466858,False
rs12158565,55,157,-0.0317282,0.489645,False
rs12158565,55,158,-0.0328101,0.4712,False
rs12158565,55,159,-0.0483323,0.285424,False
rs12158565,55,160,-0.042471,0.344535,False
rs12158565,55,161,-0.0521853,0.242477,False
rs12158565,55,162,-0.0554027,0.213379,False
rs12158565,55,163,-0.0580451,0.19005,False
rs12158565,55,164,-0.0613988,0.16385,False
rs12158565,55,165,-0.0597838,0.173817,False
rs12158565,55,166,-0.0733887,0.0943323,False
rs12158565,55,167,-0.0689886,0.114966,False
rs12158565,55,168,-0.0789188,0.0706141,False
rs12158565,55,169,-0.0806012,0.0647864,False
rs12158565,55,170,-0.0784332,0.0721442,False
rs12158565,55,171,-0.0718784,0.0994245,False
rs12158565,55,172,-0.0824366,0.0587654,False
rs12158565,55,173,-0.0790965,0.0697294,False
rs12158565,55,174,-0.0812332,0.0629062,False
rs12158565,55,175,-0.0950913,0.0298454,False
rs12158565,55,176,-0.105201,0.0165485,False
rs12158565,55,177,-0.0865851,0.0489345,False
rs12158565,55,178,-0.0945859,0.0319084,False
rs12158565,55,179,-0.105827,0.0167973,False
rs12158565,55,180,-0.0996617,0.0245845,False
rs12158565,55,181,-0.11535,0.00939702,False
rs12158565,55,182,-0.112105,0.011788,False
rs12158565,55,183,-0.12218,0.00618147,False
rs12158565,55,184,-0.11361,0.011022,False
rs12158565,55,185,-0.107659,0.0164582,False
rs12158565,55,186,-0.112928,0.0119206,False
rs12158565,55,187,-0.112839,0.0121392,False
rs12158565,55,188,-0.108923,0.0157885,False
rs12158565,55,189,-0.112086,0.0131047,False
rs12158565,55,190,-0.124769,0.00590781,False
rs12158565,55,191,-0.118516,0.00890801,False
rs12158565,55,192,-0.12476,0.00597655,False
rs12158565,55,193,-0.130008,0.00435783,False
rs12158565,55,194,-0.124804,0.00620207,False
rs12158565,55,195,-0.143013,0.00170162,False
rs12158565,55,196,-0.137302,0.00260072,False
rs12158565,55,197,-0.140794,0.00205827,False
rs12158565,55,198,-0.138243,0.00252982,False
rs12158565,55,199,-0.134832,0.00325094,False
rs12158565,55,200,-0.141904,0.00194506,False
rs12158565,55,201,-0.156563,0.000622109,False
rs12158565,55,202,-0.145003,0.00152043,False
rs12158565,55,203,-0.162288,0.000396102,False
rs12158565,55,204,-0.163095,0.000367283,False
rs12158565,55,205,-0.160344,0.000461828,False
rs12158565,55,206,-0.158552,0.0005305,False
rs12158565,55,207,-0.17144,0.000179606,False
rs12158565,55,208,-0.170572,0.000191748,False
rs12158565,55,209,-0.167554,0.000245207,False
rs12158565,55,210,-0.165727,0.000286709,False
rs12158565,55,211,-0.159887,0.000466464,False
rs12158565,55,212,-0.149465,0.00107713,False
rs12158565,55,213,-0.160546,0.00043496,False
rs12158565,55,214,-0.158478,0.000517314,False
rs12158565,55,215,-0.15224,0.000857229,False
rs12158565,55,216,-0.160833,0.000431448,False
rs12158565,55,217,-0.164213,0.000323208,False
rs12158565,55,218,-0.177163,0.000105822,False
rs12158565,55,219,-0.159985,0.000464692,False
rs12158565,55,220,-0.164864,0.000315733,False
rs12158565,55,221,-0.155188,0.000706832,False
rs12158565,55,222,-0.15835,0.000561751,False
rs12158565,55,223,-0.151592,0.000962021,False
rs12158565,55,224,-0.166039,0.000303746,False
rs12158565,55,225,-0.16568,0.000324556,False
rs12158565,55,226,-0.163065,0.000413733,False
rs12158565,55,227,-0.168488,0.000275237,False
rs12158565,55,228,-0.15873,0.00063415,False
rs12158565,55,229,-0.158522,0.000663049,False
rs12158565,55,230,-0.158846,0.000673688,False
rs12158565,55,231,-0.160189,0.000634959,False
rs12158565,55,232,-0.173764,0.000221383,False
rs12158565,55,233,-0.156483,0.000934986,False
rs12158565,55,234,-0.158983,0.000817095,False
rs12158565,55,235,-0.166219,0.000494411,False
rs12158565,55,236,-0.168078,0.000450524,False
rs12158565,55,237,-0.17339,0.00032237,False
rs12158565,55,238,-0.180045,0.000207939,False
rs12158565,55,239,-0.188231,0.000116301,False
rs12158565,55,240,-0.18205,0.000215201,False
rs12158565,55,241,-0.184682,0.000195043,False
rs12158565,55,242,-0.179177,0.000342628,False
rs12158565,55,243,-0.182532,0.000308706,False
rs12158565,55,244,-0.184677,0.000300976,False
rs12158565,55,245,-0.177158,0.000625552,False
rs12158565,55,246,-0.193781,0.000228705,False
rs12158565,55,247,-0.17242,0.00125386,False
rs12158565,55,248,-0.175571,0.00124658,False
rs12158565,55,249,-0.174286,0.00168431,False
rs12158565,55,250,-0.174408,0.00206369,False
rs12158565,55,251,-0.187132,0.00119537,False
rs12158565,56,6,-0.078079,0.0385405,False
rs12158565,56,7,-0.0719573,0.0543214,False
rs12158565,56,8,-0.0749702,0.0428169,False
rs12158565,56,9,-0.076476,0.0370769,False
rs12158565,56,10,-0.0763547,0.0353441,False
rs12158565,56,11,-0.0799357,0.0264814,False
rs12158565,56,12,-0.07453,0.0374259,False
rs12158565,56,13,-0.08156,0.0222848,False
rs12158565,56,14,-0.0845769,0.01753,False
rs12158565,56,15,-0.0804968,0.0236169,False
rs12158565,56,16,-0.0862529,0.0151268,False
rs12158565,56,17,-0.0801,0.0239949,False
rs12158565,56,18,-0.0809239,0.0228808,False
rs12158565,56,19,-0.0798837,0.0251027,False
rs12158565,56,20,-0.0676368,0.0580651,False
rs12158565,56,21,-0.0713958,0.0463391,False
rs12158565,56,22,-0.0753491,0.03645,False
rs12158565,56,23,-0.079682,0.0274932,False
rs12158565,56,24,-0.0755193,0.0371008,False
rs12158565,56,25,-0.0728033,0.0452898,False
rs12158565,56,26,-0.0708647,0.0526923,False
rs12158565,56,27,-0.0689194,0.0604509,False
rs12158565,56,28,-0.0876981,0.0171768,False
rs12158565,56,29,-0.0750259,0.0428212,False
rs12158565,56,30,-0.0758425,0.0417691,False
rs12158565,56,31,-0.0732658,0.0497898,False
rs12158565,56,32,-0.075258,0.0446661,False
rs12158565,56,33,-0.0561899,0.136259,False
rs12158565,56,34,-0.0687089,0.0694915,False
rs12158565,56,35,-0.0708396,0.062998,False
rs12158565,56,36,-0.0599762,0.116692,False
rs12158565,56,37,-0.0691592,0.0716436,False
rs12158565,56,38,-0.0634796,0.0994272,False
rs12158565,56,39,-0.0663598,0.0868946,False
rs12158565,56,40,-0.0701967,0.0712803,False
rs12158565,56,41,-0.0616903,0.115469,False
rs12158565,56,42,-0.0674058,0.086818,False
rs12158565,56,43,-0.0624765,0.113963,False
rs12158565,56,44,-0.0542224,0.172557,False
rs12158565,56,45,-0.0685167,0.0868044,False
rs12158565,56,46,-0.0636975,0.113369,False
rs12158565,56,47,-0.0735424,0.0683575,False
rs12158565,56,48,-0.0658646,0.104309,False
rs12158565,56,49,-0.0619516,0.128397,False
rs12158565,56,50,-0.0593415,0.146875,False
rs12158565,56,51,-0.0536421,0.191023,False
rs12158565,56,52,-0.0398655,0.333249,False
rs12158565,56,53,-0.0502646,0.223538,False
rs12158565,56,54,-0.0637426,0.124232,False
rs12158565,56,55,-0.0623686,0.134041,False
rs12158565,56,56,-0.0597118,0.151853,False
rs12158565,56,57,-0.0483748,0.245894,False
rs12158565,56,58,-0.0432257,0.300746,False
rs12158565,56,59,-0.0648731,0.121299,False
rs12158565,56,60,-0.0604909,0.149362,False
rs12158565,56,61,-0.051261,0.221366,False
rs12158565,56,62,-0.0463285,0.270065,False
rs12158565,56,63,-0.0522055,0.213635,False
rs12158565,56,64,-0.0632353,0.132227,False
rs12158565,56,65,-0.0540145,0.199198,False
rs12158565,56,66,-0.047184,0.261739,False
rs12158565,56,67,-0.0506224,0.228232,False
rs12158565,56,68,-0.044718,0.287277,False
rs12158565,56,69,-0.0443336,0.290793,False
rs12158565,56,70,-0.0479034,0.253792,False
rs12158565,56,71,-0.0484797,0.247084,False
rs12158565,56,72,-0.0394091,0.34678,False
rs12158565,56,73,-0.0310796,0.457448,False
rs12158565,56,74,-0.0405293,0.332022,False
rs12158565,56,75,-0.0425779,0.307153,False
rs12158565,56,76,-0.0276589,0.507148,False
rs12158565,56,77,-0.0295431,0.477383,False
rs12158565,56,78,-0.0349759,0.3995,False
rs12158565,56,79,-0.0224337,0.588191,False
rs12158565,56,80,-0.0287987,0.48615,False
rs12158565,56,81,-0.0132,0.749124,False
rs12158565,56,82,-0.0194934,0.6367,False
rs12158565,56,83,-0.0113527,0.783089,False
rs12158565,56,84,-0.000614438,0.988102,False
rs12158565,56,85,0.00468484,0.909496,False
rs12158565,56,86,-0.00245633,0.952491,False
rs12158565,56,87,-0.0153476,0.709372,False
rs12158565,56,88,-0.0052336,0.898856,False
rs12158565,56,89,0.00214848,0.958398,False
rs12158565,56,90,0.000127325,0.997537,False
rs12158565,56,91,0.00438083,0.915587,False
rs12158565,56,92,-0.00230846,0.95554,False
rs12158565,56,93,0.00566378,0.891582,False
rs12158565,56,94,0.010752,0.796347,False
rs12158565,56,95,0.0064934,0.876749,False
rs12158565,56,96,0.00544277,0.896862,False
rs12158565,56,97,0.00465786,0.912107,False
rs12158565,56,98,0.0172298,0.684432,False
rs12158565,56,99,0.0172313,0.686183,False
rs12158565,56,100,0.00853871,0.84249,False
rs12158565,56,101,0.00647115,0.881247,False
rs12158565,56,102,-0.000227109,0.995854,False
rs12158565,56,103,0.00636164,0.885163,False
rs12158565,56,104,0.00371557,0.933371,False
rs12158565,56,105,-0.00423893,0.924826,False
rs12158565,56,106,0.0115983,0.798361,False
rs12158565,56,107,-0.000461287,0.991995,False
rs12158565,56,108,0.00876993,0.850646,False
rs12158565,56,109,0.00451089,0.923925,False
rs12158565,56,110,-0.00285393,0.952595,False
rs12158565,56,111,-0.00634179,0.896798,False
rs12158565,56,112,-0.0029851,0.952204,False
rs12158565,56,113,-0.00161371,0.974627,False
rs12158565,56,114,0.0168265,0.745166,False
rs12158565,56,115,-0.00570367,0.914118,False
rs12158565,56,116,-0.0084149,0.876175,False
rs12158565,56,117,0.000994901,0.985603,False
rs12158565,56,118,0.0121221,0.829426,False
rs12158565,56,119,0.00414691,0.94236,False
rs12158565,56,120,0.000108961,0.998511,False
rs12158565,56,121,0.000854251,0.988511,False
rs12158565,56,122,0.0038938,0.948371,False
rs12158565,56,123,0.0119922,0.8437,False
rs12158565,56,124,0.00544874,0.929382,False
rs12158565,56,125,0.00813118,0.895523,False
rs12158565,56,126,0.00745427,0.904582,False
rs12158565,56,127,0.00310991,0.960238,False
rs12158565,56,128,0.0033736,0.956901,False
rs12158565,56,129,-0.000195328,0.997503,False
rs12158565,56,130,0.00399655,0.948739,False
rs12158565,56,131,0.0105137,0.865217,False
rs12158565,56,132,0.00970075,0.874735,False
rs12158565,56,133,0.0212172,0.728281,False
rs12158565,56,134,0.0249899,0.679671,False
rs12158565,56,135,0.0141087,0.813916,False
rs12158565,56,136,0.02524,0.669657,False
rs12158565,56,137,0.0161904,0.78142,False
rs12158565,56,138,0.0277621,0.62985,False
rs12158565,56,139,0.0132797,0.815134,False
rs12158565,56,140,0.00447535,0.936315,False
rs12158565,56,141,0.0141153,0.798144,False
rs12158565,56,142,0.00715799,0.895405,False
rs12158565,56,143,0.00386255,0.942673,False
rs12158565,56,144,0.00664876,0.900251,False
rs12158565,56,145,-0.00456419,0.930516,False
rs12158565,56,146,-0.00122816,0.981079,False
rs12158565,56,147,0.00676583,0.894812,False
rs12158565,56,148,0.000726305,0.988535,False
rs12158565,56,149,-0.0113861,0.82007,False
rs12158565,56,150,-0.0238459,0.629922,False
rs12158565,56,151,-0.0160106,0.744139,False
rs12158565,56,152,-0.0222377,0.647297,False
rs12158565,56,153,-0.0280146,0.560682,False
rs12158565,56,154,-0.0238139,0.617504,False
rs12158565,56,155,-0.0274734,0.560898,False
rs12158565,56,156,-0.0370469,0.429223,False
rs12158565,56,157,-0.0311084,0.503046,False
rs12158565,56,158,-0.0407243,0.377255,False
rs12158565,56,159,-0.0441196,0.335648,False
rs12158565,56,160,-0.0405753,0.372326,False
rs12158565,56,161,-0.0451721,0.316104,False
rs12158565,56,162,-0.0432423,0.33462,False
rs12158565,56,163,-0.0471267,0.290065,False
rs12158565,56,164,-0.0326287,0.461673,False
rs12158565,56,165,-0.0349879,0.42818,False
rs12158565,56,166,-0.0378913,0.388823,False
rs12158565,56,167,-0.0583269,0.18363,False
rs12158565,56,168,-0.0618072,0.158593,False
rs12158565,56,169,-0.0577428,0.186593,False
rs12158565,56,170,-0.0562036,0.197677,False
rs12158565,56,171,-0.0653703,0.13434,False
rs12158565,56,172,-0.0672872,0.12311,False
rs12158565,56,173,-0.0638025,0.143793,False
rs12158565,56,174,-0.0713208,0.103032,False
rs12158565,56,175,-0.0804772,0.0660658,False
rs12158565,56,176,-0.103369,0.0183738,False
rs12158565,56,177,-0.0930968,0.0340772,False
rs12158565,56,178,-0.0863228,0.0498653,False
rs12158565,56,179,-0.0939448,0.0332666,False
rs12158565,56,180,-0.0956788,0.0303634,False
rs12158565,56,181,-0.0971744,0.0286734,False
rs12158565,56,182,-0.110202,0.0132426,False
rs12158565,56,183,-0.103831,0.0199008,False
rs12158565,56,184,-0.113585,0.0110257,False
rs12158565,56,185,-0.104418,0.019855,False
rs12158565,56,186,-0.107717,0.0164157,False
rs12158565,56,187,-0.123388,0.00606943,False
rs12158565,56,188,-0.119002,0.00827161,False
rs12158565,56,189,-0.112964,0.0123284,False
rs12158565,56,190,-0.105558,0.019701,False
rs12158565,56,191,-0.122718,0.00675026,False
rs12158565,56,192,-0.116728,0.010121,False
rs12158565,56,193,-0.124268,0.0062638,False
rs12158565,56,194,-0.123199,0.00680912,False
rs12158565,56,195,-0.130401,0.00419263,False
rs12158565,56,196,-0.122012,0.00743318,False
rs12158565,56,197,-0.132672,0.00369634,False
rs12158565,56,198,-0.137553,0.00259758,False
rs12158565,56,199,-0.131853,0.00393936,False
rs12158565,56,200,-0.140973,0.00207018,False
rs12158565,56,201,-0.144884,0.00155705,False
rs12158565,56,202,-0.158651,0.000526841,False
rs12158565,56,203,-0.156762,0.000618962,False
rs12158565,56,204,-0.168808,0.000227385,False
rs12158565,56,205,-0.154498,0.000748534,False
rs12158565,56,206,-0.150158,0.00103492,False
rs12158565,56,207,-0.17019,0.000198549,False
rs12158565,56,208,-0.156452,0.000628768,False
rs12158565,56,209,-0.165957,0.000287599,False
rs12158565,56,210,-0.175106,0.000125389,False
rs12158565,56,211,-0.162256,0.000381957,False
rs12158565,56,212,-0.16777,0.000243066,False
rs12158565,56,213,-0.174389,0.00013552,False
rs12158565,56,214,-0.177115,0.000106485,False
rs12158565,56,215,-0.166822,0.000266014,False
rs12158565,56,216,-0.168282,0.000231416,False
rs12158565,56,217,-0.170035,0.00019735,False
rs12158565,56,218,-0.170203,0.000195388,False
rs12158565,56,219,-0.182605,6.49214e-05,False
rs12158565,56,220,-0.171131,0.000182906,False
rs12158565,56,221,-0.174327,0.000138169,False
rs12158565,56,222,-0.180188,8.53001e-05,False
rs12158565,56,223,-0.176266,0.000122818,False
rs12158565,56,224,-0.178236,0.000106054,False
rs12158565,56,225,-0.19039,3.60626e-05,False
rs12158565,56,226,-0.189227,4.10296e-05,False
rs12158565,56,227,-0.186051,5.71805e-05,False
rs12158565,56,228,-0.177897,0.000124998,False
rs12158565,56,229,-0.181492,9.40534e-05,False
rs12158565,56,230,-0.189635,4.7553e-05,False
rs12158565,56,231,-0.190585,4.68144e-05,False
rs12158565,56,232,-0.180513,0.000123902,False
rs12158565,56,233,-0.180369,0.000132735,False
rs12158565,56,234,-0.192765,4.91135e-05,False
rs12158565,56,235,-0.186606,9.31423e-05,False
rs12158565,56,236,-0.181697,0.000150519,False
rs12158565,56,237,-0.177789,0.000226768,False
rs12158565,56,238,-0.185162,0.000134522,False
rs12158565,56,239,-0.18063,0.00021665,False
rs12158565,56,240,-0.174357,0.000393593,False
rs12158565,56,241,-0.181859,0.000240601,False
rs12158565,56,242,-0.173212,0.000523327,False
rs12158565,56,243,-0.161551,0.00134366,False
rs12158565,56,244,-0.162779,0.0014059,False
rs12158565,56,245,-0.149554,0.0037665,False
rs12158565,56,246,-0.156737,0.00275383,False
rs12158565,56,247,-0.159762,0.00264627,False
rs12158565,56,248,-0.159393,0.00325988,False
rs12158565,56,249,-0.161216,0.00352093,False
rs12158565,56,250,-0.14648,0.00937622,False
rs12158565,56,251,-0.16115,0.00506803,False
rs12158565,57,6,-0.0652598,0.0847357,False
rs12158565,57,7,-0.0698285,0.0629253,False
rs12158565,57,8,-0.0851644,0.0220719,False
rs12158565,57,9,-0.0860546,0.0193534,False
rs12158565,57,10,-0.0803943,0.0275815,False
rs12158565,57,11,-0.0725579,0.0452504,False
rs12158565,57,12,-0.0903347,0.012333,False
rs12158565,57,13,-0.06601,0.0659931,False
rs12158565,57,14,-0.0807823,0.0239468,False
rs12158565,57,15,-0.078559,0.0278814,False
rs12158565,57,16,-0.063158,0.076675,False
rs12158565,57,17,-0.0781816,0.028622,False
rs12158565,57,18,-0.0702629,0.0495531,False
rs12158565,57,19,-0.0763287,0.0328654,False
rs12158565,57,20,-0.0650982,0.069701,False
rs12158565,57,21,-0.0830312,0.0210556,False
rs12158565,57,22,-0.0829871,0.0217765,False
rs12158565,57,23,-0.0760445,0.0358641,False
rs12158565,57,24,-0.0799703,0.0278774,False
rs12158565,57,25,-0.0717752,0.0497314,False
rs12158565,57,26,-0.07751,0.0346482,False
rs12158565,57,27,-0.0747638,0.0423984,False
rs12158565,57,28,-0.0848446,0.0216879,False
rs12158565,57,29,-0.0849597,0.0223274,False
rs12158565,57,30,-0.076733,0.0395667,False
rs12158565,57,31,-0.0694844,0.0633161,False
rs12158565,57,32,-0.0907883,0.0156244,False
rs12158565,57,33,-0.0758474,0.044228,False
rs12158565,57,34,-0.0744894,0.0495633,False
rs12158565,57,35,-0.0738287,0.053233,False
rs12158565,57,36,-0.0723181,0.0591475,False
rs12158565,57,37,-0.080709,0.0361962,False
rs12158565,57,38,-0.0774152,0.0456117,False
rs12158565,57,39,-0.0783335,0.044236,False
rs12158565,57,40,-0.0773999,0.047986,False
rs12158565,57,41,-0.0729395,0.0639761,False
rs12158565,57,42,-0.0772823,0.0509784,False
rs12158565,57,43,-0.0666653,0.0937513,False
rs12158565,57,44,-0.0654717,0.101951,False
rs12158565,57,45,-0.0804314,0.0455745,False
rs12158565,57,46,-0.0671769,0.0965955,False
rs12158565,57,47,-0.0675615,0.0965068,False
rs12158565,57,48,-0.0693432,0.0894904,False
rs12158565,57,49,-0.0614781,0.133104,False
rs12158565,57,50,-0.0605287,0.141188,False
rs12158565,57,51,-0.0578562,0.160834,False
rs12158565,57,52,-0.0594421,0.15126,False
rs12158565,57,53,-0.0692549,0.0951143,False
rs12158565,57,54,-0.0543059,0.192487,False
rs12158565,57,55,-0.0627379,0.133025,False
rs12158565,57,56,-0.0527783,0.207329,False
rs12158565,57,57,-0.0526267,0.209827,False
rs12158565,57,58,-0.0515209,0.220269,False
rs12158565,57,59,-0.0506656,0.228654,False
rs12158565,57,60,-0.0503244,0.231651,False
rs12158565,57,61,-0.0497204,0.238289,False
rs12158565,57,62,-0.055572,0.18759,False
rs12158565,57,63,-0.0429985,0.307823,False
rs12158565,57,64,-0.0454102,0.282147,False
rs12158565,57,65,-0.0532717,0.206454,False
rs12158565,57,66,-0.0380222,0.367535,False
rs12158565,57,67,-0.0402397,0.340008,False
rs12158565,57,68,-0.0371676,0.377461,False
rs12158565,57,69,-0.037356,0.374684,False
rs12158565,57,70,-0.048359,0.249518,False
rs12158565,57,71,-0.0340586,0.416955,False
rs12158565,57,72,-0.0410729,0.327273,False
rs12158565,57,73,-0.0464135,0.267781,False
rs12158565,57,74,-0.0506416,0.225204,False
rs12158565,57,75,-0.0565199,0.175716,False
rs12158565,57,76,-0.0297033,0.475525,False
rs12158565,57,77,-0.0413148,0.320112,False
rs12158565,57,78,-0.0399115,0.337378,False
rs12158565,57,79,-0.0231305,0.577152,False
rs12158565,57,80,-0.0222577,0.590609,False
rs12158565,57,81,-0.0338092,0.413357,False
rs12158565,57,82,-0.0295257,0.475228,False
rs12158565,57,83,-0.0260416,0.528139,False
rs12158565,57,84,-0.0234838,0.568989,False
rs12158565,57,85,-0.0232795,0.572271,False
rs12158565,57,86,-0.0209098,0.61203,False
rs12158565,57,87,-0.0223069,0.589035,False
rs12158565,57,88,-0.0134622,0.744417,False
rs12158565,57,89,-0.0177451,0.668083,False
rs12158565,57,90,-0.00264094,0.949161,False
rs12158565,57,91,0.020197,0.626458,False
rs12158565,57,92,0.0121123,0.77134,False
rs12158565,57,93,0.0068852,0.86917,False
rs12158565,57,94,0.00271457,0.948409,False
rs12158565,57,95,0.00115517,0.978131,False
rs12158565,57,96,0.0119431,0.777685,False
rs12158565,57,97,0.00437104,0.918234,False
rs12158565,57,98,0.00331236,0.938288,False
rs12158565,57,99,0.012279,0.775936,False
rs12158565,57,100,0.0131813,0.761335,False
rs12158565,57,101,0.0111852,0.798398,False
rs12158565,57,102,0.00939959,0.831641,False
rs12158565,57,103,0.00868256,0.845772,False
rs12158565,57,104,0.0117408,0.794483,False
rs12158565,57,105,0.0163772,0.719695,False
rs12158565,57,106,0.0133031,0.773655,False
rs12158565,57,107,0.00340236,0.942095,False
rs12158565,57,108,0.0139306,0.769769,False
rs12158565,57,109,0.0077824,0.872401,False
rs12158565,57,110,0.0123141,0.802591,False
rs12158565,57,111,0.0133239,0.790805,False
rs12158565,57,112,0.00295164,0.954271,False
rs12158565,57,113,0.00480107,0.927171,False
rs12158565,57,114,-0.00474915,0.929617,False
rs12158565,57,115,0.00989654,0.857258,False
rs12158565,57,116,0.00790802,0.888197,False
rs12158565,57,117,-0.00252841,0.964917,False
rs12158565,57,118,-0.00897838,0.878331,False
rs12158565,57,119,-0.0103224,0.862727,False
rs12158565,57,120,-0.0126069,0.835276,False
rs12158565,57,121,-0.0189147,0.758372,False
rs12158565,57,122,-0.0156496,0.801161,False
rs12158565,57,123,-0.0111441,0.859046,False
rs12158565,57,124,-0.00075638,0.990445,False
rs12158565,57,125,-0.0123066,0.846413,False
rs12158565,57,126,-0.0104401,0.869871,False
rs12158565,57,127,-0.00785544,0.901943,False
rs12158565,57,128,0.00678115,0.91534,False
rs12158565,57,129,0.00629798,0.921278,False
rs12158565,57,130,0.000247044,0.996902,False
rs12158565,57,131,0.00556236,0.930059,False
rs12158565,57,132,0.00932334,0.882403,False
rs12158565,57,133,0.00726266,0.907706,False
rs12158565,57,134,0.00654372,0.916283,False
rs12158565,57,135,0.00525792,0.932027,False
rs12158565,57,136,0.0190408,0.754755,False
rs12158565,57,137,0.0242866,0.687323,False
rs12158565,57,138,0.0339019,0.568679,False
rs12158565,57,139,0.0212567,0.71704,False
rs12158565,57,140,0.0242409,0.674875,False
rs12158565,57,141,0.025199,0.657807,False
rs12158565,57,142,0.0217911,0.697583,False
rs12158565,57,143,0.0133796,0.808615,False
rs12158565,57,144,-0.00134431,0.98031,False
rs12158565,57,145,0.0153575,0.774961,False
rs12158565,57,146,-0.00196297,0.970411,False
rs12158565,57,147,0.00467368,0.928834,False
rs12158565,57,148,-0.009407,0.855478,False
rs12158565,57,149,-0.00867959,0.865134,False
rs12158565,57,150,-0.00725097,0.88579,False
rs12158565,57,151,-0.0116466,0.815893,False
rs12158565,57,152,-0.0123343,0.803061,False
rs12158565,57,153,-0.0141048,0.773412,False
rs12158565,57,154,-0.0188113,0.698195,False
rs12158565,57,155,-0.0122451,0.798839,False
rs12158565,57,156,-0.013419,0.77843,False
rs12158565,57,157,-0.0235831,0.617248,False
rs12158565,57,158,-0.0224944,0.630344,False
rs12158565,57,159,-0.0246575,0.594958,False
rs12158565,57,160,-0.0222993,0.627959,False
rs12158565,57,161,-0.0348117,0.44593,False
rs12158565,57,162,-0.0343344,0.449007,False
rs12158565,57,163,-0.0416493,0.355137,False
rs12158565,57,164,-0.0542057,0.226726,False
rs12158565,57,165,-0.045491,0.307207,False
rs12158565,57,166,-0.0505864,0.253886,False
rs12158565,57,167,-0.0542742,0.219937,False
rs12158565,57,168,-0.0580932,0.187432,False
rs12158565,57,169,-0.0588544,0.180454,False
rs12158565,57,170,-0.0535266,0.222323,False
rs12158565,57,171,-0.0656531,0.133871,False
rs12158565,57,172,-0.0548089,0.21112,False
rs12158565,57,173,-0.0699832,0.109879,False
rs12158565,57,174,-0.0802345,0.0666015,False
rs12158565,57,175,-0.0745072,0.0883293,False
rs12158565,57,176,-0.0792655,0.0699738,False
rs12158565,57,177,-0.0794194,0.0700277,False
rs12158565,57,178,-0.0843433,0.0551663,False
rs12158565,57,179,-0.0952697,0.0305493,False
rs12158565,57,180,-0.0923161,0.0365893,False
rs12158565,57,181,-0.100642,0.0230522,False
rs12158565,57,182,-0.101656,0.0220154,False
rs12158565,57,183,-0.0951256,0.0324398,False
rs12158565,57,184,-0.095593,0.031906,False
rs12158565,57,185,-0.092338,0.0388767,False
rs12158565,57,186,-0.0852213,0.0573156,False
rs12158565,57,187,-0.098142,0.0286852,False
rs12158565,57,188,-0.108985,0.0154431,False
rs12158565,57,189,-0.106801,0.0177963,False
rs12158565,57,190,-0.104246,0.0209647,False
rs12158565,57,191,-0.111203,0.0140329,False
rs12158565,57,192,-0.113651,0.0121982,False
rs12158565,57,193,-0.113345,0.0126332,False
rs12158565,57,194,-0.120675,0.00800662,False
rs12158565,57,195,-0.126579,0.00547117,False
rs12158565,57,196,-0.123869,0.00659106,False
rs12158565,57,197,-0.126438,0.00560025,False
rs12158565,57,198,-0.12668,0.00552206,False
rs12158565,57,199,-0.125625,0.00597283,False
rs12158565,57,200,-0.132801,0.0037179,False
rs12158565,57,201,-0.129515,0.00470097,False
rs12158565,57,202,-0.119798,0.00899514,False
rs12158565,57,203,-0.128527,0.0050497,False
rs12158565,57,204,-0.145699,0.00146693,False
rs12158565,57,205,-0.141111,0.00204846,False
rs12158565,57,206,-0.147216,0.0012884,False
rs12158565,57,207,-0.157058,0.000609044,False
rs12158565,57,208,-0.156609,0.000618366,False
rs12158565,57,209,-0.156354,0.000628049,False
rs12158565,57,210,-0.151514,0.000910269,False
rs12158565,57,211,-0.146979,0.00129541,False
rs12158565,57,212,-0.150137,0.00100961,False
rs12158565,57,213,-0.154061,0.000730272,False
rs12158565,57,214,-0.162381,0.000376384,False
rs12158565,57,215,-0.169757,0.000197787,False
rs12158565,57,216,-0.168034,0.000230028,False
rs12158565,57,217,-0.16727,0.000251154,False
rs12158565,57,218,-0.17301,0.000151787,False
rs12158565,57,219,-0.158387,0.000522506,False
rs12158565,57,220,-0.168944,0.000222176,False
rs12158565,57,221,-0.162022,0.000395037,False
rs12158565,57,222,-0.165554,0.000298065,False
rs12158565,57,223,-0.175644,0.000127357,False
rs12158565,57,224,-0.182164,7.30425e-05,False
rs12158565,57,225,-0.179113,9.75734e-05,False
rs12158565,57,226,-0.188859,4.1483e-05,False
rs12158565,57,227,-0.175745,0.000140488,False
rs12158565,57,228,-0.178214,0.000117489,False
rs12158565,57,229,-0.187205,5.58874e-05,False
rs12158565,57,230,-0.18658,6.26026e-05,False
rs12158565,57,231,-0.171062,0.000258359,False
rs12158565,57,232,-0.183245,9.54472e-05,False
rs12158565,57,233,-0.19511,3.4586e-05,False
rs12158565,57,234,-0.192697,4.70693e-05,False
rs12158565,57,235,-0.194652,4.27323e-05,False
rs12158565,57,236,-0.197101,3.80186e-05,False
rs12158565,57,237,-0.196105,4.44133e-05,False
rs12158565,57,238,-0.198466,4.02382e-05,False
rs12158565,57,239,-0.208065,1.85173e-05,False
rs12158565,57,240,-0.206653,2.46361e-05,False
rs12158565,57,241,-0.20201,4.25866e-05,False
rs12158565,57,242,-0.208492,2.83008e-05,False
rs12158565,57,243,-0.214136,2.06657e-05,False
rs12158565,57,244,-0.21163,3.18217e-05,False
rs12158565,57,245,-0.208442,5.16909e-05,False
rs12158565,57,246,-0.203865,9.51599e-05,False
rs12158565,57,247,-0.217828,4.04459e-05,False
rs12158565,57,248,-0.223174,3.64742e-05,False
rs12158565,57,249,-0.2135,0.000105544,False
rs12158565,57,250,-0.217296,0.000109689,False
rs12158565,57,251,-0.225463,8.46688e-05,False
rs12158565,58,6,-0.0676066,0.0766051,False
rs12158565,58,7,-0.065155,0.0848392,False
rs12158565,58,8,-0.0637607,0.0884384,False
rs12158565,58,9,-0.0686469,0.0641425,False
rs12158565,58,10,-0.0666949,0.0698141,False
rs12158565,58,11,-0.0711857,0.0511754,False
rs12158565,58,12,-0.0606947,0.0943851,False
rs12158565,58,13,-0.05945,0.099642,False
rs12158565,58,14,-0.0740445,0.0397431,False
rs12158565,58,15,-0.06914,0.054463,False
rs12158565,58,16,-0.0598609,0.0959066,False
rs12158565,58,17,-0.0504771,0.160494,False
rs12158565,58,18,-0.0694001,0.053527,False
rs12158565,58,19,-0.065695,0.0676467,False
rs12158565,58,20,-0.0552867,0.125755,False
rs12158565,58,21,-0.0771911,0.0331262,False
rs12158565,58,22,-0.0771345,0.0338147,False
rs12158565,58,23,-0.06474,0.0757281,False
rs12158565,58,24,-0.0761045,0.0377742,False
rs12158565,58,25,-0.0641358,0.0810264,False
rs12158565,58,26,-0.0600913,0.103546,False
rs12158565,58,27,-0.0618333,0.0955835,False
rs12158565,58,28,-0.0648063,0.0819163,False
rs12158565,58,29,-0.0626444,0.0933069,False
rs12158565,58,30,-0.0587495,0.117865,False
rs12158565,58,31,-0.0665422,0.0780555,False
rs12158565,58,32,-0.0783974,0.0390294,False
rs12158565,58,33,-0.073298,0.0549662,False
rs12158565,58,34,-0.0720516,0.0606195,False
rs12158565,58,35,-0.0659913,0.0868958,False
rs12158565,58,36,-0.0679974,0.0789033,False
rs12158565,58,37,-0.0802759,0.0389503,False
rs12158565,58,38,-0.0836801,0.0323213,False
rs12158565,58,39,-0.0672209,0.0865889,False
rs12158565,58,40,-0.0508107,0.197163,False
rs12158565,58,41,-0.0575188,0.147019,False
rs12158565,58,42,-0.0699221,0.0790284,False
rs12158565,58,43,-0.0534518,0.182153,False
rs12158565,58,44,-0.0714751,0.0759494,False
rs12158565,58,45,-0.0563246,0.163942,False
rs12158565,58,46,-0.0559801,0.168523,False
rs12158565,58,47,-0.0566117,0.165824,False
rs12158565,58,48,-0.0509927,0.213913,False
rs12158565,58,49,-0.0575289,0.162796,False
rs12158565,58,50,-0.0695186,0.0929606,False
rs12158565,58,51,-0.0628297,0.130074,False
rs12158565,58,52,-0.0550238,0.186388,False
rs12158565,58,53,-0.045549,0.275416,False
rs12158565,58,54,-0.0414982,0.321866,False
rs12158565,58,55,-0.0399227,0.341938,False
rs12158565,58,56,-0.0344998,0.412098,False
rs12158565,58,57,-0.0472987,0.261413,False
rs12158565,58,58,-0.0387729,0.358906,False
rs12158565,58,59,-0.0533414,0.207937,False
rs12158565,58,60,-0.0574462,0.17476,False
rs12158565,58,61,-0.0543601,0.198782,False
rs12158565,58,62,-0.0360994,0.394069,False
rs12158565,58,63,-0.0335206,0.429332,False
rs12158565,58,64,-0.0437837,0.301388,False
rs12158565,58,65,-0.0481786,0.255625,False
rs12158565,58,66,-0.0516646,0.222042,False
rs12158565,58,67,-0.057708,0.172079,False
rs12158565,58,68,-0.0400734,0.342265,False
rs12158565,58,69,-0.0424041,0.315132,False
rs12158565,58,70,-0.0379651,0.368268,False
rs12158565,58,71,-0.0555902,0.186476,False
rs12158565,58,72,-0.0521323,0.214575,False
rs12158565,58,73,-0.0444248,0.289107,False
rs12158565,58,74,-0.0323452,0.439893,False
rs12158565,58,75,-0.0220048,0.597803,False
rs12158565,58,76,-0.0283366,0.496661,False
rs12158565,58,77,-0.0199554,0.631485,False
rs12158565,58,78,-0.0249621,0.548577,False
rs12158565,58,79,-0.0240689,0.561491,False
rs12158565,58,80,-0.0159965,0.699635,False
rs12158565,58,81,-0.0175292,0.672101,False
rs12158565,58,82,-0.00997056,0.809421,False
rs12158565,58,83,-0.0171536,0.67761,False
rs12158565,58,84,-0.0257892,0.532877,False
rs12158565,58,85,-0.0137211,0.740168,False
rs12158565,58,86,-0.0129644,0.753954,False
rs12158565,58,87,-0.00814959,0.844095,False
rs12158565,58,88,-0.00967241,0.815384,False
rs12158565,58,89,0.00686253,0.868651,False
rs12158565,58,90,0.00705938,0.865336,False
rs12158565,58,91,0.00790155,0.849781,False
rs12158565,58,92,0.0165954,0.691803,False
rs12158565,58,93,0.0141569,0.736284,False
rs12158565,58,94,-0.00115043,0.978273,False
rs12158565,58,95,-0.000208092,0.996088,False
rs12158565,58,96,0.0199893,0.639469,False
rs12158565,58,97,0.0105061,0.806414,False
rs12158565,58,98,0.0022329,0.958723,False
rs12158565,58,99,0.0138949,0.749403,False
rs12158565,58,100,0.00856452,0.845388,False
rs12158565,58,101,0.0193392,0.662126,False
rs12158565,58,102,0.0214772,0.630023,False
rs12158565,58,103,0.0115274,0.798531,False
rs12158565,58,104,0.0121373,0.79034,False
rs12158565,58,105,0.00803397,0.862078,False
rs12158565,58,106,0.0167977,0.720334,False
rs12158565,58,107,0.0136071,0.775205,False
rs12158565,58,108,-0.0046675,0.923376,False
rs12158565,58,109,0.00269688,0.956588,False
rs12158565,58,110,-0.000325075,0.994872,False
rs12158565,58,111,0.00245608,0.96217,False
rs12158565,58,112,0.00820895,0.87682,False
rs12158565,58,113,0.0048789,0.928362,False
rs12158565,58,114,-0.0155155,0.780329,False
rs12158565,58,115,0.00571916,0.919937,False
rs12158565,58,116,0.00217417,0.970173,False
rs12158565,58,117,-0.000202167,0.99728,False
rs12158565,58,118,-0.0158294,0.792851,False
rs12158565,58,119,-0.0109472,0.857854,False
rs12158565,58,120,-0.0107874,0.861267,False
rs12158565,58,121,-0.00780722,0.900159,False
rs12158565,58,122,0.00327514,0.958293,False
rs12158565,58,123,-0.000575503,0.992701,False
rs12158565,58,124,0.00276973,0.964976,False
rs12158565,58,125,0.00561762,0.929198,False
rs12158565,58,126,0.00701886,0.911764,False
rs12158565,58,127,0.00452658,0.943042,False
rs12158565,58,128,0.0125184,0.843361,False
rs12158565,58,129,0.0191795,0.761923,False
rs12158565,58,130,0.0155162,0.806211,False
rs12158565,58,131,0.0288686,0.647335,False
rs12158565,58,132,0.0319276,0.612295,False
rs12158565,58,133,0.037539,0.550564,False
rs12158565,58,134,0.0223181,0.72184,False
rs12158565,58,135,0.0336839,0.588992,False
rs12158565,58,136,0.0382745,0.536605,False
rs12158565,58,137,0.0340353,0.57933,False
rs12158565,58,138,0.02932,0.629174,False
rs12158565,58,139,0.0299952,0.617599,False
rs12158565,58,140,0.0381196,0.520401,False
rs12158565,58,141,0.0391208,0.503193,False
rs12158565,58,142,0.0367277,0.5231,False
rs12158565,58,143,0.0227467,0.687993,False
rs12158565,58,144,0.016057,0.773113,False
rs12158565,58,145,0.0159867,0.770833,False
rs12158565,58,146,0.0100528,0.852534,False
rs12158565,58,147,0.00258934,0.961264,False
rs12158565,58,148,-0.00535728,0.918843,False
rs12158565,58,149,0.0099922,0.847339,False
rs12158565,58,150,-0.00217652,0.966146,False
rs12158565,58,151,-0.0187718,0.711181,False
rs12158565,58,152,-0.00558071,0.911362,False
rs12158565,58,153,-0.00162495,0.973876,False
rs12158565,58,154,-0.0217368,0.657793,False
rs12158565,58,155,-0.019728,0.684537,False
rs12158565,58,156,-0.0358732,0.45613,False
rs12158565,58,157,-0.0321557,0.499951,False
rs12158565,58,158,-0.0324276,0.492866,False
rs12158565,58,159,-0.0270596,0.56311,False
rs12158565,58,160,-0.0248145,0.592707,False
rs12158565,58,161,-0.0313301,0.496656,False
rs12158565,58,162,-0.0300661,0.510447,False
rs12158565,58,163,-0.039355,0.385668,False
rs12158565,58,164,-0.0455609,0.312137,False
rs12158565,58,165,-0.0505333,0.259861,False
rs12158565,58,166,-0.0533226,0.232115,False
rs12158565,58,167,-0.0506506,0.25368,False
rs12158565,58,168,-0.0566839,0.199251,False
rs12158565,58,169,-0.047101,0.284623,False
rs12158565,58,170,-0.0539514,0.219688,False
rs12158565,58,171,-0.0565066,0.198223,False
rs12158565,58,172,-0.0548635,0.210148,False
rs12158565,58,173,-0.0614166,0.160283,False
rs12158565,58,174,-0.0685734,0.117269,False
rs12158565,58,175,-0.0690039,0.115023,False
rs12158565,58,176,-0.0643954,0.141596,False
rs12158565,58,177,-0.0570558,0.193119,False
rs12158565,58,178,-0.0821768,0.0615084,False
rs12158565,58,179,-0.0881927,0.0452162,False
rs12158565,58,180,-0.0855879,0.0525352,False
rs12158565,58,181,-0.0797112,0.0715552,False
rs12158565,58,182,-0.100746,0.0230297,False
rs12158565,58,183,-0.0970681,0.0289189,False
rs12158565,58,184,-0.0980345,0.0276221,False
rs12158565,58,185,-0.108235,0.0152742,False
rs12158565,58,186,-0.115842,0.00964802,False
rs12158565,58,187,-0.108444,0.0155242,False
rs12158565,58,188,-0.124195,0.00571647,False
rs12158565,58,189,-0.123413,0.0060892,False
rs12158565,58,190,-0.12431,0.0058293,False
rs12158565,58,191,-0.126058,0.0053864,False
rs12158565,58,192,-0.128318,0.00462563,False
rs12158565,58,193,-0.135407,0.00286275,False
rs12158565,58,194,-0.134163,0.00317971,False
rs12158565,58,195,-0.139091,0.00225172,False
rs12158565,58,196,-0.151886,0.000868037,False
rs12158565,58,197,-0.153507,0.000777873,False
rs12158565,58,198,-0.141826,0.00193202,False
rs12158565,58,199,-0.154699,0.00074021,False
rs12158565,58,200,-0.14486,0.00157435,False
rs12158565,58,201,-0.15141,0.000968376,False
rs12158565,58,202,-0.168121,0.000247196,False
rs12158565,58,203,-0.160276,0.000472808,False
rs12158565,58,204,-0.162305,0.00040818,False
rs12158565,58,205,-0.166103,0.000295131,False
rs12158565,58,206,-0.159974,0.000494055,False
rs12158565,58,207,-0.161225,0.000447732,False
rs12158565,58,208,-0.164547,0.000338475,False
rs12158565,58,209,-0.162921,0.000386796,False
rs12158565,58,210,-0.16274,0.000387708,False
rs12158565,58,211,-0.162636,0.000384038,False
rs12158565,58,212,-0.156743,0.00062565,False
rs12158565,58,213,-0.171818,0.000174028,False
rs12158565,58,214,-0.160693,0.000440717,False
rs12158565,58,215,-0.163965,0.000335751,False
rs12158565,58,216,-0.183993,5.72407e-05,False
rs12158565,58,217,-0.17609,0.000117458,False
rs12158565,58,218,-0.179202,9.08987e-05,False
rs12158565,58,219,-0.172468,0.000165129,False
rs12158565,58,220,-0.164369,0.000328586,False
rs12158565,58,221,-0.17767,0.000104884,False
rs12158565,58,222,-0.177505,0.000107089,False
rs12158565,58,223,-0.176569,0.000121093,False
rs12158565,58,224,-0.181611,7.77431e-05,False
rs12158565,58,225,-0.190609,3.54591e-05,False
rs12158565,58,226,-0.180797,8.97102e-05,False
rs12158565,58,227,-0.181472,8.77199e-05,False
rs12158565,58,228,-0.192823,3.20331e-05,False
rs12158565,58,229,-0.200572,1.59694e-05,False
rs12158565,58,230,-0.189402,4.84279e-05,False
rs12158565,58,231,-0.19059,4.68275e-05,False
rs12158565,58,232,-0.199316,2.22629e-05,False
rs12158565,58,233,-0.175566,0.00019686,False
rs12158565,58,234,-0.187489,7.52058e-05,False
rs12158565,58,235,-0.191363,5.85071e-05,False
rs12158565,58,236,-0.190516,6.68181e-05,False
rs12158565,58,237,-0.184375,0.000127061,False
rs12158565,58,238,-0.18276,0.000160266,False
rs12158565,58,239,-0.188299,0.000110522,False
rs12158565,58,240,-0.193335,8.03703e-05,False
rs12158565,58,241,-0.214873,1.37328e-05,False
rs12158565,58,242,-0.205438,3.7503e-05,False
rs12158565,58,243,-0.205153,4.49555e-05,False
rs12158565,58,244,-0.220951,1.41882e-05,False
rs12158565,58,245,-0.245663,1.85163e-06,False
rs12158565,58,246,-0.228964,1.15305e-05,False
rs12158565,58,247,-0.231235,1.28652e-05,False
rs12158565,58,248,-0.234081,1.3982e-05,False
rs12158565,58,249,-0.248768,6.01051e-06,False
rs12158565,58,250,-0.254279,5.70228e-06,False
rs12158565,58,251,-0.259034,5.95447e-06,False
rs12158565,59,6,-0.0956385,0.0131843,False
rs12158565,59,7,-0.0838246,0.0280461,False
rs12158565,59,8,-0.0796458,0.0352162,False
rs12158565,59,9,-0.094053,0.0117458,False
rs12158565,59,10,-0.0783642,0.0341706,False
rs12158565,59,11,-0.0881498,0.0161258,False
rs12158565,59,12,-0.0781445,0.0325749,False
rs12158565,59,13,-0.0774886,0.0334445,False
rs12158565,59,14,-0.0769152,0.0339464,False
rs12158565,59,15,-0.0755029,0.0373662,False
rs12158565,59,16,-0.0747661,0.0388,False
rs12158565,59,17,-0.0720578,0.0459296,False
rs12158565,59,18,-0.0716379,0.0475487,False
rs12158565,59,19,-0.0649735,0.072885,False
rs12158565,59,20,-0.0557557,0.124087,False
rs12158565,59,21,-0.0643088,0.0769458,False
rs12158565,59,22,-0.0707469,0.0526454,False
rs12158565,59,23,-0.059943,0.10102,False
rs12158565,59,24,-0.0538608,0.141874,False
rs12158565,59,25,-0.0564077,0.125691,False
rs12158565,59,26,-0.0618292,0.0945653,False
rs12158565,59,27,-0.0537536,0.148124,False
rs12158565,59,28,-0.0737074,0.0480743,False
rs12158565,59,29,-0.0849401,0.0234224,False
rs12158565,59,30,-0.0648367,0.0847879,False
rs12158565,59,31,-0.0623116,0.0993524,False
rs12158565,59,32,-0.0575944,0.128663,False
rs12158565,59,33,-0.0610086,0.109914,False
rs12158565,59,34,-0.0565658,0.140494,False
rs12158565,59,35,-0.0661416,0.0862055,False
rs12158565,59,36,-0.0693457,0.0735554,False
rs12158565,59,37,-0.0699256,0.0729643,False
rs12158565,59,38,-0.0648967,0.0975014,False
rs12158565,59,39,-0.0603239,0.125312,False
rs12158565,59,40,-0.0582805,0.14055,False
rs12158565,59,41,-0.060035,0.131151,False
rs12158565,59,42,-0.0714935,0.0737923,False
rs12158565,59,43,-0.0619356,0.122785,False
rs12158565,59,44,-0.0578578,0.151896,False
rs12158565,59,45,-0.0542498,0.181609,False
rs12158565,59,46,-0.0540121,0.184658,False
rs12158565,59,47,-0.060661,0.13814,False
rs12158565,59,48,-0.0558717,0.174281,False
rs12158565,59,49,-0.0490187,0.236184,False
rs12158565,59,50,-0.0519907,0.210817,False
rs12158565,59,51,-0.0456463,0.272966,False
rs12158565,59,52,-0.0640295,0.126029,False
rs12158565,59,53,-0.0522398,0.213205,False
rs12158565,59,54,-0.0607638,0.148108,False
rs12158565,59,55,-0.054688,0.194252,False
rs12158565,59,56,-0.0536249,0.204238,False
rs12158565,59,57,-0.0437396,0.301821,False
rs12158565,59,58,-0.0486844,0.25078,False
rs12158565,59,59,-0.0570049,0.178584,False
rs12158565,59,60,-0.0488668,0.249113,False
rs12158565,59,61,-0.0368479,0.385514,False
rs12158565,59,62,-0.0408709,0.335476,False
rs12158565,59,63,-0.0339358,0.423863,False
rs12158565,59,64,-0.0374308,0.377688,False
rs12158565,59,65,-0.0275857,0.515747,False
rs12158565,59,66,-0.0482894,0.254587,False
rs12158565,59,67,-0.0572515,0.175896,False
rs12158565,59,68,-0.0537095,0.203763,False
rs12158565,59,69,-0.0552104,0.191504,False
rs12158565,59,70,-0.0487611,0.248356,False
rs12158565,59,71,-0.0370788,0.378797,False
rs12158565,59,72,-0.0420995,0.315869,False
rs12158565,59,73,-0.0418641,0.318262,False
rs12158565,59,74,-0.0428192,0.305709,False
rs12158565,59,75,-0.0339099,0.416901,False
rs12158565,59,76,-0.0274193,0.51083,False
rs12158565,59,77,-0.0418986,0.313532,False
rs12158565,59,78,-0.0338389,0.415571,False
rs12158565,59,79,-0.0293081,0.480385,False
rs12158565,59,80,-0.0204723,0.621931,False
rs12158565,59,81,-0.026399,0.524029,False
rs12158565,59,82,-0.0135989,0.742637,False
rs12158565,59,83,-0.025011,0.546339,False
rs12158565,59,84,-0.0133017,0.748111,False
rs12158565,59,85,-0.0195251,0.637689,False
rs12158565,59,86,-0.00206243,0.960249,False
rs12158565,59,87,-0.00461472,0.911373,False
rs12158565,59,88,0.00149655,0.971283,False
rs12158565,59,89,0.00172831,0.96691,False
rs12158565,59,90,0.00846493,0.839232,False
rs12158565,59,91,0.0150946,0.718596,False
rs12158565,59,92,0.0114296,0.785662,False
rs12158565,59,93,0.00824204,0.844979,False
rs12158565,59,94,0.00446265,0.916114,False
rs12158565,59,95,0.0096381,0.821159,False
rs12158565,59,96,0.0129682,0.762275,False
rs12158565,59,97,0.00967936,0.82266,False
rs12158565,59,98,-0.00953769,0.826412,False
rs12158565,59,99,-0.0017173,0.968747,False
rs12158565,59,100,0.00999433,0.821182,False
rs12158565,59,101,0.00864526,0.846685,False
rs12158565,59,102,0.0119935,0.790605,False
rs12158565,59,103,0.00574518,0.899993,False
rs12158565,59,104,-0.0024903,0.95713,False
rs12158565,59,105,-0.00200861,0.965929,False
rs12158565,59,106,0.0021642,0.963831,False
rs12158565,59,107,-0.0102584,0.832982,False
rs12158565,59,108,0.000168232,0.997298,False
rs12158565,59,109,-0.00433477,0.932014,False
rs12158565,59,110,-0.00751731,0.884981,False
rs12158565,59,111,-0.0023756,0.964435,False
rs12158565,59,112,-0.01284,0.814152,False
rs12158565,59,113,-0.0146255,0.793835,False
rs12158565,59,114,-0.00789191,0.890289,False
rs12158565,59,115,-0.0166932,0.774995,False
rs12158565,59,116,-0.01518,0.798005,False
rs12158565,59,117,-0.0109591,0.855379,False
rs12158565,59,118,-0.0164335,0.786921,False
rs12158565,59,119,-0.0182219,0.765783,False
rs12158565,59,120,-0.0246737,0.687873,False
rs12158565,59,121,-0.0239847,0.696878,False
rs12158565,59,122,-0.00869818,0.887687,False
rs12158565,59,123,-0.0144589,0.814569,False
rs12158565,59,124,-0.0006567,0.9915,False
rs12158565,59,125,0.00252208,0.967321,False
rs12158565,59,126,-0.00119488,0.984506,False
rs12158565,59,127,0.00489866,0.936604,False
rs12158565,59,128,0.00390597,0.949379,False
rs12158565,59,129,0.00888087,0.885142,False
rs12158565,59,130,0.0319271,0.603666,False
rs12158565,59,131,0.0221702,0.718637,False
rs12158565,59,132,0.0156588,0.799263,False
rs12158565,59,133,0.0224543,0.715623,False
rs12158565,59,134,0.0201221,0.744125,False
rs12158565,59,135,0.0252539,0.681952,False
rs12158565,59,136,0.0218479,0.722469,False
rs12158565,59,137,0.0274771,0.654471,False
rs12158565,59,138,0.038576,0.52822,False
rs12158565,59,139,0.0419686,0.489202,False
rs12158565,59,140,0.0438077,0.466319,False
rs12158565,59,141,0.0398875,0.502228,False
rs12158565,59,142,0.0394875,0.500542,False
rs12158565,59,143,0.030751,0.594825,False
rs12158565,59,144,0.0274253,0.630087,False
rs12158565,59,145,0.0213083,0.703872,False
rs12158565,59,146,0.00798206,0.884809,False
rs12158565,59,147,0.00680241,0.900303,False
rs12158565,59,148,-0.0082599,0.877167,False
rs12158565,59,149,-0.00237186,0.964078,False
rs12158565,59,150,0.00276125,0.957652,False
rs12158565,59,151,-0.00235972,0.963306,False
rs12158565,59,152,-0.00220483,0.96531,False
rs12158565,59,153,0.00290217,0.953837,False
rs12158565,59,154,-0.0137889,0.78116,False
rs12158565,59,155,-0.0143828,0.769418,False
rs12158565,59,156,-0.0118285,0.807581,False
rs12158565,59,157,-0.00404653,0.932941,False
rs12158565,59,158,-0.0104471,0.82652,False
rs12158565,59,159,-0.0117886,0.802841,False
rs12158565,59,160,-0.0143724,0.758809,False
rs12158565,59,161,-0.0253872,0.583528,False
rs12158565,59,162,-0.0173465,0.706037,False
rs12158565,59,163,-0.0239959,0.59909,False
rs12158565,59,164,-0.0366126,0.419499,False
rs12158565,59,165,-0.0349208,0.43836,False
rs12158565,59,166,-0.0421284,0.346748,False
rs12158565,59,167,-0.0406366,0.361339,False
rs12158565,59,168,-0.0354426,0.423817,False
rs12158565,59,169,-0.0506959,0.251152,False
rs12158565,59,170,-0.0547535,0.213388,False
rs12158565,59,171,-0.0502237,0.253015,False
rs12158565,59,172,-0.0566196,0.196566,False
rs12158565,59,173,-0.0496757,0.256553,False
rs12158565,59,174,-0.0458358,0.295169,False
rs12158565,59,175,-0.0530873,0.225,False
rs12158565,59,176,-0.0651365,0.136631,False
rs12158565,59,177,-0.0683523,0.11876,False
rs12158565,59,178,-0.0718047,0.102035,False
rs12158565,59,179,-0.0800581,0.0685438,False
rs12158565,59,180,-0.0710272,0.107122,False
rs12158565,59,181,-0.0823853,0.0620462,False
rs12158565,59,182,-0.0833259,0.059417,False
rs12158565,59,183,-0.0833588,0.0603221,False
rs12158565,59,184,-0.0869367,0.0504076,False
rs12158565,59,185,-0.0814886,0.0674567,False
rs12158565,59,186,-0.0911946,0.0412767,False
rs12158565,59,187,-0.107075,0.0167536,False
rs12158565,59,188,-0.0975958,0.0297593,False
rs12158565,59,189,-0.101701,0.0236227,False
rs12158565,59,190,-0.109539,0.0150065,False
rs12158565,59,191,-0.116149,0.0102253,False
rs12158565,59,192,-0.128963,0.00442055,False
rs12158565,59,193,-0.132566,0.00341995,False
rs12158565,59,194,-0.137033,0.00249394,False
rs12158565,59,195,-0.134725,0.00299857,False
rs12158565,59,196,-0.13122,0.00390464,False
rs12158565,59,197,-0.116149,0.0107754,False
rs12158565,59,198,-0.13355,0.00342165,False
rs12158565,59,199,-0.138547,0.00242783,False
rs12158565,59,200,-0.143577,0.00170571,False
rs12158565,59,201,-0.13971,0.00229492,False
rs12158565,59,202,-0.145736,0.00145569,False
rs12158565,59,203,-0.150697,0.000989757,False
rs12158565,59,204,-0.145764,0.0014532,False
rs12158565,59,205,-0.14658,0.00138805,False
rs12158565,59,206,-0.143277,0.00176272,False
rs12158565,59,207,-0.142272,0.00189868,False
rs12158565,59,208,-0.155076,0.000705481,False
rs12158565,59,209,-0.150259,0.00102406,False
rs12158565,59,210,-0.149118,0.00111561,False
rs12158565,59,211,-0.150221,0.00102514,False
rs12158565,59,212,-0.150149,0.00100327,False
rs12158565,59,213,-0.166688,0.000256881,False
rs12158565,59,214,-0.168249,0.000226559,False
rs12158565,59,215,-0.184297,5.36993e-05,False
rs12158565,59,216,-0.169796,0.00019858,False
rs12158565,59,217,-0.176108,0.000115371,False
rs12158565,59,218,-0.170543,0.000187028,False
rs12158565,59,219,-0.163792,0.000337188,False
rs12158565,59,220,-0.167606,0.000243319,False
rs12158565,59,221,-0.175145,0.00012634,False
rs12158565,59,222,-0.189639,3.35194e-05,False
rs12158565,59,223,-0.19208,2.73197e-05,False
rs12158565,59,224,-0.185846,4.98465e-05,False
rs12158565,59,225,-0.19153,3.01598e-05,False
rs12158565,59,226,-0.191123,3.24578e-05,False
rs12158565,59,227,-0.198536,1.64382e-05,False
rs12158565,59,228,-0.200853,1.38235e-05,False
rs12158565,59,229,-0.208846,6.50819e-06,False
rs12158565,59,230,-0.204969,1.04292e-05,False
rs12158565,59,231,-0.214248,4.45389e-06,False
rs12158565,59,232,-0.222373,2.09286e-06,False
rs12158565,59,233,-0.218723,3.35702e-06,False
rs12158565,59,234,-0.217993,3.86897e-06,False
rs12158565,59,235,-0.21218,7.93243e-06,False
rs12158565,59,236,-0.214705,6.88156e-06,False
rs12158565,59,237,-0.220011,4.49243e-06,False
rs12158565,59,238,-0.231323,1.65668e-06,False
rs12158565,59,239,-0.235668,1.2403e-06,False
rs12158565,59,240,-0.237627,1.19204e-06,False
rs12158565,59,241,-0.234389,2.00681e-06,False
rs12158565,59,242,-0.233713,2.63495e-06,False
rs12158565,59,243,-0.231763,3.83601e-06,False
rs12158565,59,244,-0.247864,1.02433e-06,False
rs12158565,59,245,-0.244921,1.88972e-06,False
rs12158565,59,246,-0.239915,4.21895e-06,False
rs12158565,59,247,-0.245234,3.64855e-06,False
rs12158565,59,248,-0.24403,5.83941e-06,False
rs12158565,59,249,-0.240799,1.15137e-05,False
rs12158565,59,250,-0.262111,2.87148e-06,False
rs12158565,59,251,-0.253392,9.31308e-06,False
rs12158565,60,6,-0.0768756,0.0466141,False
rs12158565,60,7,-0.08042,0.0353962,False
rs12158565,60,8,-0.0872754,0.0207774,False
rs12158565,60,9,-0.0778341,0.037328,False
rs12158565,60,10,-0.0764361,0.0389839,False
rs12158565,60,11,-0.0756352,0.039614,False
rs12158565,60,12,-0.0578846,0.112404,False
rs12158565,60,13,-0.0846224,0.0196967,False
rs12158565,60,14,-0.0856312,0.0179131,False
rs12158565,60,15,-0.0676644,0.0607229,False
rs12158565,60,16,-0.0772673,0.0322037,False
rs12158565,60,17,-0.0772538,0.0321637,False
rs12158565,60,18,-0.0795719,0.0277059,False
rs12158565,60,19,-0.0730457,0.0433557,False
rs12158565,60,20,-0.0714358,0.0488945,False
rs12158565,60,21,-0.0561339,0.122815,False
rs12158565,60,22,-0.0588512,0.106695,False
rs12158565,60,23,-0.0773842,0.0344905,False
rs12158565,60,24,-0.0558375,0.128371,False
rs12158565,60,25,-0.0597542,0.104733,False
rs12158565,60,26,-0.0561299,0.129215,False
rs12158565,60,27,-0.0618641,0.096142,False
rs12158565,60,28,-0.0595775,0.110767,False
rs12158565,60,29,-0.0642374,0.0872063,False
rs12158565,60,30,-0.0559836,0.137936,False
rs12158565,60,31,-0.0631318,0.0962735,False
rs12158565,60,32,-0.0533208,0.161543,False
rs12158565,60,33,-0.0563959,0.141117,False
rs12158565,60,34,-0.0702217,0.0685622,False
rs12158565,60,35,-0.060903,0.115946,False
rs12158565,60,36,-0.0543655,0.161725,False
rs12158565,60,37,-0.061482,0.115889,False
rs12158565,60,38,-0.0684374,0.0816518,False
rs12158565,60,39,-0.0659633,0.095034,False
rs12158565,60,40,-0.0691448,0.0816087,False
rs12158565,60,41,-0.0749616,0.0598948,False
rs12158565,60,42,-0.0690825,0.0853539,False
rs12158565,60,43,-0.0662856,0.100401,False
rs12158565,60,44,-0.0705288,0.082221,False
rs12158565,60,45,-0.0663945,0.103854,False
rs12158565,60,46,-0.0678405,0.0979237,False
rs12158565,60,47,-0.0670405,0.103273,False
rs12158565,60,48,-0.0664861,0.107487,False
rs12158565,60,49,-0.0734497,0.0765374,False
rs12158565,60,50,-0.0709547,0.0890824,False
rs12158565,60,51,-0.0774871,0.0640356,False
rs12158565,60,52,-0.0623915,0.136986,False
rs12158565,60,53,-0.0615689,0.143368,False
rs12158565,60,54,-0.0559379,0.184729,False
rs12158565,60,55,-0.0484127,0.252005,False
rs12158565,60,56,-0.0587721,0.164985,False
rs12158565,60,57,-0.0464064,0.273993,False
rs12158565,60,58,-0.0454704,0.284301,False
rs12158565,60,59,-0.05168,0.224465,False
rs12158565,60,60,-0.0447713,0.292478,False
rs12158565,60,61,-0.05094,0.231473,False
rs12158565,60,62,-0.0369753,0.384807,False
rs12158565,60,63,-0.053388,0.209782,False
rs12158565,60,64,-0.0455412,0.284075,False
rs12158565,60,65,-0.0333106,0.432898,False
rs12158565,60,66,-0.0406608,0.338158,False
rs12158565,60,67,-0.0551537,0.193403,False
rs12158565,60,68,-0.0483363,0.255103,False
rs12158565,60,69,-0.0420302,0.321211,False
rs12158565,60,70,-0.0346221,0.412821,False
rs12158565,60,71,-0.0448946,0.287372,False
rs12158565,60,72,-0.0238691,0.570805,False
rs12158565,60,73,-0.0260423,0.535377,False
rs12158565,60,74,-0.0350923,0.403207,False
rs12158565,60,75,-0.023886,0.568693,False
rs12158565,60,76,-0.0170484,0.684069,False
rs12158565,60,77,-0.0211181,0.613307,False
rs12158565,60,78,-0.0202885,0.626473,False
rs12158565,60,79,-0.0267022,0.52162,False
rs12158565,60,80,-0.00911522,0.826408,False
rs12158565,60,81,-0.0168416,0.685346,False
rs12158565,60,82,-0.0157561,0.704366,False
rs12158565,60,83,-0.00217204,0.958283,False
rs12158565,60,84,-0.00160393,0.969174,False
rs12158565,60,85,-0.010005,0.809685,False
rs12158565,60,86,-0.00523565,0.899743,False
rs12158565,60,87,0.00970173,0.815799,False
rs12158565,60,88,0.00637238,0.87869,False
rs12158565,60,89,-0.00657182,0.875205,False
rs12158565,60,90,-0.00535918,0.898202,False
rs12158565,60,91,0.00849399,0.839965,False
rs12158565,60,92,-0.00388623,0.926716,False
rs12158565,60,93,-0.0105523,0.803442,False
rs12158565,60,94,-0.000491565,0.990801,False
rs12158565,60,95,0.00667223,0.876306,False
rs12158565,60,96,0.0124484,0.772983,False
rs12158565,60,97,0.0101782,0.814685,False
rs12158565,60,98,0.0157419,0.719201,False
rs12158565,60,99,0.0107645,0.807419,False
rs12158565,60,100,0.00135204,0.975779,False
rs12158565,60,101,0.0026924,0.95229,False
rs12158565,60,102,0.00644163,0.887576,False
rs12158565,60,103,0.0143286,0.756129,False
rs12158565,60,104,0.00323821,0.945031,False
rs12158565,60,105,0.0172939,0.717226,False
rs12158565,60,106,0.00263815,0.956702,False
rs12158565,60,107,-0.00503987,0.919001,False
rs12158565,60,108,0.00410668,0.93546,False
rs12158565,60,109,-0.00352583,0.94591,False
rs12158565,60,110,0.00388591,0.94187,False
rs12158565,60,111,-0.00492375,0.928055,False
rs12158565,60,112,0.00502125,0.928369,False
rs12158565,60,113,0.0154161,0.786967,False
rs12158565,60,114,-0.00313461,0.957056,False
rs12158565,60,115,-0.0170671,0.772255,False
rs12158565,60,116,-0.0101757,0.864383,False
rs12158565,60,117,-0.00123035,0.983665,False
rs12158565,60,118,-0.00658888,0.912976,False
rs12158565,60,119,-0.00596283,0.92126,False
rs12158565,60,120,-0.00585718,0.922643,False
rs12158565,60,121,0.000860062,0.988587,False
rs12158565,60,122,0.00279508,0.962833,False
rs12158565,60,123,-0.00124854,0.983358,False
rs12158565,60,124,-0.00238967,0.968066,False
rs12158565,60,125,0.0047075,0.937035,False
rs12158565,60,126,0.00564899,0.924351,False
rs12158565,60,127,-0.00450955,0.939547,False
rs12158565,60,128,0.00917792,0.877274,False
rs12158565,60,129,0.0168971,0.77624,False
rs12158565,60,130,0.0190262,0.748913,False
rs12158565,60,131,0.0151574,0.798957,False
rs12158565,60,132,0.0181568,0.760702,False
rs12158565,60,133,0.0293906,0.622575,False
rs12158565,60,134,0.0322025,0.591109,False
rs12158565,60,135,0.0426548,0.477975,False
rs12158565,60,136,0.0321484,0.594545,False
rs12158565,60,137,0.0358371,0.554336,False
rs12158565,60,138,0.0488538,0.420332,False
rs12158565,60,139,0.0246469,0.683679,False
rs12158565,60,140,0.0304708,0.613038,False
rs12158565,60,141,0.0326993,0.585025,False
rs12158565,60,142,0.0120916,0.838293,False
rs12158565,60,143,0.0128288,0.826676,False
rs12158565,60,144,0.00516365,0.928757,False
rs12158565,60,145,0.00905665,0.8736,False
rs12158565,60,146,0.0191967,0.732014,False
rs12158565,60,147,-0.00802674,0.88431,False
rs12158565,60,148,0.00716929,0.894846,False
rs12158565,60,149,0.00220312,0.967118,False
rs12158565,60,150,0.0083324,0.874163,False
rs12158565,60,151,-0.0140033,0.787495,False
rs12158565,60,152,-0.0124389,0.808332,False
rs12158565,60,153,-0.0191053,0.706156,False
rs12158565,60,154,-0.0216979,0.664631,False
rs12158565,60,155,-0.0257308,0.603156,False
rs12158565,60,156,-0.0304254,0.534444,False
rs12158565,60,157,-0.0303316,0.531639,False
rs12158565,60,158,-0.0262093,0.58532,False
rs12158565,60,159,-0.0266949,0.574097,False
rs12158565,60,160,-0.033111,0.482068,False
rs12158565,60,161,-0.0194805,0.676729,False
rs12158565,60,162,-0.0308216,0.505953,False
rs12158565,60,163,-0.0393143,0.39194,False
rs12158565,60,164,-0.0289656,0.525177,False
rs12158565,60,165,-0.0371811,0.411108,False
rs12158565,60,166,-0.0417865,0.352554,False
rs12158565,60,167,-0.0540516,0.226554,False
rs12158565,60,168,-0.0497963,0.263073,False
rs12158565,60,169,-0.0492412,0.266402,False
rs12158565,60,170,-0.0543937,0.218233,False
rs12158565,60,171,-0.0597664,0.174612,False
rs12158565,60,172,-0.0611549,0.164069,False
rs12158565,60,173,-0.0730576,0.0957765,False
rs12158565,60,174,-0.0885056,0.0438663,False
rs12158565,60,175,-0.0684808,0.118448,False
rs12158565,60,176,-0.0571978,0.192191,False
rs12158565,60,177,-0.0641845,0.143247,False
rs12158565,60,178,-0.0728826,0.0970773,False
rs12158565,60,179,-0.0745097,0.0900962,False
rs12158565,60,180,-0.0825904,0.060694,False
rs12158565,60,181,-0.0959546,0.0297727,False
rs12158565,60,182,-0.0978497,0.0270826,False
rs12158565,60,183,-0.0877614,0.0479805,False
rs12158565,60,184,-0.0919738,0.0384734,False
rs12158565,60,185,-0.090599,0.0418152,False
rs12158565,60,186,-0.101941,0.0219672,False
rs12158565,60,187,-0.114898,0.0100621,False
rs12158565,60,188,-0.110764,0.0132395,False
rs12158565,60,189,-0.106353,0.0177807,False
rs12158565,60,190,-0.11505,0.010617,False
rs12158565,60,191,-0.120092,0.00783075,False
rs12158565,60,192,-0.12843,0.00451998,False
rs12158565,60,193,-0.135941,0.00269578,False
rs12158565,60,194,-0.132749,0.00338325,False
rs12158565,60,195,-0.124155,0.00620747,False
rs12158565,60,196,-0.13785,0.00244102,False
rs12158565,60,197,-0.141257,0.00194717,False
rs12158565,60,198,-0.137378,0.00261359,False
rs12158565,60,199,-0.141024,0.00202912,False
rs12158565,60,200,-0.137042,0.00274937,False
rs12158565,60,201,-0.140243,0.00219654,False
rs12158565,60,202,-0.142035,0.00191879,False
rs12158565,60,203,-0.157524,0.000578029,False
rs12158565,60,204,-0.153764,0.000785598,False
rs12158565,60,205,-0.148956,0.00113988,False
rs12158565,60,206,-0.164972,0.000319303,False
rs12158565,60,207,-0.165531,0.000306481,False
rs12158565,60,208,-0.154191,0.000761758,False
rs12158565,60,209,-0.169629,0.0002113,False
rs12158565,60,210,-0.164203,0.000330693,False
rs12158565,60,211,-0.172681,0.000159603,False
rs12158565,60,212,-0.170173,0.000200266,False
rs12158565,60,213,-0.16675,0.000265644,False
rs12158565,60,214,-0.162063,0.000392971,False
rs12158565,60,215,-0.172836,0.000154404,False
rs12158565,60,216,-0.18378,5.52415e-05,False
rs12158565,60,217,-0.189443,3.29005e-05,False
rs12158565,60,218,-0.186272,4.37266e-05,False
rs12158565,60,219,-0.187492,3.88372e-05,False
rs12158565,60,220,-0.191123,2.75798e-05,False
rs12158565,60,221,-0.182477,6.33092e-05,False
rs12158565,60,222,-0.186738,4.392e-05,False
rs12158565,60,223,-0.185978,4.73964e-05,False
rs12158565,60,224,-0.186515,4.59597e-05,False
rs12158565,60,225,-0.191446,2.97618e-05,False
rs12158565,60,226,-0.186256,4.98602e-05,False
rs12158565,60,227,-0.19809,1.67815e-05,False
rs12158565,60,228,-0.189816,3.97755e-05,False
rs12158565,60,229,-0.196178,2.31423e-05,False
rs12158565,60,230,-0.197359,2.16641e-05,False
rs12158565,60,231,-0.211595,5.76445e-06,False
rs12158565,60,232,-0.218881,2.91088e-06,False
rs12158565,60,233,-0.21252,6.05442e-06,False
rs12158565,60,234,-0.217566,4.10589e-06,False
rs12158565,60,235,-0.219491,3.71211e-06,False
rs12158565,60,236,-0.216328,5.7684e-06,False
rs12158565,60,237,-0.212724,9.37733e-06,False
rs12158565,60,238,-0.204655,2.2148e-05,False
rs12158565,60,239,-0.218861,6.41557e-06,False
rs12158565,60,240,-0.21676,8.98046e-06,False
rs12158565,60,241,-0.20822,2.33742e-05,False
rs12158565,60,242,-0.211474,2.09459e-05,False
rs12158565,60,243,-0.220235,1.14823e-05,False
rs12158565,60,244,-0.220272,1.38666e-05,False
rs12158565,60,245,-0.2299,7.36039e-06,False
rs12158565,60,246,-0.223767,1.69663e-05,False
rs12158565,60,247,-0.232477,1.08528e-05,False
rs12158565,60,248,-0.221343,3.74779e-05,False
rs12158565,60,249,-0.23665,1.50797e-05,False
rs12158565,60,250,-0.25283,5.87409e-06,False
rs12158565,60,251,-0.251025,1.04536e-05,False
rs12158565,61,6,-0.0961621,0.0124962,False
rs12158565,61,7,-0.0913201,0.0164814,False
rs12158565,61,8,-0.0952843,0.0115248,False
rs12158565,61,9,-0.0902202,0.0158813,False
rs12158565,61,10,-0.0972645,0.00857346,False
rs12158565,61,11,-0.0881795,0.0165235,False
rs12158565,61,12,-0.0803755,0.0278143,False
rs12158565,61,13,-0.0809797,0.0262607,False
rs12158565,61,14,-0.081081,0.0256537,False
rs12158565,61,15,-0.0751049,0.0385607,False
rs12158565,61,16,-0.0739403,0.0413143,False
rs12158565,61,17,-0.0784711,0.0301172,False
rs12158565,61,18,-0.0744473,0.0399108,False
rs12158565,61,19,-0.066207,0.0680067,False
rs12158565,61,20,-0.0562601,0.12211,False
rs12158565,61,21,-0.0515758,0.157287,False
rs12158565,61,22,-0.0557936,0.126816,False
rs12158565,61,23,-0.0577935,0.115547,False
rs12158565,61,24,-0.0608983,0.0984663,False
rs12158565,61,25,-0.0756533,0.04065,False
rs12158565,61,26,-0.0584087,0.11564,False
rs12158565,61,27,-0.0627078,0.0925593,False
rs12158565,61,28,-0.0570596,0.127685,False
rs12158565,61,29,-0.0850239,0.0238622,False
rs12158565,61,30,-0.0697099,0.0651404,False
rs12158565,61,31,-0.0608597,0.108649,False
rs12158565,61,32,-0.0820559,0.0312943,False
rs12158565,61,33,-0.0694532,0.0695549,False
rs12158565,61,34,-0.0640238,0.0967078,False
rs12158565,61,35,-0.0629282,0.104358,False
rs12158565,61,36,-0.0637656,0.101736,False
rs12158565,61,37,-0.0740286,0.0590195,False
rs12158565,61,38,-0.0773822,0.049812,False
rs12158565,61,39,-0.0673577,0.0890054,False
rs12158565,61,40,-0.0594294,0.136522,False
rs12158565,61,41,-0.065727,0.101386,False
rs12158565,61,42,-0.0571312,0.155721,False
rs12158565,61,43,-0.0610108,0.131948,False
rs12158565,61,44,-0.0562139,0.167648,False
rs12158565,61,45,-0.0657639,0.10774,False
rs12158565,61,46,-0.0584224,0.155044,False
rs12158565,61,47,-0.0609017,0.140301,False
rs12158565,61,48,-0.0734428,0.0767325,False
rs12158565,61,49,-0.0628029,0.131154,False
rs12158565,61,50,-0.051844,0.214649,False
rs12158565,61,51,-0.0418854,0.318294,False
rs12158565,61,52,-0.0407102,0.334078,False
rs12158565,61,53,-0.0430073,0.308875,False
rs12158565,61,54,-0.0528136,0.212094,False
rs12158565,61,55,-0.0599792,0.157229,False
rs12158565,61,56,-0.0565565,0.183911,False
rs12158565,61,57,-0.0511206,0.229841,False
rs12158565,61,58,-0.0449022,0.292202,False
rs12158565,61,59,-0.0473052,0.267195,False
rs12158565,61,60,-0.0493036,0.24776,False
rs12158565,61,61,-0.0510849,0.231465,False
rs12158565,61,62,-0.0577186,0.175452,False
rs12158565,61,63,-0.0450165,0.290486,False
rs12158565,61,64,-0.0464078,0.276516,False
rs12158565,61,65,-0.0445704,0.295743,False
rs12158565,61,66,-0.0459894,0.28003,False
rs12158565,61,67,-0.054971,0.196171,False
rs12158565,61,68,-0.0470205,0.268148,False
rs12158565,61,69,-0.0421907,0.320124,False
rs12158565,61,70,-0.0325437,0.442369,False
rs12158565,61,71,-0.0382068,0.366926,False
rs12158565,61,72,-0.0408312,0.333513,False
rs12158565,61,73,-0.031846,0.449876,False
rs12158565,61,74,-0.0318753,0.449104,False
rs12158565,61,75,-0.0299233,0.476797,False
rs12158565,61,76,-0.0300692,0.473465,False
rs12158565,61,77,-0.0211803,0.613194,False
rs12158565,61,78,-0.0212961,0.610576,False
rs12158565,61,79,-0.0107704,0.796939,False
rs12158565,61,80,-0.0084029,0.840749,False
rs12158565,61,81,-0.0155428,0.709543,False
rs12158565,61,82,-0.0034255,0.934437,False
rs12158565,61,83,-0.00556037,0.893624,False
rs12158565,61,84,-0.00224668,0.956962,False
rs12158565,61,85,-0.0028569,0.945416,False
rs12158565,61,86,-0.00575464,0.890366,False
rs12158565,61,87,0.00519545,0.901195,False
rs12158565,61,88,0.00907977,0.828535,False
rs12158565,61,89,-0.00104192,0.98022,False
rs12158565,61,90,0.00392021,0.925931,False
rs12158565,61,91,0.0136194,0.747499,False
rs12158565,61,92,0.020123,0.635792,False
rs12158565,61,93,0.0021712,0.959385,False
rs12158565,61,94,0.00380471,0.929285,False
rs12158565,61,95,0.00962728,0.823551,False
rs12158565,61,96,0.0151494,0.727081,False
rs12158565,61,97,0.0138445,0.751472,False
rs12158565,61,98,-0.0107319,0.807578,False
rs12158565,61,99,-0.00424308,0.923956,False
rs12158565,61,100,0.00723726,0.872001,False
rs12158565,61,101,-0.000596508,0.989526,False
rs12158565,61,102,0.00799661,0.861982,False
rs12158565,61,103,0.00813135,0.861861,False
rs12158565,61,104,0.00916601,0.84672,False
rs12158565,61,105,0.00173562,0.971349,False
rs12158565,61,106,0.00685813,0.889456,False
rs12158565,61,107,-0.000388081,0.993868,False
rs12158565,61,108,-0.0116621,0.821437,False
rs12158565,61,109,-0.0100108,0.849898,False
rs12158565,61,110,0.00524792,0.922751,False
rs12158565,61,111,0.0089214,0.872203,False
rs12158565,61,112,-0.00242003,0.965886,False
rs12158565,61,113,-0.00293749,0.959325,False
rs12158565,61,114,-0.00541852,0.926073,False
rs12158565,61,115,-0.00324036,0.956151,False
rs12158565,61,116,-0.00305858,0.958886,False
rs12158565,61,117,-0.0168403,0.776753,False
rs12158565,61,118,-0.00797498,0.893108,False
rs12158565,61,119,-0.00464518,0.937371,False
rs12158565,61,120,-0.00495859,0.932772,False
rs12158565,61,121,-0.00738086,0.899528,False
rs12158565,61,122,-0.0052248,0.928466,False
rs12158565,61,123,-0.00283643,0.960965,False
rs12158565,61,124,-0.0166198,0.773885,False
rs12158565,61,125,0.00174705,0.975807,False
rs12158565,61,126,0.00147844,0.979476,False
rs12158565,61,127,-0.00218773,0.969621,False
rs12158565,61,128,0.00606837,0.915867,False
rs12158565,61,129,0.00114022,0.984165,False
rs12158565,61,130,0.00292094,0.959492,False
rs12158565,61,131,0.0158885,0.782814,False
rs12158565,61,132,0.0307287,0.594996,False
rs12158565,61,133,0.0205003,0.723722,False
rs12158565,61,134,0.0195907,0.736734,False
rs12158565,61,135,0.0433084,0.460232,False
rs12158565,61,136,0.0396587,0.501906,False
rs12158565,61,137,0.0426415,0.473071,False
rs12158565,61,138,0.047379,0.428196,False
rs12158565,61,139,0.0564043,0.347219,False
rs12158565,61,140,0.0518101,0.387664,False
rs12158565,61,141,0.0397521,0.506443,False
rs12158565,61,142,0.0479779,0.419897,False
rs12158565,61,143,0.0299169,0.611516,False
rs12158565,61,144,0.0307262,0.597808,False
rs12158565,61,145,0.0201151,0.726043,False
rs12158565,61,146,0.00344868,0.951388,False
rs12158565,61,147,0.0140373,0.800944,False
rs12158565,61,148,0.000336974,0.995095,False
rs12158565,61,149,-0.0101194,0.851055,False
rs12158565,61,150,-0.000729418,0.989033,False
rs12158565,61,151,0.000675743,0.989711,False
rs12158565,61,152,0.0116878,0.820801,False
rs12158565,61,153,0.00426234,0.93336,False
rs12158565,61,154,0.00538367,0.914758,False
rs12158565,61,155,0.00484153,0.922528,False
rs12158565,61,156,-0.00859788,0.861103,False
rs12158565,61,157,-0.00504344,0.917478,False
rs12158565,61,158,-0.012626,0.793159,False
rs12158565,61,159,-0.00782475,0.869629,False
rs12158565,61,160,-0.00892262,0.850097,False
rs12158565,61,161,-0.00345535,0.941143,False
rs12158565,61,162,-0.0238298,0.608021,False
rs12158565,61,163,-0.0345065,0.453748,False
rs12158565,61,164,-0.0227584,0.617949,False
rs12158565,61,165,-0.0398242,0.379111,False
rs12158565,61,166,-0.0406705,0.366352,False
rs12158565,61,167,-0.0352353,0.431292,False
rs12158565,61,168,-0.0498277,0.262498,False
rs12158565,61,169,-0.0651752,0.14117,False
rs12158565,61,170,-0.0613282,0.164172,False
rs12158565,61,171,-0.0648145,0.140677,False
rs12158565,61,172,-0.0756774,0.0845047,False
rs12158565,61,173,-0.0699377,0.110336,False
rs12158565,61,174,-0.0794933,0.0691635,False
rs12158565,61,175,-0.0729019,0.0956307,False
rs12158565,61,176,-0.0681436,0.119252,False
rs12158565,61,177,-0.0818423,0.0614199,False
rs12158565,61,178,-0.077485,0.0772018,False
rs12158565,61,179,-0.0784054,0.0741075,False
rs12158565,61,180,-0.0845391,0.0548032,False
rs12158565,61,181,-0.0954758,0.0303325,False
rs12158565,61,182,-0.101604,0.0215836,False
rs12158565,61,183,-0.0946363,0.0324861,False
rs12158565,61,184,-0.10126,0.0225322,False
rs12158565,61,185,-0.106725,0.0164788,False
rs12158565,61,186,-0.0985317,0.0271327,False
rs12158565,61,187,-0.113179,0.0114112,False
rs12158565,61,188,-0.119355,0.00771187,False
rs12158565,61,189,-0.110639,0.0136867,False
rs12158565,61,190,-0.117019,0.00929106,False
rs12158565,61,191,-0.112629,0.0125133,False
rs12158565,61,192,-0.118973,0.00841374,False
rs12158565,61,193,-0.133179,0.00322278,False
rs12158565,61,194,-0.143381,0.00156096,False
rs12158565,61,195,-0.137228,0.00251678,False
rs12158565,61,196,-0.134432,0.003136,False
rs12158565,61,197,-0.129385,0.00449486,False
rs12158565,61,198,-0.13056,0.00415686,False
rs12158565,61,199,-0.136533,0.00275446,False
rs12158565,61,200,-0.15045,0.000974732,False
rs12158565,61,201,-0.145271,0.00146917,False
rs12158565,61,202,-0.145279,0.00146366,False
rs12158565,61,203,-0.154596,0.00071251,False
rs12158565,61,204,-0.159055,0.000515123,False
rs12158565,61,205,-0.157062,0.00061123,False
rs12158565,61,206,-0.181612,7.32479e-05,False
rs12158565,61,207,-0.166697,0.000268596,False
rs12158565,61,208,-0.17531,0.000128848,False
rs12158565,61,209,-0.15971,0.000483731,False
rs12158565,61,210,-0.18007,8.08777e-05,False
rs12158565,61,211,-0.181768,6.89943e-05,False
rs12158565,61,212,-0.177525,0.000100597,False
rs12158565,61,213,-0.181483,7.00415e-05,False
rs12158565,61,214,-0.181375,7.10919e-05,False
rs12158565,61,215,-0.180517,7.70437e-05,False
rs12158565,61,216,-0.188731,3.48101e-05,False
rs12158565,61,217,-0.182807,6.07407e-05,False
rs12158565,61,218,-0.195045,1.92251e-05,False
rs12158565,61,219,-0.1942,2.08108e-05,False
rs12158565,61,220,-0.196647,1.63638e-05,False
rs12158565,61,221,-0.203055,8.62964e-06,False
rs12158565,61,222,-0.202718,9.11163e-06,False
rs12158565,61,223,-0.207905,5.41644e-06,False
rs12158565,61,224,-0.212242,3.48716e-06,False
rs12158565,61,225,-0.205941,6.85887e-06,False
rs12158565,61,226,-0.210126,4.60053e-06,False
rs12158565,61,227,-0.198234,1.57371e-05,False
rs12158565,61,228,-0.200568,1.33224e-05,False
rs12158565,61,229,-0.198218,1.82106e-05,False
rs12158565,61,230,-0.196045,2.33454e-05,False
rs12158565,61,231,-0.218777,2.57094e-06,False
rs12158565,61,232,-0.209464,7.212e-06,False
rs12158565,61,233,-0.199196,2.15329e-05,False
rs12158565,61,234,-0.201534,1.92252e-05,False
rs12158565,61,235,-0.194996,3.84769e-05,False
rs12158565,61,236,-0.204035,1.89679e-05,False
rs12158565,61,237,-0.211549,1.03246e-05,False
rs12158565,61,238,-0.22548,3.0101e-06,False
rs12158565,61,239,-0.217093,8.06108e-06,False
rs12158565,61,240,-0.22283,5.39806e-06,False
rs12158565,61,241,-0.227723,4.01382e-06,False
rs12158565,61,242,-0.226703,5.4146e-06,False
rs12158565,61,243,-0.226339,7.06038e-06,False
rs12158565,61,244,-0.228103,7.53746e-06,False
rs12158565,61,245,-0.214985,3.09345e-05,False
rs12158565,61,246,-0.218517,2.99096e-05,False
rs12158565,61,247,-0.230254,1.4557e-05,False
rs12158565,61,248,-0.218944,5.11529e-05,False
rs12158565,61,249,-0.215263,9.30963e-05,False
rs12158565,61,250,-0.21231,0.000153724,False
rs12158565,61,251,-0.20946,0.00024659,False
rs12158565,62,6,-0.0952468,0.0136281,False
rs12158565,62,7,-0.0884076,0.0203232,False
rs12158565,62,8,-0.098929,0.00876338,False
rs12158565,62,9,-0.0893312,0.0168369,False
rs12158565,62,10,-0.0904969,0.0146476,False
rs12158565,62,11,-0.0764467,0.0377948,False
rs12158565,62,12,-0.0877355,0.0166222,False
rs12158565,62,13,-0.0830791,0.0223905,False
rs12158565,62,14,-0.0846127,0.0199616,False
rs12158565,62,15,-0.068262,0.0596411,False
rs12158565,62,16,-0.066558,0.0659215,False
rs12158565,62,17,-0.0584903,0.106194,False
rs12158565,62,18,-0.0721344,0.046369,False
rs12158565,62,19,-0.0645651,0.0754323,False
rs12158565,62,20,-0.0669904,0.0660889,False
rs12158565,62,21,-0.0727787,0.0463962,False
rs12158565,62,22,-0.0710708,0.05247,False
rs12158565,62,23,-0.072972,0.0475365,False
rs12158565,62,24,-0.0713194,0.0537266,False
rs12158565,62,25,-0.0727924,0.049447,False
rs12158565,62,26,-0.0683543,0.0658498,False
rs12158565,62,27,-0.0765341,0.0403844,False
rs12158565,62,28,-0.0791118,0.0349511,False
rs12158565,62,29,-0.0690623,0.0665631,False
rs12158565,62,30,-0.0702194,0.0633158,False
rs12158565,62,31,-0.0623375,0.10061,False
rs12158565,62,32,-0.0649925,0.0883756,False
rs12158565,62,33,-0.0759151,0.0474188,False
rs12158565,62,34,-0.0766556,0.046922,False
rs12158565,62,35,-0.0682106,0.0783402,False
rs12158565,62,36,-0.0667666,0.0865216,False
rs12158565,62,37,-0.0558368,0.154365,False
rs12158565,62,38,-0.0534981,0.174461,False
rs12158565,62,39,-0.0542384,0.170861,False
rs12158565,62,40,-0.0695991,0.0806259,False
rs12158565,62,41,-0.0797857,0.0462754,False
rs12158565,62,42,-0.0646374,0.108586,False
rs12158565,62,43,-0.0516789,0.202147,False
rs12158565,62,44,-0.0613608,0.131605,False
rs12158565,62,45,-0.0564093,0.167636,False
rs12158565,62,46,-0.0708207,0.0851975,False
rs12158565,62,47,-0.0624387,0.130622,False
rs12158565,62,48,-0.0713657,0.0853625,False
rs12158565,62,49,-0.0533717,0.199996,False
rs12158565,62,50,-0.0614077,0.141699,False
rs12158565,62,51,-0.0696619,0.0970903,False
rs12158565,62,52,-0.0557212,0.18628,False
rs12158565,62,53,-0.064561,0.126472,False
rs12158565,62,54,-0.0563615,0.183276,False
rs12158565,62,55,-0.0566196,0.181604,False
rs12158565,62,56,-0.0634814,0.135307,False
rs12158565,62,57,-0.0658156,0.122085,False
rs12158565,62,58,-0.0642467,0.132085,False
rs12158565,62,59,-0.0513834,0.228572,False
rs12158565,62,60,-0.0581469,0.173354,False
rs12158565,62,61,-0.0467116,0.273815,False
rs12158565,62,62,-0.0493843,0.24762,False
rs12158565,62,63,-0.0610208,0.153529,False
rs12158565,62,64,-0.0442464,0.299863,False
rs12158565,62,65,-0.0502276,0.239147,False
rs12158565,62,66,-0.039773,0.350606,False
rs12158565,62,67,-0.038124,0.370176,False
rs12158565,62,68,-0.0375365,0.377277,False
rs12158565,62,69,-0.0377676,0.373436,False
rs12158565,62,70,-0.0385211,0.364079,False
rs12158565,62,71,-0.0463929,0.272999,False
rs12158565,62,72,-0.0401567,0.341549,False
rs12158565,62,73,-0.033452,0.427413,False
rs12158565,62,74,-0.0378825,0.36847,False
rs12158565,62,75,-0.0343823,0.413166,False
rs12158565,62,76,-0.030663,0.465271,False
rs12158565,62,77,-0.0259329,0.536723,False
rs12158565,62,78,-0.017105,0.68253,False
rs12158565,62,79,-0.0129376,0.756846,False
rs12158565,62,80,-0.015117,0.717741,False
rs12158565,62,81,-0.0113991,0.784911,False
rs12158565,62,82,-0.0164936,0.692739,False
rs12158565,62,83,-0.0229309,0.582397,False
rs12158565,62,84,-0.0101383,0.808312,False
rs12158565,62,85,-0.0164178,0.694696,False
rs12158565,62,86,-0.00748447,0.857944,False
rs12158565,62,87,0.00104917,0.980027,False
rs12158565,62,88,0.00541332,0.897507,False
rs12158565,62,89,0.00375684,0.92887,False
rs12158565,62,90,-0.000991436,0.981267,False
rs12158565,62,91,0.0117462,0.781724,False
rs12158565,62,92,0.0199101,0.640028,False
rs12158565,62,93,0.0233711,0.584212,False
rs12158565,62,94,0.0178365,0.677473,False
rs12158565,62,95,0.0285673,0.508034,False
rs12158565,62,96,0.0167792,0.699395,False
rs12158565,62,97,0.0293219,0.503081,False
rs12158565,62,98,0.0309346,0.483587,False
rs12158565,62,99,0.019186,0.667155,False
rs12158565,62,100,0.0293878,0.514754,False
rs12158565,62,101,0.0232938,0.609702,False
rs12158565,62,102,0.0179413,0.698073,False
rs12158565,62,103,0.00292962,0.950353,False
rs12158565,62,104,0.0145745,0.760613,False
rs12158565,62,105,0.0169,0.728973,False
rs12158565,62,106,0.00675135,0.892421,False
rs12158565,62,107,0.0111087,0.827544,False
rs12158565,62,108,0.00605778,0.907653,False
rs12158565,62,109,-0.00361731,0.946077,False
rs12158565,62,110,-0.00161064,0.976529,False
rs12158565,62,111,0.00546876,0.922036,False
rs12158565,62,112,0.00926989,0.870514,False
rs12158565,62,113,0.00678357,0.906426,False
rs12158565,62,114,0.0132147,0.82075,False
rs12158565,62,115,0.00595536,0.919123,False
rs12158565,62,116,0.00746527,0.898802,False
rs12158565,62,117,0.00728433,0.901058,False
rs12158565,62,118,0.0126907,0.827759,False
rs12158565,62,119,0.0282146,0.626354,False
rs12158565,62,120,0.014997,0.794709,False
rs12158565,62,121,0.0135179,0.813491,False
rs12158565,62,122,0.00835907,0.883332,False
rs12158565,62,123,0.00869818,0.878342,False
rs12158565,62,124,0.00460657,0.935076,False
rs12158565,62,125,0.00589499,0.9168,False
rs12158565,62,126,0.00214618,0.969619,False
rs12158565,62,127,0.00667505,0.905524,False
rs12158565,62,128,-0.00512587,0.927309,False
rs12158565,62,129,-0.00177675,0.97481,False
rs12158565,62,130,0.00330727,0.95316,False
rs12158565,62,131,0.00571635,0.919273,False
rs12158565,62,132,0.00612213,0.913711,False
rs12158565,62,133,0.0114347,0.840454,False
rs12158565,62,134,0.00757615,0.894485,False
rs12158565,62,135,-0.0014053,0.980503,False
rs12158565,62,136,0.0175777,0.761471,False
rs12158565,62,137,0.00791063,0.892259,False
rs12158565,62,138,0.0133172,0.821315,False
rs12158565,62,139,0.0194791,0.742759,False
rs12158565,62,140,0.0213985,0.719434,False
rs12158565,62,141,0.0259255,0.663745,False
rs12158565,62,142,0.0133531,0.822457,False
rs12158565,62,143,0.0123373,0.834449,False
rs12158565,62,144,0.0184705,0.752045,False
rs12158565,62,145,0.00871395,0.880005,False
rs12158565,62,146,0.0183375,0.747212,False
rs12158565,62,147,0.0211426,0.705865,False
rs12158565,62,148,0.0106077,0.847458,False
rs12158565,62,149,0.008287,0.878557,False
rs12158565,62,150,0.000423979,0.993657,False
rs12158565,62,151,-0.00691158,0.895246,False
rs12158565,62,152,0.0101743,0.844246,False
rs12158565,62,153,-0.0142473,0.780487,False
rs12158565,62,154,0.00518878,0.918092,False
rs12158565,62,155,-0.00494705,0.920953,False
rs12158565,62,156,-0.0162928,0.741026,False
rs12158565,62,157,0.0061787,0.899139,False
rs12158565,62,158,-0.00832734,0.862987,False
rs12158565,62,159,-0.0139496,0.770081,False
rs12158565,62,160,-0.0162785,0.730399,False
rs12158565,62,161,-0.024822,0.596442,False
rs12158565,62,162,-0.0234225,0.613536,False
rs12158565,62,163,-0.0228445,0.619976,False
rs12158565,62,164,-0.0308211,0.500094,False
rs12158565,62,165,-0.0373443,0.409607,False
rs12158565,62,166,-0.0319747,0.477103,False
rs12158565,62,167,-0.0400038,0.371876,False
rs12158565,62,168,-0.0365367,0.411877,False
rs12158565,62,169,-0.0436159,0.325591,False
rs12158565,62,170,-0.0555645,0.207887,False
rs12158565,62,171,-0.0568361,0.19644,False
rs12158565,62,172,-0.0634429,0.147736,False
rs12158565,62,173,-0.067518,0.123207,False
rs12158565,62,174,-0.0846036,0.0532527,False
rs12158565,62,175,-0.0656203,0.133577,False
rs12158565,62,176,-0.0686546,0.116446,False
rs12158565,62,177,-0.0785758,0.0724458,False
rs12158565,62,178,-0.0736911,0.0923013,False
rs12158565,62,179,-0.0794592,0.0699453,False
rs12158565,62,180,-0.0804809,0.0666024,False
rs12158565,62,181,-0.0827895,0.0598799,False
rs12158565,62,182,-0.086272,0.0503811,False
rs12158565,62,183,-0.0847996,0.0549582,False
rs12158565,62,184,-0.0807017,0.0681176,False
rs12158565,62,185,-0.0858723,0.0528173,False
rs12158565,62,186,-0.0810926,0.0682344,False
rs12158565,62,187,-0.0857866,0.054191,False
rs12158565,62,188,-0.0994475,0.0260378,False
rs12158565,62,189,-0.113686,0.011225,False
rs12158565,62,190,-0.0901351,0.0446309,False
rs12158565,62,191,-0.100892,0.0247818,False
rs12158565,62,192,-0.103633,0.0216313,False
rs12158565,62,193,-0.113741,0.0117585,False
rs12158565,62,194,-0.117725,0.00918989,False
rs12158565,62,195,-0.111309,0.0139996,False
rs12158565,62,196,-0.122945,0.00680322,False
rs12158565,62,197,-0.113424,0.0126341,False
rs12158565,62,198,-0.116808,0.0102318,False
rs12158565,62,199,-0.123623,0.00664374,False
rs12158565,62,200,-0.130628,0.00417172,False
rs12158565,62,201,-0.125536,0.00597904,False
rs12158565,62,202,-0.13534,0.00305224,False
rs12158565,62,203,-0.133073,0.00360348,False
rs12158565,62,204,-0.146886,0.00133015,False
rs12158565,62,205,-0.155807,0.000652173,False
rs12158565,62,206,-0.155735,0.000651403,False
rs12158565,62,207,-0.148608,0.00113683,False
rs12158565,62,208,-0.149001,0.00110306,False
rs12158565,62,209,-0.155477,0.000648472,False
rs12158565,62,210,-0.165744,0.000281241,False
rs12158565,62,211,-0.157392,0.000555242,False
rs12158565,62,212,-0.160313,0.000433935,False
rs12158565,62,213,-0.151401,0.00087946,False
rs12158565,62,214,-0.154231,0.000707676,False
rs12158565,62,215,-0.150946,0.000904746,False
rs12158565,62,216,-0.156783,0.000569158,False
rs12158565,62,217,-0.163044,0.000332964,False
rs12158565,62,218,-0.171608,0.000156629,False
rs12158565,62,219,-0.172063,0.00015254,False
rs12158565,62,220,-0.178218,8.94719e-05,False
rs12158565,62,221,-0.174337,0.000127708,False
rs12158565,62,222,-0.178755,8.83828e-05,False
rs12158565,62,223,-0.181478,6.86609e-05,False
rs12158565,62,224,-0.177758,9.85418e-05,False
rs12158565,62,225,-0.174929,0.000130049,False
rs12158565,62,226,-0.179012,9.25809e-05,False
rs12158565,62,227,-0.180523,8.517e-05,False
rs12158565,62,228,-0.182155,7.67546e-05,False
rs12158565,62,229,-0.183645,7.01832e-05,False
rs12158565,62,230,-0.181728,8.76513e-05,False
rs12158565,62,231,-0.191647,3.80756e-05,False
rs12158565,62,232,-0.194758,3.0226e-05,False
rs12158565,62,233,-0.185958,7.35582e-05,False
rs12158565,62,234,-0.190932,5.02824e-05,False
rs12158565,62,235,-0.182571,0.000115729,False
rs12158565,62,236,-0.176152,0.000223399,False
rs12158565,62,237,-0.183885,0.00012723,False
rs12158565,62,238,-0.192465,6.74678e-05,False
rs12158565,62,239,-0.193049,7.11495e-05,False
rs12158565,62,240,-0.182333,0.000198693,False
rs12158565,62,241,-0.190256,0.000117412,False
rs12158565,62,242,-0.178723,0.000338537,False
rs12158565,62,243,-0.184936,0.000237508,False
rs12158565,62,244,-0.18713,0.000240393,False
rs12158565,62,245,-0.18823,0.000262809,False
rs12158565,62,246,-0.187225,0.000347967,False
rs12158565,62,247,-0.189064,0.000371662,False
rs12158565,62,248,-0.193553,0.00033615,False
rs12158565,62,249,-0.198127,0.000317292,False
rs12158565,62,250,-0.207391,0.000216222,False
rs12158565,62,251,-0.217056,0.00014383,False
rs12158565,63,6,-0.0788084,0.0419071,False
rs12158565,63,7,-0.0813027,0.0335441,False
rs12158565,63,8,-0.0862373,0.0225636,False
rs12158565,63,9,-0.0780619,0.0364233,False
rs12158565,63,10,-0.0862888,0.0198932,False
rs12158565,63,11,-0.0929866,0.0114154,False
rs12158565,63,12,-0.0902348,0.0135527,False
rs12158565,63,13,-0.0972313,0.00748468,False
rs12158565,63,14,-0.0857059,0.01798,False
rs12158565,63,15,-0.0867927,0.016347,False
rs12158565,63,16,-0.0720133,0.0464725,False
rs12158565,63,17,-0.0809682,0.0249865,False
rs12158565,63,18,-0.0706438,0.0505395,False
rs12158565,63,19,-0.0888617,0.0141099,False
rs12158565,63,20,-0.079775,0.0276166,False
rs12158565,63,21,-0.0680335,0.0615692,False
rs12158565,63,22,-0.0743798,0.0415285,False
rs12158565,63,23,-0.0560949,0.125894,False
rs12158565,63,24,-0.0554169,0.132506,False
rs12158565,63,25,-0.0635146,0.0856368,False
rs12158565,63,26,-0.0618507,0.0958235,False
rs12158565,63,27,-0.0698248,0.0610192,False
rs12158565,63,28,-0.0675288,0.0712355,False
rs12158565,63,29,-0.0614446,0.102251,False
rs12158565,63,30,-0.0712555,0.0589166,False
rs12158565,63,31,-0.0747762,0.0490139,False
rs12158565,63,32,-0.0722152,0.0582963,False
rs12158565,63,33,-0.0789487,0.0397772,False
rs12158565,63,34,-0.0741138,0.0545574,False
rs12158565,63,35,-0.0620162,0.109417,False
rs12158565,63,36,-0.0794611,0.0416737,False
rs12158565,63,37,-0.0839564,0.0325458,False
rs12158565,63,38,-0.0840556,0.0329987,False
rs12158565,63,39,-0.0667505,0.0918246,False
rs12158565,63,40,-0.0652294,0.10146,False
rs12158565,63,41,-0.0831538,0.0379335,False
rs12158565,63,42,-0.0875633,0.0297558,False
rs12158565,63,43,-0.0941649,0.0201704,False
rs12158565,63,44,-0.089284,0.0283047,False
rs12158565,63,45,-0.0772354,0.0591383,False
rs12158565,63,46,-0.0804973,0.0506009,False
rs12158565,63,47,-0.0788903,0.0567498,False
rs12158565,63,48,-0.0812323,0.0508342,False
rs12158565,63,49,-0.0839424,0.044453,False
rs12158565,63,50,-0.0682549,0.103724,False
rs12158565,63,51,-0.0788668,0.0611083,False
rs12158565,63,52,-0.0698548,0.0984081,False
rs12158565,63,53,-0.0599609,0.156184,False
rs12158565,63,54,-0.0772164,0.0687154,False
rs12158565,63,55,-0.0725582,0.0880352,False
rs12158565,63,56,-0.0658282,0.122024,False
rs12158565,63,57,-0.0702355,0.0992102,False
rs12158565,63,58,-0.0652208,0.126334,False
rs12158565,63,59,-0.0788816,0.0646367,False
rs12158565,63,60,-0.0745854,0.0809458,False
rs12158565,63,61,-0.0636864,0.135858,False
rs12158565,63,62,-0.0636282,0.136164,False
rs12158565,63,63,-0.0627462,0.141476,False
rs12158565,63,64,-0.0761831,0.0742907,False
rs12158565,63,65,-0.0642626,0.131541,False
rs12158565,63,66,-0.0642594,0.131005,False
rs12158565,63,67,-0.0594627,0.162004,False
rs12158565,63,68,-0.056791,0.18131,False
rs12158565,63,69,-0.0371651,0.381592,False
rs12158565,63,70,-0.0382633,0.367045,False
rs12158565,63,71,-0.0438462,0.300212,False
rs12158565,63,72,-0.0518339,0.219303,False
rs12158565,63,73,-0.0449466,0.285997,False
rs12158565,63,74,-0.0339295,0.419612,False
rs12158565,63,75,-0.0485923,0.247085,False
rs12158565,63,76,-0.0301763,0.47143,False
rs12158565,63,77,-0.0478482,0.253669,False
rs12158565,63,78,-0.0264431,0.527665,False
rs12158565,63,79,-0.0219582,0.598904,False
rs12158565,63,80,-0.0264561,0.525761,False
rs12158565,63,81,-0.0380644,0.361686,False
rs12158565,63,82,-0.0352285,0.398458,False
rs12158565,63,83,-0.0287114,0.491525,False
rs12158565,63,84,-0.0387705,0.352972,False
rs12158565,63,85,-0.0333913,0.423696,False
rs12158565,63,86,-0.0162344,0.698367,False
rs12158565,63,87,-0.0091486,0.827221,False
rs12158565,63,88,-0.0152168,0.717136,False
rs12158565,63,89,-0.0140578,0.738374,False
rs12158565,63,90,-0.0104398,0.804876,False
rs12158565,63,91,-0.00451113,0.915293,False
rs12158565,63,92,0.00299812,0.943901,False
rs12158565,63,93,0.00233378,0.956492,False
rs12158565,63,94,0.00383759,0.928815,False
rs12158565,63,95,0.00782136,0.856455,False
rs12158565,63,96,0.0225548,0.604567,False
rs12158565,63,97,0.0154481,0.725031,False
rs12158565,63,98,0.00276064,0.950359,False
rs12158565,63,99,0.0213432,0.633157,False
rs12158565,63,100,0.0291054,0.52041,False
rs12158565,63,101,0.0450687,0.325028,False
rs12158565,63,102,0.0298009,0.521662,False
rs12158565,63,103,0.0297011,0.530121,False
rs12158565,63,104,0.0225137,0.639773,False
rs12158565,63,105,0.0095777,0.845298,False
rs12158565,63,106,0.0036013,0.942799,False
rs12158565,63,107,0.0123412,0.80995,False
rs12158565,63,108,0.0129176,0.805856,False
rs12158565,63,109,-0.00620129,0.908107,False
rs12158565,63,110,0.00343264,0.950146,False
rs12158565,63,111,-0.00715553,0.898355,False
rs12158565,63,112,-0.00387705,0.94569,False
rs12158565,63,113,-0.0109016,0.850128,False
rs12158565,63,114,-0.00165846,0.977234,False
rs12158565,63,115,-0.0144593,0.804541,False
rs12158565,63,116,-0.00958766,0.869498,False
rs12158565,63,117,-0.0176998,0.760742,False
rs12158565,63,118,-0.0207114,0.720168,False
rs12158565,63,119,-0.0280134,0.625881,False
rs12158565,63,120,-0.0175939,0.757374,False
rs12158565,63,121,-0.0111037,0.844645,False
rs12158565,63,122,-0.00871266,0.87721,False
rs12158565,63,123,-0.000618781,0.991207,False
rs12158565,63,124,-0.00720693,0.897613,False
rs12158565,63,125,-0.0069852,0.900544,False
rs12158565,63,126,-0.000130655,0.998134,False
rs12158565,63,127,-0.00188365,0.973062,False
rs12158565,63,128,-0.0105442,0.849812,False
rs12158565,63,129,-0.0021621,0.969018,False
rs12158565,63,130,0.00293836,0.957984,False
rs12158565,63,131,0.00642941,0.908196,False
rs12158565,63,132,0.00818979,0.883553,False
rs12158565,63,133,0.0145599,0.795261,False
rs12158565,63,134,0.0205292,0.715758,False
rs12158565,63,135,0.0213602,0.70666,False
rs12158565,63,136,0.0191557,0.737779,False
rs12158565,63,137,0.0185498,0.747987,False
rs12158565,63,138,0.0260368,0.654823,False
rs12158565,63,139,0.0366748,0.532199,False
rs12158565,63,140,0.0173735,0.768519,False
rs12158565,63,141,0.0180772,0.760028,False
rs12158565,63,142,0.0226751,0.701346,False
rs12158565,63,143,0.0293117,0.618268,False
rs12158565,63,144,0.0270816,0.642617,False
rs12158565,63,145,0.0182553,0.75177,False
rs12158565,63,146,0.0156984,0.782568,False
rs12158565,63,147,0.00905273,0.87165,False
rs12158565,63,148,0.0102116,0.853142,False
rs12158565,63,149,0.00934549,0.863384,False
rs12158565,63,150,0.00874052,0.869944,False
rs12158565,63,151,-0.00521236,0.921124,False
rs12158565,63,152,0.00822736,0.873928,False
rs12158565,63,153,0.00011574,0.998191,False
rs12158565,63,154,-0.011215,0.824103,False
rs12158565,63,155,-0.014955,0.764138,False
rs12158565,63,156,-0.0126102,0.798199,False
rs12158565,63,157,-0.0132162,0.786161,False
rs12158565,63,158,-0.0137792,0.774944,False
rs12158565,63,159,-0.009976,0.834286,False
rs12158565,63,160,-0.00761727,0.871939,False
rs12158565,63,161,-0.0261418,0.57679,False
rs12158565,63,162,-0.0387979,0.403594,False
rs12158565,63,163,-0.0408846,0.374426,False
rs12158565,63,164,-0.0394022,0.388107,False
rs12158565,63,165,-0.0461558,0.308412,False
rs12158565,63,166,-0.0481574,0.284379,False
rs12158565,63,167,-0.0429413,0.337291,False
rs12158565,63,168,-0.0414691,0.351669,False
rs12158565,63,169,-0.0519941,0.240687,False
rs12158565,63,170,-0.0633015,0.151659,False
rs12158565,63,171,-0.065041,0.13983,False
rs12158565,63,172,-0.0653444,0.136401,False
rs12158565,63,173,-0.0699369,0.110207,False
rs12158565,63,174,-0.0723627,0.098508,False
rs12158565,63,175,-0.0737767,0.0918246,False
rs12158565,63,176,-0.0641834,0.142002,False
rs12158565,63,177,-0.0863475,0.0485072,False
rs12158565,63,178,-0.0880617,0.0442964,False
rs12158565,63,179,-0.0807985,0.0657999,False
rs12158565,63,180,-0.0851287,0.0528703,False
rs12158565,63,181,-0.100349,0.0227741,False
rs12158565,63,182,-0.0873613,0.0478578,False
rs12158565,63,183,-0.0886026,0.0449797,False
rs12158565,63,184,-0.0885141,0.0457172,False
rs12158565,63,185,-0.094138,0.0341491,False
rs12158565,63,186,-0.103953,0.0193719,False
rs12158565,63,187,-0.118495,0.00791828,False
rs12158565,63,188,-0.0974868,0.0293848,False
rs12158565,63,189,-0.101785,0.0232185,False
rs12158565,63,190,-0.113318,0.011601,False
rs12158565,63,191,-0.116295,0.00977443,False
rs12158565,63,192,-0.120713,0.00742808,False
rs12158565,63,193,-0.121553,0.00711714,False
rs12158565,63,194,-0.124419,0.00593954,False
rs12158565,63,195,-0.136118,0.00269518,False
rs12158565,63,196,-0.139017,0.00218962,False
rs12158565,63,197,-0.121626,0.0074027,False
rs12158565,63,198,-0.125186,0.0059599,False
rs12158565,63,199,-0.128024,0.00503417,False
rs12158565,63,200,-0.119289,0.00895974,False
rs12158565,63,201,-0.124669,0.00634511,False
rs12158565,63,202,-0.124754,0.00633991,False
rs12158565,63,203,-0.125889,0.00581687,False
rs12158565,63,204,-0.13702,0.00271266,False
rs12158565,63,205,-0.141164,0.00203807,False
rs12158565,63,206,-0.14234,0.00186111,False
rs12158565,63,207,-0.146009,0.00139145,False
rs12158565,63,208,-0.145674,0.001424,False
rs12158565,63,209,-0.141753,0.0019227,False
rs12158565,63,210,-0.147567,0.00124111,False
rs12158565,63,211,-0.15802,0.000537006,False
rs12158565,63,212,-0.135816,0.00288472,False
rs12158565,63,213,-0.147636,0.00120442,False
rs12158565,63,214,-0.14752,0.0012021,False
rs12158565,63,215,-0.150878,0.000931041,False
rs12158565,63,216,-0.148965,0.00107598,False
rs12158565,63,217,-0.154025,0.000717975,False
rs12158565,63,218,-0.159862,0.000437029,False
rs12158565,63,219,-0.152691,0.000794171,False
rs12158565,63,220,-0.158153,0.000508302,False
rs12158565,63,221,-0.165495,0.000278523,False
rs12158565,63,222,-0.167591,0.000239376,False
rs12158565,63,223,-0.181245,7.08909e-05,False
rs12158565,63,224,-0.172474,0.000161911,False
rs12158565,63,225,-0.17681,0.000113484,False
rs12158565,63,226,-0.186449,4.8045e-05,False
rs12158565,63,227,-0.18528,5.66603e-05,False
rs12158565,63,228,-0.183222,6.88649e-05,False
rs12158565,63,229,-0.189285,4.15745e-05,False
rs12158565,63,230,-0.185944,5.99836e-05,False
rs12158565,63,231,-0.192576,3.38581e-05,False
rs12158565,63,232,-0.191159,4.18042e-05,False
rs12158565,63,233,-0.195131,3.10039e-05,False
rs12158565,63,234,-0.193695,3.88926e-05,False
rs12158565,63,235,-0.192708,4.71906e-05,False
rs12158565,63,236,-0.185613,9.77741e-05,False
rs12158565,63,237,-0.181754,0.000151289,False
rs12158565,63,238,-0.191307,7.30139e-05,False
rs12158565,63,239,-0.189541,9.55673e-05,False
rs12158565,63,240,-0.182947,0.000185446,False
rs12158565,63,241,-0.187669,0.000146854,False
rs12158565,63,242,-0.193897,0.000102225,False
rs12158565,63,243,-0.195682,0.000105187,False
rs12158565,63,244,-0.209789,3.998e-05,False
rs12158565,63,245,-0.193368,0.000186218,False
rs12158565,63,246,-0.209981,6.38916e-05,False
rs12158565,63,247,-0.204433,0.000126871,False
rs12158565,63,248,-0.210694,0.000103793,False
rs12158565,63,249,-0.208443,0.000165037,False
rs12158565,63,250,-0.202397,0.000330484,False
rs12158565,63,251,-0.209821,0.000260761,False
rs12158565,64,6,-0.0852723,0.0284038,False
rs12158565,64,7,-0.0766258,0.0462413,False
rs12158565,64,8,-0.0960712,0.0114503,False
rs12158565,64,9,-0.101598,0.00690401,False
rs12158565,64,10,-0.0832365,0.025292,False
rs12158565,64,11,-0.0785905,0.0330696,False
rs12158565,64,12,-0.0781795,0.0326867,False
rs12158565,64,13,-0.080957,0.0264155,False
rs12158565,64,14,-0.0756444,0.0373481,False
rs12158565,64,15,-0.0768757,0.0339254,False
rs12158565,64,16,-0.0817863,0.0239606,False
rs12158565,64,17,-0.0846105,0.019584,False
rs12158565,64,18,-0.0818562,0.0239479,False
rs12158565,64,19,-0.0672437,0.0639067,False
rs12158565,64,20,-0.0700409,0.0546021,False
rs12158565,64,21,-0.0669577,0.0664871,False
rs12158565,64,22,-0.0747246,0.0409054,False
rs12158565,64,23,-0.0820736,0.0254865,False
rs12158565,64,24,-0.076009,0.038887,False
rs12158565,64,25,-0.0722741,0.0507392,False
rs12158565,64,26,-0.0726899,0.0502039,False
rs12158565,64,27,-0.0724426,0.0520037,False
rs12158565,64,28,-0.0743293,0.0469702,False
rs12158565,64,29,-0.0713356,0.057846,False
rs12158565,64,30,-0.0784361,0.0380873,False
rs12158565,64,31,-0.0751335,0.047956,False
rs12158565,64,32,-0.077268,0.043008,False
rs12158565,64,33,-0.0793171,0.0385835,False
rs12158565,64,34,-0.0766818,0.0467401,False
rs12158565,64,35,-0.0806845,0.0376519,False
rs12158565,64,36,-0.0735452,0.059346,False
rs12158565,64,37,-0.0643648,0.100554,False
rs12158565,64,38,-0.0641331,0.1046,False
rs12158565,64,39,-0.0741519,0.0618303,False
rs12158565,64,40,-0.0674569,0.0906689,False
rs12158565,64,41,-0.0773162,0.0540933,False
rs12158565,64,42,-0.0734504,0.0686022,False
rs12158565,64,43,-0.0771225,0.0570969,False
rs12158565,64,44,-0.082779,0.0423248,False
rs12158565,64,45,-0.0807177,0.048663,False
rs12158565,64,46,-0.0758693,0.0653805,False
rs12158565,64,47,-0.0750795,0.0697149,False
rs12158565,64,48,-0.0711624,0.0875348,False
rs12158565,64,49,-0.0725623,0.0825245,False
rs12158565,64,50,-0.0733051,0.0802694,False
rs12158565,64,51,-0.0704037,0.0947546,False
rs12158565,64,52,-0.0553295,0.19033,False
rs12158565,64,53,-0.0653829,0.122745,False
rs12158565,64,54,-0.0817956,0.054369,False
rs12158565,64,55,-0.0627794,0.140492,False
rs12158565,64,56,-0.0569733,0.181542,False
rs12158565,64,57,-0.0684481,0.108391,False
rs12158565,64,58,-0.0546894,0.200307,False
rs12158565,64,59,-0.0562203,0.188372,False
rs12158565,64,60,-0.0557342,0.192175,False
rs12158565,64,61,-0.0526595,0.217801,False
rs12158565,64,62,-0.0536529,0.20956,False
rs12158565,64,63,-0.0476792,0.264648,False
rs12158565,64,64,-0.0534652,0.211081,False
rs12158565,64,65,-0.0532345,0.212379,False
rs12158565,64,66,-0.0479784,0.260492,False
rs12158565,64,67,-0.0448806,0.291471,False
rs12158565,64,68,-0.0357531,0.400295,False
rs12158565,64,69,-0.0453332,0.284887,False
rs12158565,64,70,-0.0303886,0.473263,False
rs12158565,64,71,-0.0304648,0.471627,False
rs12158565,64,72,-0.0306994,0.466953,False
rs12158565,64,73,-0.0332069,0.430069,False
rs12158565,64,74,-0.0347438,0.409429,False
rs12158565,64,75,-0.0268357,0.523558,False
rs12158565,64,76,-0.03328,0.428806,False
rs12158565,64,77,-0.0213012,0.611647,False
rs12158565,64,78,-0.0171094,0.682683,False
rs12158565,64,79,-0.0281159,0.50203,False
rs12158565,64,80,-0.0311621,0.455693,False
rs12158565,64,81,-0.0205877,0.622277,False
rs12158565,64,82,-0.0222772,0.59442,False
rs12158565,64,83,-0.023379,0.576146,False
rs12158565,64,84,-0.0124133,0.76655,False
rs12158565,64,85,-0.00387666,0.926148,False
rs12158565,64,86,-0.0244902,0.558234,False
rs12158565,64,87,-0.0232247,0.579603,False
rs12158565,64,88,-0.0157497,0.70796,False
rs12158565,64,89,-0.00680433,0.871823,False
rs12158565,64,90,-0.0103503,0.806367,False
rs12158565,64,91,-0.0112098,0.791396,False
rs12158565,64,92,0.00291488,0.945488,False
rs12158565,64,93,-0.000634902,0.988183,False
rs12158565,64,94,0.0172396,0.689216,False
rs12158565,64,95,0.00696863,0.872357,False
rs12158565,64,96,0.0125361,0.773966,False
rs12158565,64,97,0.0100771,0.818592,False
rs12158565,64,98,0.0135845,0.759483,False
rs12158565,64,99,0.010215,0.81964,False
rs12158565,64,100,0.0225579,0.618237,False
rs12158565,64,101,0.0271334,0.55453,False
rs12158565,64,102,0.0205784,0.658009,False
rs12158565,64,103,0.0226174,0.632624,False
rs12158565,64,104,-0.00386465,0.936058,False
rs12158565,64,105,0.00898011,0.854931,False
rs12158565,64,106,0.0153436,0.759974,False
rs12158565,64,107,0.00930408,0.85644,False
rs12158565,64,108,0.0123141,0.815049,False
rs12158565,64,109,0.00281072,0.958351,False
rs12158565,64,110,-0.0017477,0.974675,False
rs12158565,64,111,0.00747474,0.893943,False
rs12158565,64,112,0.00870938,0.878682,False
rs12158565,64,113,0.00697605,0.903912,False
rs12158565,64,114,0.00372183,0.949074,False
rs12158565,64,115,0.0143244,0.806349,False
rs12158565,64,116,-0.0109107,0.851796,False
rs12158565,64,117,3.81588e-05,0.999477,False
rs12158565,64,118,-0.00350183,0.951781,False
rs12158565,64,119,0.00471663,0.934649,False
rs12158565,64,120,0.00033927,0.995264,False
rs12158565,64,121,0.0123245,0.828124,False
rs12158565,64,122,0.0221819,0.694404,False
rs12158565,64,123,0.0157684,0.779113,False
rs12158565,64,124,0.0231786,0.679148,False
rs12158565,64,125,0.0146872,0.792877,False
rs12158565,64,126,0.0189546,0.73422,False
rs12158565,64,127,0.023081,0.679259,False
rs12158565,64,128,0.0265964,0.633287,False
rs12158565,64,129,0.0321308,0.564352,False
rs12158565,64,130,0.0166926,0.764634,False
rs12158565,64,131,0.0154811,0.781388,False
rs12158565,64,132,0.0223503,0.689379,False
rs12158565,64,133,0.0231419,0.680005,False
rs12158565,64,134,0.0210146,0.709691,False
rs12158565,64,135,0.0253722,0.655003,False
rs12158565,64,136,0.0215331,0.706925,False
rs12158565,64,137,0.0236468,0.682424,False
rs12158565,64,138,0.0287499,0.622228,False
rs12158565,64,139,0.0285727,0.627089,False
rs12158565,64,140,0.0255665,0.664837,False
rs12158565,64,141,0.0145448,0.805964,False
rs12158565,64,142,0.0303272,0.607984,False
rs12158565,64,143,0.0241253,0.681554,False
rs12158565,64,144,0.0251385,0.666329,False
rs12158565,64,145,0.0176613,0.759216,False
rs12158565,64,146,0.0106533,0.851361,False
rs12158565,64,147,-0.00135067,0.98076,False
rs12158565,64,148,0.0123984,0.821931,False
rs12158565,64,149,0.0043668,0.935735,False
rs12158565,64,150,-0.00579968,0.913386,False
rs12158565,64,151,-0.000851797,0.987054,False
rs12158565,64,152,-0.015339,0.76683,False
rs12158565,64,153,-0.0145114,0.776221,False
rs12158565,64,154,-0.0090084,0.858169,False
rs12158565,64,155,-0.00953714,0.847989,False
rs12158565,64,156,-0.0245447,0.617799,False
rs12158565,64,157,-0.0283383,0.559584,False
rs12158565,64,158,-0.0209284,0.663443,False
rs12158565,64,159,-0.0253673,0.594679,False
rs12158565,64,160,-0.0142709,0.762416,False
rs12158565,64,161,-0.01735,0.710505,False
rs12158565,64,162,-0.0209025,0.651577,False
rs12158565,64,163,-0.0233642,0.611092,False
rs12158565,64,164,-0.0253092,0.578868,False
rs12158565,64,165,-0.0303353,0.503004,False
rs12158565,64,166,-0.0377474,0.400947,False
rs12158565,64,167,-0.0310684,0.486778,False
rs12158565,64,168,-0.0411669,0.354602,False
rs12158565,64,169,-0.0522394,0.237831,False
rs12158565,64,170,-0.0461039,0.296124,False
rs12158565,64,171,-0.0620174,0.158263,False
rs12158565,64,172,-0.0661398,0.131408,False
rs12158565,64,173,-0.0628579,0.151524,False
rs12158565,64,174,-0.0518129,0.23653,False
rs12158565,64,175,-0.0621198,0.155964,False
rs12158565,64,176,-0.0655443,0.134314,False
rs12158565,64,177,-0.0607933,0.16535,False
rs12158565,64,178,-0.0697943,0.110928,False
rs12158565,64,179,-0.0659016,0.132943,False
rs12158565,64,180,-0.0731408,0.0958539,False
rs12158565,64,181,-0.080009,0.0689533,False
rs12158565,64,182,-0.0870605,0.0484129,False
rs12158565,64,183,-0.0800906,0.0702357,False
rs12158565,64,184,-0.0859776,0.0524309,False
rs12158565,64,185,-0.0941147,0.0342156,False
rs12158565,64,186,-0.0888966,0.0457213,False
rs12158565,64,187,-0.094946,0.0332338,False
rs12158565,64,188,-0.0910404,0.0419125,False
rs12158565,64,189,-0.109025,0.0150151,False
rs12158565,64,190,-0.106822,0.0174127,False
rs12158565,64,191,-0.111151,0.0135618,False
rs12158565,64,192,-0.0969861,0.0314771,False
rs12158565,64,193,-0.10858,0.0162691,False
rs12158565,64,194,-0.110218,0.0149156,False
rs12158565,64,195,-0.0992268,0.0285332,False
rs12158565,64,196,-0.127999,0.00484252,False
rs12158565,64,197,-0.127136,0.00519148,False
rs12158565,64,198,-0.128309,0.00492011,False
rs12158565,64,199,-0.122574,0.00723335,False
rs12158565,64,200,-0.129944,0.00439538,False
rs12158565,64,201,-0.124156,0.00652273,False
rs12158565,64,202,-0.12179,0.00765012,False
rs12158565,64,203,-0.139599,0.00222558,False
rs12158565,64,204,-0.134016,0.0033689,False
rs12158565,64,205,-0.129006,0.00475916,False
rs12158565,64,206,-0.137472,0.00262961,False
rs12158565,64,207,-0.150317,0.00100117,False
rs12158565,64,208,-0.149159,0.00108509,False
rs12158565,64,209,-0.148797,0.00110468,False
rs12158565,64,210,-0.153328,0.000773675,False
rs12158565,64,211,-0.162453,0.000361887,False
rs12158565,64,212,-0.155234,0.000653357,False
rs12158565,64,213,-0.153771,0.000725514,False
rs12158565,64,214,-0.165059,0.000284955,False
rs12158565,64,215,-0.163705,0.000326414,False
rs12158565,64,216,-0.173206,0.000139868,False
rs12158565,64,217,-0.171353,0.000166711,False
rs12158565,64,218,-0.170449,0.000181521,False
rs12158565,64,219,-0.177852,9.21799e-05,False
rs12158565,64,220,-0.184526,4.9654e-05,False
rs12158565,64,221,-0.174673,0.000126304,False
rs12158565,64,222,-0.174535,0.000128519,False
rs12158565,64,223,-0.19285,2.38747e-05,False
rs12158565,64,224,-0.190769,3.00694e-05,False
rs12158565,64,225,-0.191728,2.81599e-05,False
rs12158565,64,226,-0.164653,0.000334203,False
rs12158565,64,227,-0.175374,0.000134678,False
rs12158565,64,228,-0.181934,7.82835e-05,False
rs12158565,64,229,-0.17027,0.000228283,False
rs12158565,64,230,-0.177632,0.000126938,False
rs12158565,64,231,-0.194343,2.93337e-05,False
rs12158565,64,232,-0.199403,1.97052e-05,False
rs12158565,64,233,-0.196146,2.90495e-05,False
rs12158565,64,234,-0.195772,3.22917e-05,False
rs12158565,64,235,-0.191027,5.59706e-05,False
rs12158565,64,236,-0.191732,5.77289e-05,False
rs12158565,64,237,-0.203707,2.23082e-05,False
rs12158565,64,238,-0.213203,1.04904e-05,False
rs12158565,64,239,-0.219437,6.58049e-06,False
rs12158565,64,240,-0.208377,2.25847e-05,False
rs12158565,64,241,-0.209478,2.50142e-05,False
rs12158565,64,242,-0.215831,1.65964e-05,False
rs12158565,64,243,-0.221489,1.26678e-05,False
rs12158565,64,244,-0.230353,7.55061e-06,False
rs12158565,64,245,-0.226536,1.37896e-05,False
rs12158565,64,246,-0.227176,1.73827e-05,False
rs12158565,64,247,-0.236277,1.14242e-05,False
rs12158565,64,248,-0.231616,2.3402e-05,False
rs12158565,64,249,-0.244375,1.20576e-05,False
rs12158565,64,250,-0.24253,2.01058e-05,False
rs12158565,64,251,-0.258709,7.86057e-06,False
rs12158565,65,6,-0.0830186,0.0315426,False
rs12158565,65,7,-0.0668062,0.0792313,False
rs12158565,65,8,-0.074448,0.0477311,False
rs12158565,65,9,-0.0713886,0.055392,False
rs12158565,65,10,-0.0663764,0.0721097,False
rs12158565,65,11,-0.0771616,0.0349945,False
rs12158565,65,12,-0.0657519,0.0706952,False
rs12158565,65,13,-0.0578709,0.109824,False
rs12158565,65,14,-0.0533821,0.138861,False
rs12158565,65,15,-0.0590223,0.102442,False
rs12158565,65,16,-0.0520017,0.150457,False
rs12158565,65,17,-0.0393891,0.275239,False
rs12158565,65,18,-0.0503624,0.164038,False
rs12158565,65,19,-0.0614612,0.0896671,False
rs12158565,65,20,-0.0419227,0.248469,False
rs12158565,65,21,-0.0334527,0.35876,False
rs12158565,65,22,-0.0595955,0.10312,False
rs12158565,65,23,-0.0501318,0.172226,False
rs12158565,65,24,-0.0535451,0.145963,False
rs12158565,65,25,-0.0457785,0.215113,False
rs12158565,65,26,-0.0565304,0.127508,False
rs12158565,65,27,-0.0554048,0.136874,False
rs12158565,65,28,-0.0631401,0.0915311,False
rs12158565,65,29,-0.0624945,0.0966708,False
rs12158565,65,30,-0.0752386,0.0466427,False
rs12158565,65,31,-0.0657083,0.0833492,False
rs12158565,65,32,-0.0696202,0.0674316,False
rs12158565,65,33,-0.0758888,0.0474045,False
rs12158565,65,34,-0.0666689,0.0833552,False
rs12158565,65,35,-0.0786331,0.042468,False
rs12158565,65,36,-0.0789487,0.0426779,False
rs12158565,65,37,-0.0737639,0.0597116,False
rs12158565,65,38,-0.087763,0.0262058,False
rs12158565,65,39,-0.0863396,0.0293476,False
rs12158565,65,40,-0.0784095,0.048954,False
rs12158565,65,41,-0.0922547,0.0212589,False
rs12158565,65,42,-0.0836413,0.0378668,False
rs12158565,65,43,-0.0850891,0.0355175,False
rs12158565,65,44,-0.0877474,0.0311066,False
rs12158565,65,45,-0.0959115,0.0190964,False
rs12158565,65,46,-0.0889881,0.0305097,False
rs12158565,65,47,-0.0704224,0.0879098,False
rs12158565,65,48,-0.0679471,0.101853,False
rs12158565,65,49,-0.0759654,0.0684187,False
rs12158565,65,50,-0.0765066,0.0677215,False
rs12158565,65,51,-0.0773806,0.0657275,False
rs12158565,65,52,-0.068997,0.101519,False
rs12158565,65,53,-0.0716083,0.0901514,False
rs12158565,65,54,-0.0617668,0.145291,False
rs12158565,65,55,-0.0745931,0.0789966,False
rs12158565,65,56,-0.0769776,0.0700336,False
rs12158565,65,57,-0.0540037,0.204832,False
rs12158565,65,58,-0.0595863,0.162412,False
rs12158565,65,59,-0.0595717,0.162749,False
rs12158565,65,60,-0.070679,0.0982077,False
rs12158565,65,61,-0.0694152,0.103832,False
rs12158565,65,62,-0.0654332,0.125139,False
rs12158565,65,63,-0.0618659,0.147314,False
rs12158565,65,64,-0.0553058,0.195792,False
rs12158565,65,65,-0.0589127,0.167203,False
rs12158565,65,66,-0.0575275,0.176853,False
rs12158565,65,67,-0.0550721,0.195316,False
rs12158565,65,68,-0.0414724,0.3297,False
rs12158565,65,69,-0.0331834,0.434347,False
rs12158565,65,70,-0.0426466,0.313889,False
rs12158565,65,71,-0.040336,0.33999,False
rs12158565,65,72,-0.0423567,0.315817,False
rs12158565,65,73,-0.0369783,0.379933,False
rs12158565,65,74,-0.021478,0.609558,False
rs12158565,65,75,-0.0308435,0.462926,False
rs12158565,65,76,-0.0382897,0.361531,False
rs12158565,65,77,-0.0343419,0.412349,False
rs12158565,65,78,-0.0284334,0.49718,False
rs12158565,65,79,-0.0149042,0.72154,False
rs12158565,65,80,-0.0268875,0.519934,False
rs12158565,65,81,-0.0171811,0.680634,False
rs12158565,65,82,-0.0178777,0.668451,False
rs12158565,65,83,-0.0165708,0.691712,False
rs12158565,65,84,-0.0198195,0.634889,False
rs12158565,65,85,-0.0120193,0.773435,False
rs12158565,65,86,-0.00516085,0.901898,False
rs12158565,65,87,0.00281985,0.946386,False
rs12158565,65,88,0.00241726,0.954092,False
rs12158565,65,89,0.0050873,0.903956,False
rs12158565,65,90,0.0062763,0.88184,False
rs12158565,65,91,0.00233109,0.956141,False
rs12158565,65,92,0.0182601,0.667698,False
rs12158565,65,93,0.0040244,0.925053,False
rs12158565,65,94,0.0139838,0.745013,False
rs12158565,65,95,0.0157103,0.716747,False
rs12158565,65,96,0.00801123,0.853835,False
rs12158565,65,97,0.0170033,0.698447,False
rs12158565,65,98,0.00405277,0.926991,False
rs12158565,65,99,-0.000279053,0.995017,False
rs12158565,65,100,0.00253381,0.955228,False
rs12158565,65,101,0.0135185,0.767564,False
rs12158565,65,102,0.00480484,0.917497,False
rs12158565,65,103,0.0174134,0.711889,False
rs12158565,65,104,0.0105089,0.826493,False
rs12158565,65,105,-0.00551091,0.91029,False
rs12158565,65,106,0.00895539,0.857558,False
rs12158565,65,107,-0.00321526,0.94979,False
rs12158565,65,108,-0.00846339,0.871506,False
rs12158565,65,109,0.00169192,0.974771,False
rs12158565,65,110,-0.0126024,0.818177,False
rs12158565,65,111,-0.015758,0.778363,False
rs12158565,65,112,-0.0178089,0.75477,False
rs12158565,65,113,-0.0232121,0.688115,False
rs12158565,65,114,-0.044768,0.443849,False
rs12158565,65,115,-0.0341328,0.562134,False
rs12158565,65,116,-0.0357939,0.543781,False
rs12158565,65,117,-0.0405496,0.491005,False
rs12158565,65,118,-0.032448,0.579734,False
rs12158565,65,119,-0.0297849,0.609655,False
rs12158565,65,120,-0.0256112,0.658288,False
rs12158565,65,121,-0.0298463,0.60403,False
rs12158565,65,122,-0.0480932,0.400444,False
rs12158565,65,123,-0.0329735,0.562182,False
rs12158565,65,124,-0.0190539,0.736826,False
rs12158565,65,125,-0.0104766,0.853125,False
rs12158565,65,126,-0.00907611,0.872185,False
rs12158565,65,127,-0.0137146,0.807814,False
rs12158565,65,128,-0.0129844,0.817536,False
rs12158565,65,129,-0.00210546,0.970148,False
rs12158565,65,130,0.00160492,0.977235,False
rs12158565,65,131,0.000301409,0.995731,False
rs12158565,65,132,0.0103567,0.854461,False
rs12158565,65,133,-0.00653689,0.908146,False
rs12158565,65,134,0.00696379,0.902669,False
rs12158565,65,135,0.0176377,0.758353,False
rs12158565,65,136,0.014894,0.796275,False
rs12158565,65,137,0.0101941,0.860983,False
rs12158565,65,138,0.014692,0.802379,False
rs12158565,65,139,0.021872,0.711314,False
rs12158565,65,140,0.0242455,0.682211,False
rs12158565,65,141,0.0116891,0.843654,False
rs12158565,65,142,0.0175903,0.766059,False
rs12158565,65,143,0.0132309,0.82171,False
rs12158565,65,144,0.0232383,0.689156,False
rs12158565,65,145,0.0139548,0.807683,False
rs12158565,65,146,0.0118303,0.834351,False
rs12158565,65,147,0.00266726,0.961815,False
rs12158565,65,148,0.00633237,0.908002,False
rs12158565,65,149,-0.000689976,0.989789,False
rs12158565,65,150,-0.00882926,0.867789,False
rs12158565,65,151,-0.00658754,0.899689,False
rs12158565,65,152,-0.0107277,0.834962,False
rs12158565,65,153,-0.0160476,0.752034,False
rs12158565,65,154,-0.0167153,0.738943,False
rs12158565,65,155,-0.0052018,0.916285,False
rs12158565,65,156,-0.00968575,0.843219,False
rs12158565,65,157,-0.0213601,0.658998,False
rs12158565,65,158,-0.0165739,0.72936,False
rs12158565,65,159,-0.0335232,0.479526,False
rs12158565,65,160,-0.0140404,0.765073,False
rs12158565,65,161,-0.0095452,0.837425,False
rs12158565,65,162,-0.018276,0.692057,False
rs12158565,65,163,-0.0142931,0.754954,False
rs12158565,65,164,-0.0378579,0.404345,False
rs12158565,65,165,-0.0274268,0.542649,False
rs12158565,65,166,-0.0354644,0.428262,False
rs12158565,65,167,-0.0406322,0.361375,False
rs12158565,65,168,-0.0428379,0.333711,False
rs12158565,65,169,-0.0547189,0.215355,False
rs12158565,65,170,-0.0613821,0.162837,False
rs12158565,65,171,-0.0638138,0.145701,False
rs12158565,65,172,-0.0673388,0.123661,False
rs12158565,65,173,-0.0762468,0.0810515,False
rs12158565,65,174,-0.0678667,0.120051,False
rs12158565,65,175,-0.070394,0.107027,False
rs12158565,65,176,-0.0880344,0.044012,False
rs12158565,65,177,-0.0869189,0.0467496,False
rs12158565,65,178,-0.0865615,0.0480286,False
rs12158565,65,179,-0.0931073,0.0336893,False
rs12158565,65,180,-0.0921295,0.0358573,False
rs12158565,65,181,-0.092644,0.0352345,False
rs12158565,65,182,-0.095792,0.0298889,False
rs12158565,65,183,-0.108338,0.0142524,False
rs12158565,65,184,-0.101248,0.0225219,False
rs12158565,65,185,-0.110166,0.0132653,False
rs12158565,65,186,-0.109261,0.0141969,False
rs12158565,65,187,-0.106599,0.0169792,False
rs12158565,65,188,-0.109496,0.0143369,False
rs12158565,65,189,-0.119506,0.00768146,False
rs12158565,65,190,-0.121704,0.00680036,False
rs12158565,65,191,-0.125002,0.00548455,False
rs12158565,65,192,-0.121978,0.00684702,False
rs12158565,65,193,-0.123306,0.00641784,False
rs12158565,65,194,-0.113927,0.0119359,False
rs12158565,65,195,-0.106601,0.0188383,False
rs12158565,65,196,-0.120665,0.00794521,False
rs12158565,65,197,-0.126106,0.00554108,False
rs12158565,65,198,-0.130388,0.00417049,False
rs12158565,65,199,-0.135881,0.00289765,False
rs12158565,65,200,-0.135492,0.00295801,False
rs12158565,65,201,-0.134074,0.00328442,False
rs12158565,65,202,-0.143244,0.00168826,False
rs12158565,65,203,-0.150144,0.000990195,False
rs12158565,65,204,-0.145011,0.00148971,False
rs12158565,65,205,-0.150721,0.000946041,False
rs12158565,65,206,-0.13363,0.00339167,False
rs12158565,65,207,-0.14133,0.0019608,False
rs12158565,65,208,-0.14585,0.00137936,False
rs12158565,65,209,-0.151658,0.000888535,False
rs12158565,65,210,-0.157737,0.0005409,False
rs12158565,65,211,-0.150951,0.000926765,False
rs12158565,65,212,-0.146601,0.00127948,False
rs12158565,65,213,-0.140433,0.00201659,False
rs12158565,65,214,-0.161839,0.000378946,False
rs12158565,65,215,-0.164975,0.000291818,False
rs12158565,65,216,-0.16083,0.000405961,False
rs12158565,65,217,-0.149258,0.00103663,False
rs12158565,65,218,-0.158712,0.000473425,False
rs12158565,65,219,-0.154299,0.000684556,False
rs12158565,65,220,-0.166199,0.000253862,False
rs12158565,65,221,-0.156636,0.000576266,False
rs12158565,65,222,-0.15706,0.00056071,False
rs12158565,65,223,-0.171076,0.000173462,False
rs12158565,65,224,-0.181258,7.09714e-05,False
rs12158565,65,225,-0.17085,0.000185343,False
rs12158565,65,226,-0.174901,0.00013427,False
rs12158565,65,227,-0.166654,0.000284826,False
rs12158565,65,228,-0.177656,0.000113706,False
rs12158565,65,229,-0.171486,0.000199368,False
rs12158565,65,230,-0.185353,6.24803e-05,False
rs12158565,65,231,-0.180251,0.000105022,False
rs12158565,65,232,-0.180555,0.000109231,False
rs12158565,65,233,-0.171802,0.000248144,False
rs12158565,65,234,-0.18587,7.9478e-05,False
rs12158565,65,235,-0.177101,0.000189647,False
rs12158565,65,236,-0.182786,0.000129272,False
rs12158565,65,237,-0.180748,0.00016963,False
rs12158565,65,238,-0.188287,9.91053e-05,False
rs12158565,65,239,-0.187886,0.000118823,False
rs12158565,65,240,-0.195417,7.39083e-05,False
rs12158565,65,241,-0.20929,2.5458e-05,False
rs12158565,65,242,-0.210784,2.70365e-05,False
rs12158565,65,243,-0.212253,2.97236e-05,False
rs12158565,65,244,-0.226524,1.07519e-05,False
rs12158565,65,245,-0.230792,9.63017e-06,False
rs12158565,65,246,-0.229526,1.49785e-05,False
rs12158565,65,247,-0.238612,9.74049e-06,False
rs12158565,65,248,-0.245442,7.62351e-06,False
rs12158565,65,249,-0.248212,9.06475e-06,False
rs12158565,65,250,-0.241626,2.27049e-05,False
rs12158565,65,251,-0.243221,2.79966e-05,False
rs12158565,66,6,-0.0693243,0.0719327,False
rs12158565,66,7,-0.0667696,0.0797508,False
rs12158565,66,8,-0.0722033,0.05503,False
rs12158565,66,9,-0.0707548,0.0580025,False
rs12158565,66,10,-0.0665909,0.0713143,False
rs12158565,66,11,-0.0728301,0.0468495,False
rs12158565,66,12,-0.0572891,0.115483,False
rs12158565,66,13,-0.0654565,0.0714361,False
rs12158565,66,14,-0.0680419,0.0601816,False
rs12158565,66,15,-0.067071,0.0631267,False
rs12158565,66,16,-0.0701236,0.0518143,False
rs12158565,66,17,-0.0655704,0.069502,False
rs12158565,66,18,-0.0678472,0.0601483,False
rs12158565,66,19,-0.0632426,0.0795663,False
rs12158565,66,20,-0.0777883,0.0316059,False
rs12158565,66,21,-0.0692964,0.0563677,False
rs12158565,66,22,-0.0616928,0.090359,False
rs12158565,66,23,-0.0703199,0.0542742,False
rs12158565,66,24,-0.0711514,0.0521283,False
rs12158565,66,25,-0.0646598,0.0792148,False
rs12158565,66,26,-0.070346,0.0572112,False
rs12158565,66,27,-0.070501,0.0573945,False
rs12158565,66,28,-0.0680498,0.0672894,False
rs12158565,66,29,-0.0714865,0.0565595,False
rs12158565,66,30,-0.0743141,0.0484012,False
rs12158565,66,31,-0.0816096,0.0310439,False
rs12158565,66,32,-0.069342,0.0683013,False
rs12158565,66,33,-0.088625,0.0204389,False
rs12158565,66,34,-0.0842931,0.0282155,False
rs12158565,66,35,-0.0700694,0.0694912,False
rs12158565,66,36,-0.0787174,0.0425304,False
rs12158565,66,37,-0.080116,0.0401575,False
rs12158565,66,38,-0.0726493,0.0639508,False
rs12158565,66,39,-0.0819418,0.0379272,False
rs12158565,66,40,-0.0813591,0.0406767,False
rs12158565,66,41,-0.0799654,0.0452657,False
rs12158565,66,42,-0.0699219,0.0818228,False
rs12158565,66,43,-0.0741822,0.0662509,False
rs12158565,66,44,-0.0559102,0.168615,False
rs12158565,66,45,-0.0602408,0.140114,False
rs12158565,66,46,-0.0704504,0.0860413,False
rs12158565,66,47,-0.070238,0.0888212,False
rs12158565,66,48,-0.0636567,0.124219,False
rs12158565,66,49,-0.0797129,0.0553756,False
rs12158565,66,50,-0.070327,0.0924116,False
rs12158565,66,51,-0.0636649,0.128468,False
rs12158565,66,52,-0.0577188,0.169824,False
rs12158565,66,53,-0.0744117,0.0776692,False
rs12158565,66,54,-0.0715999,0.0904766,False
rs12158565,66,55,-0.0665522,0.116488,False
rs12158565,66,56,-0.0716775,0.0916187,False
rs12158565,66,57,-0.0740125,0.0820832,False
rs12158565,66,58,-0.0716469,0.0927897,False
rs12158565,66,59,-0.0559181,0.189695,False
rs12158565,66,60,-0.0483101,0.257553,False
rs12158565,66,61,-0.0547147,0.199491,False
rs12158565,66,62,-0.0607223,0.154457,False
rs12158565,66,63,-0.0423947,0.320395,False
rs12158565,66,64,-0.0363791,0.393814,False
rs12158565,66,65,-0.0409729,0.336079,False
rs12158565,66,66,-0.0446203,0.293614,False
rs12158565,66,67,-0.0473442,0.264456,False
rs12158565,66,68,-0.0426475,0.313999,False
rs12158565,66,69,-0.0415292,0.326161,False
rs12158565,66,70,-0.0398329,0.345097,False
rs12158565,66,71,-0.0340192,0.419854,False
rs12158565,66,72,-0.0308906,0.463208,False
rs12158565,66,73,-0.0439889,0.295634,False
rs12158565,66,74,-0.025184,0.548873,False
rs12158565,66,75,-0.0285223,0.496309,False
rs12158565,66,76,-0.0240923,0.565146,False
rs12158565,66,77,-0.0161699,0.698524,False
rs12158565,66,78,-0.0205215,0.622967,False
rs12158565,66,79,-0.0128399,0.758548,False
rs12158565,66,80,-0.0111307,0.789738,False
rs12158565,66,81,-0.0134104,0.747613,False
rs12158565,66,82,-0.00457479,0.912621,False
rs12158565,66,83,-0.00728782,0.8613,False
rs12158565,66,84,-0.0086726,0.835408,False
rs12158565,66,85,-0.0026451,0.949444,False
rs12158565,66,86,-0.00351209,0.932886,False
rs12158565,66,87,-0.00960503,0.818178,False
rs12158565,66,88,0.000679139,0.987066,False
rs12158565,66,89,0.000835874,0.984098,False
rs12158565,66,90,0.0196132,0.641187,False
rs12158565,66,91,0.0207342,0.624329,False
rs12158565,66,92,0.00568283,0.89349,False
rs12158565,66,93,0.00898548,0.832985,False
rs12158565,66,94,0.00993474,0.816482,False
rs12158565,66,95,0.00796665,0.853286,False
rs12158565,66,96,0.0118472,0.784684,False
rs12158565,66,97,0.00884731,0.839544,False
rs12158565,66,98,0.0084373,0.847765,False
rs12158565,66,99,0.0151532,0.732689,False
rs12158565,66,100,0.0142083,0.751583,False
rs12158565,66,101,0.0125041,0.782783,False
rs12158565,66,102,0.0157976,0.730965,False
rs12158565,66,103,0.0138274,0.766959,False
rs12158565,66,104,0.0168392,0.722721,False
rs12158565,66,105,0.0148985,0.757941,False
rs12158565,66,106,0.00738259,0.881007,False
rs12158565,66,107,-0.00289124,0.954279,False
rs12158565,66,108,0.00382618,0.940956,False
rs12158565,66,109,-0.00206821,0.968816,False
rs12158565,66,110,0.00123707,0.981796,False
rs12158565,66,111,-0.00654701,0.906087,False
rs12158565,66,112,-0.0151201,0.789685,False
rs12158565,66,113,-0.0100452,0.861747,False
rs12158565,66,114,-0.000947759,0.987078,False
rs12158565,66,115,-0.0109875,0.852832,False
rs12158565,66,116,-0.00838269,0.887945,False
rs12158565,66,117,-0.0185777,0.755643,False
rs12158565,66,118,-0.0109852,0.853716,False
rs12158565,66,119,-0.0135888,0.818906,False
rs12158565,66,120,-0.0109261,0.853135,False
rs12158565,66,121,-6.70879e-05,0.99909,False
rs12158565,66,122,-0.00277099,0.96217,False
rs12158565,66,123,-0.00589599,0.919274,False
rs12158565,66,124,-0.0021025,0.971051,False
rs12158565,66,125,-0.00237378,0.967244,False
rs12158565,66,126,0.000875836,0.987879,False
rs12158565,66,127,-0.00513457,0.928931,False
rs12158565,66,128,-0.000203904,0.997169,False
rs12158565,66,129,0.00716505,0.900692,False
rs12158565,66,130,-0.00284556,0.960487,False
rs12158565,66,131,0.00317177,0.955946,False
rs12158565,66,132,0.00784059,0.891714,False
rs12158565,66,133,0.0206991,0.720037,False
rs12158565,66,134,0.0237253,0.68236,False
rs12158565,66,135,0.0403046,0.489077,False
rs12158565,66,136,0.0248103,0.671946,False
rs12158565,66,137,0.0293748,0.618375,False
rs12158565,66,138,0.0290288,0.624325,False
rs12158565,66,139,0.0276452,0.641619,False
rs12158565,66,140,0.0331451,0.57731,False
rs12158565,66,141,0.0323922,0.584795,False
rs12158565,66,142,0.0375416,0.524222,False
rs12158565,66,143,0.0313787,0.590918,False
rs12158565,66,144,0.0256111,0.657383,False
rs12158565,66,145,0.0244039,0.668413,False
rs12158565,66,146,0.0208166,0.710182,False
rs12158565,66,147,0.0174295,0.752076,False
rs12158565,66,148,0.0133388,0.805618,False
rs12158565,66,149,0.00349893,0.947665,False
rs12158565,66,150,0.0066895,0.898581,False
rs12158565,66,151,0.00497149,0.923388,False
rs12158565,66,152,-0.0133699,0.793279,False
rs12158565,66,153,-0.0190938,0.704404,False
rs12158565,66,154,-0.0119801,0.809773,False
rs12158565,66,155,-0.0196083,0.690144,False
rs12158565,66,156,-0.023432,0.629771,False
rs12158565,66,157,-0.0190632,0.6918,False
rs12158565,66,158,-0.021271,0.65519,False
rs12158565,66,159,-0.02554,0.588097,False
rs12158565,66,160,-0.0168323,0.718745,False
rs12158565,66,161,-0.0229988,0.619255,False
rs12158565,66,162,-0.0287735,0.531188,False
rs12158565,66,163,-0.0413127,0.364724,False
rs12158565,66,164,-0.0347485,0.442548,False
rs12158565,66,165,-0.0448454,0.318909,False
rs12158565,66,166,-0.0491961,0.270777,False
rs12158565,66,167,-0.0531651,0.232289,False
rs12158565,66,168,-0.0520342,0.239323,False
rs12158565,66,169,-0.0488441,0.26793,False
rs12158565,66,170,-0.0503394,0.252123,False
rs12158565,66,171,-0.0508149,0.246326,False
rs12158565,66,172,-0.0571688,0.191816,False
rs12158565,66,173,-0.0651083,0.136619,False
rs12158565,66,174,-0.0566703,0.194913,False
rs12158565,66,175,-0.0705325,0.106687,False
rs12158565,66,176,-0.0634582,0.14677,False
rs12158565,66,177,-0.073272,0.0936948,False
rs12158565,66,178,-0.0809023,0.0648038,False
rs12158565,66,179,-0.076715,0.0805019,False
rs12158565,66,180,-0.0848543,0.0531453,False
rs12158565,66,181,-0.0841998,0.0559827,False
rs12158565,66,182,-0.0893655,0.0428775,False
rs12158565,66,183,-0.0906919,0.0402726,False
rs12158565,66,184,-0.0962857,0.0296793,False
rs12158565,66,185,-0.0715013,0.107431,False
rs12158565,66,186,-0.100258,0.0243278,False
rs12158565,66,187,-0.107154,0.0164056,False
rs12158565,66,188,-0.101842,0.0229277,False
rs12158565,66,189,-0.101884,0.0230499,False
rs12158565,66,190,-0.119702,0.00766627,False
rs12158565,66,191,-0.112006,0.0129788,False
rs12158565,66,192,-0.1146,0.0112328,False
rs12158565,66,193,-0.110554,0.0145298,False
rs12158565,66,194,-0.127566,0.00484452,False
rs12158565,66,195,-0.121941,0.00715563,False
rs12158565,66,196,-0.116614,0.0102536,False
rs12158565,66,197,-0.12232,0.00720642,False
rs12158565,66,198,-0.137721,0.00254548,False
rs12158565,66,199,-0.123632,0.00677674,False
rs12158565,66,200,-0.130678,0.00423293,False
rs12158565,66,201,-0.135437,0.00303877,False
rs12158565,66,202,-0.139193,0.00235147,False
rs12158565,66,203,-0.141598,0.00196848,False
rs12158565,66,204,-0.148145,0.00120069,False
rs12158565,66,205,-0.157299,0.000579702,False
rs12158565,66,206,-0.147251,0.00124936,False
rs12158565,66,207,-0.156748,0.000589566,False
rs12158565,66,208,-0.161234,0.000403077,False
rs12158565,66,209,-0.150213,0.00100043,False
rs12158565,66,210,-0.157316,0.000556894,False
rs12158565,66,211,-0.164146,0.000309786,False
rs12158565,66,212,-0.151481,0.000869218,False
rs12158565,66,213,-0.153507,0.000735637,False
rs12158565,66,214,-0.15918,0.000460114,False
rs12158565,66,215,-0.158028,0.000499354,False
rs12158565,66,216,-0.160286,0.000406717,False
rs12158565,66,217,-0.169122,0.000193208,False
rs12158565,66,218,-0.159605,0.000439709,False
rs12158565,66,219,-0.170273,0.000179188,False
rs12158565,66,220,-0.173962,0.000133179,False
rs12158565,66,221,-0.172133,0.000157211,False
rs12158565,66,222,-0.165811,0.00027522,False
rs12158565,66,223,-0.164119,0.000320375,False
rs12158565,66,224,-0.170331,0.000192249,False
rs12158565,66,225,-0.167644,0.000245157,False
rs12158565,66,226,-0.172753,0.000163988,False
rs12158565,66,227,-0.176562,0.000122527,False
rs12158565,66,228,-0.177972,0.000110403,False
rs12158565,66,229,-0.174795,0.0001552,False
rs12158565,66,230,-0.186204,6.00024e-05,False
rs12158565,66,231,-0.179351,0.000118191,False
rs12158565,66,232,-0.176075,0.00016655,False
rs12158565,66,233,-0.189015,5.80579e-05,False
rs12158565,66,234,-0.196617,3.17784e-05,False
rs12158565,66,235,-0.186596,8.60194e-05,False
rs12158565,66,236,-0.203973,1.98883e-05,False
rs12158565,66,237,-0.219715,5.0648e-06,False
rs12158565,66,238,-0.213896,1.06292e-05,False
rs12158565,66,239,-0.21111,1.66204e-05,False
rs12158565,66,240,-0.204603,3.46848e-05,False
rs12158565,66,241,-0.207846,3.22536e-05,False
rs12158565,66,242,-0.220107,1.3186e-05,False
rs12158565,66,243,-0.227007,9.21625e-06,False
rs12158565,66,244,-0.218868,2.41808e-05,False
rs12158565,66,245,-0.210978,6.03312e-05,False
rs12158565,66,246,-0.220761,3.64223e-05,False
rs12158565,66,247,-0.233666,1.7545e-05,False
rs12158565,66,248,-0.236417,1.95539e-05,False
rs12158565,66,249,-0.246872,1.22976e-05,False
rs12158565,66,250,-0.246354,1.84157e-05,False
rs12158565,66,251,-0.245192,2.83843e-05,False
rs12158565,67,6,-0.101893,0.0082262,False
rs12158565,67,7,-0.0951381,0.0126028,False
rs12158565,67,8,-0.0835142,0.0269692,False
rs12158565,67,9,-0.0967646,0.00971823,False
rs12158565,67,10,-0.0988284,0.00772206,False
rs12158565,67,11,-0.0930807,0.0113658,False
rs12158565,67,12,-0.0830098,0.0231847,False
rs12158565,67,13,-0.0771986,0.033614,False
rs12158565,67,14,-0.0706805,0.0509183,False
rs12158565,67,15,-0.070956,0.0494391,False
rs12158565,67,16,-0.0718393,0.0461937,False
rs12158565,67,17,-0.0692533,0.0544737,False
rs12158565,67,18,-0.0772455,0.0325943,False
rs12158565,67,19,-0.0780954,0.0308549,False
rs12158565,67,20,-0.0704049,0.051776,False
rs12158565,67,21,-0.0687275,0.058267,False
rs12158565,67,22,-0.0772257,0.0337108,False
rs12158565,67,23,-0.0673689,0.0650825,False
rs12158565,67,24,-0.0740046,0.0432927,False
rs12158565,67,25,-0.0849555,0.0209171,False
rs12158565,67,26,-0.05269,0.153802,False
rs12158565,67,27,-0.0736944,0.0467361,False
rs12158565,67,28,-0.0729789,0.0505991,False
rs12158565,67,29,-0.0776877,0.0378859,False
rs12158565,67,30,-0.0747947,0.0464477,False
rs12158565,67,31,-0.0734062,0.0512688,False
rs12158565,67,32,-0.0714808,0.0594411,False
rs12158565,67,33,-0.0639969,0.0928029,False
rs12158565,67,34,-0.0693255,0.0701865,False
rs12158565,67,35,-0.0748042,0.0520028,False
rs12158565,67,36,-0.0687192,0.0762514,False
rs12158565,67,37,-0.0823839,0.0343432,False
rs12158565,67,38,-0.0791721,0.0430243,False
rs12158565,67,39,-0.0837642,0.0333611,False
rs12158565,67,40,-0.0915217,0.0206106,False
rs12158565,67,41,-0.0878132,0.0273383,False
rs12158565,67,42,-0.0881417,0.0275961,False
rs12158565,67,43,-0.0841061,0.0366992,False
rs12158565,67,44,-0.0785698,0.0520518,False
rs12158565,67,45,-0.0744588,0.067184,False
rs12158565,67,46,-0.0749054,0.0666831,False
rs12158565,67,47,-0.0730612,0.0753919,False
rs12158565,67,48,-0.0662627,0.108434,False
rs12158565,67,49,-0.0782478,0.0589303,False
rs12158565,67,50,-0.0706345,0.0891909,False
rs12158565,67,51,-0.0902545,0.030943,False
rs12158565,67,52,-0.0746483,0.0750724,False
rs12158565,67,53,-0.0704544,0.0938007,False
rs12158565,67,54,-0.0839969,0.0459157,False
rs12158565,67,55,-0.0889804,0.0354202,False
rs12158565,67,56,-0.0936477,0.0270212,False
rs12158565,67,57,-0.0795963,0.060672,False
rs12158565,67,58,-0.075304,0.0760471,False
rs12158565,67,59,-0.0670574,0.114594,False
rs12158565,67,60,-0.0640274,0.132298,False
rs12158565,67,61,-0.0804892,0.0588571,False
rs12158565,67,62,-0.0608184,0.153171,False
rs12158565,67,63,-0.053784,0.206332,False
rs12158565,67,64,-0.0585033,0.169118,False
rs12158565,67,65,-0.0629097,0.139578,False
rs12158565,67,66,-0.0572199,0.177941,False
rs12158565,67,67,-0.049357,0.244637,False
rs12158565,67,68,-0.0563599,0.183548,False
rs12158565,67,69,-0.0497866,0.239546,False
rs12158565,67,70,-0.0550326,0.192979,False
rs12158565,67,71,-0.0439598,0.29746,False
rs12158565,67,72,-0.0318328,0.449873,False
rs12158565,67,73,-0.0295464,0.482376,False
rs12158565,67,74,-0.0280683,0.503792,False
rs12158565,67,75,-0.0175895,0.674695,False
rs12158565,67,76,-0.0196758,0.63819,False
rs12158565,67,77,-0.0282613,0.498884,False
rs12158565,67,78,-0.027222,0.513878,False
rs12158565,67,79,-0.0161754,0.697563,False
rs12158565,67,80,-0.0146769,0.724466,False
rs12158565,67,81,-0.00910914,0.8267,False
rs12158565,67,82,-0.0181776,0.662607,False
rs12158565,67,83,-0.015125,0.71617,False
rs12158565,67,84,-0.0169445,0.683884,False
rs12158565,67,85,-0.00409335,0.921594,False
rs12158565,67,86,0.00310037,0.940646,False
rs12158565,67,87,-5.41301e-05,0.998964,False
rs12158565,67,88,0.00585245,0.888693,False
rs12158565,67,89,0.0115258,0.783156,False
rs12158565,67,90,0.000860919,0.983647,False
rs12158565,67,91,0.00596081,0.887712,False
rs12158565,67,92,0.00411809,0.922533,False
rs12158565,67,93,0.0055377,0.896411,False
rs12158565,67,94,0.00774896,0.856036,False
rs12158565,67,95,0.0107046,0.802955,False
rs12158565,67,96,0.0162129,0.707342,False
rs12158565,67,97,0.00267216,0.950988,False
rs12158565,67,98,0.00785469,0.857502,False
rs12158565,67,99,-4.36001e-05,0.999211,False
rs12158565,67,100,0.00401521,0.928124,False
rs12158565,67,101,0.00554048,0.901917,False
rs12158565,67,102,0.00924311,0.839302,False
rs12158565,67,103,-0.00548586,0.905369,False
rs12158565,67,104,0.0136811,0.769897,False
rs12158565,67,105,0.00667026,0.88855,False
rs12158565,67,106,-0.000572705,0.990573,False
rs12158565,67,107,0.00149846,0.975835,False
rs12158565,67,108,0.00498689,0.921435,False
rs12158565,67,109,0.00466917,0.928121,False
rs12158565,67,110,-0.0127979,0.809505,False
rs12158565,67,111,-0.00335448,0.950808,False
rs12158565,67,112,0.00261394,0.96259,False
rs12158565,67,113,-0.0049794,0.930337,False
rs12158565,67,114,-0.0182446,0.753362,False
rs12158565,67,115,-0.0129575,0.826009,False
rs12158565,67,116,-0.00715061,0.904574,False
rs12158565,67,117,-0.00851013,0.887403,False
rs12158565,67,118,-0.0130975,0.82816,False
rs12158565,67,119,-0.0234225,0.698238,False
rs12158565,67,120,-0.00617775,0.918329,False
rs12158565,67,121,-0.0161955,0.787633,False
rs12158565,67,122,-0.0157497,0.792833,False
rs12158565,67,123,-0.0119998,0.840826,False
rs12158565,67,124,-0.0141141,0.812642,False
rs12158565,67,125,-0.00350155,0.953,False
rs12158565,67,126,-0.00523268,0.92964,False
rs12158565,67,127,-0.0043449,0.941439,False
rs12158565,67,128,-0.00591396,0.920273,False
rs12158565,67,129,0.00374731,0.949361,False
rs12158565,67,130,0.0166289,0.77805,False
rs12158565,67,131,0.00326404,0.955881,False
rs12158565,67,132,0.0225843,0.702554,False
rs12158565,67,133,0.0148056,0.802601,False
rs12158565,67,134,0.0215865,0.715913,False
rs12158565,67,135,0.028838,0.628021,False
rs12158565,67,136,0.0310145,0.603462,False
rs12158565,67,137,0.0446682,0.45541,False
rs12158565,67,138,0.0344517,0.565135,False
rs12158565,67,139,0.0273427,0.647609,False
rs12158565,67,140,0.0249427,0.675862,False
rs12158565,67,141,0.0260992,0.659206,False
rs12158565,67,142,0.028087,0.632032,False
rs12158565,67,143,0.0281559,0.626554,False
rs12158565,67,144,0.0191212,0.7375,False
rs12158565,67,145,0.0098263,0.861094,False
rs12158565,67,146,-0.00551987,0.920388,False
rs12158565,67,147,0.00982938,0.856392,False
rs12158565,67,148,0.00797243,0.881169,False
rs12158565,67,149,-0.00628597,0.904818,False
rs12158565,67,150,-0.0148944,0.77368,False
rs12158565,67,151,-0.0158964,0.755457,False
rs12158565,67,152,-0.0252016,0.617044,False
rs12158565,67,153,-0.0255593,0.607656,False
rs12158565,67,154,-0.0219957,0.654828,False
rs12158565,67,155,-0.033542,0.490275,False
rs12158565,67,156,-0.0304391,0.526965,False
rs12158565,67,157,-0.0242627,0.610641,False
rs12158565,67,158,-0.016144,0.732273,False
rs12158565,67,159,-0.0244696,0.60048,False
rs12158565,67,160,-0.0183152,0.692566,False
rs12158565,67,161,-0.0367091,0.424013,False
rs12158565,67,162,-0.0224224,0.622734,False
rs12158565,67,163,-0.0311316,0.491364,False
rs12158565,67,164,-0.0226108,0.615229,False
rs12158565,67,165,-0.0317542,0.477752,False
rs12158565,67,166,-0.0428473,0.335104,False
rs12158565,67,167,-0.0398939,0.367668,False
rs12158565,67,168,-0.0433404,0.325204,False
rs12158565,67,169,-0.0605609,0.167836,False
rs12158565,67,170,-0.0595953,0.174443,False
rs12158565,67,171,-0.0665438,0.128351,False
rs12158565,67,172,-0.0654688,0.134129,False
rs12158565,67,173,-0.0584579,0.180906,False
rs12158565,67,174,-0.0675872,0.121363,False
rs12158565,67,175,-0.0667905,0.125641,False
rs12158565,67,176,-0.0678418,0.120268,False
rs12158565,67,177,-0.0822312,0.0599831,False
rs12158565,67,178,-0.0790838,0.0708979,False
rs12158565,67,179,-0.0841194,0.0554153,False
rs12158565,67,180,-0.0803706,0.0676516,False
rs12158565,67,181,-0.0773332,0.079459,False
rs12158565,67,182,-0.0722066,0.102179,False
rs12158565,67,183,-0.0715295,0.106419,False
rs12158565,67,184,-0.0833957,0.0603163,False
rs12158565,67,185,-0.0914578,0.0401589,False
rs12158565,67,186,-0.0860804,0.0535969,False
rs12158565,67,187,-0.105461,0.0183077,False
rs12158565,67,188,-0.105726,0.0182454,False
rs12158565,67,189,-0.109099,0.0151527,False
rs12158565,67,190,-0.117492,0.00907186,False
rs12158565,67,191,-0.116716,0.00968308,False
rs12158565,67,192,-0.124089,0.00607371,False
rs12158565,67,193,-0.122929,0.00662419,False
rs12158565,67,194,-0.125467,0.00569074,False
rs12158565,67,195,-0.125445,0.00578921,False
rs12158565,67,196,-0.123485,0.00673024,False
rs12158565,67,197,-0.129815,0.00440755,False
rs12158565,67,198,-0.127413,0.00522057,False
rs12158565,67,199,-0.128588,0.00488143,False
rs12158565,67,200,-0.125365,0.00611053,False
rs12158565,67,201,-0.140941,0.00205529,False
rs12158565,67,202,-0.147552,0.00124158,False
rs12158565,67,203,-0.156659,0.000611457,False
rs12158565,67,204,-0.161567,0.000412721,False
rs12158565,67,205,-0.151041,0.00095943,False
rs12158565,67,206,-0.158366,0.000529859,False
rs12158565,67,207,-0.157229,0.000573322,False
rs12158565,67,208,-0.162282,0.000372865,False
rs12158565,67,209,-0.155462,0.000653537,False
rs12158565,67,210,-0.156914,0.000571516,False
rs12158565,67,211,-0.150785,0.0009334,False
rs12158565,67,212,-0.148024,0.00114892,False
rs12158565,67,213,-0.151429,0.000871255,False
rs12158565,67,214,-0.158917,0.000463402,False
rs12158565,67,215,-0.156494,0.000571248,False
rs12158565,67,216,-0.166503,0.00024562,False
rs12158565,67,217,-0.162044,0.000358493,False
rs12158565,67,218,-0.176962,9.51843e-05,False
rs12158565,67,219,-0.178445,8.55417e-05,False
rs12158565,67,220,-0.188491,3.32622e-05,False
rs12158565,67,221,-0.182312,5.83307e-05,False
rs12158565,67,222,-0.172807,0.000142136,False
rs12158565,67,223,-0.180002,7.60466e-05,False
rs12158565,67,224,-0.169688,0.000196176,False
rs12158565,67,225,-0.17842,9.24986e-05,False
rs12158565,67,226,-0.177334,0.000106397,False
rs12158565,67,227,-0.176821,0.000117592,False
rs12158565,67,228,-0.186628,4.97597e-05,False
rs12158565,67,229,-0.196563,2.02977e-05,False
rs12158565,67,230,-0.196538,2.23811e-05,False
rs12158565,67,231,-0.195128,2.78859e-05,False
rs12158565,67,232,-0.202044,1.56888e-05,False
rs12158565,67,233,-0.199031,2.33505e-05,False
rs12158565,67,234,-0.189921,6.00737e-05,False
rs12158565,67,235,-0.210491,1.01314e-05,False
rs12158565,67,236,-0.201561,2.73695e-05,False
rs12158565,67,237,-0.190879,8.18097e-05,False
rs12158565,67,238,-0.19356,7.39944e-05,False
rs12158565,67,239,-0.206091,2.84228e-05,False
rs12158565,67,240,-0.215961,1.43342e-05,False
rs12158565,67,241,-0.217378,1.56219e-05,False
rs12158565,67,242,-0.217266,1.9436e-05,False
rs12158565,67,243,-0.216702,2.61369e-05,False
rs12158565,67,244,-0.228986,1.16017e-05,False
rs12158565,67,245,-0.221279,2.97163e-05,False
rs12158565,67,246,-0.225006,2.97394e-05,False
rs12158565,67,247,-0.233964,1.96071e-05,False
rs12158565,67,248,-0.243804,1.27188e-05,False
rs12158565,67,249,-0.248409,1.25088e-05,False
rs12158565,67,250,-0.25243,1.31493e-05,False
rs12158565,67,251,-0.261922,8.91882e-06,False
rs12158565,68,6,-0.0704288,0.0652422,False
rs12158565,68,7,-0.0548509,0.147039,False
rs12158565,68,8,-0.0503676,0.177654,False
rs12158565,68,9,-0.0535366,0.148448,False
rs12158565,68,10,-0.0702268,0.0556157,False
rs12158565,68,11,-0.0692171,0.0576756,False
rs12158565,68,12,-0.0584969,0.106486,False
rs12158565,68,13,-0.0566589,0.115973,False
rs12158565,68,14,-0.0593588,0.0984813,False
rs12158565,68,15,-0.0591215,0.0992708,False
rs12158565,68,16,-0.0610639,0.0883995,False
rs12158565,68,17,-0.0654115,0.068278,False
rs12158565,68,18,-0.0627276,0.0809563,False
rs12158565,68,19,-0.0530507,0.139558,False
rs12158565,68,20,-0.0684378,0.0572791,False
rs12158565,68,21,-0.0807964,0.0248972,False
rs12158565,68,22,-0.0687763,0.0571307,False
rs12158565,68,23,-0.0797231,0.0280439,False
rs12158565,68,24,-0.0732841,0.0444857,False
rs12158565,68,25,-0.0598921,0.101837,False
rs12158565,68,26,-0.0712422,0.0524143,False
rs12158565,68,27,-0.0698134,0.0584617,False
rs12158565,68,28,-0.0671631,0.0699629,False
rs12158565,68,29,-0.0772591,0.0383049,False
rs12158565,68,30,-0.0671031,0.0728355,False
rs12158565,68,31,-0.0632309,0.0926443,False
rs12158565,68,32,-0.0752125,0.0462873,False
rs12158565,68,33,-0.0719405,0.0574755,False
rs12158565,68,34,-0.0819518,0.0315371,False
rs12158565,68,35,-0.0923266,0.0160381,False
rs12158565,68,36,-0.0826594,0.0320515,False
rs12158565,68,37,-0.0854705,0.0273976,False
rs12158565,68,38,-0.0823388,0.0347627,False
rs12158565,68,39,-0.0786431,0.0447835,False
rs12158565,68,40,-0.072377,0.0669967,False
rs12158565,68,41,-0.0788672,0.0468851,False
rs12158565,68,42,-0.0771015,0.0533051,False
rs12158565,68,43,-0.0789314,0.0489275,False
rs12158565,68,44,-0.0900458,0.0256986,False
rs12158565,68,45,-0.0932695,0.0216807,False
rs12158565,68,46,-0.0773896,0.0579659,False
rs12158565,68,47,-0.0959432,0.01908,False
rs12158565,68,48,-0.0856711,0.0376533,False
rs12158565,68,49,-0.0936303,0.023674,False
rs12158565,68,50,-0.0889427,0.0322731,False
rs12158565,68,51,-0.0848964,0.0418739,False
rs12158565,68,52,-0.0929136,0.0263981,False
rs12158565,68,53,-0.0842294,0.0446555,False
rs12158565,68,54,-0.0825028,0.0498686,False
rs12158565,68,55,-0.0957519,0.0230284,False
rs12158565,68,56,-0.0834639,0.048084,False
rs12158565,68,57,-0.0896671,0.0338251,False
rs12158565,68,58,-0.080841,0.0561672,False
rs12158565,68,59,-0.0736358,0.0825529,False
rs12158565,68,60,-0.0736097,0.0834256,False
rs12158565,68,61,-0.0689425,0.104322,False
rs12158565,68,62,-0.0661609,0.119888,False
rs12158565,68,63,-0.0565043,0.184021,False
rs12158565,68,64,-0.0488614,0.25029,False
rs12158565,68,65,-0.0594857,0.161613,False
rs12158565,68,66,-0.0601207,0.156764,False
rs12158565,68,67,-0.0431842,0.308492,False
rs12158565,68,68,-0.0496456,0.241341,False
rs12158565,68,69,-0.0455117,0.281861,False
rs12158565,68,70,-0.0388085,0.357376,False
rs12158565,68,71,-0.0371695,0.377552,False
rs12158565,68,72,-0.0348009,0.407894,False
rs12158565,68,73,-0.0263926,0.529399,False
rs12158565,68,74,-0.02938,0.483075,False
rs12158565,68,75,-0.0177933,0.670632,False
rs12158565,68,76,-0.0254808,0.541134,False
rs12158565,68,77,-0.0208083,0.617788,False
rs12158565,68,78,-0.0235885,0.571193,False
rs12158565,68,79,-0.00911514,0.826281,False
rs12158565,68,80,-0.0235981,0.56973,False
rs12158565,68,81,-0.0370481,0.371804,False
rs12158565,68,82,-0.0223151,0.590409,False
rs12158565,68,83,-0.0125438,0.762139,False
rs12158565,68,84,-0.00463738,0.910983,False
rs12158565,68,85,-0.0141536,0.733048,False
rs12158565,68,86,-0.00948032,0.819425,False
rs12158565,68,87,-0.0149527,0.719049,False
rs12158565,68,88,-0.0105946,0.799199,False
rs12158565,68,89,-0.010764,0.796412,False
rs12158565,68,90,-0.0105378,0.801211,False
rs12158565,68,91,-0.0088401,0.833183,False
rs12158565,68,92,-0.00121803,0.976906,False
rs12158565,68,93,-0.00946285,0.82245,False
rs12158565,68,94,-0.00263727,0.950479,False
rs12158565,68,95,-0.000528382,0.990123,False
rs12158565,68,96,0.00149554,0.972214,False
rs12158565,68,97,0.00199261,0.963174,False
rs12158565,68,98,0.00330243,0.939432,False
rs12158565,68,99,0.00788879,0.857349,False
rs12158565,68,100,0.00792866,0.857792,False
rs12158565,68,101,0.00788927,0.859454,False
rs12158565,68,102,0.0148566,0.741819,False
rs12158565,68,103,-0.00526708,0.907988,False
rs12158565,68,104,0.0189991,0.680605,False
rs12158565,68,105,0.0157984,0.735936,False
rs12158565,68,106,0.0218739,0.646062,False
rs12158565,68,107,0.00969821,0.841456,False
rs12158565,68,108,-0.011749,0.812107,False
rs12158565,68,109,0.00672939,0.89396,False
rs12158565,68,110,-0.00926397,0.857751,False
rs12158565,68,111,-0.00197295,0.970282,False
rs12158565,68,112,-0.00624541,0.908351,False
rs12158565,68,113,-0.015365,0.782346,False
rs12158565,68,114,-0.0194842,0.731791,False
rs12158565,68,115,-0.0134897,0.81627,False
rs12158565,68,116,-0.0217166,0.713033,False
rs12158565,68,117,-0.0111331,0.852651,False
rs12158565,68,118,-0.0134295,0.824521,False
rs12158565,68,119,0.00900538,0.8827,False
rs12158565,68,120,-0.00342177,0.955472,False
rs12158565,68,121,-0.00469339,0.939126,False
rs12158565,68,122,-0.00536294,0.930426,False
rs12158565,68,123,-0.00151215,0.980353,False
rs12158565,68,124,0.00195711,0.974553,False
rs12158565,68,125,0.00179385,0.976636,False
rs12158565,68,126,0.0117176,0.848141,False
rs12158565,68,127,0.00587538,0.92341,False
rs12158565,68,128,0.0134245,0.825951,False
rs12158565,68,129,0.0252062,0.679104,False
rs12158565,68,130,0.0279038,0.646527,False
rs12158565,68,131,0.0203329,0.738269,False
rs12158565,68,132,0.0303829,0.617345,False
rs12158565,68,133,0.0293475,0.629451,False
rs12158565,68,134,0.0305846,0.614576,False
rs12158565,68,135,0.0284325,0.639625,False
rs12158565,68,136,0.0312831,0.605647,False
rs12158565,68,137,0.0558165,0.356918,False
rs12158565,68,138,0.0344382,0.567796,False
rs12158565,68,139,0.0297442,0.619229,False
rs12158565,68,140,0.0261166,0.65959,False
rs12158565,68,141,0.0308721,0.59854,False
rs12158565,68,142,0.0176404,0.76046,False
rs12158565,68,143,0.0179015,0.753617,False
rs12158565,68,144,0.0126712,0.821477,False
rs12158565,68,145,0.0153691,0.780502,False
rs12158565,68,146,8.77117e-05,0.99871,False
rs12158565,68,147,0.00965933,0.856324,False
rs12158565,68,148,0.00330023,0.949842,False
rs12158565,68,149,0.00979313,0.849771,False
rs12158565,68,150,0.00568052,0.911303,False
rs12158565,68,151,0.0102094,0.83917,False
rs12158565,68,152,-0.00242645,0.961024,False
rs12158565,68,153,-0.00586485,0.905071,False
rs12158565,68,154,-0.00558654,0.90843,False
rs12158565,68,155,-0.0116421,0.80886,False
rs12158565,68,156,-0.0103914,0.827113,False
rs12158565,68,157,-0.0154752,0.742893,False
rs12158565,68,158,-0.0207591,0.656589,False
rs12158565,68,159,-0.0325696,0.481732,False
rs12158565,68,160,-0.0231361,0.614701,False
rs12158565,68,161,-0.0291873,0.521825,False
rs12158565,68,162,-0.0337708,0.455526,False
rs12158565,68,163,-0.0384523,0.392349,False
rs12158565,68,164,-0.0446841,0.317808,False
rs12158565,68,165,-0.0437552,0.325122,False
rs12158565,68,166,-0.0491251,0.266742,False
rs12158565,68,167,-0.050237,0.25392,False
rs12158565,68,168,-0.053942,0.219287,False
rs12158565,68,169,-0.0487258,0.265578,False
rs12158565,68,170,-0.0654621,0.133538,False
rs12158565,68,171,-0.0619144,0.155627,False
rs12158565,68,172,-0.066384,0.127189,False
rs12158565,68,173,-0.0701394,0.107186,False
rs12158565,68,174,-0.0881619,0.0427672,False
rs12158565,68,175,-0.0835616,0.0549772,False
rs12158565,68,176,-0.0829568,0.0572906,False
rs12158565,68,177,-0.0812951,0.0628388,False
rs12158565,68,178,-0.0845403,0.0533375,False
rs12158565,68,179,-0.0842966,0.0546096,False
rs12158565,68,180,-0.0935438,0.0334258,False
rs12158565,68,181,-0.0947728,0.0315011,False
rs12158565,68,182,-0.101253,0.0219739,False
rs12158565,68,183,-0.0966557,0.0294147,False
rs12158565,68,184,-0.0937309,0.0350447,False
rs12158565,68,185,-0.0944696,0.0343721,False
rs12158565,68,186,-0.0858902,0.0545908,False
rs12158565,68,187,-0.0923442,0.0392598,False
rs12158565,68,188,-0.0908104,0.0431057,False
rs12158565,68,189,-0.0985673,0.0285244,False
rs12158565,68,190,-0.103092,0.0223695,False
rs12158565,68,191,-0.0954567,0.0347631,False
rs12158565,68,192,-0.108785,0.0164471,False
rs12158565,68,193,-0.114462,0.0116147,False
rs12158565,68,194,-0.111856,0.013709,False
rs12158565,68,195,-0.125785,0.00563845,False
rs12158565,68,196,-0.120739,0.00798494,False
rs12158565,68,197,-0.121911,0.0074105,False
rs12158565,68,198,-0.12085,0.00805469,False
rs12158565,68,199,-0.136573,0.00278092,False
rs12158565,68,200,-0.140834,0.00204223,False
rs12158565,68,201,-0.143074,0.00174549,False
rs12158565,68,202,-0.132977,0.00364203,False
rs12158565,68,203,-0.141653,0.00193592,False
rs12158565,68,204,-0.134574,0.0032293,False
rs12158565,68,205,-0.149147,0.00108416,False
rs12158565,68,206,-0.154269,0.000736189,False
rs12158565,68,207,-0.148737,0.00112061,False
rs12158565,68,208,-0.153887,0.000745886,False
rs12158565,68,209,-0.167224,0.000241686,False
rs12158565,68,210,-0.154493,0.000692813,False
rs12158565,68,211,-0.159236,0.000464811,False
rs12158565,68,212,-0.144337,0.0014858,False
rs12158565,68,213,-0.161415,0.000371947,False
rs12158565,68,214,-0.155186,0.000618386,False
rs12158565,68,215,-0.156136,0.000580677,False
rs12158565,68,216,-0.171336,0.000160296,False
rs12158565,68,217,-0.166901,0.00023306,False
rs12158565,68,218,-0.161282,0.000375737,False
rs12158565,68,219,-0.164449,0.000287125,False
rs12158565,68,220,-0.158806,0.000460269,False
rs12158565,68,221,-0.170394,0.000171101,False
rs12158565,68,222,-0.160305,0.00041583,False
rs12158565,68,223,-0.171078,0.000169378,False
rs12158565,68,224,-0.173278,0.000145823,False
rs12158565,68,225,-0.167775,0.000243024,False
rs12158565,68,226,-0.159223,0.000501751,False
rs12158565,68,227,-0.164248,0.000344315,False
rs12158565,68,228,-0.180014,9.28496e-05,False
rs12158565,68,229,-0.181518,8.58918e-05,False
rs12158565,68,230,-0.172652,0.000199149,False
rs12158565,68,231,-0.18158,9.67771e-05,False
rs12158565,68,232,-0.165809,0.000402817,False
rs12158565,68,233,-0.184794,8.7056e-05,False
rs12158565,68,234,-0.181219,0.000132826,False
rs12158565,68,235,-0.181078,0.000150443,False
rs12158565,68,236,-0.187019,0.000103377,False
rs12158565,68,237,-0.19825,4.42898e-05,False
rs12158565,68,238,-0.180033,0.000235408,False
rs12158565,68,239,-0.178962,0.00029947,False
rs12158565,68,240,-0.184853,0.000222687,False
rs12158565,68,241,-0.190958,0.000161353,False
rs12158565,68,242,-0.200437,9.0053e-05,False
rs12158565,68,243,-0.194696,0.00017602,False
rs12158565,68,244,-0.191519,0.000271438,False
rs12158565,68,245,-0.204285,0.000130556,False
rs12158565,68,246,-0.212508,9.112e-05,False
rs12158565,68,247,-0.218416,7.69697e-05,False
rs12158565,68,248,-0.21883,0.00010097,False
rs12158565,68,249,-0.228238,6.69252e-05,False
rs12158565,68,250,-0.233693,6.12305e-05,False
rs12158565,68,251,-0.244314,3.80219e-05,False
rs12158565,69,6,-0.0681817,0.0745158,False
rs12158565,69,7,-0.0647829,0.0871738,False
rs12158565,69,8,-0.0803056,0.0321376,False
rs12158565,69,9,-0.0766277,0.0387777,False
rs12158565,69,10,-0.0707895,0.0538083,False
rs12158565,69,11,-0.0840043,0.0208379,False
rs12158565,69,12,-0.0928275,0.010344,False
rs12158565,69,13,-0.0806376,0.0254028,False
rs12158565,69,14,-0.0811457,0.0235733,False
rs12158565,69,15,-0.088205,0.0137762,False
rs12158565,69,16,-0.0960237,0.00735422,False
rs12158565,69,17,-0.0869272,0.0150472,False
rs12158565,69,18,-0.0902912,0.0115446,False
rs12158565,69,19,-0.0776212,0.030838,False
rs12158565,69,20,-0.0731279,0.0419569,False
rs12158565,69,21,-0.0677919,0.0602478,False
rs12158565,69,22,-0.0653739,0.0705136,False
rs12158565,69,23,-0.0626669,0.0835777,False
rs12158565,69,24,-0.0689578,0.0578748,False
rs12158565,69,25,-0.0821299,0.0244538,False
rs12158565,69,26,-0.0849511,0.0202849,False
rs12158565,69,27,-0.0894556,0.0152246,False
rs12158565,69,28,-0.0744361,0.0441432,False
rs12158565,69,29,-0.0736193,0.0475613,False
rs12158565,69,30,-0.0775436,0.0376408,False
rs12158565,69,31,-0.0813528,0.0298924,False
rs12158565,69,32,-0.0896212,0.0173131,False
rs12158565,69,33,-0.0791673,0.0363363,False
rs12158565,69,34,-0.0824545,0.0303442,False
rs12158565,69,35,-0.0966402,0.0114441,False
rs12158565,69,36,-0.0905847,0.0185434,False
rs12158565,69,37,-0.0887846,0.0216972,False
rs12158565,69,38,-0.0927685,0.0170064,False
rs12158565,69,39,-0.0923044,0.0181458,False
rs12158565,69,40,-0.0925774,0.0183656,False
rs12158565,69,41,-0.092101,0.0196799,False
rs12158565,69,42,-0.0869238,0.0289237,False
rs12158565,69,43,-0.0869361,0.0296279,False
rs12158565,69,44,-0.0910499,0.0235536,False
rs12158565,69,45,-0.0795769,0.0489056,False
rs12158565,69,46,-0.0827092,0.0416661,False
rs12158565,69,47,-0.080945,0.0470363,False
rs12158565,69,48,-0.0819345,0.0455847,False
rs12158565,69,49,-0.0845241,0.0401884,False
rs12158565,69,50,-0.0771526,0.0619105,False
rs12158565,69,51,-0.0880864,0.0339255,False
rs12158565,69,52,-0.0859136,0.0389859,False
rs12158565,69,53,-0.081889,0.0499113,False
rs12158565,69,54,-0.0898846,0.0319492,False
rs12158565,69,55,-0.0812612,0.0527719,False
rs12158565,69,56,-0.0766786,0.0690073,False
rs12158565,69,57,-0.0789588,0.0616671,False
rs12158565,69,58,-0.0848008,0.0450839,False
rs12158565,69,59,-0.0719136,0.089,False
rs12158565,69,60,-0.07631,0.0717281,False
rs12158565,69,61,-0.0743906,0.0793425,False
rs12158565,69,62,-0.0742091,0.0803483,False
rs12158565,69,63,-0.0721795,0.0893446,False
rs12158565,69,64,-0.0650272,0.12519,False
rs12158565,69,65,-0.0650174,0.124488,False
rs12158565,69,66,-0.076958,0.0688445,False
rs12158565,69,67,-0.0579442,0.170595,False
rs12158565,69,68,-0.0536081,0.204531,False
rs12158565,69,69,-0.052874,0.210293,False
rs12158565,69,70,-0.0581217,0.168454,False
rs12158565,69,71,-0.0403442,0.337572,False
rs12158565,69,72,-0.0321194,0.444408,False
rs12158565,69,73,-0.043324,0.301638,False
rs12158565,69,74,-0.0466397,0.264962,False
rs12158565,69,75,-0.0389978,0.351175,False
rs12158565,69,76,-0.0368331,0.377778,False
rs12158565,69,77,-0.0250176,0.548127,False
rs12158565,69,78,-0.0223861,0.590694,False
rs12158565,69,79,-0.0198046,0.633314,False
rs12158565,69,80,-0.0200782,0.628491,False
rs12158565,69,81,-0.0116967,0.777825,False
rs12158565,69,82,-0.0249711,0.546923,False
rs12158565,69,83,-0.014604,0.724231,False
rs12158565,69,84,-0.00805885,0.845625,False
rs12158565,69,85,-0.0198507,0.631775,False
rs12158565,69,86,-0.0173632,0.675178,False
rs12158565,69,87,-0.0142727,0.730627,False
rs12158565,69,88,-0.00255515,0.950896,False
rs12158565,69,89,-0.0120902,0.7713,False
rs12158565,69,90,-0.0103774,0.803783,False
rs12158565,69,91,-0.0136538,0.744315,False
rs12158565,69,92,-0.00520874,0.901086,False
rs12158565,69,93,-0.00307519,0.941734,False
rs12158565,69,94,0.00202948,0.961752,False
rs12158565,69,95,-0.00556528,0.895786,False
rs12158565,69,96,0.00351113,0.934496,False
rs12158565,69,97,-0.000177822,0.996693,False
rs12158565,69,98,0.00252401,0.953414,False
rs12158565,69,99,0.0077453,0.8588,False
rs12158565,69,100,0.00995237,0.820284,False
rs12158565,69,101,0.00359387,0.935168,False
rs12158565,69,102,0.00738778,0.868379,False
rs12158565,69,103,0.00823514,0.854978,False
rs12158565,69,104,0.0122117,0.788705,False
rs12158565,69,105,0.00883545,0.848061,False
rs12158565,69,106,-0.00554234,0.905629,False
rs12158565,69,107,0.00288344,0.951541,False
rs12158565,69,108,-0.0157359,0.744489,False
rs12158565,69,109,-0.00346371,0.943835,False
rs12158565,69,110,-0.00208663,0.966833,False
rs12158565,69,111,-0.00792754,0.877133,False
rs12158565,69,112,-0.00910679,0.862222,False
rs12158565,69,113,-0.00708125,0.895266,False
rs12158565,69,114,-0.0148778,0.787092,False
rs12158565,69,115,-0.0231912,0.680586,False
rs12158565,69,116,0.00548583,0.924138,False
rs12158565,69,117,-0.0185268,0.752492,False
rs12158565,69,118,-0.0161109,0.787446,False
rs12158565,69,119,-0.0136711,0.821636,False
rs12158565,69,120,-0.0119674,0.845173,False
rs12158565,69,121,-0.00472613,0.939006,False
rs12158565,69,122,-0.0145403,0.814903,False
rs12158565,69,123,-0.0100606,0.871908,False
rs12158565,69,124,-0.00556353,0.929137,False
rs12158565,69,125,-0.00998957,0.873215,False
rs12158565,69,126,-0.00853487,0.891638,False
rs12158565,69,127,0.00119276,0.984812,False
rs12158565,69,128,-0.00662782,0.915686,False
rs12158565,69,129,-0.00814716,0.896353,False
rs12158565,69,130,-0.00502108,0.93585,False
rs12158565,69,131,-0.000169666,0.997824,False
rs12158565,69,132,-0.00376728,0.951589,False
rs12158565,69,133,0.00180075,0.976779,False
rs12158565,69,134,0.00579549,0.925103,False
rs12158565,69,135,0.0105436,0.86344,False
rs12158565,69,136,0.00374619,0.950948,False
rs12158565,69,137,0.00421134,0.944388,False
rs12158565,69,138,0.0176895,0.767584,False
rs12158565,69,139,0.0180991,0.759458,False
rs12158565,69,140,0.0035588,0.951372,False
rs12158565,69,141,0.0231298,0.687472,False
rs12158565,69,142,0.00829798,0.883483,False
rs12158565,69,143,-0.0023361,0.966567,False
rs12158565,69,144,0.00285841,0.958425,False
rs12158565,69,145,-0.00884742,0.869521,False
rs12158565,69,146,-0.0173195,0.744086,False
rs12158565,69,147,-0.0191887,0.713596,False
rs12158565,69,148,-0.0235282,0.647908,False
rs12158565,69,149,-0.0330881,0.515231,False
rs12158565,69,150,-0.015698,0.754416,False
rs12158565,69,151,-0.0202901,0.682537,False
rs12158565,69,152,-0.0203928,0.677539,False
rs12158565,69,153,-0.0304901,0.530279,False
rs12158565,69,154,-0.0334734,0.485629,False
rs12158565,69,155,-0.0302027,0.525273,False
rs12158565,69,156,-0.0281993,0.548934,False
rs12158565,69,157,-0.0330689,0.478637,False
rs12158565,69,158,-0.0174396,0.706137,False
rs12158565,69,159,-0.0356017,0.438054,False
rs12158565,69,160,-0.0506447,0.266379,False
rs12158565,69,161,-0.045833,0.310685,False
rs12158565,69,162,-0.0354057,0.430347,False
rs12158565,69,163,-0.0381717,0.39268,False
rs12158565,69,164,-0.0451888,0.308869,False
rs12158565,69,165,-0.0491907,0.266535,False
rs12158565,69,166,-0.0400736,0.362637,False
rs12158565,69,167,-0.0507973,0.246629,False
rs12158565,69,168,-0.0552814,0.20613,False
rs12158565,69,169,-0.0622184,0.153698,False
rs12158565,69,170,-0.0666654,0.126207,False
rs12158565,69,171,-0.0653834,0.133391,False
rs12158565,69,172,-0.0810906,0.0624743,False
rs12158565,69,173,-0.0700834,0.107176,False
rs12158565,69,174,-0.0776319,0.0748556,False
rs12158565,69,175,-0.0701757,0.107653,False
rs12158565,69,176,-0.0619871,0.155805,False
rs12158565,69,177,-0.0754698,0.0844622,False
rs12158565,69,178,-0.0716621,0.10175,False
rs12158565,69,179,-0.0715178,0.103468,False
rs12158565,69,180,-0.0893012,0.0423519,False
rs12158565,69,181,-0.0919326,0.037279,False
rs12158565,69,182,-0.0939645,0.0339676,False
rs12158565,69,183,-0.0843915,0.0575142,False
rs12158565,69,184,-0.087111,0.0504854,False
rs12158565,69,185,-0.0908133,0.0422067,False
rs12158565,69,186,-0.0931476,0.0377432,False
rs12158565,69,187,-0.102405,0.0226574,False
rs12158565,69,188,-0.0990884,0.0277571,False
rs12158565,69,189,-0.106437,0.0184852,False
rs12158565,69,190,-0.108407,0.0165704,False
rs12158565,69,191,-0.111289,0.0141367,False
rs12158565,69,192,-0.124184,0.00616963,False
rs12158565,69,193,-0.116034,0.0106779,False
rs12158565,69,194,-0.123326,0.00677063,False
rs12158565,69,195,-0.12255,0.0071725,False
rs12158565,69,196,-0.110183,0.015831,False
rs12158565,69,197,-0.114248,0.0122969,False
rs12158565,69,198,-0.134294,0.00328362,False
rs12158565,69,199,-0.139156,0.00235421,False
rs12158565,69,200,-0.128369,0.00509073,False
rs12158565,69,201,-0.138481,0.00246153,False
rs12158565,69,202,-0.13479,0.00322278,False
rs12158565,69,203,-0.138784,0.00242793,False
rs12158565,69,204,-0.138057,0.00255155,False
rs12158565,69,205,-0.136393,0.00280644,False
rs12158565,69,206,-0.132874,0.00360699,False
rs12158565,69,207,-0.139998,0.00216238,False
rs12158565,69,208,-0.153682,0.000747091,False
rs12158565,69,209,-0.142797,0.00175242,False
rs12158565,69,210,-0.146562,0.00129174,False
rs12158565,69,211,-0.16465,0.000292135,False
rs12158565,69,212,-0.160336,0.000417852,False
rs12158565,69,213,-0.173664,0.000128425,False
rs12158565,69,214,-0.163431,0.000310015,False
rs12158565,69,215,-0.167628,0.000216974,False
rs12158565,69,216,-0.165305,0.000264306,False
rs12158565,69,217,-0.166445,0.000235377,False
rs12158565,69,218,-0.15778,0.000488585,False
rs12158565,69,219,-0.148946,0.00100268,False
rs12158565,69,220,-0.160788,0.000385983,False
rs12158565,69,221,-0.159592,0.000434911,False
rs12158565,69,222,-0.16371,0.000310971,False
rs12158565,69,223,-0.152303,0.000814877,False
rs12158565,69,224,-0.160933,0.000409125,False
rs12158565,69,225,-0.165593,0.000286183,False
rs12158565,69,226,-0.163024,0.000367861,False
rs12158565,69,227,-0.156969,0.000631669,False
rs12158565,69,228,-0.167514,0.000280578,False
rs12158565,69,229,-0.164314,0.000389034,False
rs12158565,69,230,-0.159675,0.000605765,False
rs12158565,69,231,-0.167461,0.000348063,False
rs12158565,69,232,-0.156439,0.000892435,False
rs12158565,69,233,-0.168306,0.000380339,False
rs12158565,69,234,-0.17112,0.000332506,False
rs12158565,69,235,-0.177141,0.000226349,False
rs12158565,69,236,-0.168512,0.000496526,False
rs12158565,69,237,-0.165511,0.000709649,False
rs12158565,69,238,-0.175436,0.000379125,False
rs12158565,69,239,-0.167255,0.00078624,False
rs12158565,69,240,-0.172836,0.000590186,False
rs12158565,69,241,-0.171612,0.000738777,False
rs12158565,69,242,-0.170774,0.000914759,False
rs12158565,69,243,-0.173339,0.000931733,False
rs12158565,69,244,-0.184923,0.000485341,False
rs12158565,69,245,-0.191118,0.0003913,False
rs12158565,69,246,-0.18919,0.000554749,False
rs12158565,69,247,-0.194363,0.000486661,False
rs12158565,69,248,-0.202853,0.000346322,False
rs12158565,69,249,-0.206465,0.000350812,False
rs12158565,69,250,-0.20786,0.000409653,False
rs12158565,69,251,-0.220249,0.00023615,False
rs12158565,70,6,-0.0950369,0.0122428,False
rs12158565,70,7,-0.0863053,0.0217786,False
rs12158565,70,8,-0.0923088,0.0130542,False
rs12158565,70,9,-0.0940614,0.0107518,False
rs12158565,70,10,-0.0887174,0.0154066,False
rs12158565,70,11,-0.0810897,0.0256144,False
rs12158565,70,12,-0.0836037,0.0204509,False
rs12158565,70,13,-0.0779921,0.0302641,False
rs12158565,70,14,-0.0739239,0.039076,False
rs12158565,70,15,-0.0883453,0.0136048,False
rs12158565,70,16,-0.0895493,0.0122921,False
rs12158565,70,17,-0.0760656,0.033182,False
rs12158565,70,18,-0.0711579,0.0466971,False
rs12158565,70,19,-0.0807828,0.0237619,False
rs12158565,70,20,-0.0803392,0.0249829,False
rs12158565,70,21,-0.0747782,0.0375019,False
rs12158565,70,22,-0.065685,0.067998,False
rs12158565,70,23,-0.0708792,0.0495611,False
rs12158565,70,24,-0.0725892,0.0449848,False
rs12158565,70,25,-0.0763375,0.0360613,False
rs12158565,70,26,-0.0785406,0.0315474,False
rs12158565,70,27,-0.0683445,0.0622171,False
rs12158565,70,28,-0.0698553,0.0581431,False
rs12158565,70,29,-0.0770195,0.037729,False
rs12158565,70,30,-0.0686474,0.0650793,False
rs12158565,70,31,-0.0688103,0.0655039,False
rs12158565,70,32,-0.0655303,0.0806857,False
rs12158565,70,33,-0.0644042,0.0879389,False
rs12158565,70,34,-0.053264,0.159705,False
rs12158565,70,35,-0.062958,0.097849,False
rs12158565,70,36,-0.0653421,0.0885549,False
rs12158565,70,37,-0.0595493,0.122008,False
rs12158565,70,38,-0.059535,0.123652,False
rs12158565,70,39,-0.0707649,0.0689039,False
rs12158565,70,40,-0.0686814,0.0789575,False
rs12158565,70,41,-0.0635259,0.106477,False
rs12158565,70,42,-0.0604003,0.127603,False
rs12158565,70,43,-0.0601976,0.130087,False
rs12158565,70,44,-0.0577608,0.148616,False
rs12158565,70,45,-0.0622171,0.121826,False
rs12158565,70,46,-0.0854077,0.0347449,False
rs12158565,70,47,-0.074158,0.0679406,False
rs12158565,70,48,-0.0659023,0.106796,False
rs12158565,70,49,-0.0662309,0.105986,False
rs12158565,70,50,-0.0754485,0.0668365,False
rs12158565,70,51,-0.07471,0.0707192,False
rs12158565,70,52,-0.0674845,0.103658,False
rs12158565,70,53,-0.0777158,0.0620101,False
rs12158565,70,54,-0.0704972,0.0914948,False
rs12158565,70,55,-0.0849102,0.0425592,False
rs12158565,70,56,-0.0826794,0.0491121,False
rs12158565,70,57,-0.071145,0.0911044,False
rs12158565,70,58,-0.0890149,0.034683,False
rs12158565,70,59,-0.076628,0.0694511,False
rs12158565,70,60,-0.0790988,0.0612654,False
rs12158565,70,61,-0.0880567,0.0374223,False
rs12158565,70,62,-0.0791533,0.0616382,False
rs12158565,70,63,-0.0750632,0.0766157,False
rs12158565,70,64,-0.0597765,0.15779,False
rs12158565,70,65,-0.0723777,0.0866416,False
rs12158565,70,66,-0.0733358,0.0823216,False
rs12158565,70,67,-0.0604997,0.152185,False
rs12158565,70,68,-0.0620056,0.141815,False
rs12158565,70,69,-0.0657314,0.119072,False
rs12158565,70,70,-0.0596874,0.155674,False
rs12158565,70,71,-0.0578776,0.168415,False
rs12158565,70,72,-0.0496905,0.236427,False
rs12158565,70,73,-0.0474497,0.257793,False
rs12158565,70,74,-0.0592821,0.156383,False
rs12158565,70,75,-0.0424111,0.310554,False
rs12158565,70,76,-0.0338831,0.41653,False
rs12158565,70,77,-0.0467569,0.261476,False
rs12158565,70,78,-0.045421,0.275399,False
rs12158565,70,79,-0.0349333,0.400169,False
rs12158565,70,80,-0.0331585,0.424051,False
rs12158565,70,81,-0.030402,0.462648,False
rs12158565,70,82,-0.0215798,0.602026,False
rs12158565,70,83,-0.0162794,0.693381,False
rs12158565,70,84,-0.021019,0.610988,False
rs12158565,70,85,-0.0181234,0.661158,False
rs12158565,70,86,-0.0131305,0.750816,False
rs12158565,70,87,-0.00368643,0.929103,False
rs12158565,70,88,-0.0066881,0.871676,False
rs12158565,70,89,-0.0120918,0.770347,False
rs12158565,70,90,-0.00198815,0.961826,False
rs12158565,70,91,-0.00179502,0.965555,False
rs12158565,70,92,0.00415067,0.920748,False
rs12158565,70,93,-0.0092443,0.825182,False
rs12158565,70,94,-0.00207212,0.96065,False
rs12158565,70,95,0.00268134,0.949252,False
rs12158565,70,96,-0.0139573,0.741542,False
rs12158565,70,97,-0.00444105,0.916941,False
rs12158565,70,98,0.00372329,0.93072,False
rs12158565,70,99,0.0074459,0.862721,False
rs12158565,70,100,0.0025205,0.95371,False
rs12158565,70,101,0.00448212,0.918435,False
rs12158565,70,102,-0.00608294,0.890307,False
rs12158565,70,103,0.0137447,0.757462,False
rs12158565,70,104,0.0040809,0.927636,False
rs12158565,70,105,0.0159146,0.726475,False
rs12158565,70,106,-0.0069621,0.879585,False
rs12158565,70,107,0.00919987,0.843487,False
rs12158565,70,108,0.00337447,0.94308,False
rs12158565,70,109,0.0082744,0.86306,False
rs12158565,70,110,0.00443951,0.92754,False
rs12158565,70,111,0.00575624,0.907778,False
rs12158565,70,112,0.00103911,0.983639,False
rs12158565,70,113,-0.000185718,0.997134,False
rs12158565,70,114,-0.00867172,0.869757,False
rs12158565,70,115,-0.00973843,0.857052,False
rs12158565,70,116,-0.0145103,0.79328,False
rs12158565,70,117,-0.0115805,0.837794,False
rs12158565,70,118,-0.0131127,0.820262,False
rs12158565,70,119,-0.0121215,0.836499,False
rs12158565,70,120,-0.0202401,0.734922,False
rs12158565,70,121,-0.024813,0.682314,False
rs12158565,70,122,-0.0130846,0.831193,False
rs12158565,70,123,0.00469025,0.939611,False
rs12158565,70,124,-0.016482,0.791386,False
rs12158565,70,125,-0.0217925,0.727819,False
rs12158565,70,126,-0.00846153,0.892754,False
rs12158565,70,127,-0.00456627,0.942062,False
rs12158565,70,128,-0.00297963,0.962201,False
rs12158565,70,129,-0.00267179,0.966065,False
rs12158565,70,130,-0.00432979,0.944882,False
rs12158565,70,131,0.0085781,0.890645,False
rs12158565,70,132,0.0118378,0.848855,False
rs12158565,70,133,0.0233628,0.705091,False
rs12158565,70,134,0.0152554,0.803357,False
rs12158565,70,135,0.0148481,0.806709,False
rs12158565,70,136,0.0178209,0.766436,False
rs12158565,70,137,0.0136857,0.817437,False
rs12158565,70,138,0.0356494,0.542476,False
rs12158565,70,139,0.0229253,0.690957,False
rs12158565,70,140,0.0143841,0.800183,False
rs12158565,70,141,0.0029268,0.958248,False
rs12158565,70,142,-0.00713474,0.896839,False
rs12158565,70,143,0.000240213,0.99646,False
rs12158565,70,144,4.03468e-05,0.999396,False
rs12158565,70,145,0.0148573,0.777485,False
rs12158565,70,146,-0.00729347,0.887919,False
rs12158565,70,147,0.00170039,0.973472,False
rs12158565,70,148,-0.00322245,0.949143,False
rs12158565,70,149,-0.00675829,0.892124,False
rs12158565,70,150,-0.017397,0.723773,False
rs12158565,70,151,-0.006676,0.891147,False
rs12158565,70,152,-0.0219817,0.64873,False
rs12158565,70,153,-0.0219128,0.646608,False
rs12158565,70,154,-0.0191388,0.686307,False
rs12158565,70,155,-0.0119034,0.799645,False
rs12158565,70,156,-0.0109809,0.813565,False
rs12158565,70,157,-0.0238697,0.605238,False
rs12158565,70,158,-0.0382006,0.403708,False
rs12158565,70,159,-0.0341256,0.452558,False
rs12158565,70,160,-0.0346814,0.441754,False
rs12158565,70,161,-0.0366272,0.414096,False
rs12158565,70,162,-0.0280107,0.529502,False
rs12158565,70,163,-0.0414478,0.349877,False
rs12158565,70,164,-0.046955,0.286714,False
rs12158565,70,165,-0.0467196,0.287119,False
rs12158565,70,166,-0.0502195,0.251178,False
rs12158565,70,167,-0.0418731,0.337675,False
rs12158565,70,168,-0.0330447,0.447804,False
rs12158565,70,169,-0.0433768,0.317863,False
rs12158565,70,170,-0.052311,0.22841,False
rs12158565,70,171,-0.0591838,0.173504,False
rs12158565,70,172,-0.0536226,0.217544,False
rs12158565,70,173,-0.0611352,0.159876,False
rs12158565,70,174,-0.0727493,0.0948744,False
rs12158565,70,175,-0.0794366,0.0686204,False
rs12158565,70,176,-0.0824681,0.0591242,False
rs12158565,70,177,-0.0759334,0.0828986,False
rs12158565,70,178,-0.0732629,0.0947359,False
rs12158565,70,179,-0.0786573,0.0739224,False
rs12158565,70,180,-0.0750565,0.0890379,False
rs12158565,70,181,-0.0732743,0.0974613,False
rs12158565,70,182,-0.0822796,0.0638444,False
rs12158565,70,183,-0.0964923,0.0301886,False
rs12158565,70,184,-0.0808476,0.0701677,False
rs12158565,70,185,-0.0860378,0.0548681,False
rs12158565,70,186,-0.0821065,0.0674592,False
rs12158565,70,187,-0.0800164,0.0755557,False
rs12158565,70,188,-0.0900222,0.0460848,False
rs12158565,70,189,-0.100948,0.0255499,False
rs12158565,70,190,-0.100588,0.0262934,False
rs12158565,70,191,-0.0888034,0.0501302,False
rs12158565,70,192,-0.0949481,0.0365021,False
rs12158565,70,193,-0.101317,0.0258008,False
rs12158565,70,194,-0.110737,0.0149254,False
rs12158565,70,195,-0.121679,0.00766817,False
rs12158565,70,196,-0.118021,0.00976859,False
rs12158565,70,197,-0.106712,0.0195246,False
rs12158565,70,198,-0.120379,0.00849425,False
rs12158565,70,199,-0.114161,0.0124856,False
rs12158565,70,200,-0.126725,0.0056259,False
rs12158565,70,201,-0.126242,0.00574242,False
rs12158565,70,202,-0.116754,0.0106416,False
rs12158565,70,203,-0.11964,0.0088966,False
rs12158565,70,204,-0.129574,0.00458027,False
rs12158565,70,205,-0.112471,0.0138043,False
rs12158565,70,206,-0.132754,0.00359224,False
rs12158565,70,207,-0.144158,0.0015414,False
rs12158565,70,208,-0.144613,0.00148787,False
rs12158565,70,209,-0.138098,0.00241495,False
rs12158565,70,210,-0.143909,0.00152654,False
rs12158565,70,211,-0.145324,0.00135014,False
rs12158565,70,212,-0.146077,0.00126608,False
rs12158565,70,213,-0.134575,0.00300822,False
rs12158565,70,214,-0.144905,0.00139342,False
rs12158565,70,215,-0.152663,0.000751475,False
rs12158565,70,216,-0.151404,0.000826405,False
rs12158565,70,217,-0.152287,0.000769468,False
rs12158565,70,218,-0.147017,0.0011689,False
rs12158565,70,219,-0.161648,0.000360717,False
rs12158565,70,220,-0.170122,0.000174195,False
rs12158565,70,221,-0.162423,0.000344597,False
rs12158565,70,222,-0.162128,0.000352643,False
rs12158565,70,223,-0.162627,0.000347473,False
rs12158565,70,224,-0.169861,0.000193759,False
rs12158565,70,225,-0.171878,0.000165008,False
rs12158565,70,226,-0.173958,0.000142729,False
rs12158565,70,227,-0.169558,0.000217725,False
rs12158565,70,228,-0.178141,0.000111016,False
rs12158565,70,229,-0.181757,8.49413e-05,False
rs12158565,70,230,-0.157353,0.000705744,False
rs12158565,70,231,-0.175411,0.000172038,False
rs12158565,70,232,-0.185236,8.30507e-05,False
rs12158565,70,233,-0.189113,6.59554e-05,False
rs12158565,70,234,-0.172896,0.0002928,False
rs12158565,70,235,-0.188933,8.47582e-05,False
rs12158565,70,236,-0.187929,0.000107566,False
rs12158565,70,237,-0.195686,6.58477e-05,False
rs12158565,70,238,-0.189345,0.000129567,False
rs12158565,70,239,-0.199646,6.66487e-05,False
rs12158565,70,240,-0.182774,0.000309721,False
rs12158565,70,241,-0.200864,8.98912e-05,False
rs12158565,70,242,-0.181822,0.00046503,False
rs12158565,70,243,-0.18252,0.000535087,False
rs12158565,70,244,-0.188875,0.00041781,False
rs12158565,70,245,-0.184274,0.000693066,False
rs12158565,70,246,-0.186788,0.000731918,False
rs12158565,70,247,-0.195792,0.000505603,False
rs12158565,70,248,-0.196311,0.000609435,False
rs12158565,70,249,-0.201261,0.000555415,False
rs12158565,70,250,-0.211065,0.000378389,False
rs12158565,70,251,-0.219007,0.000278136,False
rs12158565,71,6,-0.0807914,0.0325056,False
rs12158565,71,7,-0.0886953,0.0177868,False
rs12158565,71,8,-0.0901284,0.0151046,False
rs12158565,71,9,-0.0974644,0.00801542,False
rs12158565,71,10,-0.0714754,0.0497303,False
rs12158565,71,11,-0.0736845,0.0413394,False
rs12158565,71,12,-0.0684136,0.0576313,False
rs12158565,71,13,-0.0774428,0.0309415,False
rs12158565,71,14,-0.0582468,0.103988,False
rs12158565,71,15,-0.0587609,0.100173,False
rs12158565,71,16,-0.0589708,0.0990454,False
rs12158565,71,17,-0.0597755,0.0933407,False
rs12158565,71,18,-0.0598427,0.0939071,False
rs12158565,71,19,-0.0486544,0.173528,False
rs12158565,71,20,-0.0674952,0.0594435,False
rs12158565,71,21,-0.0525401,0.143633,False
rs12158565,71,22,-0.0532009,0.139617,False
rs12158565,71,23,-0.0617346,0.0867527,False
rs12158565,71,24,-0.0513507,0.156799,False
rs12158565,71,25,-0.0582889,0.109505,False
rs12158565,71,26,-0.0567615,0.119983,False
rs12158565,71,27,-0.0592554,0.106248,False
rs12158565,71,28,-0.0688242,0.0616294,False
rs12158565,71,29,-0.0633108,0.086831,False
rs12158565,71,30,-0.0593579,0.110012,False
rs12158565,71,31,-0.0638236,0.0873022,False
rs12158565,71,32,-0.0773328,0.0386768,False
rs12158565,71,33,-0.0885269,0.0185163,False
rs12158565,71,34,-0.0784078,0.0376717,False
rs12158565,71,35,-0.0763459,0.0445187,False
rs12158565,71,36,-0.0781274,0.0410503,False
rs12158565,71,37,-0.0779978,0.0420721,False
rs12158565,71,38,-0.0744276,0.0539007,False
rs12158565,71,39,-0.0805416,0.0379584,False
rs12158565,71,40,-0.0887702,0.0228267,False
rs12158565,71,41,-0.0829009,0.0343959,False
rs12158565,71,42,-0.0779507,0.0480537,False
rs12158565,71,43,-0.0690069,0.0811321,False
rs12158565,71,44,-0.0803027,0.0435778,False
rs12158565,71,45,-0.0803806,0.0446058,False
rs12158565,71,46,-0.0758852,0.0591642,False
rs12158565,71,47,-0.069364,0.0866166,False
rs12158565,71,48,-0.0608616,0.134861,False
rs12158565,71,49,-0.0682126,0.0951895,False
rs12158565,71,50,-0.0519558,0.205548,False
rs12158565,71,51,-0.0686708,0.0960152,False
rs12158565,71,52,-0.0666811,0.107347,False
rs12158565,71,53,-0.0642738,0.121289,False
rs12158565,71,54,-0.0660251,0.112841,False
rs12158565,71,55,-0.0521763,0.212137,False
rs12158565,71,56,-0.0593603,0.156983,False
rs12158565,71,57,-0.0627417,0.135366,False
rs12158565,71,58,-0.0603787,0.151604,False
rs12158565,71,59,-0.0506646,0.229083,False
rs12158565,71,60,-0.0569567,0.177254,False
rs12158565,71,61,-0.0575943,0.173009,False
rs12158565,71,62,-0.0531753,0.208253,False
rs12158565,71,63,-0.0506603,0.230991,False
rs12158565,71,64,-0.0555878,0.188422,False
rs12158565,71,65,-0.0524679,0.214593,False
rs12158565,71,66,-0.0521275,0.217529,False
rs12158565,71,67,-0.0581105,0.169488,False
rs12158565,71,68,-0.0519871,0.21812,False
rs12158565,71,69,-0.0536281,0.203493,False
rs12158565,71,70,-0.0419877,0.319294,False
rs12158565,71,71,-0.0355966,0.397339,False
rs12158565,71,72,-0.0417333,0.319912,False
rs12158565,71,73,-0.0433207,0.301608,False
rs12158565,71,74,-0.0408211,0.329366,False
rs12158565,71,75,-0.0337192,0.419648,False
rs12158565,71,76,-0.0278706,0.50489,False
rs12158565,71,77,-0.0405997,0.330242,False
rs12158565,71,78,-0.0379952,0.361062,False
rs12158565,71,79,-0.0298571,0.471736,False
rs12158565,71,80,-0.0279179,0.500737,False
rs12158565,71,81,-0.0206416,0.617917,False
rs12158565,71,82,-0.0262622,0.525201,False
rs12158565,71,83,-0.0258366,0.531578,False
rs12158565,71,84,-0.0182188,0.658624,False
rs12158565,71,85,-0.0200796,0.626075,False
rs12158565,71,86,-0.0158467,0.700763,False
rs12158565,71,87,-0.0152381,0.711568,False
rs12158565,71,88,-0.00959656,0.816176,False
rs12158565,71,89,0.000808856,0.984364,False
rs12158565,71,90,-0.00644445,0.876076,False
rs12158565,71,91,0.008748,0.832829,False
rs12158565,71,92,-0.00354742,0.93185,False
rs12158565,71,93,-0.00151505,0.970981,False
rs12158565,71,94,-0.00179315,0.965834,False
rs12158565,71,95,8.44197e-05,0.998396,False
rs12158565,71,96,-0.0010086,0.980889,False
rs12158565,71,97,0.000604251,0.988615,False
rs12158565,71,98,-0.000403173,0.992427,False
rs12158565,71,99,0.00690457,0.871693,False
rs12158565,71,100,0.0129116,0.763992,False
rs12158565,71,101,0.00594458,0.890771,False
rs12158565,71,102,0.00812043,0.852415,False
rs12158565,71,103,0.00522,0.90552,False
rs12158565,71,104,0.00629585,0.887264,False
rs12158565,71,105,-0.000726429,0.987059,False
rs12158565,71,106,0.00674375,0.881491,False
rs12158565,71,107,0.0147769,0.746755,False
rs12158565,71,108,-0.00126107,0.978284,False
rs12158565,71,109,0.00819404,0.861462,False
rs12158565,71,110,0.0133091,0.780067,False
rs12158565,71,111,-0.0046744,0.92303,False
rs12158565,71,112,-0.00505051,0.918257,False
rs12158565,71,113,0.0018201,0.970989,False
rs12158565,71,114,-0.00772231,0.879545,False
rs12158565,71,115,0.00977612,0.850799,False
rs12158565,71,116,0.00557653,0.916278,False
rs12158565,71,117,-0.00368931,0.945648,False
rs12158565,71,118,-0.000942336,0.986378,False
rs12158565,71,119,-0.00100827,0.985691,False
rs12158565,71,120,-0.0113984,0.84222,False
rs12158565,71,121,-0.0161588,0.781085,False
rs12158565,71,122,-0.0184792,0.753805,False
rs12158565,71,123,-0.0103134,0.862685,False
rs12158565,71,124,-0.0188749,0.753964,False
rs12158565,71,125,-0.00145286,0.980918,False
rs12158565,71,126,-0.00622828,0.918744,False
rs12158565,71,127,-0.00175462,0.977141,False
rs12158565,71,128,0.00570269,0.925847,False
rs12158565,71,129,0.00561293,0.926956,False
rs12158565,71,130,-0.00468014,0.938885,False
rs12158565,71,131,-0.00116078,0.984767,False
rs12158565,71,132,0.0128015,0.832326,False
rs12158565,71,133,0.00569764,0.924372,False
rs12158565,71,134,0.00621028,0.916855,False
rs12158565,71,135,0.00727508,0.901606,False
rs12158565,71,136,0.000792582,0.989123,False
rs12158565,71,137,0.00205337,0.971435,False
rs12158565,71,138,0.0181791,0.748058,False
rs12158565,71,139,0.0132363,0.812297,False
rs12158565,71,140,0.00771079,0.888435,False
rs12158565,71,141,-0.00855261,0.874474,False
rs12158565,71,142,0.00338385,0.94938,False
rs12158565,71,143,-0.00769768,0.88356,False
rs12158565,71,144,0.00779042,0.880478,False
rs12158565,71,145,-0.0112964,0.825213,False
rs12158565,71,146,-0.00377775,0.940371,False
rs12158565,71,147,0.000284502,0.995451,False
rs12158565,71,148,-0.0208008,0.672931,False
rs12158565,71,149,-0.0192656,0.692885,False
rs12158565,71,150,-0.0133205,0.782724,False
rs12158565,71,151,-0.0168457,0.72477,False
rs12158565,71,152,-0.0296017,0.532295,False
rs12158565,71,153,-0.0304233,0.517912,False
rs12158565,71,154,-0.0197857,0.671452,False
rs12158565,71,155,-0.0255987,0.579478,False
rs12158565,71,156,-0.0188024,0.681186,False
rs12158565,71,157,-0.0223796,0.623108,False
rs12158565,71,158,-0.0374011,0.408204,False
rs12158565,71,159,-0.032503,0.469568,False
rs12158565,71,160,-0.0272708,0.541482,False
rs12158565,71,161,-0.0319267,0.47134,False
rs12158565,71,162,-0.0313409,0.477203,False
rs12158565,71,163,-0.0413548,0.346324,False
rs12158565,71,164,-0.045701,0.29633,False
rs12158565,71,165,-0.0625206,0.151886,False
rs12158565,71,166,-0.0545157,0.210282,False
rs12158565,71,167,-0.0547856,0.207183,False
rs12158565,71,168,-0.0556054,0.199508,False
rs12158565,71,169,-0.0531104,0.220188,False
rs12158565,71,170,-0.0761108,0.0791261,False
rs12158565,71,171,-0.058567,0.176587,False
rs12158565,71,172,-0.074469,0.0860236,False
rs12158565,71,173,-0.076107,0.0796345,False
rs12158565,71,174,-0.0789116,0.0697803,False
rs12158565,71,175,-0.0643898,0.14005,False
rs12158565,71,176,-0.0790787,0.0704585,False
rs12158565,71,177,-0.0628634,0.151345,False
rs12158565,71,178,-0.0678623,0.122494,False
rs12158565,71,179,-0.0870306,0.048416,False
rs12158565,71,180,-0.0828472,0.0609222,False
rs12158565,71,181,-0.0770652,0.0826025,False
rs12158565,71,182,-0.0827553,0.0630445,False
rs12158565,71,183,-0.0840779,0.059635,False
rs12158565,71,184,-0.0911779,0.0416237,False
rs12158565,71,185,-0.0931517,0.0378848,False
rs12158565,71,186,-0.0907875,0.0438738,False
rs12158565,71,187,-0.0925992,0.040381,False
rs12158565,71,188,-0.116517,0.0100029,False
rs12158565,71,189,-0.117514,0.00948395,False
rs12158565,71,190,-0.120058,0.00813647,False
rs12158565,71,191,-0.12865,0.00468392,False
rs12158565,71,192,-0.118122,0.00940839,False
rs12158565,71,193,-0.125622,0.00590986,False
rs12158565,71,194,-0.117919,0.00975658,False
rs12158565,71,195,-0.126463,0.00564284,False
rs12158565,71,196,-0.117471,0.0102131,False
rs12158565,71,197,-0.127455,0.0053407,False
rs12158565,71,198,-0.113958,0.012838,False
rs12158565,71,199,-0.130368,0.0043969,False
rs12158565,71,200,-0.128893,0.0048516,False
rs12158565,71,201,-0.125212,0.00622116,False
rs12158565,71,202,-0.123724,0.00681211,False
rs12158565,71,203,-0.119653,0.0088269,False
rs12158565,71,204,-0.129359,0.00460066,False
rs12158565,71,205,-0.123199,0.00691817,False
rs12158565,71,206,-0.134185,0.00328795,False
rs12158565,71,207,-0.14112,0.00197565,False
rs12158565,71,208,-0.139772,0.00216099,False
rs12158565,71,209,-0.146167,0.00132511,False
rs12158565,71,210,-0.145466,0.00135956,False
rs12158565,71,211,-0.133041,0.00336499,False
rs12158565,71,212,-0.137541,0.0024187,False
rs12158565,71,213,-0.145049,0.00136646,False
rs12158565,71,214,-0.135298,0.00284484,False
rs12158565,71,215,-0.128137,0.00464486,False
rs12158565,71,216,-0.148334,0.00105771,False
rs12158565,71,217,-0.14792,0.00108757,False
rs12158565,71,218,-0.143515,0.00153552,False
rs12158565,71,219,-0.148679,0.00102814,False
rs12158565,71,220,-0.153755,0.000695362,False
rs12158565,71,221,-0.151564,0.000838778,False
rs12158565,71,222,-0.152566,0.000793713,False
rs12158565,71,223,-0.151822,0.000851223,False
rs12158565,71,224,-0.159045,0.000490837,False
rs12158565,71,225,-0.150341,0.00101497,False
rs12158565,71,226,-0.168546,0.000239764,False
rs12158565,71,227,-0.179339,9.86403e-05,False
rs12158565,71,228,-0.187435,4.93459e-05,False
rs12158565,71,229,-0.18306,7.97927e-05,False
rs12158565,71,230,-0.196157,2.52994e-05,False
rs12158565,71,231,-0.178992,0.000136117,False
rs12158565,71,232,-0.182715,0.000107349,False
rs12158565,71,233,-0.189528,6.66751e-05,False
rs12158565,71,234,-0.193197,5.46764e-05,False
rs12158565,71,235,-0.190324,8.03095e-05,False
rs12158565,71,236,-0.204498,2.73378e-05,False
rs12158565,71,237,-0.204015,3.43353e-05,False
rs12158565,71,238,-0.214017,1.67425e-05,False
rs12158565,71,239,-0.199736,7.14711e-05,False
rs12158565,71,240,-0.194111,0.000135724,False
rs12158565,71,241,-0.210054,4.61932e-05,False
rs12158565,71,242,-0.20854,6.68113e-05,False
rs12158565,71,243,-0.194413,0.000247576,False
rs12158565,71,244,-0.198397,0.000228713,False
rs12158565,71,245,-0.186967,0.000639207,False
rs12158565,71,246,-0.215587,0.000110495,False
rs12158565,71,247,-0.203496,0.000336256,False
rs12158565,71,248,-0.205698,0.000363533,False
rs12158565,71,249,-0.213789,0.000269214,False
rs12158565,71,250,-0.211026,0.000414056,False
rs12158565,71,251,-0.221736,0.000262097,False
rs12158565,72,6,-0.107938,0.00434128,False
rs12158565,72,7,-0.0990405,0.0083082,False
rs12158565,72,8,-0.112834,0.00239645,False
rs12158565,72,9,-0.100499,0.0063595,False
rs12158565,72,10,-0.0941942,0.00979391,False
rs12158565,72,11,-0.0961485,0.00790806,False
rs12158565,72,12,-0.0998002,0.0056096,False
rs12158565,72,13,-0.0903014,0.0116909,False
rs12158565,72,14,-0.0742244,0.0378157,False
rs12158565,72,15,-0.0839066,0.0186925,False
rs12158565,72,16,-0.0862008,0.0153308,False
rs12158565,72,17,-0.088415,0.0129039,False
rs12158565,72,18,-0.0693889,0.0518905,False
rs12158565,72,19,-0.0671421,0.0599554,False
rs12158565,72,20,-0.0693244,0.0523022,False
rs12158565,72,21,-0.0589979,0.0990916,False
rs12158565,72,22,-0.0710057,0.0477674,False
rs12158565,72,23,-0.0778904,0.0301947,False
rs12158565,72,24,-0.074819,0.0381046,False
rs12158565,72,25,-0.0630042,0.0824015,False
rs12158565,72,26,-0.0807659,0.0266026,False
rs12158565,72,27,-0.0714732,0.0506711,False
rs12158565,72,28,-0.0791171,0.0309377,False
rs12158565,72,29,-0.0756269,0.0401274,False
rs12158565,72,30,-0.0712131,0.0545888,False
rs12158565,72,31,-0.0852403,0.0219642,False
rs12158565,72,32,-0.0723208,0.0529501,False
rs12158565,72,33,-0.0753224,0.0447054,False
rs12158565,72,34,-0.0685528,0.0695502,False
rs12158565,72,35,-0.0660917,0.0813673,False
rs12158565,72,36,-0.0559929,0.141473,False
rs12158565,72,37,-0.0750166,0.0504056,False
rs12158565,72,38,-0.0835052,0.0303521,False
rs12158565,72,39,-0.071822,0.0638182,False
rs12158565,72,40,-0.0624045,0.109387,False
rs12158565,72,41,-0.0488135,0.212073,False
rs12158565,72,42,-0.0683771,0.0821643,False
rs12158565,72,43,-0.0720634,0.0683192,False
rs12158565,72,44,-0.0787212,0.04783,False
rs12158565,72,45,-0.0697402,0.0805035,False
rs12158565,72,46,-0.0795901,0.0472703,False
rs12158565,72,47,-0.0812277,0.0443395,False
rs12158565,72,48,-0.0723527,0.0745867,False
rs12158565,72,49,-0.0794637,0.0509037,False
rs12158565,72,50,-0.0955216,0.0195253,False
rs12158565,72,51,-0.0827003,0.0439223,False
rs12158565,72,52,-0.0922158,0.0252422,False
rs12158565,72,53,-0.0861194,0.0374037,False
rs12158565,72,54,-0.0727718,0.0793562,False
rs12158565,72,55,-0.0806952,0.0525235,False
rs12158565,72,56,-0.0832007,0.0465472,False
rs12158565,72,57,-0.0740128,0.0773182,False
rs12158565,72,58,-0.0833571,0.047072,False
rs12158565,72,59,-0.0780242,0.0634736,False
rs12158565,72,60,-0.0784699,0.0627,False
rs12158565,72,61,-0.0726182,0.0853611,False
rs12158565,72,62,-0.0738917,0.0801805,False
rs12158565,72,63,-0.074025,0.079668,False
rs12158565,72,64,-0.051806,0.219585,False
rs12158565,72,65,-0.0579736,0.169765,False
rs12158565,72,66,-0.0552524,0.190711,False
rs12158565,72,67,-0.0647283,0.126115,False
rs12158565,72,68,-0.0486387,0.250426,False
rs12158565,72,69,-0.0541895,0.199707,False
rs12158565,72,70,-0.0433587,0.303999,False
rs12158565,72,71,-0.0428027,0.309236,False
rs12158565,72,72,-0.0459354,0.274744,False
rs12158565,72,73,-0.0457419,0.275894,False
rs12158565,72,74,-0.0351939,0.401966,False
rs12158565,72,75,-0.0343376,0.411587,False
rs12158565,72,76,-0.0402232,0.336394,False
rs12158565,72,77,-0.0344642,0.408917,False
rs12158565,72,78,-0.0360589,0.386277,False
rs12158565,72,79,-0.0315641,0.447167,False
rs12158565,72,80,-0.0222775,0.591115,False
rs12158565,72,81,-0.0264448,0.523116,False
rs12158565,72,82,-0.0267532,0.518038,False
rs12158565,72,83,-0.0270872,0.512228,False
rs12158565,72,84,-0.0261868,0.525716,False
rs12158565,72,85,-0.027937,0.497839,False
rs12158565,72,86,-0.00372112,0.927967,False
rs12158565,72,87,-0.0223512,0.587507,False
rs12158565,72,88,-0.020858,0.612682,False
rs12158565,72,89,-0.0175075,0.671064,False
rs12158565,72,90,-0.00422613,0.918489,False
rs12158565,72,91,-0.0115299,0.780083,False
rs12158565,72,92,0.00740528,0.858062,False
rs12158565,72,93,0.0111793,0.787431,False
rs12158565,72,94,0.00790177,0.849162,False
rs12158565,72,95,-0.00150062,0.971274,False
rs12158565,72,96,-0.00205372,0.960823,False
rs12158565,72,97,0.0114893,0.784415,False
rs12158565,72,98,0.00472107,0.910834,False
rs12158565,72,99,0.00967043,0.819397,False
rs12158565,72,100,0.000662384,0.987614,False
rs12158565,72,101,-0.0175549,0.682244,False
rs12158565,72,102,-0.00730936,0.865333,False
rs12158565,72,103,-0.00444571,0.918516,False
rs12158565,72,104,0.0130721,0.765316,False
rs12158565,72,105,0.00171113,0.96911,False
rs12158565,72,106,0.00350425,0.937295,False
rs12158565,72,107,0.00550047,0.90268,False
rs12158565,72,108,-0.013427,0.7678,False
rs12158565,72,109,0.000862531,0.985024,False
rs12158565,72,110,-0.0010902,0.981321,False
rs12158565,72,111,-0.00265079,0.955251,False
rs12158565,72,112,0.00209631,0.965034,False
rs12158565,72,113,0.0082632,0.864881,False
rs12158565,72,114,-0.00453286,0.926815,False
rs12158565,72,115,-0.0106007,0.832619,False
rs12158565,72,116,0.000179233,0.997197,False
rs12158565,72,117,-0.00178868,0.972536,False
rs12158565,72,118,0.000226691,0.996576,False
rs12158565,72,119,0.000284105,0.995781,False
rs12158565,72,120,-0.0169386,0.756651,False
rs12158565,72,121,-0.00746788,0.8929,False
rs12158565,72,122,-0.00545682,0.922705,False
rs12158565,72,123,-0.0142878,0.801828,False
rs12158565,72,124,0.00279851,0.961238,False
rs12158565,72,125,-0.0135509,0.815386,False
rs12158565,72,126,-0.00851921,0.88402,False
rs12158565,72,127,-0.00447859,0.939067,False
rs12158565,72,128,0.00245325,0.966698,False
rs12158565,72,129,-0.00844539,0.885847,False
rs12158565,72,130,-0.00774577,0.895185,False
rs12158565,72,131,-0.00874397,0.881297,False
rs12158565,72,132,-0.00587796,0.919592,False
rs12158565,72,133,-0.00540471,0.925463,False
rs12158565,72,134,-0.00988082,0.863035,False
rs12158565,72,135,-0.00129683,0.981775,False
rs12158565,72,136,-0.00708351,0.899548,False
rs12158565,72,137,-0.00375429,0.945965,False
rs12158565,72,138,0.00802672,0.883341,False
rs12158565,72,139,-0.00299752,0.955684,False
rs12158565,72,140,-0.00638338,0.904421,False
rs12158565,72,141,-0.0107944,0.837207,False
rs12158565,72,142,-0.0120337,0.816326,False
rs12158565,72,143,0.00338509,0.947204,False
rs12158565,72,144,-0.00236432,0.962718,False
rs12158565,72,145,0.001196,0.980902,False
rs12158565,72,146,-0.0129186,0.79358,False
rs12158565,72,147,-0.0174844,0.720394,False
rs12158565,72,148,-0.0180725,0.708616,False
rs12158565,72,149,-0.0119,0.803552,False
rs12158565,72,150,-0.0192301,0.685306,False
rs12158565,72,151,-0.0173293,0.71248,False
rs12158565,72,152,-0.0212165,0.648703,False
rs12158565,72,153,-0.0243358,0.597969,False
rs12158565,72,154,-0.0113912,0.803536,False
rs12158565,72,155,-0.0257786,0.570779,False
rs12158565,72,156,-0.0241312,0.593023,False
rs12158565,72,157,-0.024166,0.590275,False
rs12158565,72,158,-0.0303527,0.496106,False
rs12158565,72,159,-0.0303416,0.493962,False
rs12158565,72,160,-0.0370769,0.400843,False
rs12158565,72,161,-0.0448188,0.307099,False
rs12158565,72,162,-0.0520744,0.234136,False
rs12158565,72,163,-0.0409925,0.348417,False
rs12158565,72,164,-0.0520186,0.232672,False
rs12158565,72,165,-0.045371,0.29626,False
rs12158565,72,166,-0.0460554,0.287887,False
rs12158565,72,167,-0.0633572,0.143182,False
rs12158565,72,168,-0.0621115,0.150992,False
rs12158565,72,169,-0.0600264,0.165807,False
rs12158565,72,170,-0.0729728,0.0923681,False
rs12158565,72,171,-0.068819,0.112333,False
rs12158565,72,172,-0.0729018,0.0930106,False
rs12158565,72,173,-0.0848254,0.0510605,False
rs12158565,72,174,-0.0827592,0.0576487,False
rs12158565,72,175,-0.0725601,0.097132,False
rs12158565,72,176,-0.0747854,0.0883694,False
rs12158565,72,177,-0.0618026,0.160321,False
rs12158565,72,178,-0.0718623,0.103852,False
rs12158565,72,179,-0.0734678,0.097503,False
rs12158565,72,180,-0.0771516,0.0828115,False
rs12158565,72,181,-0.0882732,0.0476603,False
rs12158565,72,182,-0.0749378,0.0938018,False
rs12158565,72,183,-0.082458,0.0660201,False
rs12158565,72,184,-0.0899576,0.0456219,False
rs12158565,72,185,-0.0806334,0.0738782,False
rs12158565,72,186,-0.0968245,0.0324054,False
rs12158565,72,187,-0.102186,0.0242176,False
rs12158565,72,188,-0.102295,0.0242374,False
rs12158565,72,189,-0.102112,0.0247991,False
rs12158565,72,190,-0.108611,0.0171484,False
rs12158565,72,191,-0.108851,0.0170976,False
rs12158565,72,192,-0.122481,0.00729792,False
rs12158565,72,193,-0.109365,0.0167029,False
rs12158565,72,194,-0.110805,0.0153733,False
rs12158565,72,195,-0.106637,0.0198063,False
rs12158565,72,196,-0.120439,0.0085913,False
rs12158565,72,197,-0.133512,0.00354819,False
rs12158565,72,198,-0.132824,0.00374623,False
rs12158565,72,199,-0.124301,0.00669104,False
rs12158565,72,200,-0.116241,0.011172,False
rs12158565,72,201,-0.120048,0.00869426,False
rs12158565,72,202,-0.125191,0.00621439,False
rs12158565,72,203,-0.129935,0.00452828,False
rs12158565,72,204,-0.123192,0.0069871,False
rs12158565,72,205,-0.14221,0.00184979,False
rs12158565,72,206,-0.138217,0.00246913,False
rs12158565,72,207,-0.138413,0.00240922,False
rs12158565,72,208,-0.139718,0.00216688,False
rs12158565,72,209,-0.142135,0.0017676,False
rs12158565,72,210,-0.144479,0.00146763,False
rs12158565,72,211,-0.150245,0.000932056,False
rs12158565,72,212,-0.148428,0.00106717,False
rs12158565,72,213,-0.140659,0.00191799,False
rs12158565,72,214,-0.139891,0.0019863,False
rs12158565,72,215,-0.140351,0.00189673,False
rs12158565,72,216,-0.135936,0.00262802,False
rs12158565,72,217,-0.129796,0.00410996,False
rs12158565,72,218,-0.149152,0.000956342,False
rs12158565,72,219,-0.155586,0.000570329,False
rs12158565,72,220,-0.146678,0.00117207,False
rs12158565,72,221,-0.143346,0.00153379,False
rs12158565,72,222,-0.147285,0.00114586,False
rs12158565,72,223,-0.152137,0.00081546,False
rs12158565,72,224,-0.16289,0.000344712,False
rs12158565,72,225,-0.158635,0.000505728,False
rs12158565,72,226,-0.161088,0.000438659,False
rs12158565,72,227,-0.155322,0.000725567,False
rs12158565,72,228,-0.158476,0.000592938,False
rs12158565,72,229,-0.159324,0.000591119,False
rs12158565,72,230,-0.165137,0.000398587,False
rs12158565,72,231,-0.164433,0.000463899,False
rs12158565,72,232,-0.162379,0.000588457,False
rs12158565,72,233,-0.177258,0.000197405,False
rs12158565,72,234,-0.187615,9.39079e-05,False
rs12158565,72,235,-0.192996,6.75786e-05,False
rs12158565,72,236,-0.189851,0.000103371,False
rs12158565,72,237,-0.188916,0.000132607,False
rs12158565,72,238,-0.190282,0.000140978,False
rs12158565,72,239,-0.195846,0.000106951,False
rs12158565,72,240,-0.197073,0.000116988,False
rs12158565,72,241,-0.196883,0.00014803,False
rs12158565,72,242,-0.184155,0.000472547,False
rs12158565,72,243,-0.191693,0.000335658,False
rs12158565,72,244,-0.199678,0.000235329,False
rs12158565,72,245,-0.210366,0.000138929,False
rs12158565,72,246,-0.217901,0.000104978,False
rs12158565,72,247,-0.209731,0.000244659,False
rs12158565,72,248,-0.214058,0.000233506,False
rs12158565,72,249,-0.223805,0.000158921,False
rs12158565,72,250,-0.221815,0.000231724,False
rs12158565,72,251,-0.217164,0.000394223,False
rs12158565,73,6,-0.109025,0.00359659,False
rs12158565,73,7,-0.0923084,0.0130762,False
rs12158565,73,8,-0.093892,0.0107055,False
rs12158565,73,9,-0.0944435,0.00953246,False
rs12158565,73,10,-0.0933193,0.00987229,False
rs12158565,73,11,-0.0951073,0.0080623,False
rs12158565,73,12,-0.0959192,0.00717831,False
rs12158565,73,13,-0.089586,0.0117913,False
rs12158565,73,14,-0.0973754,0.00608355,False
rs12158565,73,15,-0.0930926,0.00842664,False
rs12158565,73,16,-0.103386,0.0034419,False
rs12158565,73,17,-0.0979428,0.00550396,False
rs12158565,73,18,-0.102646,0.00363927,False
rs12158565,73,19,-0.104234,0.00324406,False
rs12158565,73,20,-0.0850966,0.0162196,False
rs12158565,73,21,-0.0714407,0.0442568,False
rs12158565,73,22,-0.0808607,0.0230565,False
rs12158565,73,23,-0.0907705,0.011081,False
rs12158565,73,24,-0.0698276,0.051747,False
rs12158565,73,25,-0.0706219,0.04989,False
rs12158565,73,26,-0.0821444,0.0231311,False
rs12158565,73,27,-0.073214,0.0432519,False
rs12158565,73,28,-0.0619769,0.0893791,False
rs12158565,73,29,-0.0489606,0.181396,False
rs12158565,73,30,-0.0642207,0.0809746,False
rs12158565,73,31,-0.0686539,0.063838,False
rs12158565,73,32,-0.0688865,0.0641775,False
rs12158565,73,33,-0.064801,0.0826895,False
rs12158565,73,34,-0.0816679,0.0294758,False
rs12158565,73,35,-0.0673818,0.0746314,False
rs12158565,73,36,-0.0712384,0.0605057,False
rs12158565,73,37,-0.0765596,0.0446971,False
rs12158565,73,38,-0.0810749,0.0343913,False
rs12158565,73,39,-0.0887553,0.0211376,False
rs12158565,73,40,-0.093089,0.0160622,False
rs12158565,73,41,-0.074001,0.0575949,False
rs12158565,73,42,-0.0738738,0.0592153,False
rs12158565,73,43,-0.0599984,0.127022,False
rs12158565,73,44,-0.0723931,0.0671671,False
rs12158565,73,45,-0.0776561,0.0507952,False
rs12158565,73,46,-0.0855536,0.0323422,False
rs12158565,73,47,-0.0849954,0.0344205,False
rs12158565,73,48,-0.0803263,0.046399,False
rs12158565,73,49,-0.0688932,0.08867,False
rs12158565,73,50,-0.0717396,0.0781513,False
rs12158565,73,51,-0.0806097,0.0486073,False
rs12158565,73,52,-0.0812149,0.048152,False
rs12158565,73,53,-0.0822203,0.0461614,False
rs12158565,73,54,-0.0746809,0.0714593,False
rs12158565,73,55,-0.0728071,0.0801972,False
rs12158565,73,56,-0.0814124,0.0508251,False
rs12158565,73,57,-0.0766013,0.0665081,False
rs12158565,73,58,-0.0710944,0.0894679,False
rs12158565,73,59,-0.0730391,0.081719,False
rs12158565,73,60,-0.0792957,0.0592454,False
rs12158565,73,61,-0.0663335,0.114973,False
rs12158565,73,62,-0.0662387,0.115916,False
rs12158565,73,63,-0.0635611,0.131866,False
rs12158565,73,64,-0.0550409,0.192593,False
rs12158565,73,65,-0.0582211,0.168273,False
rs12158565,73,66,-0.0714088,0.0912415,False
rs12158565,73,67,-0.0638001,0.130929,False
rs12158565,73,68,-0.0647419,0.124909,False
rs12158565,73,69,-0.0595148,0.158432,False
rs12158565,73,70,-0.0627839,0.136621,False
rs12158565,73,71,-0.0586156,0.164012,False
rs12158565,73,72,-0.0608119,0.147977,False
rs12158565,73,73,-0.0526117,0.210848,False
rs12158565,73,74,-0.050357,0.23042,False
rs12158565,73,75,-0.0534596,0.202283,False
rs12158565,73,76,-0.0554153,0.185694,False
rs12158565,73,77,-0.0399999,0.338557,False
rs12158565,73,78,-0.03806,0.361546,False
rs12158565,73,79,-0.0386756,0.353442,False
rs12158565,73,80,-0.0341153,0.411595,False
rs12158565,73,81,-0.0486435,0.241555,False
rs12158565,73,82,-0.0267044,0.519691,False
rs12158565,73,83,-0.0265159,0.522074,False
rs12158565,73,84,-0.0222921,0.589396,False
rs12158565,73,85,-0.0250109,0.545006,False
rs12158565,73,86,-0.0266892,0.51763,False
rs12158565,73,87,-0.0310671,0.450949,False
rs12158565,73,88,-0.0281024,0.495629,False
rs12158565,73,89,-0.0179972,0.662522,False
rs12158565,73,90,-0.0241903,0.557188,False
rs12158565,73,91,-0.0166749,0.686067,False
rs12158565,73,92,-0.0144881,0.725239,False
rs12158565,73,93,-0.00966393,0.815126,False
rs12158565,73,94,-0.0109951,0.79032,False
rs12158565,73,95,-0.00790469,0.848814,False
rs12158565,73,96,-0.00618163,0.881988,False
rs12158565,73,97,-0.00425487,0.91871,False
rs12158565,73,98,0.0166522,0.690844,False
rs12158565,73,99,0.00748058,0.858829,False
rs12158565,73,100,0.0159977,0.704799,False
rs12158565,73,101,0.00711461,0.867031,False
rs12158565,73,102,0.00427116,0.920351,False
rs12158565,73,103,0.0133094,0.757064,False
rs12158565,73,104,0.00609587,0.888012,False
rs12158565,73,105,0.0112232,0.796723,False
rs12158565,73,106,0.0175964,0.688996,False
rs12158565,73,107,0.0104977,0.812755,False
rs12158565,73,108,0.00830062,0.85297,False
rs12158565,73,109,1.82973e-05,0.999677,False
rs12158565,73,110,0.00647368,0.887524,False
rs12158565,73,111,0.0128449,0.781248,False
rs12158565,73,112,0.000767123,0.986927,False
rs12158565,73,113,-0.00204729,0.965585,False
rs12158565,73,114,0.00421608,0.930235,False
rs12158565,73,115,-0.0037419,0.938887,False
rs12158565,73,116,-0.0072968,0.882743,False
rs12158565,73,117,-0.00476211,0.924484,False
rs12158565,73,118,-0.00765148,0.880716,False
rs12158565,73,119,-0.0107238,0.835771,False
rs12158565,73,120,-0.0106664,0.838822,False
rs12158565,73,121,-0.0096301,0.856191,False
rs12158565,73,122,-0.0144738,0.788067,False
rs12158565,73,123,-0.0207995,0.70216,False
rs12158565,73,124,-0.00733621,0.89381,False
rs12158565,73,125,-0.0157465,0.776384,False
rs12158565,73,126,-0.00904719,0.871116,False
rs12158565,73,127,-0.025885,0.64416,False
rs12158565,73,128,-0.0192937,0.731143,False
rs12158565,73,129,-0.00846189,0.880295,False
rs12158565,73,130,-0.00715129,0.898565,False
rs12158565,73,131,-0.00586586,0.916496,False
rs12158565,73,132,-0.00292929,0.958086,False
rs12158565,73,133,-0.00812588,0.883411,False
rs12158565,73,134,0.00930252,0.86578,False
rs12158565,73,135,0.010363,0.849208,False
rs12158565,73,136,0.0114935,0.831488,False
rs12158565,73,137,0.00604593,0.909961,False
rs12158565,73,138,-0.000372499,0.994379,False
rs12158565,73,139,-0.011071,0.832232,False
rs12158565,73,140,-0.00459031,0.929163,False
rs12158565,73,141,0.00410806,0.935941,False
rs12158565,73,142,0.0111941,0.824551,False
rs12158565,73,143,-0.000515178,0.991758,False
rs12158565,73,144,0.00109723,0.982275,False
rs12158565,73,145,-0.00466844,0.923933,False
rs12158565,73,146,-0.00864516,0.857993,False
rs12158565,73,147,-0.00722774,0.879945,False
rs12158565,73,148,-0.00624687,0.895156,False
rs12158565,73,149,-0.0156493,0.738891,False
rs12158565,73,150,-0.0119783,0.797039,False
rs12158565,73,151,-0.021012,0.649302,False
rs12158565,73,152,-0.0158829,0.729213,False
rs12158565,73,153,-0.0142445,0.754429,False
rs12158565,73,154,-0.0207711,0.645961,False
rs12158565,73,155,-0.0336024,0.454387,False
rs12158565,73,156,-0.0131912,0.767616,False
rs12158565,73,157,-0.0265374,0.549594,False
rs12158565,73,158,-0.0479157,0.277175,False
rs12158565,73,159,-0.0442403,0.313172,False
rs12158565,73,160,-0.0396806,0.364466,False
rs12158565,73,161,-0.0381094,0.382521,False
rs12158565,73,162,-0.0315144,0.468641,False
rs12158565,73,163,-0.0385922,0.373375,False
rs12158565,73,164,-0.0458574,0.29045,False
rs12158565,73,165,-0.0631756,0.144338,False
rs12158565,73,166,-0.0731526,0.0904875,False
rs12158565,73,167,-0.0744455,0.0847535,False
rs12158565,73,168,-0.0642628,0.136588,False
rs12158565,73,169,-0.0630844,0.144869,False
rs12158565,73,170,-0.0644023,0.137029,False
rs12158565,73,171,-0.071594,0.0989209,False
rs12158565,73,172,-0.0701071,0.106863,False
rs12158565,73,173,-0.0746851,0.0865539,False
rs12158565,73,174,-0.0644355,0.140218,False
rs12158565,73,175,-0.0523372,0.232895,False
rs12158565,73,176,-0.0602077,0.170884,False
rs12158565,73,177,-0.0645698,0.14358,False
rs12158565,73,178,-0.0613552,0.165484,False
rs12158565,73,179,-0.0675641,0.128082,False
rs12158565,73,180,-0.0752006,0.0915314,False
rs12158565,73,181,-0.0651587,0.145386,False
rs12158565,73,182,-0.0752907,0.0930164,False
rs12158565,73,183,-0.0780613,0.0824477,False
rs12158565,73,184,-0.0728763,0.106077,False
rs12158565,73,185,-0.084304,0.0620134,False
rs12158565,73,186,-0.0771625,0.0884891,False
rs12158565,73,187,-0.0858583,0.0586428,False
rs12158565,73,188,-0.0995583,0.0286996,False
rs12158565,73,189,-0.104977,0.0212931,False
rs12158565,73,190,-0.101644,0.0260689,False
rs12158565,73,191,-0.110689,0.0155117,False
rs12158565,73,192,-0.105392,0.0212444,False
rs12158565,73,193,-0.109698,0.0164477,False
rs12158565,73,194,-0.11808,0.00996695,False
rs12158565,73,195,-0.114211,0.0127586,False
rs12158565,73,196,-0.110296,0.0162953,False
rs12158565,73,197,-0.112129,0.0145735,False
rs12158565,73,198,-0.122845,0.00747717,False
rs12158565,73,199,-0.119884,0.00905004,False
rs12158565,73,200,-0.11055,0.0161156,False
rs12158565,73,201,-0.119044,0.00942231,False
rs12158565,73,202,-0.126523,0.00581028,False
rs12158565,73,203,-0.124509,0.00655647,False
rs12158565,73,204,-0.11611,0.0110773,False
rs12158565,73,205,-0.124586,0.00636128,False
rs12158565,73,206,-0.14105,0.00200045,False
rs12158565,73,207,-0.131533,0.00395133,False
rs12158565,73,208,-0.130586,0.00415682,False
rs12158565,73,209,-0.13318,0.00344078,False
rs12158565,73,210,-0.140451,0.00198393,False
rs12158565,73,211,-0.144156,0.00150788,False
rs12158565,73,212,-0.152717,0.000762548,False
rs12158565,73,213,-0.143618,0.00152411,False
rs12158565,73,214,-0.14879,0.00101874,False
rs12158565,73,215,-0.157178,0.000518926,False
rs12158565,73,216,-0.169299,0.000182432,False
rs12158565,73,217,-0.164287,0.000282188,False
rs12158565,73,218,-0.159538,0.0004326,False
rs12158565,73,219,-0.157611,0.000501688,False
rs12158565,73,220,-0.165667,0.000257933,False
rs12158565,73,221,-0.166341,0.000251646,False
rs12158565,73,222,-0.162994,0.000341775,False
rs12158565,73,223,-0.153192,0.000782275,False
rs12158565,73,224,-0.164069,0.000335063,False
rs12158565,73,225,-0.159298,0.000514727,False
rs12158565,73,226,-0.167893,0.000261919,False
rs12158565,73,227,-0.165356,0.000342593,False
rs12158565,73,228,-0.174449,0.000169254,False
rs12158565,73,229,-0.162619,0.000480577,False
rs12158565,73,230,-0.162832,0.00051698,False
rs12158565,73,231,-0.165387,0.000464902,False
rs12158565,73,232,-0.175149,0.000226465,False
rs12158565,73,233,-0.176818,0.000219279,False
rs12158565,73,234,-0.176961,0.00024734,False
rs12158565,73,235,-0.156434,0.00133706,False
rs12158565,73,236,-0.166207,0.000741047,False
rs12158565,73,237,-0.174519,0.000459945,False
rs12158565,73,238,-0.184568,0.00024832,False
rs12158565,73,239,-0.179479,0.000434839,False
rs12158565,73,240,-0.181762,0.000434061,False
rs12158565,73,241,-0.181602,0.000528232,False
rs12158565,73,242,-0.180851,0.000657697,False
rs12158565,73,243,-0.188767,0.000459109,False
rs12158565,73,244,-0.194129,0.000393046,False
rs12158565,73,245,-0.209525,0.000163695,False
rs12158565,73,246,-0.202506,0.000346123,False
rs12158565,73,247,-0.183722,0.00145046,False
rs12158565,73,248,-0.1913,0.00110382,False
rs12158565,73,249,-0.189202,0.001522,False
rs12158565,73,250,-0.20277,0.000833656,False
rs12158565,73,251,-0.202263,0.00103475,False
rs12158565,74,6,-0.0983089,0.00850982,False
rs12158565,74,7,-0.100678,0.00663372,False
rs12158565,74,8,-0.100538,0.00618783,False
rs12158565,74,9,-0.0902902,0.0129286,False
rs12158565,74,10,-0.0868689,0.0159801,False
rs12158565,74,11,-0.0974972,0.00653297,False
rs12158565,74,12,-0.10065,0.00475443,False
rs12158565,74,13,-0.0989897,0.00526631,False
rs12158565,74,14,-0.0951243,0.00730589,False
rs12158565,74,15,-0.086603,0.0142654,False
rs12158565,74,16,-0.0933299,0.00822012,False
rs12158565,74,17,-0.079378,0.0246652,False
rs12158565,74,18,-0.076949,0.0292815,False
rs12158565,74,19,-0.0731386,0.0385767,False
rs12158565,74,20,-0.0679985,0.0549408,False
rs12158565,74,21,-0.0666126,0.0604238,False
rs12158565,74,22,-0.0683341,0.054703,False
rs12158565,74,23,-0.0723961,0.0425604,False
rs12158565,74,24,-0.0742408,0.0381424,False
rs12158565,74,25,-0.0680942,0.0578371,False
rs12158565,74,26,-0.0646383,0.0729827,False
rs12158565,74,27,-0.0653873,0.0707669,False
rs12158565,74,28,-0.0761059,0.036454,False
rs12158565,74,29,-0.0720767,0.0486202,False
rs12158565,74,30,-0.066996,0.0676058,False
rs12158565,74,31,-0.0709855,0.054055,False
rs12158565,74,32,-0.0722649,0.0507145,False
rs12158565,74,33,-0.0672826,0.0710061,False
rs12158565,74,34,-0.0736546,0.0496393,False
rs12158565,74,35,-0.0671954,0.0740602,False
rs12158565,74,36,-0.0708545,0.0610805,False
rs12158565,74,37,-0.0638499,0.092896,False
rs12158565,74,38,-0.0686114,0.0726497,False
rs12158565,74,39,-0.0798912,0.0376166,False
rs12158565,74,40,-0.0774816,0.0449266,False
rs12158565,74,41,-0.0775004,0.0461615,False
rs12158565,74,42,-0.0775863,0.0470761,False
rs12158565,74,43,-0.0759311,0.0530321,False
rs12158565,74,44,-0.0859425,0.0292284,False
rs12158565,74,45,-0.0741344,0.0614013,False
rs12158565,74,46,-0.0628611,0.114585,False
rs12158565,74,47,-0.0739866,0.0645448,False
rs12158565,74,48,-0.0680364,0.0911012,False
rs12158565,74,49,-0.0798092,0.048229,False
rs12158565,74,50,-0.0702997,0.083069,False
rs12158565,74,51,-0.0757527,0.0632485,False
rs12158565,74,52,-0.0888284,0.0301343,False
rs12158565,74,53,-0.0865271,0.035444,False
rs12158565,74,54,-0.0828763,0.0450366,False
rs12158565,74,55,-0.0687869,0.0967686,False
rs12158565,74,56,-0.0732284,0.0778992,False
rs12158565,74,57,-0.0694689,0.0957038,False
rs12158565,74,58,-0.0713815,0.0876272,False
rs12158565,74,59,-0.0804486,0.0550604,False
rs12158565,74,60,-0.0817235,0.0517079,False
rs12158565,74,61,-0.0678083,0.106661,False
rs12158565,74,62,-0.0748552,0.0752742,False
rs12158565,74,63,-0.0869193,0.0391753,False
rs12158565,74,64,-0.0823943,0.0510489,False
rs12158565,74,65,-0.08997,0.0332341,False
rs12158565,74,66,-0.080147,0.0578625,False
rs12158565,74,67,-0.0689134,0.102962,False
rs12158565,74,68,-0.0800827,0.0580387,False
rs12158565,74,69,-0.083052,0.0495909,False
rs12158565,74,70,-0.0691336,0.102087,False
rs12158565,74,71,-0.0624946,0.139167,False
rs12158565,74,72,-0.0657052,0.11949,False
rs12158565,74,73,-0.0618411,0.14212,False
rs12158565,74,74,-0.0519181,0.217273,False
rs12158565,74,75,-0.0453557,0.280344,False
rs12158565,74,76,-0.0455333,0.277711,False
rs12158565,74,77,-0.0434955,0.299193,False
rs12158565,74,78,-0.0454119,0.277173,False
rs12158565,74,79,-0.0494225,0.236238,False
rs12158565,74,80,-0.0434691,0.296005,False
rs12158565,74,81,-0.0380417,0.359418,False
rs12158565,74,82,-0.0344885,0.405342,False
rs12158565,74,83,-0.0372656,0.36868,False
rs12158565,74,84,-0.038511,0.352204,False
rs12158565,74,85,-0.0242396,0.557683,False
rs12158565,74,86,-0.0287242,0.486891,False
rs12158565,74,87,-0.0316254,0.44263,False
rs12158565,74,88,-0.0293204,0.47671,False
rs12158565,74,89,-0.0309357,0.452395,False
rs12158565,74,90,-0.0368691,0.370067,False
rs12158565,74,91,-0.0355353,0.387362,False
rs12158565,74,92,-0.0295511,0.472851,False
rs12158565,74,93,-0.022623,0.583374,False
rs12158565,74,94,-0.0151762,0.713285,False
rs12158565,74,95,-0.0215741,0.601528,False
rs12158565,74,96,-0.0336975,0.415769,False
rs12158565,74,97,-0.0205732,0.620298,False
rs12158565,74,98,-0.0239795,0.564562,False
rs12158565,74,99,-0.024929,0.550594,False
rs12158565,74,100,-0.0208709,0.61784,False
rs12158565,74,101,-0.0116415,0.782218,False
rs12158565,74,102,-0.000580574,0.989038,False
rs12158565,74,103,-0.00329545,0.938247,False
rs12158565,74,104,-0.0109686,0.797803,False
rs12158565,74,105,-0.0123374,0.774521,False
rs12158565,74,106,-0.0203368,0.639039,False
rs12158565,74,107,-0.0180445,0.679761,False
rs12158565,74,108,-0.0209195,0.634955,False
rs12158565,74,109,-0.00503427,0.909845,False
rs12158565,74,110,-9.32325e-05,0.998345,False
rs12158565,74,111,-0.0140951,0.755944,False
rs12158565,74,112,-0.0204738,0.65568,False
rs12158565,74,113,-0.0193279,0.677388,False
rs12158565,74,114,-0.030502,0.516116,False
rs12158565,74,115,-0.028813,0.544005,False
rs12158565,74,116,-0.0177016,0.713072,False
rs12158565,74,117,-0.0346631,0.477576,False
rs12158565,74,118,-0.0392065,0.427386,False
rs12158565,74,119,-0.0318991,0.524065,False
rs12158565,74,120,-0.0439912,0.385484,False
rs12158565,74,121,-0.0426614,0.405251,False
rs12158565,74,122,-0.0434614,0.401597,False
rs12158565,74,123,-0.0390267,0.455946,False
rs12158565,74,124,-0.0370864,0.482294,False
rs12158565,74,125,-0.037489,0.480892,False
rs12158565,74,126,-0.0337959,0.527743,False
rs12158565,74,127,-0.0313071,0.560241,False
rs12158565,74,128,-0.0363341,0.500259,False
rs12158565,74,129,-0.0322186,0.550833,False
rs12158565,74,130,-0.0329856,0.54126,False
rs12158565,74,131,-0.0313707,0.560277,False
rs12158565,74,132,-0.0267354,0.618762,False
rs12158565,74,133,-0.0272501,0.609967,False
rs12158565,74,134,-0.015883,0.764774,False
rs12158565,74,135,-0.0277887,0.598383,False
rs12158565,74,136,-0.00859179,0.869622,False
rs12158565,74,137,-0.0121734,0.814356,False
rs12158565,74,138,-0.0187304,0.715171,False
rs12158565,74,139,-0.0105498,0.835601,False
rs12158565,74,140,-0.0113869,0.820762,False
rs12158565,74,141,-0.0210035,0.672931,False
rs12158565,74,142,-0.0212939,0.665487,False
rs12158565,74,143,-0.0160641,0.741812,False
rs12158565,74,144,-0.0156602,0.745608,False
rs12158565,74,145,-0.0172521,0.717943,False
rs12158565,74,146,-0.0103946,0.826378,False
rs12158565,74,147,-0.0231311,0.622467,False
rs12158565,74,148,-0.0306603,0.510232,False
rs12158565,74,149,-0.0338222,0.463775,False
rs12158565,74,150,-0.0258602,0.572441,False
rs12158565,74,151,-0.0304153,0.503824,False
rs12158565,74,152,-0.0247841,0.582805,False
rs12158565,74,153,-0.0382803,0.392806,False
rs12158565,74,154,-0.044234,0.320925,False
rs12158565,74,155,-0.0392514,0.376172,False
rs12158565,74,156,-0.0460503,0.297075,False
rs12158565,74,157,-0.0431705,0.325817,False
rs12158565,74,158,-0.0531512,0.224335,False
rs12158565,74,159,-0.0529509,0.224275,False
rs12158565,74,160,-0.053966,0.214537,False
rs12158565,74,161,-0.0556958,0.199049,False
rs12158565,74,162,-0.0566345,0.190634,False
rs12158565,74,163,-0.0658815,0.127153,False
rs12158565,74,164,-0.0687995,0.111337,False
rs12158565,74,165,-0.0763247,0.0769728,False
rs12158565,74,166,-0.066413,0.124091,False
rs12158565,74,167,-0.0782775,0.0699207,False
rs12158565,74,168,-0.0563709,0.193011,False
rs12158565,74,169,-0.0545349,0.20885,False
rs12158565,74,170,-0.0765501,0.0781793,False
rs12158565,74,171,-0.0772737,0.0757991,False
rs12158565,74,172,-0.0768769,0.0781709,False
rs12158565,74,173,-0.0877321,0.0448797,False
rs12158565,74,174,-0.0868083,0.0478342,False
rs12158565,74,175,-0.0735341,0.0949201,False
rs12158565,74,176,-0.0690374,0.118149,False
rs12158565,74,177,-0.0769767,0.0828625,False
rs12158565,74,178,-0.0905629,0.042078,False
rs12158565,74,179,-0.082887,0.0638055,False
rs12158565,74,180,-0.090784,0.0429125,False
rs12158565,74,181,-0.0914807,0.0419535,False
rs12158565,74,182,-0.109097,0.0154922,False
rs12158565,74,183,-0.0957088,0.0342642,False
rs12158565,74,184,-0.0979663,0.0306218,False
rs12158565,74,185,-0.106943,0.0185614,False
rs12158565,74,186,-0.110922,0.0147832,False
rs12158565,74,187,-0.106773,0.0193164,False
rs12158565,74,188,-0.103458,0.0235634,False
rs12158565,74,189,-0.119634,0.00884969,False
rs12158565,74,190,-0.115374,0.0117897,False
rs12158565,74,191,-0.123676,0.00704725,False
rs12158565,74,192,-0.125995,0.00608824,False
rs12158565,74,193,-0.128009,0.00532464,False
rs12158565,74,194,-0.122522,0.00757326,False
rs12158565,74,195,-0.128795,0.00506561,False
rs12158565,74,196,-0.13023,0.00456201,False
rs12158565,74,197,-0.130502,0.00452114,False
rs12158565,74,198,-0.126824,0.00574946,False
rs12158565,74,199,-0.128673,0.00504172,False
rs12158565,74,200,-0.126107,0.00602458,False
rs12158565,74,201,-0.135224,0.00322135,False
rs12158565,74,202,-0.136175,0.00299537,False
rs12158565,74,203,-0.128488,0.00505097,False
rs12158565,74,204,-0.139621,0.00228276,False
rs12158565,74,205,-0.132246,0.00381195,False
rs12158565,74,206,-0.138903,0.00236615,False
rs12158565,74,207,-0.133154,0.00354369,False
rs12158565,74,208,-0.143557,0.00164216,False
rs12158565,74,209,-0.152787,0.000779474,False
rs12158565,74,210,-0.145073,0.00140603,False
rs12158565,74,211,-0.144632,0.001432,False
rs12158565,74,212,-0.146637,0.00124,False
rs12158565,74,213,-0.154384,0.000662872,False
rs12158565,74,214,-0.150258,0.000906876,False
rs12158565,74,215,-0.160367,0.000397868,False
rs12158565,74,216,-0.163991,0.000295872,False
rs12158565,74,217,-0.179843,7.26065e-05,False
rs12158565,74,218,-0.166351,0.000242082,False
rs12158565,74,219,-0.15868,0.000474529,False
rs12158565,74,220,-0.174138,0.000126491,False
rs12158565,74,221,-0.16548,0.00027445,False
rs12158565,74,222,-0.173984,0.000134977,False
rs12158565,74,223,-0.176798,0.000107491,False
rs12158565,74,224,-0.184076,5.79883e-05,False
rs12158565,74,225,-0.185953,5.1815e-05,False
rs12158565,74,226,-0.184321,6.41428e-05,False
rs12158565,74,227,-0.182034,8.25961e-05,False
rs12158565,74,228,-0.194499,2.8835e-05,False
rs12158565,74,229,-0.198798,2.04934e-05,False
rs12158565,74,230,-0.193765,3.71313e-05,False
rs12158565,74,231,-0.187004,7.70778e-05,False
rs12158565,74,232,-0.199979,2.66851e-05,False
rs12158565,74,233,-0.200201,3.13377e-05,False
rs12158565,74,234,-0.198166,4.35815e-05,False
rs12158565,74,235,-0.19747,5.50011e-05,False
rs12158565,74,236,-0.188773,0.000134997,False
rs12158565,74,237,-0.200675,5.98836e-05,False
rs12158565,74,238,-0.186374,0.000231153,False
rs12158565,74,239,-0.194623,0.000144946,False
rs12158565,74,240,-0.20287,9.42682e-05,False
rs12158565,74,241,-0.195712,0.000198616,False
rs12158565,74,242,-0.201649,0.000158108,False
rs12158565,74,243,-0.209606,0.000111692,False
rs12158565,74,244,-0.209434,0.000145456,False
rs12158565,74,245,-0.203159,0.000294837,False
rs12158565,74,246,-0.209993,0.000232261,False
rs12158565,74,247,-0.204264,0.000437423,False
rs12158565,74,248,-0.213619,0.000301692,False
rs12158565,74,249,-0.205952,0.000607276,False
rs12158565,74,250,-0.203587,0.000859889,False
rs12158565,74,251,-0.210206,0.00070242,False
rs12158565,75,6,-0.0822959,0.0266309,False
rs12158565,75,7,-0.0856085,0.0200304,False
rs12158565,75,8,-0.0773339,0.0343384,False
rs12158565,75,9,-0.0842565,0.0200683,False
rs12158565,75,10,-0.0955167,0.00787734,False
rs12158565,75,11,-0.0920382,0.0100541,False
rs12158565,75,12,-0.0645821,0.0696113,False
rs12158565,75,13,-0.0754035,0.033494,False
rs12158565,75,14,-0.0661938,0.0608533,False
rs12158565,75,15,-0.0745988,0.0342355,False
rs12158565,75,16,-0.0745744,0.034396,False
rs12158565,75,17,-0.0717967,0.0416291,False
rs12158565,75,18,-0.0792208,0.0247912,False
rs12158565,75,19,-0.0786625,0.0260578,False
rs12158565,75,20,-0.0818498,0.0207471,False
rs12158565,75,21,-0.072909,0.0401431,False
rs12158565,75,22,-0.0799256,0.024894,False
rs12158565,75,23,-0.0772355,0.0304469,False
rs12158565,75,24,-0.0882877,0.0135204,False
rs12158565,75,25,-0.0661459,0.0656426,False
rs12158565,75,26,-0.0653747,0.0696658,False
rs12158565,75,27,-0.082794,0.0224444,False
rs12158565,75,28,-0.0817382,0.0244868,False
rs12158565,75,29,-0.0736476,0.0434301,False
rs12158565,75,30,-0.0684935,0.0616148,False
rs12158565,75,31,-0.0593889,0.106747,False
rs12158565,75,32,-0.0647686,0.0799065,False
rs12158565,75,33,-0.0692841,0.0622669,False
rs12158565,75,34,-0.0737379,0.0480639,False
rs12158565,75,35,-0.0568036,0.130383,False
rs12158565,75,36,-0.0750682,0.046435,False
rs12158565,75,37,-0.0611655,0.106945,False
rs12158565,75,38,-0.0691905,0.0690672,False
rs12158565,75,39,-0.0718342,0.0604954,False
rs12158565,75,40,-0.0698877,0.0696322,False
rs12158565,75,41,-0.0720322,0.0628166,False
rs12158565,75,42,-0.0801735,0.0395187,False
rs12158565,75,43,-0.0768796,0.0492725,False
rs12158565,75,44,-0.0664498,0.0907997,False
rs12158565,75,45,-0.0681663,0.0850134,False
rs12158565,75,46,-0.0712246,0.0737037,False
rs12158565,75,47,-0.0681442,0.088051,False
rs12158565,75,48,-0.0608445,0.129562,False
rs12158565,75,49,-0.0675718,0.0941371,False
rs12158565,75,50,-0.0716162,0.0770404,False
rs12158565,75,51,-0.076488,0.0601332,False
rs12158565,75,52,-0.0717224,0.0792745,False
rs12158565,75,53,-0.0683418,0.0958298,False
rs12158565,75,54,-0.0808809,0.0498509,False
rs12158565,75,55,-0.0733094,0.0760013,False
rs12158565,75,56,-0.060974,0.141442,False
rs12158565,75,57,-0.0550045,0.186036,False
rs12158565,75,58,-0.0496515,0.234059,False
rs12158565,75,59,-0.0609728,0.145605,False
rs12158565,75,60,-0.0766168,0.0675164,False
rs12158565,75,61,-0.0660123,0.116507,False
rs12158565,75,62,-0.0585563,0.164901,False
rs12158565,75,63,-0.0627904,0.136607,False
rs12158565,75,64,-0.0633656,0.13356,False
rs12158565,75,65,-0.0552525,0.191215,False
rs12158565,75,66,-0.0532623,0.20866,False
rs12158565,75,67,-0.0427432,0.312406,False
rs12158565,75,68,-0.0507049,0.231058,False
rs12158565,75,69,-0.0495642,0.241813,False
rs12158565,75,70,-0.0465742,0.271052,False
rs12158565,75,71,-0.0439823,0.298839,False
rs12158565,75,72,-0.0442388,0.295871,False
rs12158565,75,73,-0.0460419,0.276164,False
rs12158565,75,74,-0.0402419,0.340834,False
rs12158565,75,75,-0.0526762,0.211402,False
rs12158565,75,76,-0.0390511,0.352923,False
rs12158565,75,77,-0.0417496,0.319962,False
rs12158565,75,78,-0.0235484,0.574204,False
rs12158565,75,79,-0.021695,0.604511,False
rs12158565,75,80,-0.027514,0.510704,False
rs12158565,75,81,-0.03244,0.437286,False
rs12158565,75,82,-0.0320192,0.441934,False
rs12158565,75,83,-0.0296314,0.476315,False
rs12158565,75,84,-0.0160545,0.698846,False
rs12158565,75,85,-0.000703092,0.986466,False
rs12158565,75,86,-0.0206136,0.618316,False
rs12158565,75,87,-0.0223101,0.589165,False
rs12158565,75,88,-0.0221998,0.590381,False
rs12158565,75,89,-0.0219049,0.594904,False
rs12158565,75,90,-0.0151579,0.712832,False
rs12158565,75,91,-0.00227346,0.955916,False
rs12158565,75,92,-0.0142203,0.729487,False
rs12158565,75,93,-0.00354283,0.931412,False
rs12158565,75,94,-0.00535824,0.896454,False
rs12158565,75,95,-0.0208941,0.611705,False
rs12158565,75,96,0.00393355,0.923939,False
rs12158565,75,97,0.000203843,0.996061,False
rs12158565,75,98,-0.000542824,0.989535,False
rs12158565,75,99,0.00111242,0.978628,False
rs12158565,75,100,0.00524892,0.899693,False
rs12158565,75,101,0.00633823,0.879612,False
rs12158565,75,102,0.0101483,0.809078,False
rs12158565,75,103,-0.00762398,0.85648,False
rs12158565,75,104,-0.00484418,0.909061,False
rs12158565,75,105,-0.00402116,0.924819,False
rs12158565,75,106,0.00650493,0.879484,False
rs12158565,75,107,0.0136273,0.75259,False
rs12158565,75,108,0.00335874,0.938386,False
rs12158565,75,109,-0.00406034,0.926204,False
rs12158565,75,110,-0.0122531,0.782183,False
rs12158565,75,111,-0.0130304,0.770786,False
rs12158565,75,112,-0.019494,0.665984,False
rs12158565,75,113,-0.0132907,0.770273,False
rs12158565,75,114,-0.00422451,0.926928,False
rs12158565,75,115,-0.0129145,0.781722,False
rs12158565,75,116,-0.0222456,0.636988,False
rs12158565,75,117,-0.0215564,0.650696,False
rs12158565,75,118,-0.0142043,0.767945,False
rs12158565,75,119,-0.0199972,0.68175,False
rs12158565,75,120,-0.0139442,0.77705,False
rs12158565,75,121,-0.015215,0.759808,False
rs12158565,75,122,-0.0152936,0.760963,False
rs12158565,75,123,-0.021537,0.670836,False
rs12158565,75,124,-0.00772988,0.879667,False
rs12158565,75,125,-0.016119,0.753938,False
rs12158565,75,126,-0.0203726,0.693497,False
rs12158565,75,127,-0.0192579,0.710811,False
rs12158565,75,128,-0.0225435,0.665404,False
rs12158565,75,129,-0.0156765,0.763665,False
rs12158565,75,130,-0.00576597,0.912068,False
rs12158565,75,131,-0.0161563,0.756542,False
rs12158565,75,132,-0.0168973,0.744792,False
rs12158565,75,133,-0.0147715,0.775004,False
rs12158565,75,134,-0.0155859,0.761812,False
rs12158565,75,135,-0.0175039,0.732094,False
rs12158565,75,136,-0.0154363,0.761216,False
rs12158565,75,137,-0.00428342,0.932243,False
rs12158565,75,138,-0.0071747,0.885921,False
rs12158565,75,139,-0.00154766,0.975074,False
rs12158565,75,140,-0.00707123,0.885459,False
rs12158565,75,141,-0.00438685,0.92806,False
rs12158565,75,142,-0.00576787,0.904676,False
rs12158565,75,143,-0.0133973,0.778872,False
rs12158565,75,144,-0.0165405,0.726408,False
rs12158565,75,145,-0.000130635,0.997778,False
rs12158565,75,146,-0.0112938,0.808005,False
rs12158565,75,147,-0.0120454,0.79407,False
rs12158565,75,148,-0.0212283,0.643233,False
rs12158565,75,149,-0.0279712,0.538026,False
rs12158565,75,150,-0.0168011,0.709321,False
rs12158565,75,151,-0.0200075,0.655701,False
rs12158565,75,152,-0.0246412,0.580562,False
rs12158565,75,153,-0.0313839,0.479394,False
rs12158565,75,154,-0.0318041,0.471152,False
rs12158565,75,155,-0.0195663,0.655764,False
rs12158565,75,156,-0.0300938,0.491591,False
rs12158565,75,157,-0.0414038,0.342084,False
rs12158565,75,158,-0.0442814,0.308467,False
rs12158565,75,159,-0.0466652,0.281316,False
rs12158565,75,160,-0.0473228,0.273774,False
rs12158565,75,161,-0.0440256,0.308159,False
rs12158565,75,162,-0.0540069,0.210515,False
rs12158565,75,163,-0.0543284,0.207747,False
rs12158565,75,164,-0.0630571,0.144095,False
rs12158565,75,165,-0.0618651,0.15237,False
rs12158565,75,166,-0.0596504,0.168039,False
rs12158565,75,167,-0.0564288,0.191927,False
rs12158565,75,168,-0.0585597,0.176165,False
rs12158565,75,169,-0.065184,0.133295,False
rs12158565,75,170,-0.0606562,0.163803,False
rs12158565,75,171,-0.0551065,0.206747,False
rs12158565,75,172,-0.0688981,0.115329,False
rs12158565,75,173,-0.07107,0.106005,False
rs12158565,75,174,-0.064199,0.145107,False
rs12158565,75,175,-0.0639278,0.148499,False
rs12158565,75,176,-0.0728541,0.100813,False
rs12158565,75,177,-0.0729741,0.10125,False
rs12158565,75,178,-0.0818513,0.0670393,False
rs12158565,75,179,-0.0992847,0.0268701,False
rs12158565,75,180,-0.100794,0.0252215,False
rs12158565,75,181,-0.0972548,0.031318,False
rs12158565,75,182,-0.0960728,0.0339055,False
rs12158565,75,183,-0.0954803,0.035304,False
rs12158565,75,184,-0.0961434,0.0343236,False
rs12158565,75,185,-0.0914063,0.0447796,False
rs12158565,75,186,-0.0988133,0.0306178,False
rs12158565,75,187,-0.0991039,0.0305563,False
rs12158565,75,188,-0.114253,0.0127237,False
rs12158565,75,189,-0.108285,0.0182144,False
rs12158565,75,190,-0.106526,0.0202111,False
rs12158565,75,191,-0.113592,0.0134293,False
rs12158565,75,192,-0.112387,0.0145003,False
rs12158565,75,193,-0.12765,0.00555664,False
rs12158565,75,194,-0.122923,0.00758961,False
rs12158565,75,195,-0.128293,0.00530858,False
rs12158565,75,196,-0.125058,0.0065844,False
rs12158565,75,197,-0.124852,0.00660723,False
rs12158565,75,198,-0.131693,0.00418492,False
rs12158565,75,199,-0.122738,0.00750557,False
rs12158565,75,200,-0.12146,0.00814228,False
rs12158565,75,201,-0.123656,0.00701418,False
rs12158565,75,202,-0.125958,0.00598696,False
rs12158565,75,203,-0.127339,0.00546317,False
rs12158565,75,204,-0.125832,0.0059802,False
rs12158565,75,205,-0.132828,0.00369468,False
rs12158565,75,206,-0.13212,0.00380887,False
rs12158565,75,207,-0.129208,0.00463277,False
rs12158565,75,208,-0.1336,0.00341716,False
rs12158565,75,209,-0.110121,0.015659,False
rs12158565,75,210,-0.122202,0.00729296,False
rs12158565,75,211,-0.127357,0.00509405,False
rs12158565,75,212,-0.124443,0.00616386,False
rs12158565,75,213,-0.130234,0.00410535,False
rs12158565,75,214,-0.139756,0.00207575,False
rs12158565,75,215,-0.132955,0.00337354,False
rs12158565,75,216,-0.138103,0.00231553,False
rs12158565,75,217,-0.146209,0.0012677,False
rs12158565,75,218,-0.168909,0.000199072,False
rs12158565,75,219,-0.168846,0.00019937,False
rs12158565,75,220,-0.168795,0.000204471,False
rs12158565,75,221,-0.162884,0.000342246,False
rs12158565,75,222,-0.181044,7.09741e-05,False
rs12158565,75,223,-0.17588,0.000120424,False
rs12158565,75,224,-0.168728,0.0002304,False
rs12158565,75,225,-0.182306,7.38051e-05,False
rs12158565,75,226,-0.178448,0.000113589,False
rs12158565,75,227,-0.178231,0.000123965,False
rs12158565,75,228,-0.174737,0.000176653,False
rs12158565,75,229,-0.162788,0.000511279,False
rs12158565,75,230,-0.169645,0.000320023,False
rs12158565,75,231,-0.170893,0.000331916,False
rs12158565,75,232,-0.185004,0.000117152,False
rs12158565,75,233,-0.18538,0.000129382,False
rs12158565,75,234,-0.180981,0.00020868,False
rs12158565,75,235,-0.184628,0.000181852,False
rs12158565,75,236,-0.192309,0.000116402,False
rs12158565,75,237,-0.191327,0.000153746,False
rs12158565,75,238,-0.1866,0.000258213,False
rs12158565,75,239,-0.203658,8.51753e-05,False
rs12158565,75,240,-0.203052,0.000109269,False
rs12158565,75,241,-0.19743,0.000205812,False
rs12158565,75,242,-0.189718,0.000437735,False
rs12158565,75,243,-0.210582,0.000123001,False
rs12158565,75,244,-0.223872,5.8004e-05,False
rs12158565,75,245,-0.219026,0.000109869,False
rs12158565,75,246,-0.22101,0.000127144,False
rs12158565,75,247,-0.209839,0.000346099,False
rs12158565,75,248,-0.210545,0.000414026,False
rs12158565,75,249,-0.212717,0.000452494,False
rs12158565,75,250,-0.217712,0.000411344,False
rs12158565,75,251,-0.229256,0.000250506,False
rs12158565,76,6,-0.0545922,0.140812,False
rs12158565,76,7,-0.0597017,0.104469,False
rs12158565,76,8,-0.0670125,0.0657906,False
rs12158565,76,9,-0.0588429,0.103977,False
rs12158565,76,10,-0.0622865,0.082683,False
rs12158565,76,11,-0.0585991,0.101201,False
rs12158565,76,12,-0.0525917,0.139781,False
rs12158565,76,13,-0.0570173,0.107617,False
rs12158565,76,14,-0.0589683,0.0942221,False
rs12158565,76,15,-0.0372776,0.289516,False
rs12158565,76,16,-0.0522205,0.136322,False
rs12158565,76,17,-0.0424279,0.22707,False
rs12158565,76,18,-0.0496026,0.15745,False
rs12158565,76,19,-0.0668535,0.0574437,False
rs12158565,76,20,-0.0566034,0.108682,False
rs12158565,76,21,-0.0644171,0.0685166,False
rs12158565,76,22,-0.0575759,0.104117,False
rs12158565,76,23,-0.0704189,0.0472362,False
rs12158565,76,24,-0.0674419,0.0581501,False
rs12158565,76,25,-0.067331,0.0599535,False
rs12158565,76,26,-0.0702395,0.0502311,False
rs12158565,76,27,-0.0793674,0.0275696,False
rs12158565,76,28,-0.0790585,0.0287718,False
rs12158565,76,29,-0.073526,0.0427498,False
rs12158565,76,30,-0.081497,0.0250259,False
rs12158565,76,31,-0.0782619,0.0324649,False
rs12158565,76,32,-0.0850074,0.0210778,False
rs12158565,76,33,-0.0835206,0.0240394,False
rs12158565,76,34,-0.0883139,0.0174734,False
rs12158565,76,35,-0.0833359,0.0256268,False
rs12158565,76,36,-0.0908321,0.0153393,False
rs12158565,76,37,-0.0812483,0.0314952,False
rs12158565,76,38,-0.0794322,0.0361524,False
rs12158565,76,39,-0.0824188,0.0306451,False
rs12158565,76,40,-0.0802937,0.0361788,False
rs12158565,76,41,-0.0766753,0.0467488,False
rs12158565,76,42,-0.0662257,0.0875698,False
rs12158565,76,43,-0.0730798,0.0603626,False
rs12158565,76,44,-0.0794855,0.0424486,False
rs12158565,76,45,-0.0788541,0.0451882,False
rs12158565,76,46,-0.0737444,0.0625434,False
rs12158565,76,47,-0.0826004,0.0379146,False
rs12158565,76,48,-0.0844729,0.0346899,False
rs12158565,76,49,-0.0752164,0.0609984,False
rs12158565,76,50,-0.0723813,0.0734264,False
rs12158565,76,51,-0.0853344,0.0356976,False
rs12158565,76,52,-0.0853759,0.0364489,False
rs12158565,76,53,-0.0838622,0.0408926,False
rs12158565,76,54,-0.0964328,0.0191179,False
rs12158565,76,55,-0.100064,0.0152715,False
rs12158565,76,56,-0.0836387,0.043516,False
rs12158565,76,57,-0.0792279,0.0566612,False
rs12158565,76,58,-0.0775812,0.0629492,False
rs12158565,76,59,-0.0886372,0.0340894,False
rs12158565,76,60,-0.0720745,0.0855704,False
rs12158565,76,61,-0.0705122,0.0934322,False
rs12158565,76,62,-0.0863578,0.0402094,False
rs12158565,76,63,-0.0802252,0.0573281,False
rs12158565,76,64,-0.074785,0.0767754,False
rs12158565,76,65,-0.0599061,0.156408,False
rs12158565,76,66,-0.0756405,0.073449,False
rs12158565,76,67,-0.0645864,0.12672,False
rs12158565,76,68,-0.060791,0.151047,False
rs12158565,76,69,-0.0731377,0.0839303,False
rs12158565,76,70,-0.0794129,0.0611462,False
rs12158565,76,71,-0.0684909,0.106428,False
rs12158565,76,72,-0.0542785,0.200203,False
rs12158565,76,73,-0.0604445,0.153273,False
rs12158565,76,74,-0.0465674,0.270725,False
rs12158565,76,75,-0.0414853,0.327058,False
rs12158565,76,76,-0.0478723,0.257027,False
rs12158565,76,77,-0.0458985,0.27785,False
rs12158565,76,78,-0.0495457,0.240564,False
rs12158565,76,79,-0.0538976,0.200403,False
rs12158565,76,80,-0.0494389,0.239672,False
rs12158565,76,81,-0.0465782,0.265992,False
rs12158565,76,82,-0.0412605,0.323772,False
rs12158565,76,83,-0.0320972,0.441855,False
rs12158565,76,84,-0.0384946,0.355844,False
rs12158565,76,85,-0.0380233,0.360525,False
rs12158565,76,86,-0.0307479,0.459112,False
rs12158565,76,87,-0.0302547,0.465657,False
rs12158565,76,88,-0.034829,0.400023,False
rs12158565,76,89,-0.0438014,0.289755,False
rs12158565,76,90,-0.0477828,0.247552,False
rs12158565,76,91,-0.0353619,0.3911,False
rs12158565,76,92,-0.0240232,0.559581,False
rs12158565,76,93,-0.024336,0.554808,False
rs12158565,76,94,-0.0349991,0.395589,False
rs12158565,76,95,-0.025636,0.534226,False
rs12158565,76,96,-0.0131696,0.749549,False
rs12158565,76,97,-0.0146722,0.722122,False
rs12158565,76,98,-0.00660228,0.87326,False
rs12158565,76,99,-0.0167593,0.685953,False
rs12158565,76,100,-0.0252793,0.542838,False
rs12158565,76,101,-0.022717,0.585595,False
rs12158565,76,102,-0.00653835,0.875834,False
rs12158565,76,103,0.0120566,0.773891,False
rs12158565,76,104,0.014138,0.737087,False
rs12158565,76,105,0.00406606,0.923521,False
rs12158565,76,106,0.00549106,0.897283,False
rs12158565,76,107,0.00706784,0.868962,False
rs12158565,76,108,0.00819915,0.849285,False
rs12158565,76,109,-0.0024203,0.955551,False
rs12158565,76,110,-0.010532,0.809954,False
rs12158565,76,111,-0.00039968,0.992762,False
rs12158565,76,112,0.0115407,0.79514,False
rs12158565,76,113,-0.00459073,0.918421,False
rs12158565,76,114,-0.00268769,0.952686,False
rs12158565,76,115,-0.0130426,0.775698,False
rs12158565,76,116,-0.00955391,0.836142,False
rs12158565,76,117,-0.0145078,0.755573,False
rs12158565,76,118,-0.020206,0.668208,False
rs12158565,76,119,0.000284864,0.995228,False
rs12158565,76,120,-0.0105653,0.826207,False
rs12158565,76,121,-0.0128867,0.790555,False
rs12158565,76,122,-0.00185257,0.96979,False
rs12158565,76,123,0.00299731,0.951515,False
rs12158565,76,124,-0.00812462,0.870196,False
rs12158565,76,125,-0.00260512,0.958455,False
rs12158565,76,126,-0.00141274,0.977551,False
rs12158565,76,127,-0.00458942,0.927503,False
rs12158565,76,128,-0.00020334,0.996795,False
rs12158565,76,129,-0.00909317,0.857648,False
rs12158565,76,130,-0.00419585,0.934057,False
rs12158565,76,131,7.66205e-05,0.998792,False
rs12158565,76,132,0.0031683,0.950014,False
rs12158565,76,133,0.00983745,0.84499,False
rs12158565,76,134,0.00600497,0.904519,False
rs12158565,76,135,0.00287432,0.953934,False
rs12158565,76,136,0.00447733,0.927937,False
rs12158565,76,137,-0.00158356,0.974327,False
rs12158565,76,138,-0.00340434,0.944357,False
rs12158565,76,139,-0.00872631,0.856952,False
rs12158565,76,140,-0.00308381,0.948767,False
rs12158565,76,141,-0.00119827,0.979917,False
rs12158565,76,142,-0.00848034,0.85756,False
rs12158565,76,143,-0.0136661,0.770677,False
rs12158565,76,144,-0.00476725,0.918238,False
rs12158565,76,145,-0.019548,0.671345,False
rs12158565,76,146,-0.019966,0.662443,False
rs12158565,76,147,-0.0227629,0.616136,False
rs12158565,76,148,-0.0047064,0.916853,False
rs12158565,76,149,-0.00878054,0.844684,False
rs12158565,76,150,-0.0100303,0.822123,False
rs12158565,76,151,-0.0132766,0.764607,False
rs12158565,76,152,-0.0300891,0.495281,False
rs12158565,76,153,-0.0256064,0.559881,False
rs12158565,76,154,-0.0261126,0.550638,False
rs12158565,76,155,-0.0334585,0.442713,False
rs12158565,76,156,-0.0383664,0.377022,False
rs12158565,76,157,-0.0429941,0.321516,False
rs12158565,76,158,-0.0467629,0.279833,False
rs12158565,76,159,-0.0536144,0.214701,False
rs12158565,76,160,-0.0643843,0.136,False
rs12158565,76,161,-0.0628384,0.14597,False
rs12158565,76,162,-0.0687832,0.111049,False
rs12158565,76,163,-0.0565275,0.190556,False
rs12158565,76,164,-0.0633342,0.142471,False
rs12158565,76,165,-0.0543794,0.208351,False
rs12158565,76,166,-0.0484915,0.263095,False
rs12158565,76,167,-0.0529209,0.222415,False
rs12158565,76,168,-0.0532372,0.220404,False
rs12158565,76,169,-0.0528114,0.22619,False
rs12158565,76,170,-0.0537267,0.21964,False
rs12158565,76,171,-0.0609937,0.164991,False
rs12158565,76,172,-0.0567794,0.197888,False
rs12158565,76,173,-0.0791571,0.073471,False
rs12158565,76,174,-0.081852,0.065101,False
rs12158565,76,175,-0.0802301,0.071735,False
rs12158565,76,176,-0.0867048,0.0524367,False
rs12158565,76,177,-0.0840091,0.0613965,False
rs12158565,76,178,-0.0952643,0.0341688,False
rs12158565,76,179,-0.0906652,0.0445024,False
rs12158565,76,180,-0.0908089,0.0450759,False
rs12158565,76,181,-0.101098,0.0260337,False
rs12158565,76,182,-0.0986935,0.0301148,False
rs12158565,76,183,-0.111951,0.0142772,False
rs12158565,76,184,-0.101503,0.0264911,False
rs12158565,76,185,-0.0964491,0.0353753,False
rs12158565,76,186,-0.101489,0.0269,False
rs12158565,76,187,-0.0965559,0.0357667,False
rs12158565,76,188,-0.106178,0.0209939,False
rs12158565,76,189,-0.110962,0.0160281,False
rs12158565,76,190,-0.104066,0.0237386,False
rs12158565,76,191,-0.0975474,0.0340545,False
rs12158565,76,192,-0.113786,0.0134294,False
rs12158565,76,193,-0.119264,0.00966544,False
rs12158565,76,194,-0.105995,0.0215249,False
rs12158565,76,195,-0.114425,0.0131016,False
rs12158565,76,196,-0.121041,0.00865291,False
rs12158565,76,197,-0.12246,0.00792027,False
rs12158565,76,198,-0.12235,0.00786671,False
rs12158565,76,199,-0.135076,0.00335419,False
rs12158565,76,200,-0.124831,0.00665873,False
rs12158565,76,201,-0.124981,0.00656261,False
rs12158565,76,202,-0.133512,0.00364523,False
rs12158565,76,203,-0.13192,0.00404289,False
rs12158565,76,204,-0.123736,0.00694544,False
rs12158565,76,205,-0.120746,0.00838944,False
rs12158565,76,206,-0.134672,0.00321645,False
rs12158565,76,207,-0.134475,0.003255,False
rs12158565,76,208,-0.136108,0.00287201,False
rs12158565,76,209,-0.140272,0.00208457,False
rs12158565,76,210,-0.141943,0.00184011,False
rs12158565,76,211,-0.135981,0.00278983,False
rs12158565,76,212,-0.13585,0.00280998,False
rs12158565,76,213,-0.144,0.00157089,False
rs12158565,76,214,-0.148029,0.00114784,False
rs12158565,76,215,-0.14699,0.00125069,False
rs12158565,76,216,-0.146519,0.00128244,False
rs12158565,76,217,-0.151824,0.000842046,False
rs12158565,76,218,-0.156106,0.00060541,False
rs12158565,76,219,-0.159065,0.0004828,False
rs12158565,76,220,-0.158792,0.000500829,False
rs12158565,76,221,-0.146587,0.0013373,False
rs12158565,76,222,-0.151258,0.000961539,False
rs12158565,76,223,-0.163919,0.000358477,False
rs12158565,76,224,-0.164499,0.000358533,False
rs12158565,76,225,-0.177636,0.000125031,False
rs12158565,76,226,-0.182093,8.81429e-05,False
rs12158565,76,227,-0.185422,7.12687e-05,False
rs12158565,76,228,-0.182388,9.94273e-05,False
rs12158565,76,229,-0.179817,0.000136725,False
rs12158565,76,230,-0.185024,9.56794e-05,False
rs12158565,76,231,-0.177668,0.000203164,False
rs12158565,76,232,-0.165197,0.00061178,False
rs12158565,76,233,-0.169643,0.000489438,False
rs12158565,76,234,-0.175588,0.000352181,False
rs12158565,76,235,-0.167702,0.000728222,False
rs12158565,76,236,-0.175633,0.000473015,False
rs12158565,76,237,-0.186565,0.000247508,False
rs12158565,76,238,-0.199701,0.000103027,False
rs12158565,76,239,-0.191558,0.000238759,False
rs12158565,76,240,-0.183695,0.000513223,False
rs12158565,76,241,-0.185589,0.000537793,False
rs12158565,76,242,-0.199828,0.000241386,False
rs12158565,76,243,-0.186746,0.000720952,False
rs12158565,76,244,-0.197398,0.000449344,False
rs12158565,76,245,-0.173299,0.00244269,False
rs12158565,76,246,-0.181298,0.00182401,False
rs12158565,76,247,-0.193257,0.00107766,False
rs12158565,76,248,-0.196324,0.00110231,False
rs12158565,76,249,-0.191607,0.00173882,False
rs12158565,76,250,-0.189592,0.00229474,False
rs12158565,76,251,-0.191351,0.00240524,False
rs12158565,77,6,-0.0718145,0.0520057,False
rs12158565,77,7,-0.0739368,0.0435893,False
rs12158565,77,8,-0.0853031,0.0187301,False
rs12158565,77,9,-0.0920943,0.0105852,False
rs12158565,77,10,-0.0817322,0.0225019,False
rs12158565,77,11,-0.0831313,0.0197953,False
rs12158565,77,12,-0.0777837,0.0278519,False
rs12158565,77,13,-0.0765287,0.0299768,False
rs12158565,77,14,-0.07879,0.0251674,False
rs12158565,77,15,-0.0750437,0.0330347,False
rs12158565,77,16,-0.0646701,0.0660216,False
rs12158565,77,17,-0.0703187,0.0455484,False
rs12158565,77,18,-0.0765033,0.0296795,False
rs12158565,77,19,-0.0713646,0.0422567,False
rs12158565,77,20,-0.0785538,0.0256077,False
rs12158565,77,21,-0.0753751,0.0327007,False
rs12158565,77,22,-0.0725513,0.040452,False
rs12158565,77,23,-0.0746163,0.0355043,False
rs12158565,77,24,-0.0689753,0.0525866,False
rs12158565,77,25,-0.0655972,0.0667721,False
rs12158565,77,26,-0.0757824,0.0348822,False
rs12158565,77,27,-0.08423,0.0195082,False
rs12158565,77,28,-0.070716,0.050666,False
rs12158565,77,29,-0.0687226,0.0584837,False
rs12158565,77,30,-0.0679147,0.0625664,False
rs12158565,77,31,-0.057662,0.115314,False
rs12158565,77,32,-0.0722641,0.0495732,False
rs12158565,77,33,-0.0697107,0.0594224,False
rs12158565,77,34,-0.0769362,0.0384879,False
rs12158565,77,35,-0.0750144,0.0441662,False
rs12158565,77,36,-0.0708784,0.0583943,False
rs12158565,77,37,-0.0601862,0.10936,False
rs12158565,77,38,-0.0716452,0.0579707,False
rs12158565,77,39,-0.0581464,0.125893,False
rs12158565,77,40,-0.0725448,0.0573326,False
rs12158565,77,41,-0.0819145,0.0328358,False
rs12158565,77,42,-0.0827813,0.0317319,False
rs12158565,77,43,-0.0810158,0.036769,False
rs12158565,77,44,-0.0826145,0.0339045,False
rs12158565,77,45,-0.0857607,0.0287349,False
rs12158565,77,46,-0.081945,0.0376246,False
rs12158565,77,47,-0.0723672,0.0678594,False
rs12158565,77,48,-0.0839748,0.0348263,False
rs12158565,77,49,-0.082433,0.0395352,False
rs12158565,77,50,-0.0864935,0.0313191,False
rs12158565,77,51,-0.0751316,0.0632088,False
rs12158565,77,52,-0.0707756,0.0818373,False
rs12158565,77,53,-0.0735054,0.0714325,False
rs12158565,77,54,-0.0758547,0.0640835,False
rs12158565,77,55,-0.0708049,0.0851944,False
rs12158565,77,56,-0.0674359,0.101932,False
rs12158565,77,57,-0.0715594,0.0841801,False
rs12158565,77,58,-0.0743502,0.0740571,False
rs12158565,77,59,-0.0612605,0.141902,False
rs12158565,77,60,-0.049122,0.240474,False
rs12158565,77,61,-0.0592555,0.157604,False
rs12158565,77,62,-0.0449898,0.284576,False
rs12158565,77,63,-0.0512832,0.223068,False
rs12158565,77,64,-0.0565308,0.180081,False
rs12158565,77,65,-0.0495665,0.241342,False
rs12158565,77,66,-0.0572485,0.176141,False
rs12158565,77,67,-0.0602497,0.155272,False
rs12158565,77,68,-0.0391382,0.356366,False
rs12158565,77,69,-0.0522826,0.218256,False
rs12158565,77,70,-0.060179,0.1563,False
rs12158565,77,71,-0.0615649,0.147756,False
rs12158565,77,72,-0.0485903,0.253384,False
rs12158565,77,73,-0.0526218,0.215587,False
rs12158565,77,74,-0.0573892,0.176974,False
rs12158565,77,75,-0.0437762,0.302919,False
rs12158565,77,76,-0.0361447,0.394388,False
rs12158565,77,77,-0.0373079,0.378692,False
rs12158565,77,78,-0.0461897,0.275245,False
rs12158565,77,79,-0.0376219,0.374036,False
rs12158565,77,80,-0.0305486,0.469163,False
rs12158565,77,81,-0.0406971,0.333777,False
rs12158565,77,82,-0.0347659,0.408608,False
rs12158565,77,83,-0.030524,0.467968,False
rs12158565,77,84,-0.0367562,0.380844,False
rs12158565,77,85,-0.035355,0.397558,False
rs12158565,77,86,-0.0348051,0.403521,False
rs12158565,77,87,-0.0335101,0.421323,False
rs12158565,77,88,-0.0181023,0.663426,False
rs12158565,77,89,-0.0212429,0.608901,False
rs12158565,77,90,-0.0310622,0.454635,False
rs12158565,77,91,-0.035416,0.393013,False
rs12158565,77,92,-0.0281861,0.49543,False
rs12158565,77,93,-0.0278613,0.500122,False
rs12158565,77,94,-0.0212438,0.607315,False
rs12158565,77,95,-0.0327491,0.428635,False
rs12158565,77,96,-0.0332906,0.421022,False
rs12158565,77,97,-0.0179595,0.664131,False
rs12158565,77,98,-0.0226997,0.583547,False
rs12158565,77,99,-0.0144519,0.727376,False
rs12158565,77,100,-0.0256396,0.537221,False
rs12158565,77,101,-0.0217166,0.602267,False
rs12158565,77,102,-0.0218105,0.600937,False
rs12158565,77,103,-0.0232467,0.57854,False
rs12158565,77,104,-0.015284,0.716175,False
rs12158565,77,105,-0.0250696,0.552195,False
rs12158565,77,106,-0.0204835,0.628256,False
rs12158565,77,107,-0.0113089,0.790352,False
rs12158565,77,108,-0.0239229,0.575752,False
rs12158565,77,109,-0.0100743,0.814742,False
rs12158565,77,110,-0.0129837,0.764412,False
rs12158565,77,111,-0.016219,0.710019,False
rs12158565,77,112,-0.0194372,0.658074,False
rs12158565,77,113,-0.0186083,0.674044,False
rs12158565,77,114,-0.0232796,0.602425,False
rs12158565,77,115,-0.011186,0.803967,False
rs12158565,77,116,-0.0151631,0.73843,False
rs12158565,77,117,-0.021604,0.637562,False
rs12158565,77,118,-0.0132449,0.775019,False
rs12158565,77,119,-0.0258907,0.579278,False
rs12158565,77,120,-0.0255853,0.587168,False
rs12158565,77,121,-0.0157437,0.740211,False
rs12158565,77,122,-0.0264194,0.5808,False
rs12158565,77,123,-0.0214358,0.657047,False
rs12158565,77,124,-0.0215543,0.656802,False
rs12158565,77,125,-0.0167631,0.730805,False
rs12158565,77,126,-0.0226814,0.643395,False
rs12158565,77,127,-0.0310314,0.527642,False
rs12158565,77,128,-0.0296619,0.546678,False
rs12158565,77,129,-0.0219745,0.655403,False
rs12158565,77,130,-0.0201251,0.683095,False
rs12158565,77,131,-0.0183114,0.710159,False
rs12158565,77,132,-0.0181679,0.711621,False
rs12158565,77,133,-0.0210697,0.667495,False
rs12158565,77,134,-0.0254647,0.602247,False
rs12158565,77,135,-0.0321659,0.507759,False
rs12158565,77,136,-0.0292986,0.543996,False
rs12158565,77,137,-0.0258633,0.59022,False
rs12158565,77,138,-0.0265514,0.577783,False
rs12158565,77,139,-0.0241163,0.610911,False
rs12158565,77,140,-0.0145414,0.757051,False
rs12158565,77,141,-0.0199847,0.668419,False
rs12158565,77,142,-0.0365418,0.430192,False
rs12158565,77,143,-0.0259066,0.573078,False
rs12158565,77,144,-0.0305303,0.504005,False
rs12158565,77,145,-0.0237769,0.600521,False
rs12158565,77,146,-0.0240775,0.593733,False
rs12158565,77,147,-0.0281863,0.529586,False
rs12158565,77,148,-0.0286644,0.52092,False
rs12158565,77,149,-0.0401204,0.366003,False
rs12158565,77,150,-0.0350572,0.427141,False
rs12158565,77,151,-0.0463486,0.290993,False
rs12158565,77,152,-0.0392075,0.370586,False
rs12158565,77,153,-0.0407872,0.349601,False
rs12158565,77,154,-0.0500323,0.249806,False
rs12158565,77,155,-0.0542825,0.209846,False
rs12158565,77,156,-0.0566162,0.190387,False
rs12158565,77,157,-0.0512584,0.235388,False
rs12158565,77,158,-0.0507109,0.240355,False
rs12158565,77,159,-0.0587534,0.173288,False
rs12158565,77,160,-0.0535236,0.214531,False
rs12158565,77,161,-0.0658552,0.126801,False
rs12158565,77,162,-0.0618735,0.151846,False
rs12158565,77,163,-0.0589117,0.173481,False
rs12158565,77,164,-0.065123,0.132618,False
rs12158565,77,165,-0.0691706,0.111586,False
rs12158565,77,166,-0.0621972,0.153776,False
rs12158565,77,167,-0.0595078,0.173075,False
rs12158565,77,168,-0.0675622,0.122688,False
rs12158565,77,169,-0.0857564,0.0505005,False
rs12158565,77,170,-0.0936346,0.0336338,False
rs12158565,77,171,-0.081509,0.0653843,False
rs12158565,77,172,-0.0742274,0.0941224,False
rs12158565,77,173,-0.0793685,0.0744868,False
rs12158565,77,174,-0.0788922,0.0770937,False
rs12158565,77,175,-0.0841742,0.0603155,False
rs12158565,77,176,-0.0890313,0.0474728,False
rs12158565,77,177,-0.0908488,0.0438701,False
rs12158565,77,178,-0.0927467,0.0402782,False
rs12158565,77,179,-0.0873691,0.0542626,False
rs12158565,77,180,-0.0937006,0.0395453,False
rs12158565,77,181,-0.0999674,0.0285231,False
rs12158565,77,182,-0.0990793,0.0303193,False
rs12158565,77,183,-0.0920879,0.044546,False
rs12158565,77,184,-0.0794645,0.0838799,False
rs12158565,77,185,-0.090917,0.0480864,False
rs12158565,77,186,-0.0901707,0.0499619,False
rs12158565,77,187,-0.0964311,0.036556,False
rs12158565,77,188,-0.103569,0.0248318,False
rs12158565,77,189,-0.106574,0.0209336,False
rs12158565,77,190,-0.1024,0.0265183,False
rs12158565,77,191,-0.100184,0.0299669,False
rs12158565,77,192,-0.104772,0.0232276,False
rs12158565,77,193,-0.109888,0.0172273,False
rs12158565,77,194,-0.118417,0.0103687,False
rs12158565,77,195,-0.119389,0.00975302,False
rs12158565,77,196,-0.125264,0.00661657,False
rs12158565,77,197,-0.121881,0.00827298,False
rs12158565,77,198,-0.130259,0.00473833,False
rs12158565,77,199,-0.117205,0.0109924,False
rs12158565,77,200,-0.105548,0.021804,False
rs12158565,77,201,-0.118699,0.0098667,False
rs12158565,77,202,-0.124602,0.00663706,False
rs12158565,77,203,-0.126581,0.00582009,False
rs12158565,77,204,-0.126018,0.00594305,False
rs12158565,77,205,-0.127943,0.00516814,False
rs12158565,77,206,-0.126445,0.00572919,False
rs12158565,77,207,-0.130778,0.00420192,False
rs12158565,77,208,-0.115777,0.0111549,False
rs12158565,77,209,-0.110882,0.0149614,False
rs12158565,77,210,-0.116623,0.0105065,False
rs12158565,77,211,-0.115247,0.0112613,False
rs12158565,77,212,-0.123154,0.00677848,False
rs12158565,77,213,-0.128677,0.00460055,False
rs12158565,77,214,-0.127847,0.00490341,False
rs12158565,77,215,-0.132945,0.0034103,False
rs12158565,77,216,-0.132396,0.00353883,False
rs12158565,77,217,-0.141922,0.00180665,False
rs12158565,77,218,-0.144234,0.00152486,False
rs12158565,77,219,-0.154106,0.000724751,False
rs12158565,77,220,-0.158887,0.000493506,False
rs12158565,77,221,-0.165559,0.000287898,False
rs12158565,77,222,-0.163816,0.000357751,False
rs12158565,77,223,-0.162843,0.000395709,False
rs12158565,77,224,-0.178272,0.000111352,False
rs12158565,77,225,-0.171806,0.000205549,False
rs12158565,77,226,-0.163731,0.000423645,False
rs12158565,77,227,-0.168319,0.000317333,False
rs12158565,77,228,-0.176602,0.000172175,False
rs12158565,77,229,-0.177609,0.000174021,False
rs12158565,77,230,-0.168839,0.000399309,False
rs12158565,77,231,-0.174107,0.000294916,False
rs12158565,77,232,-0.182421,0.000168523,False
rs12158565,77,233,-0.186113,0.000144245,False
rs12158565,77,234,-0.183525,0.000207905,False
rs12158565,77,235,-0.183049,0.000253385,False
rs12158565,77,236,-0.180077,0.000368007,False
rs12158565,77,237,-0.181497,0.00039054,False
rs12158565,77,238,-0.18262,0.000429365,False
rs12158565,77,239,-0.186186,0.000397143,False
rs12158565,77,240,-0.202925,0.000140042,False
rs12158565,77,241,-0.193813,0.000336777,False
rs12158565,77,242,-0.179532,0.00107542,False
rs12158565,77,243,-0.186405,0.00082139,False
rs12158565,77,244,-0.185513,0.0010446,False
rs12158565,77,245,-0.180322,0.0017116,False
rs12158565,77,246,-0.178788,0.00224964,False
rs12158565,77,247,-0.186606,0.00171981,False
rs12158565,77,248,-0.181256,0.00272977,False
rs12158565,77,249,-0.185154,0.00262431,False
rs12158565,77,250,-0.18905,0.00250348,False
rs12158565,77,251,-0.213234,0.000777852,False
rs12158565,78,6,-0.0910409,0.0138988,False
rs12158565,78,7,-0.0846382,0.021133,False
rs12158565,78,8,-0.0947151,0.00931807,False
rs12158565,78,9,-0.0923148,0.0105888,False
rs12158565,78,10,-0.0984049,0.00598593,False
rs12158565,78,11,-0.0968481,0.00656926,False
rs12158565,78,12,-0.088289,0.0124553,False
rs12158565,78,13,-0.0893536,0.0111027,False
rs12158565,78,14,-0.103284,0.00323636,False
rs12158565,78,15,-0.0925393,0.00812638,False
rs12158565,78,16,-0.0885632,0.0112179,False
rs12158565,78,17,-0.090464,0.00970984,False
rs12158565,78,18,-0.0910975,0.00920424,False
rs12158565,78,19,-0.0852252,0.0150015,False
rs12158565,78,20,-0.100478,0.00422838,False
rs12158565,78,21,-0.0906895,0.00985963,False
rs12158565,78,22,-0.0875235,0.0129866,False
rs12158565,78,23,-0.0994919,0.00490646,False
rs12158565,78,24,-0.0855396,0.0158599,False
rs12158565,78,25,-0.0848242,0.0170618,False
rs12158565,78,26,-0.0820704,0.0214684,False
rs12158565,78,27,-0.0759238,0.0337877,False
rs12158565,78,28,-0.0867725,0.0156446,False
rs12158565,78,29,-0.0756812,0.0357962,False
rs12158565,78,30,-0.0745828,0.0395053,False
rs12158565,78,31,-0.0767029,0.0350516,False
rs12158565,78,32,-0.0805011,0.0278433,False
rs12158565,78,33,-0.0891377,0.0152643,False
rs12158565,78,34,-0.088201,0.0168559,False
rs12158565,78,35,-0.0782193,0.0351195,False
rs12158565,78,36,-0.0943611,0.0113002,False
rs12158565,78,37,-0.0944744,0.0115883,False
rs12158565,78,38,-0.0854645,0.0232715,False
rs12158565,78,39,-0.0814254,0.0314574,False
rs12158565,78,40,-0.0794797,0.0365782,False
rs12158565,78,41,-0.0969528,0.0111481,False
rs12158565,78,42,-0.102461,0.0077301,False
rs12158565,78,43,-0.0872977,0.0239297,False
rs12158565,78,44,-0.0851811,0.028446,False
rs12158565,78,45,-0.0804113,0.039386,False
rs12158565,78,46,-0.0980673,0.0124125,False
rs12158565,78,47,-0.0783729,0.0467916,False
rs12158565,78,48,-0.0878835,0.0266637,False
rs12158565,78,49,-0.0813263,0.0413966,False
rs12158565,78,50,-0.0918099,0.0220411,False
rs12158565,78,51,-0.0872703,0.0305859,False
rs12158565,78,52,-0.0746678,0.0655293,False
rs12158565,78,53,-0.0753524,0.0641808,False
rs12158565,78,54,-0.0877009,0.031911,False
rs12158565,78,55,-0.0821954,0.0451308,False
rs12158565,78,56,-0.0810592,0.0489858,False
rs12158565,78,57,-0.0824649,0.0462387,False
rs12158565,78,58,-0.0858092,0.038528,False
rs12158565,78,59,-0.0937253,0.0242458,False
rs12158565,78,60,-0.086254,0.038595,False
rs12158565,78,61,-0.0777595,0.0628813,False
rs12158565,78,62,-0.0861386,0.0399677,False
rs12158565,78,63,-0.0950843,0.0238984,False
rs12158565,78,64,-0.0794543,0.0597339,False
rs12158565,78,65,-0.072838,0.0847278,False
rs12158565,78,66,-0.0651011,0.123909,False
rs12158565,78,67,-0.0611841,0.149295,False
rs12158565,78,68,-0.0719507,0.0902692,False
rs12158565,78,69,-0.0606887,0.153471,False
rs12158565,78,70,-0.0633567,0.136496,False
rs12158565,78,71,-0.0700328,0.100156,False
rs12158565,78,72,-0.0553168,0.193915,False
rs12158565,78,73,-0.0511034,0.230779,False
rs12158565,78,74,-0.0597773,0.160698,False
rs12158565,78,75,-0.0446961,0.294399,False
rs12158565,78,76,-0.0489334,0.250646,False
rs12158565,78,77,-0.0488807,0.250492,False
rs12158565,78,78,-0.0451936,0.287547,False
rs12158565,78,79,-0.0514216,0.225679,False
rs12158565,78,80,-0.0495242,0.243057,False
rs12158565,78,81,-0.0384153,0.364961,False
rs12158565,78,82,-0.041216,0.32955,False
rs12158565,78,83,-0.0294322,0.485312,False
rs12158565,78,84,-0.0333757,0.428323,False
rs12158565,78,85,-0.0221377,0.598177,False
rs12158565,78,86,-0.0385972,0.357619,False
rs12158565,78,87,-0.0385348,0.357174,False
rs12158565,78,88,-0.0398338,0.340629,False
rs12158565,78,89,-0.047496,0.255882,False
rs12158565,78,90,-0.0430917,0.301052,False
rs12158565,78,91,-0.0443913,0.286396,False
rs12158565,78,92,-0.0375515,0.366183,False
rs12158565,78,93,-0.0362091,0.382726,False
rs12158565,78,94,-0.0388506,0.349087,False
rs12158565,78,95,-0.0446559,0.281595,False
rs12158565,78,96,-0.0439926,0.288443,False
rs12158565,78,97,-0.0445927,0.282876,False
rs12158565,78,98,-0.0300286,0.469265,False
rs12158565,78,99,-0.0260664,0.530165,False
rs12158565,78,100,-0.0321659,0.438738,False
rs12158565,78,101,-0.0333891,0.422359,False
rs12158565,78,102,-0.0443976,0.286909,False
rs12158565,78,103,-0.0300391,0.472416,False
rs12158565,78,104,-0.0470963,0.261707,False
rs12158565,78,105,-0.037085,0.377993,False
rs12158565,78,106,-0.0266501,0.528115,False
rs12158565,78,107,-0.0268825,0.525789,False
rs12158565,78,108,-0.0374202,0.379462,False
rs12158565,78,109,-0.0270812,0.526833,False
rs12158565,78,110,-0.0381013,0.375757,False
rs12158565,78,111,-0.0319662,0.460252,False
rs12158565,78,112,-0.0346958,0.425774,False
rs12158565,78,113,-0.0250653,0.567698,False
rs12158565,78,114,-0.0251268,0.569861,False
rs12158565,78,115,-0.0133855,0.763594,False
rs12158565,78,116,-0.0192248,0.668635,False
rs12158565,78,117,-0.0163939,0.716989,False
rs12158565,78,118,-0.0127268,0.780388,False
rs12158565,78,119,-0.0149274,0.745675,False
rs12158565,78,120,-0.022064,0.634178,False
rs12158565,78,121,-0.0143441,0.759085,False
rs12158565,78,122,-0.025032,0.594594,False
rs12158565,78,123,-0.0181634,0.701033,False
rs12158565,78,124,-0.0234897,0.621602,False
rs12158565,78,125,-0.0195329,0.68311,False
rs12158565,78,126,-0.0213366,0.656538,False
rs12158565,78,127,-0.0227384,0.63654,False
rs12158565,78,128,-0.0154859,0.748322,False
rs12158565,78,129,-0.0174983,0.717482,False
rs12158565,78,130,-0.0317,0.511774,False
rs12158565,78,131,-0.0287275,0.552058,False
rs12158565,78,132,-0.0354363,0.462402,False
rs12158565,78,133,-0.0308318,0.521216,False
rs12158565,78,134,-0.0270801,0.571725,False
rs12158565,78,135,-0.0158017,0.740479,False
rs12158565,78,136,-0.014957,0.752485,False
rs12158565,78,137,-0.022866,0.628469,False
rs12158565,78,138,-0.0210461,0.653899,False
rs12158565,78,139,-0.0356692,0.444729,False
rs12158565,78,140,-0.0323063,0.486148,False
rs12158565,78,141,-0.0371964,0.418974,False
rs12158565,78,142,-0.05501,0.228943,False
rs12158565,78,143,-0.0495757,0.275471,False
rs12158565,78,144,-0.0353292,0.434094,False
rs12158565,78,145,-0.0380149,0.397195,False
rs12158565,78,146,-0.0484404,0.278252,False
rs12158565,78,147,-0.0534209,0.229294,False
rs12158565,78,148,-0.0535296,0.226388,False
rs12158565,78,149,-0.0632463,0.151235,False
rs12158565,78,150,-0.0661803,0.131631,False
rs12158565,78,151,-0.0638863,0.143884,False
rs12158565,78,152,-0.0631708,0.147746,False
rs12158565,78,153,-0.0624354,0.150956,False
rs12158565,78,154,-0.0672744,0.120178,False
rs12158565,78,155,-0.0723222,0.0948312,False
rs12158565,78,156,-0.0691707,0.109351,False
rs12158565,78,157,-0.0667035,0.122577,False
rs12158565,78,158,-0.0631637,0.143867,False
rs12158565,78,159,-0.0577997,0.181764,False
rs12158565,78,160,-0.0626752,0.147994,False
rs12158565,78,161,-0.064189,0.139193,False
rs12158565,78,162,-0.0685324,0.114414,False
rs12158565,78,163,-0.0739451,0.0889163,False
rs12158565,78,164,-0.0751336,0.0848942,False
rs12158565,78,165,-0.076018,0.0823401,False
rs12158565,78,166,-0.0710372,0.10516,False
rs12158565,78,167,-0.0663193,0.131235,False
rs12158565,78,168,-0.0738859,0.0939007,False
rs12158565,78,169,-0.0851947,0.05439,False
rs12158565,78,170,-0.0885985,0.0463191,False
rs12158565,78,171,-0.0794153,0.0752729,False
rs12158565,78,172,-0.0813875,0.0690043,False
rs12158565,78,173,-0.0820182,0.0678232,False
rs12158565,78,174,-0.0846007,0.0606535,False
rs12158565,78,175,-0.0786994,0.0819418,False
rs12158565,78,176,-0.0903025,0.0465928,False
rs12158565,78,177,-0.0868914,0.0563998,False
rs12158565,78,178,-0.0971792,0.0333695,False
rs12158565,78,179,-0.0987108,0.0309626,False
rs12158565,78,180,-0.0862723,0.0600393,False
rs12158565,78,181,-0.111044,0.0157373,False
rs12158565,78,182,-0.0997635,0.0303561,False
rs12158565,78,183,-0.104474,0.023639,False
rs12158565,78,184,-0.0899623,0.0516693,False
rs12158565,78,185,-0.106261,0.021813,False
rs12158565,78,186,-0.115535,0.0127223,False
rs12158565,78,187,-0.114282,0.0136619,False
rs12158565,78,188,-0.117023,0.0116237,False
rs12158565,78,189,-0.124718,0.00717176,False
rs12158565,78,190,-0.127481,0.00596368,False
rs12158565,78,191,-0.136539,0.00325511,False
rs12158565,78,192,-0.119558,0.00997632,False
rs12158565,78,193,-0.13095,0.00474654,False
rs12158565,78,194,-0.133144,0.00406057,False
rs12158565,78,195,-0.135335,0.00347707,False
rs12158565,78,196,-0.135144,0.00352487,False
rs12158565,78,197,-0.135486,0.00343282,False
rs12158565,78,198,-0.121375,0.00862783,False
rs12158565,78,199,-0.115933,0.0119835,False
rs12158565,78,200,-0.126696,0.00596911,False
rs12158565,78,201,-0.133592,0.0037278,False
rs12158565,78,202,-0.138781,0.00254965,False
rs12158565,78,203,-0.132663,0.00388431,False
rs12158565,78,204,-0.151631,0.000955578,False
rs12158565,78,205,-0.133689,0.00351224,False
rs12158565,78,206,-0.139551,0.0022911,False
rs12158565,78,207,-0.143447,0.00170333,False
rs12158565,78,208,-0.133751,0.00338451,False
rs12158565,78,209,-0.140255,0.00209483,False
rs12158565,78,210,-0.14092,0.00198747,False
rs12158565,78,211,-0.157922,0.000526525,False
rs12158565,78,212,-0.151339,0.000877859,False
rs12158565,78,213,-0.138011,0.00243357,False
rs12158565,78,214,-0.127453,0.00510868,False
rs12158565,78,215,-0.132448,0.00357994,False
rs12158565,78,216,-0.145145,0.00141856,False
rs12158565,78,217,-0.154371,0.000702766,False
rs12158565,78,218,-0.163131,0.000344737,False
rs12158565,78,219,-0.162989,0.000358315,False
rs12158565,78,220,-0.15331,0.000800051,False
rs12158565,78,221,-0.169707,0.000209821,False
rs12158565,78,222,-0.184556,5.83834e-05,False
rs12158565,78,223,-0.183322,6.88474e-05,False
rs12158565,78,224,-0.186919,5.25839e-05,False
rs12158565,78,225,-0.193875,2.97251e-05,False
rs12158565,78,226,-0.200477,1.73852e-05,False
rs12158565,78,227,-0.18346,9.09287e-05,False
rs12158565,78,228,-0.182117,0.000115264,False
rs12158565,78,229,-0.190595,6.02749e-05,False
rs12158565,78,230,-0.200971,2.76568e-05,False
rs12158565,78,231,-0.194191,5.99034e-05,False
rs12158565,78,232,-0.20586,2.48793e-05,False
rs12158565,78,233,-0.211045,1.85044e-05,False
rs12158565,78,234,-0.199577,6.13271e-05,False
rs12158565,78,235,-0.202128,6.03466e-05,False
rs12158565,78,236,-0.203813,6.39285e-05,False
rs12158565,78,237,-0.202228,8.87942e-05,False
rs12158565,78,238,-0.184678,0.000416338,False
rs12158565,78,239,-0.188021,0.000388701,False
rs12158565,78,240,-0.201586,0.00017791,False
rs12158565,78,241,-0.192183,0.000427949,False
rs12158565,78,242,-0.20444,0.000223904,False
rs12158565,78,243,-0.207174,0.000232289,False
rs12158565,78,244,-0.206076,0.000315382,False
rs12158565,78,245,-0.201099,0.000536702,False
rs12158565,78,246,-0.182092,0.00205736,False
rs12158565,78,247,-0.196158,0.00111285,False
rs12158565,78,248,-0.210262,0.000580655,False
rs12158565,78,249,-0.203233,0.00108489,False
rs12158565,78,250,-0.225752,0.000350601,False
rs12158565,78,251,-0.213043,0.000879456,False
rs12158565,79,6,-0.102224,0.00568225,False
rs12158565,79,7,-0.0970797,0.00801764,False
rs12158565,79,8,-0.104022,0.00420493,False
rs12158565,79,9,-0.0909785,0.0115733,False
rs12158565,79,10,-0.0973815,0.0065212,False
rs12158565,79,11,-0.0914395,0.0100838,False
rs12158565,79,12,-0.079367,0.0243026,False
rs12158565,79,13,-0.09608,0.00616538,False
rs12158565,79,14,-0.0729953,0.037431,False
rs12158565,79,15,-0.0760693,0.0294664,False
rs12158565,79,16,-0.0693437,0.0465833,False
rs12158565,79,17,-0.0818294,0.0190988,False
rs12158565,79,18,-0.0773658,0.0265216,False
rs12158565,79,19,-0.0817984,0.0192125,False
rs12158565,79,20,-0.0783835,0.0249803,False
rs12158565,79,21,-0.0884603,0.0117281,False
rs12158565,79,22,-0.0724792,0.0392877,False
rs12158565,79,23,-0.0771837,0.0287971,False
rs12158565,79,24,-0.0750442,0.0337924,False
rs12158565,79,25,-0.075011,0.0342709,False
rs12158565,79,26,-0.0698525,0.0498003,False
rs12158565,79,27,-0.0823753,0.0212148,False
rs12158565,79,28,-0.0917754,0.0104619,False
rs12158565,79,29,-0.068924,0.0551668,False
rs12158565,79,30,-0.0800731,0.0265586,False
rs12158565,79,31,-0.0812323,0.025066,False
rs12158565,79,32,-0.0821869,0.0241421,False
rs12158565,79,33,-0.0882393,0.0159058,False
rs12158565,79,34,-0.0778187,0.0342853,False
rs12158565,79,35,-0.0779542,0.0345307,False
rs12158565,79,36,-0.0824289,0.0266285,False
rs12158565,79,37,-0.0739871,0.0475149,False
rs12158565,79,38,-0.0760711,0.0429167,False
rs12158565,79,39,-0.0848245,0.024375,False
rs12158565,79,40,-0.0773955,0.0411489,False
rs12158565,79,41,-0.0802863,0.0350446,False
rs12158565,79,42,-0.0747426,0.0510837,False
rs12158565,79,43,-0.0804346,0.0366437,False
rs12158565,79,44,-0.0704025,0.0684982,False
rs12158565,79,45,-0.0546781,0.16032,False
rs12158565,79,46,-0.0528724,0.176398,False
rs12158565,79,47,-0.0622112,0.113567,False
rs12158565,79,48,-0.0735652,0.063042,False
rs12158565,79,49,-0.0570321,0.15091,False
rs12158565,79,50,-0.0653224,0.101889,False
rs12158565,79,51,-0.0706573,0.0779803,False
rs12158565,79,52,-0.0759302,0.0596074,False
rs12158565,79,53,-0.0700221,0.0842816,False
rs12158565,79,54,-0.0665614,0.102172,False
rs12158565,79,55,-0.064243,0.115811,False
rs12158565,79,56,-0.0666441,0.104597,False
rs12158565,79,57,-0.0585721,0.155036,False
rs12158565,79,58,-0.0558967,0.176222,False
rs12158565,79,59,-0.0707102,0.0886251,False
rs12158565,79,60,-0.0647087,0.120601,False
rs12158565,79,61,-0.0593634,0.15577,False
rs12158565,79,62,-0.0669207,0.111283,False
rs12158565,79,63,-0.0602074,0.152382,False
rs12158565,79,64,-0.056927,0.176393,False
rs12158565,79,65,-0.0610493,0.148776,False
rs12158565,79,66,-0.0583201,0.168767,False
rs12158565,79,67,-0.0620537,0.143551,False
rs12158565,79,68,-0.059169,0.16344,False
rs12158565,79,69,-0.0440711,0.300307,False
rs12158565,79,70,-0.0513095,0.228703,False
rs12158565,79,71,-0.0444332,0.297032,False
rs12158565,79,72,-0.0590405,0.166369,False
rs12158565,79,73,-0.0378281,0.376645,False
rs12158565,79,74,-0.0405235,0.344029,False
rs12158565,79,75,-0.047214,0.270456,False
rs12158565,79,76,-0.0466691,0.275539,False
rs12158565,79,77,-0.049381,0.248424,False
rs12158565,79,78,-0.0339086,0.427705,False
rs12158565,79,79,-0.0489947,0.250803,False
rs12158565,79,80,-0.0462298,0.27864,False
rs12158565,79,81,-0.0370489,0.383895,False
rs12158565,79,82,-0.0404997,0.340253,False
rs12158565,79,83,-0.0391769,0.355815,False
rs12158565,79,84,-0.0324001,0.444453,False
rs12158565,79,85,-0.0272768,0.518767,False
rs12158565,79,86,-0.0239302,0.570989,False
rs12158565,79,87,-0.0291512,0.489173,False
rs12158565,79,88,-0.0337627,0.422003,False
rs12158565,79,89,-0.0256765,0.540746,False
rs12158565,79,90,-0.0123884,0.767441,False
rs12158565,79,91,-0.0284096,0.497885,False
rs12158565,79,92,-0.0354157,0.397659,False
rs12158565,79,93,-0.0279929,0.50276,False
rs12158565,79,94,-0.0249186,0.549818,False
rs12158565,79,95,-0.0248215,0.551727,False
rs12158565,79,96,-0.0182857,0.660583,False
rs12158565,79,97,-0.0120359,0.772722,False
rs12158565,79,98,-0.0139567,0.737811,False
rs12158565,79,99,-0.0143754,0.730402,False
rs12158565,79,100,-0.0152449,0.714557,False
rs12158565,79,101,-0.0142522,0.733102,False
rs12158565,79,102,-0.0176112,0.673762,False
rs12158565,79,103,-0.0297322,0.477718,False
rs12158565,79,104,-0.0275705,0.511471,False
rs12158565,79,105,-0.0187027,0.656572,False
rs12158565,79,106,-0.0207944,0.622086,False
rs12158565,79,107,-0.0276632,0.513975,False
rs12158565,79,108,-0.0270431,0.524658,False
rs12158565,79,109,-0.0377598,0.37758,False
rs12158565,79,110,-0.0294356,0.49254,False
rs12158565,79,111,-0.0294036,0.495307,False
rs12158565,79,112,-0.0258022,0.551989,False
rs12158565,79,113,-0.0253028,0.561668,False
rs12158565,79,114,-0.0301823,0.492037,False
rs12158565,79,115,-0.00761995,0.863219,False
rs12158565,79,116,-0.023201,0.602344,False
rs12158565,79,117,-0.0176841,0.693138,False
rs12158565,79,118,-0.029131,0.517741,False
rs12158565,79,119,-0.0188972,0.677172,False
rs12158565,79,120,-0.0228202,0.617417,False
rs12158565,79,121,-0.0279128,0.543787,False
rs12158565,79,122,-0.020748,0.653676,False
rs12158565,79,123,-0.0278813,0.548388,False
rs12158565,79,124,-0.0225476,0.629444,False
rs12158565,79,125,-0.0231889,0.621406,False
rs12158565,79,126,-0.033803,0.472798,False
rs12158565,79,127,-0.0287963,0.541362,False
rs12158565,79,128,-0.0250309,0.596032,False
rs12158565,79,129,-0.0220674,0.640665,False
rs12158565,79,130,-0.0298861,0.527418,False
rs12158565,79,131,-0.0299,0.527006,False
rs12158565,79,132,-0.0332612,0.480825,False
rs12158565,79,133,-0.0224031,0.633742,False
rs12158565,79,134,-0.0195613,0.676509,False
rs12158565,79,135,-0.0266873,0.568026,False
rs12158565,79,136,-0.0332483,0.475343,False
rs12158565,79,137,-0.0426809,0.356814,False
rs12158565,79,138,-0.0390544,0.396992,False
rs12158565,79,139,-0.0308589,0.501042,False
rs12158565,79,140,-0.0300418,0.509719,False
rs12158565,79,141,-0.0303199,0.504119,False
rs12158565,79,142,-0.0330749,0.463983,False
rs12158565,79,143,-0.0369842,0.410745,False
rs12158565,79,144,-0.0403422,0.366621,False
rs12158565,79,145,-0.0449872,0.31187,False
rs12158565,79,146,-0.0474251,0.28376,False
rs12158565,79,147,-0.0491122,0.265175,False
rs12158565,79,148,-0.0430448,0.326331,False
rs12158565,79,149,-0.0419382,0.337471,False
rs12158565,79,150,-0.045613,0.295252,False
rs12158565,79,151,-0.0492435,0.258151,False
rs12158565,79,152,-0.0408024,0.347306,False
rs12158565,79,153,-0.0511999,0.2375,False
rs12158565,79,154,-0.0555634,0.199699,False
rs12158565,79,155,-0.0598501,0.167247,False
rs12158565,79,156,-0.0626258,0.148164,False
rs12158565,79,157,-0.0489673,0.257948,False
rs12158565,79,158,-0.0477484,0.270819,False
rs12158565,79,159,-0.0461445,0.288004,False
rs12158565,79,160,-0.0694895,0.109581,False
rs12158565,79,161,-0.070465,0.105871,False
rs12158565,79,162,-0.0763994,0.0802355,False
rs12158565,79,163,-0.0711005,0.104284,False
rs12158565,79,164,-0.0600604,0.171501,False
rs12158565,79,165,-0.0593765,0.176525,False
rs12158565,79,166,-0.0655773,0.137314,False
rs12158565,79,167,-0.0702133,0.112889,False
rs12158565,79,168,-0.062627,0.158782,False
rs12158565,79,169,-0.0738049,0.0981618,False
rs12158565,79,170,-0.0701533,0.117288,False
rs12158565,79,171,-0.0714868,0.111826,False
rs12158565,79,172,-0.0708114,0.116167,False
rs12158565,79,173,-0.076195,0.0924082,False
rs12158565,79,174,-0.0747237,0.0997102,False
rs12158565,79,175,-0.0847614,0.0625114,False
rs12158565,79,176,-0.0867646,0.057432,False
rs12158565,79,177,-0.0810298,0.0769389,False
rs12158565,79,178,-0.0889415,0.0525644,False
rs12158565,79,179,-0.0893517,0.0524457,False
rs12158565,79,180,-0.0886694,0.054811,False
rs12158565,79,181,-0.0890426,0.0541643,False
rs12158565,79,182,-0.085116,0.0661498,False
rs12158565,79,183,-0.0963878,0.0377894,False
rs12158565,79,184,-0.106344,0.0221312,False
rs12158565,79,185,-0.107174,0.0210906,False
rs12158565,79,186,-0.10979,0.0183745,False
rs12158565,79,187,-0.111609,0.0165633,False
rs12158565,79,188,-0.109728,0.0185543,False
rs12158565,79,189,-0.106271,0.0225032,False
rs12158565,79,190,-0.12562,0.0069666,False
rs12158565,79,191,-0.130126,0.00513488,False
rs12158565,79,192,-0.130319,0.00502199,False
rs12158565,79,193,-0.121645,0.00897493,False
rs12158565,79,194,-0.123098,0.00798633,False
rs12158565,79,195,-0.128335,0.00564721,False
rs12158565,79,196,-0.121618,0.00863222,False
rs12158565,79,197,-0.125759,0.00658848,False
rs12158565,79,198,-0.128774,0.00531497,False
rs12158565,79,199,-0.137225,0.00293196,False
rs12158565,79,200,-0.137918,0.00275803,False
rs12158565,79,201,-0.135314,0.00324879,False
rs12158565,79,202,-0.142242,0.00196834,False
rs12158565,79,203,-0.145726,0.00150373,False
rs12158565,79,204,-0.145137,0.00152124,False
rs12158565,79,205,-0.139646,0.00225833,False
rs12158565,79,206,-0.145943,0.00141181,False
rs12158565,79,207,-0.150825,0.000964446,False
rs12158565,79,208,-0.156178,0.000625162,False
rs12158565,79,209,-0.142925,0.00172902,False
rs12158565,79,210,-0.142849,0.00172956,False
rs12158565,79,211,-0.139263,0.00223568,False
rs12158565,79,212,-0.14614,0.00134727,False
rs12158565,79,213,-0.146139,0.00134493,False
rs12158565,79,214,-0.147756,0.00120424,False
rs12158565,79,215,-0.158428,0.000519122,False
rs12158565,79,216,-0.156477,0.000611017,False
rs12158565,79,217,-0.164688,0.00031931,False
rs12158565,79,218,-0.156468,0.000632232,False
rs12158565,79,219,-0.151257,0.000973913,False
rs12158565,79,220,-0.165653,0.000311935,False
rs12158565,79,221,-0.166594,0.000297482,False
rs12158565,79,222,-0.160717,0.000502317,False
rs12158565,79,223,-0.163734,0.000412364,False
rs12158565,79,224,-0.164151,0.000414548,False
rs12158565,79,225,-0.175431,0.000172605,False
rs12158565,79,226,-0.168987,0.000317498,False
rs12158565,79,227,-0.177194,0.000176839,False
rs12158565,79,228,-0.170086,0.000346739,False
rs12158565,79,229,-0.184175,0.000118764,False
rs12158565,79,230,-0.167588,0.000507452,False
rs12158565,79,231,-0.180625,0.000207082,False
rs12158565,79,232,-0.179865,0.00024988,False
rs12158565,79,233,-0.187827,0.000153282,False
rs12158565,79,234,-0.176724,0.000427086,False
rs12158565,79,235,-0.169777,0.000809422,False
rs12158565,79,236,-0.17793,0.000527569,False
rs12158565,79,237,-0.18282,0.000438605,False
rs12158565,79,238,-0.188138,0.000355802,False
rs12158565,79,239,-0.204354,0.000130585,False
rs12158565,79,240,-0.209377,0.000113356,False
rs12158565,79,241,-0.216405,8.44269e-05,False
rs12158565,79,242,-0.197003,0.000425246,False
rs12158565,79,243,-0.21613,0.000142935,False
rs12158565,79,244,-0.201067,0.000495166,False
rs12158565,79,245,-0.221592,0.000164011,False
rs12158565,79,246,-0.219291,0.000247505,False
rs12158565,79,247,-0.220345,0.000290286,False
rs12158565,79,248,-0.212946,0.000571983,False
rs12158565,79,249,-0.227636,0.000289763,False
rs12158565,79,250,-0.251337,8.10266e-05,False
rs12158565,79,251,-0.244338,0.000157448,False
rs12158565,80,6,-0.103954,0.00482005,False
rs12158565,80,7,-0.0969406,0.00815691,False
rs12158565,80,8,-0.103499,0.00429391,False
rs12158565,80,9,-0.0857507,0.0170085,False
rs12158565,80,10,-0.105141,0.00318811,False
rs12158565,80,11,-0.0877832,0.0131028,False
rs12158565,80,12,-0.0648653,0.0651865,False
rs12158565,80,13,-0.0773178,0.0268046,False
rs12158565,80,14,-0.0783654,0.0243894,False
rs12158565,80,15,-0.0909563,0.0091092,False
rs12158565,80,16,-0.0722689,0.0378505,False
rs12158565,80,17,-0.086802,0.0126619,False
rs12158565,80,18,-0.0744845,0.0323026,False
rs12158565,80,19,-0.0888726,0.0108516,False
rs12158565,80,20,-0.0980985,0.00497148,False
rs12158565,80,21,-0.0947447,0.0066153,False
rs12158565,80,22,-0.0904168,0.0100449,False
rs12158565,80,23,-0.0866644,0.013757,False
rs12158565,80,24,-0.0809437,0.0217287,False
rs12158565,80,25,-0.0806461,0.0228007,False
rs12158565,80,26,-0.082526,0.0201497,False
rs12158565,80,27,-0.0900841,0.0116936,False
rs12158565,80,28,-0.0781535,0.028603,False
rs12158565,80,29,-0.0736943,0.0399651,False
rs12158565,80,30,-0.075453,0.0363881,False
rs12158565,80,31,-0.0847162,0.0191954,False
rs12158565,80,32,-0.0818332,0.0243008,False
rs12158565,80,33,-0.0836105,0.0220097,False
rs12158565,80,34,-0.0788934,0.0316056,False
rs12158565,80,35,-0.0884619,0.0162913,False
rs12158565,80,36,-0.0744764,0.0439135,False
rs12158565,80,37,-0.0828197,0.0258647,False
rs12158565,80,38,-0.0729831,0.0509154,False
rs12158565,80,39,-0.0764698,0.0417014,False
rs12158565,80,40,-0.0884772,0.0190424,False
rs12158565,80,41,-0.0853634,0.024324,False
rs12158565,80,42,-0.0880884,0.0208339,False
rs12158565,80,43,-0.0900855,0.0186459,False
rs12158565,80,44,-0.0784011,0.0418815,False
rs12158565,80,45,-0.0840039,0.0301172,False
rs12158565,80,46,-0.0767502,0.0483765,False
rs12158565,80,47,-0.089974,0.021369,False
rs12158565,80,48,-0.0911263,0.0203838,False
rs12158565,80,49,-0.0807965,0.0410759,False
rs12158565,80,50,-0.081603,0.0400932,False
rs12158565,80,51,-0.0779197,0.0510808,False
rs12158565,80,52,-0.0764103,0.0569281,False
rs12158565,80,53,-0.0858263,0.0335012,False
rs12158565,80,54,-0.0842871,0.0377237,False
rs12158565,80,55,-0.0720459,0.0772369,False
rs12158565,80,56,-0.0711828,0.082364,False
rs12158565,80,57,-0.0774122,0.0594047,False
rs12158565,80,58,-0.0705653,0.0871912,False
rs12158565,80,59,-0.0726292,0.079446,False
rs12158565,80,60,-0.0717959,0.0844785,False
rs12158565,80,61,-0.0567801,0.173696,False
rs12158565,80,62,-0.051382,0.219436,False
rs12158565,80,63,-0.0581832,0.16622,False
rs12158565,80,64,-0.0535827,0.203403,False
rs12158565,80,65,-0.0561901,0.183581,False
rs12158565,80,66,-0.0466445,0.270433,False
rs12158565,80,67,-0.0586346,0.167136,False
rs12158565,80,68,-0.0454212,0.286428,False
rs12158565,80,69,-0.0428626,0.314528,False
rs12158565,80,70,-0.0595399,0.163379,False
rs12158565,80,71,-0.0663789,0.120608,False
rs12158565,80,72,-0.0586642,0.170614,False
rs12158565,80,73,-0.0469517,0.273445,False
rs12158565,80,74,-0.0432629,0.313012,False
rs12158565,80,75,-0.0479529,0.263654,False
rs12158565,80,76,-0.0438085,0.307607,False
rs12158565,80,77,-0.0485032,0.258779,False
rs12158565,80,78,-0.0356221,0.405885,False
rs12158565,80,79,-0.0322278,0.451872,False
rs12158565,80,80,-0.0403525,0.346555,False
rs12158565,80,81,-0.0495661,0.246901,False
rs12158565,80,82,-0.0472783,0.268905,False
rs12158565,80,83,-0.0446705,0.295159,False
rs12158565,80,84,-0.0408625,0.33767,False
rs12158565,80,85,-0.0468498,0.271139,False
rs12158565,80,86,-0.0416671,0.326689,False
rs12158565,80,87,-0.031927,0.4519,False
rs12158565,80,88,-0.029251,0.490472,False
rs12158565,80,89,-0.0354297,0.402966,False
rs12158565,80,90,-0.0374859,0.37543,False
rs12158565,80,91,-0.0285544,0.499197,False
rs12158565,80,92,-0.0384669,0.362219,False
rs12158565,80,93,-0.0280721,0.504875,False
rs12158565,80,94,-0.0226151,0.590316,False
rs12158565,80,95,-0.0253493,0.545692,False
rs12158565,80,96,-0.0212459,0.612413,False
rs12158565,80,97,-0.0218007,0.602792,False
rs12158565,80,98,-0.0130535,0.755439,False
rs12158565,80,99,-0.0124691,0.765756,False
rs12158565,80,100,-0.0205466,0.623474,False
rs12158565,80,101,-0.0327511,0.434248,False
rs12158565,80,102,-0.0118656,0.777163,False
rs12158565,80,103,-0.0116499,0.781266,False
rs12158565,80,104,-0.0145819,0.728696,False
rs12158565,80,105,-0.0110241,0.793649,False
rs12158565,80,106,-0.0129089,0.759518,False
rs12158565,80,107,-0.0291431,0.491294,False
rs12158565,80,108,-0.0249745,0.55647,False
rs12158565,80,109,-0.0222212,0.602217,False
rs12158565,80,110,-0.0216146,0.613804,False
rs12158565,80,111,-0.00597279,0.889467,False
rs12158565,80,112,-0.0131536,0.760697,False
rs12158565,80,113,-0.0170288,0.694893,False
rs12158565,80,114,-0.0324119,0.457839,False
rs12158565,80,115,-0.0316123,0.471291,False
rs12158565,80,116,-0.0294925,0.503888,False
rs12158565,80,117,-0.0264493,0.550923,False
rs12158565,80,118,-0.0269265,0.545958,False
rs12158565,80,119,-0.0307349,0.493483,False
rs12158565,80,120,-0.0219905,0.626244,False
rs12158565,80,121,-0.00685052,0.880035,False
rs12158565,80,122,-0.0111858,0.806154,False
rs12158565,80,123,-0.0255253,0.57714,False
rs12158565,80,124,-0.0367261,0.424496,False
rs12158565,80,125,-0.0163147,0.723611,False
rs12158565,80,126,-0.0112245,0.808509,False
rs12158565,80,127,-0.030653,0.508613,False
rs12158565,80,128,-0.0244732,0.597963,False
rs12158565,80,129,-0.0301537,0.515831,False
rs12158565,80,130,-0.0287918,0.535202,False
rs12158565,80,131,-0.0249928,0.589726,False
rs12158565,80,132,-0.0274994,0.55283,False
rs12158565,80,133,-0.0333704,0.470151,False
rs12158565,80,134,-0.0383211,0.406107,False
rs12158565,80,135,-0.0329714,0.473519,False
rs12158565,80,136,-0.0325373,0.478028,False
rs12158565,80,137,-0.0367185,0.421121,False
rs12158565,80,138,-0.0283252,0.533141,False
rs12158565,80,139,-0.0353317,0.43538,False
rs12158565,80,140,-0.0413234,0.359865,False
rs12158565,80,141,-0.0478085,0.286566,False
rs12158565,80,142,-0.0404088,0.365381,False
rs12158565,80,143,-0.0419057,0.345972,False
rs12158565,80,144,-0.0474371,0.28449,False
rs12158565,80,145,-0.042062,0.341348,False
rs12158565,80,146,-0.0371794,0.397819,False
rs12158565,80,147,-0.041926,0.338049,False
rs12158565,80,148,-0.0360733,0.40876,False
rs12158565,80,149,-0.0433723,0.320407,False
rs12158565,80,150,-0.0447797,0.303643,False
rs12158565,80,151,-0.0521278,0.230586,False
rs12158565,80,152,-0.0527961,0.224394,False
rs12158565,80,153,-0.0509448,0.240118,False
rs12158565,80,154,-0.0579538,0.182012,False
rs12158565,80,155,-0.0635787,0.143717,False
rs12158565,80,156,-0.0681308,0.117326,False
rs12158565,80,157,-0.0641813,0.140411,False
rs12158565,80,158,-0.0648931,0.136891,False
rs12158565,80,159,-0.0610162,0.1631,False
rs12158565,80,160,-0.0608859,0.164621,False
rs12158565,80,161,-0.062646,0.153855,False
rs12158565,80,162,-0.0554275,0.208186,False
rs12158565,80,163,-0.0553976,0.210023,False
rs12158565,80,164,-0.0569834,0.199075,False
rs12158565,80,165,-0.0609448,0.171064,False
rs12158565,80,166,-0.071475,0.109198,False
rs12158565,80,167,-0.0782092,0.0801032,False
rs12158565,80,168,-0.0850545,0.0577866,False
rs12158565,80,169,-0.0821113,0.0685392,False
rs12158565,80,170,-0.0794874,0.0783481,False
rs12158565,80,171,-0.0864676,0.0560809,False
rs12158565,80,172,-0.0852663,0.0606658,False
rs12158565,80,173,-0.0852027,0.0619074,False
rs12158565,80,174,-0.0875473,0.0557617,False
rs12158565,80,175,-0.0850081,0.0640165,False
rs12158565,80,176,-0.0937834,0.0414508,False
rs12158565,80,177,-0.0827485,0.0727607,False
rs12158565,80,178,-0.0863627,0.0616718,False
rs12158565,80,179,-0.0970218,0.0363503,False
rs12158565,80,180,-0.0989788,0.0331202,False
rs12158565,80,181,-0.0998431,0.0317801,False
rs12158565,80,182,-0.0849803,0.0678427,False
rs12158565,80,183,-0.10173,0.0292681,False
rs12158565,80,184,-0.0993359,0.0332418,False
rs12158565,80,185,-0.0972225,0.0371287,False
rs12158565,80,186,-0.10181,0.0292243,False
rs12158565,80,187,-0.112178,0.0162832,False
rs12158565,80,188,-0.123234,0.00824909,False
rs12158565,80,189,-0.124046,0.0078047,False
rs12158565,80,190,-0.117474,0.0117687,False
rs12158565,80,191,-0.109426,0.0188866,False
rs12158565,80,192,-0.115709,0.0129571,False
rs12158565,80,193,-0.129585,0.00536058,False
rs12158565,80,194,-0.115368,0.013029,False
rs12158565,80,195,-0.106229,0.0220436,False
rs12158565,80,196,-0.123757,0.00757342,False
rs12158565,80,197,-0.123608,0.00758859,False
rs12158565,80,198,-0.124496,0.00709556,False
rs12158565,80,199,-0.111634,0.0156724,False
rs12158565,80,200,-0.128468,0.00539388,False
rs12158565,80,201,-0.13607,0.00311022,False
rs12158565,80,202,-0.131186,0.00440847,False
rs12158565,80,203,-0.128626,0.00518374,False
rs12158565,80,204,-0.1251,0.00645756,False
rs12158565,80,205,-0.129095,0.00485838,False
rs12158565,80,206,-0.142767,0.00181103,False
rs12158565,80,207,-0.140305,0.00215663,False
rs12158565,80,208,-0.15757,0.000573511,False
rs12158565,80,209,-0.146304,0.001344,False
rs12158565,80,210,-0.138921,0.00232917,False
rs12158565,80,211,-0.14455,0.00157102,False
rs12158565,80,212,-0.137329,0.00264474,False
rs12158565,80,213,-0.154964,0.000689549,False
rs12158565,80,214,-0.147137,0.00127924,False
rs12158565,80,215,-0.143696,0.00169314,False
rs12158565,80,216,-0.139081,0.00238776,False
rs12158565,80,217,-0.138084,0.00256934,False
rs12158565,80,218,-0.149151,0.00114058,False
rs12158565,80,219,-0.147756,0.00131078,False
rs12158565,80,220,-0.147029,0.00142781,False
rs12158565,80,221,-0.149715,0.00120349,False
rs12158565,80,222,-0.159387,0.000582797,False
rs12158565,80,223,-0.152092,0.00107271,False
rs12158565,80,224,-0.153957,0.000980932,False
rs12158565,80,225,-0.161455,0.000581344,False
rs12158565,80,226,-0.160735,0.000658913,False
rs12158565,80,227,-0.162487,0.00061353,False
rs12158565,80,228,-0.160509,0.000792387,False
rs12158565,80,229,-0.170889,0.000396688,False
rs12158565,80,230,-0.17275,0.000380407,False
rs12158565,80,231,-0.17272,0.000432531,False
rs12158565,80,232,-0.186338,0.000170576,False
rs12158565,80,233,-0.187126,0.000187487,False
rs12158565,80,234,-0.175667,0.000516161,False
rs12158565,80,235,-0.156845,0.00219081,False
rs12158565,80,236,-0.18278,0.000429041,False
rs12158565,80,237,-0.18282,0.000508023,False
rs12158565,80,238,-0.172506,0.00121767,False
rs12158565,80,239,-0.18011,0.000863945,False
rs12158565,80,240,-0.177598,0.00119851,False
rs12158565,80,241,-0.186022,0.000831808,False
rs12158565,80,242,-0.192031,0.000676162,False
rs12158565,80,243,-0.190095,0.000919178,False
rs12158565,80,244,-0.191415,0.00103066,False
rs12158565,80,245,-0.201797,0.000666233,False
rs12158565,80,246,-0.190404,0.00157158,False
rs12158565,80,247,-0.206983,0.0007275,False
rs12158565,80,248,-0.201658,0.00118771,False
rs12158565,80,249,-0.213367,0.000737681,False
rs12158565,80,250,-0.213491,0.000875351,False
rs12158565,80,251,-0.218386,0.000780737,False
rs12158565,81,6,-0.0880059,0.0169995,False
rs12158565,81,7,-0.0932791,0.0107346,False
rs12158565,81,8,-0.0931915,0.010336,False
rs12158565,81,9,-0.0969146,0.00724673,False
rs12158565,81,10,-0.0869644,0.0151564,False
rs12158565,81,11,-0.0735681,0.0387571,False
rs12158565,81,12,-0.0718632,0.0428658,False
rs12158565,81,13,-0.0765609,0.0299861,False
rs12158565,81,14,-0.0690177,0.049559,False
rs12158565,81,15,-0.0838432,0.0166485,False
rs12158565,81,16,-0.0700471,0.0455191,False
rs12158565,81,17,-0.0756124,0.0305992,False
rs12158565,81,18,-0.083549,0.0169786,False
rs12158565,81,19,-0.0718219,0.0404071,False
rs12158565,81,20,-0.0725325,0.0387753,False
rs12158565,81,21,-0.08222,0.0192475,False
rs12158565,81,22,-0.0797121,0.0238335,False
rs12158565,81,23,-0.0841387,0.0172989,False
rs12158565,81,24,-0.091829,0.00966077,False
rs12158565,81,25,-0.0824871,0.0199702,False
rs12158565,81,26,-0.0990888,0.0053857,False
rs12158565,81,27,-0.088581,0.0130785,False
rs12158565,81,28,-0.0962556,0.00715378,False
rs12158565,81,29,-0.0993206,0.00566738,False
rs12158565,81,30,-0.0875192,0.0152213,False
rs12158565,81,31,-0.085901,0.0174843,False
rs12158565,81,32,-0.0826363,0.0227711,False
rs12158565,81,33,-0.0933801,0.0104705,False
rs12158565,81,34,-0.0930335,0.0110974,False
rs12158565,81,35,-0.0977796,0.00791351,False
rs12158565,81,36,-0.0964987,0.00905973,False
rs12158565,81,37,-0.0925171,0.0127085,False
rs12158565,81,38,-0.0886131,0.0174392,False
rs12158565,81,39,-0.0941704,0.0118867,False
rs12158565,81,40,-0.096809,0.0100588,False
rs12158565,81,41,-0.082398,0.029277,False
rs12158565,81,42,-0.0796451,0.0359797,False
rs12158565,81,43,-0.0874635,0.0220209,False
rs12158565,81,44,-0.0768545,0.0454394,False
rs12158565,81,45,-0.0773247,0.0454817,False
rs12158565,81,46,-0.0743328,0.0556118,False
rs12158565,81,47,-0.0728832,0.0620275,False
rs12158565,81,48,-0.0665378,0.0899093,False
rs12158565,81,49,-0.0690887,0.0796728,False
rs12158565,81,50,-0.0658456,0.0965864,False
rs12158565,81,51,-0.0761775,0.0558719,False
rs12158565,81,52,-0.0590934,0.140042,False
rs12158565,81,53,-0.0660427,0.0998637,False
rs12158565,81,54,-0.073894,0.0672142,False
rs12158565,81,55,-0.0670914,0.0981743,False
rs12158565,81,56,-0.0782659,0.0546843,False
rs12158565,81,57,-0.0656206,0.109133,False
rs12158565,81,58,-0.0737482,0.0730115,False
rs12158565,81,59,-0.0781205,0.0585593,False
rs12158565,81,60,-0.0678029,0.102215,False
rs12158565,81,61,-0.0745367,0.0738997,False
rs12158565,81,62,-0.0652719,0.118423,False
rs12158565,81,63,-0.0658691,0.116722,False
rs12158565,81,64,-0.0632613,0.133183,False
rs12158565,81,65,-0.0808163,0.0557536,False
rs12158565,81,66,-0.0573867,0.175966,False
rs12158565,81,67,-0.066684,0.11634,False
rs12158565,81,68,-0.0587096,0.168899,False
rs12158565,81,69,-0.0571163,0.181583,False
rs12158565,81,70,-0.0720055,0.0926611,False
rs12158565,81,71,-0.0553585,0.197245,False
rs12158565,81,72,-0.0630415,0.142943,False
rs12158565,81,73,-0.0640546,0.137403,False
rs12158565,81,74,-0.0512461,0.234742,False
rs12158565,81,75,-0.0503298,0.243575,False
rs12158565,81,76,-0.050786,0.240085,False
rs12158565,81,77,-0.0541618,0.210992,False
rs12158565,81,78,-0.041642,0.335694,False
rs12158565,81,79,-0.0314287,0.466802,False
rs12158565,81,80,-0.0340678,0.429774,False
rs12158565,81,81,-0.0448653,0.298756,False
rs12158565,81,82,-0.0544959,0.206881,False
rs12158565,81,83,-0.0474192,0.271048,False
rs12158565,81,84,-0.042916,0.318088,False
rs12158565,81,85,-0.0302841,0.481053,False
rs12158565,81,86,-0.0389391,0.364175,False
rs12158565,81,87,-0.0281794,0.510565,False
rs12158565,81,88,-0.0185322,0.664805,False
rs12158565,81,89,-0.0252076,0.554819,False
rs12158565,81,90,-0.024632,0.562667,False
rs12158565,81,91,-0.0169841,0.689673,False
rs12158565,81,92,-0.019795,0.641354,False
rs12158565,81,93,-0.0270166,0.523735,False
rs12158565,81,94,-0.0313959,0.45919,False
rs12158565,81,95,-0.0320329,0.449564,False
rs12158565,81,96,-0.0126399,0.76506,False
rs12158565,81,97,-0.0134625,0.75014,False
rs12158565,81,98,-0.0177493,0.673728,False
rs12158565,81,99,-0.0258783,0.539771,False
rs12158565,81,100,-0.0188469,0.654775,False
rs12158565,81,101,-0.017922,0.670647,False
rs12158565,81,102,-0.0175205,0.677488,False
rs12158565,81,103,-0.0210539,0.618019,False
rs12158565,81,104,-0.02649,0.530376,False
rs12158565,81,105,-0.0141086,0.738723,False
rs12158565,81,106,-0.0156142,0.712648,False
rs12158565,81,107,-0.0205311,0.628205,False
rs12158565,81,108,-0.0252444,0.552999,False
rs12158565,81,109,-0.0258149,0.54538,False
rs12158565,81,110,-0.0241277,0.573111,False
rs12158565,81,111,-0.0294437,0.492872,False
rs12158565,81,112,-0.0173267,0.687899,False
rs12158565,81,113,-0.0253499,0.55837,False
rs12158565,81,114,-0.0299692,0.490666,False
rs12158565,81,115,-0.0260749,0.550099,False
rs12158565,81,116,-0.0274653,0.530969,False
rs12158565,81,117,-0.0162335,0.712828,False
rs12158565,81,118,-0.0220187,0.619239,False
rs12158565,81,119,-0.0189583,0.670625,False
rs12158565,81,120,-0.0313155,0.48365,False
rs12158565,81,121,-0.042541,0.343558,False
rs12158565,81,122,-0.0367811,0.414321,False
rs12158565,81,123,-0.044361,0.327327,False
rs12158565,81,124,-0.0366832,0.419849,False
rs12158565,81,125,-0.0219302,0.630334,False
rs12158565,81,126,-0.0219105,0.631449,False
rs12158565,81,127,-0.0391621,0.392392,False
rs12158565,81,128,-0.0359311,0.432894,False
rs12158565,81,129,-0.0370802,0.418698,False
rs12158565,81,130,-0.0490555,0.284434,False
rs12158565,81,131,-0.0435837,0.341429,False
rs12158565,81,132,-0.0450972,0.323968,False
rs12158565,81,133,-0.0414143,0.363955,False
rs12158565,81,134,-0.0479792,0.292113,False
rs12158565,81,135,-0.0487977,0.282636,False
rs12158565,81,136,-0.0491006,0.278726,False
rs12158565,81,137,-0.0389515,0.387686,False
rs12158565,81,138,-0.0485779,0.27984,False
rs12158565,81,139,-0.0595404,0.183866,False
rs12158565,81,140,-0.0522237,0.242059,False
rs12158565,81,141,-0.0523183,0.239344,False
rs12158565,81,142,-0.0520592,0.240228,False
rs12158565,81,143,-0.0535675,0.225557,False
rs12158565,81,144,-0.0451318,0.306115,False
rs12158565,81,145,-0.0476902,0.278067,False
rs12158565,81,146,-0.0485027,0.268232,False
rs12158565,81,147,-0.0452446,0.301434,False
rs12158565,81,148,-0.0679912,0.119575,False
rs12158565,81,149,-0.0658294,0.13158,False
rs12158565,81,150,-0.0641463,0.140987,False
rs12158565,81,151,-0.0686152,0.115002,False
rs12158565,81,152,-0.0652786,0.133813,False
rs12158565,81,153,-0.0649538,0.135778,False
rs12158565,81,154,-0.0684203,0.116169,False
rs12158565,81,155,-0.0794801,0.0685156,False
rs12158565,81,156,-0.0666402,0.127485,False
rs12158565,81,157,-0.0544853,0.213497,False
rs12158565,81,158,-0.0554525,0.2067,False
rs12158565,81,159,-0.0538581,0.221396,False
rs12158565,81,160,-0.0610656,0.166678,False
rs12158565,81,161,-0.0724713,0.101446,False
rs12158565,81,162,-0.0780314,0.0786444,False
rs12158565,81,163,-0.0706673,0.112661,False
rs12158565,81,164,-0.0811836,0.069284,False
rs12158565,81,165,-0.0777463,0.0828669,False
rs12158565,81,166,-0.0785939,0.0807861,False
rs12158565,81,167,-0.0706142,0.117459,False
rs12158565,81,168,-0.0844896,0.0618981,False
rs12158565,81,169,-0.0838675,0.0646082,False
rs12158565,81,170,-0.0797668,0.080418,False
rs12158565,81,171,-0.0937436,0.0403808,False
rs12158565,81,172,-0.0824658,0.0722502,False
rs12158565,81,173,-0.0822983,0.0737097,False
rs12158565,81,174,-0.0823589,0.0743307,False
rs12158565,81,175,-0.10188,0.0275626,False
rs12158565,81,176,-0.100449,0.0301425,False
rs12158565,81,177,-0.0981826,0.0345106,False
rs12158565,81,178,-0.0869582,0.0616151,False
rs12158565,81,179,-0.107668,0.0209348,False
rs12158565,81,180,-0.0978378,0.0360733,False
rs12158565,81,181,-0.0975849,0.0368313,False
rs12158565,81,182,-0.0976755,0.0367364,False
rs12158565,81,183,-0.103006,0.0277057,False
rs12158565,81,184,-0.110078,0.0187287,False
rs12158565,81,185,-0.108457,0.0205513,False
rs12158565,81,186,-0.0935211,0.0460125,False
rs12158565,81,187,-0.0982226,0.0360959,False
rs12158565,81,188,-0.114237,0.0147757,False
rs12158565,81,189,-0.108334,0.0206821,False
rs12158565,81,190,-0.110815,0.0178126,False
rs12158565,81,191,-0.118591,0.011054,False
rs12158565,81,192,-0.113501,0.0150533,False
rs12158565,81,193,-0.113196,0.0151048,False
rs12158565,81,194,-0.136953,0.00327539,False
rs12158565,81,195,-0.140237,0.00255359,False
rs12158565,81,196,-0.129711,0.00520005,False
rs12158565,81,197,-0.12216,0.00838134,False
rs12158565,81,198,-0.119162,0.00999538,False
rs12158565,81,199,-0.126943,0.00599045,False
rs12158565,81,200,-0.130263,0.00477168,False
rs12158565,81,201,-0.123182,0.00746969,False
rs12158565,81,202,-0.113425,0.0135805,False
rs12158565,81,203,-0.114172,0.0129143,False
rs12158565,81,204,-0.122777,0.00743223,False
rs12158565,81,205,-0.129789,0.00460839,False
rs12158565,81,206,-0.12468,0.00646005,False
rs12158565,81,207,-0.119647,0.00884923,False
rs12158565,81,208,-0.13124,0.00404681,False
rs12158565,81,209,-0.139703,0.00220855,False
rs12158565,81,210,-0.131196,0.00399845,False
rs12158565,81,211,-0.128624,0.00478913,False
rs12158565,81,212,-0.137145,0.00262797,False
rs12158565,81,213,-0.133626,0.00338692,False
rs12158565,81,214,-0.134434,0.00321702,False
rs12158565,81,215,-0.129628,0.00453524,False
rs12158565,81,216,-0.140142,0.00213812,False
rs12158565,81,217,-0.148695,0.00116584,False
rs12158565,81,218,-0.150466,0.00105647,False
rs12158565,81,219,-0.158147,0.000585387,False
rs12158565,81,220,-0.149911,0.00116233,False
rs12158565,81,221,-0.149513,0.00122889,False
rs12158565,81,222,-0.147938,0.00145421,False
rs12158565,81,223,-0.143909,0.00204854,False
rs12158565,81,224,-0.15195,0.00119897,False
rs12158565,81,225,-0.154747,0.00103344,False
rs12158565,81,226,-0.153922,0.00116177,False
rs12158565,81,227,-0.15622,0.00105941,False
rs12158565,81,228,-0.170065,0.000404391,False
rs12158565,81,229,-0.180993,0.000190245,False
rs12158565,81,230,-0.173808,0.000374618,False
rs12158565,81,231,-0.177575,0.000321111,False
rs12158565,81,232,-0.176875,0.000385845,False
rs12158565,81,233,-0.175679,0.00049063,False
rs12158565,81,234,-0.188021,0.000225924,False
rs12158565,81,235,-0.185815,0.000312672,False
rs12158565,81,236,-0.196519,0.000168025,False
rs12158565,81,237,-0.187555,0.000405061,False
rs12158565,81,238,-0.200644,0.000189705,False
rs12158565,81,239,-0.212484,9.64973e-05,False
rs12158565,81,240,-0.210355,0.000141332,False
rs12158565,81,241,-0.211208,0.000165637,False
rs12158565,81,242,-0.206378,0.000290033,False
rs12158565,81,243,-0.210414,0.000274454,False
rs12158565,81,244,-0.207191,0.000425019,False
rs12158565,81,245,-0.217004,0.000280005,False
rs12158565,81,246,-0.221154,0.000266662,False
rs12158565,81,247,-0.228646,0.000207777,False
rs12158565,81,248,-0.222488,0.0003853,False
rs12158565,81,249,-0.23018,0.000292665,False
rs12158565,81,250,-0.228071,0.000404141,False
rs12158565,81,251,-0.230451,0.000411184,False
rs12158565,82,6,-0.120516,0.00106573,False
rs12158565,82,7,-0.11686,0.00137349,False
rs12158565,82,8,-0.115214,0.00143133,False
rs12158565,82,9,-0.113817,0.00147096,False
rs12158565,82,10,-0.0973779,0.00613666,False
rs12158565,82,11,-0.0982825,0.00531736,False
rs12158565,82,12,-0.0868666,0.0132383,False
rs12158565,82,13,-0.0798814,0.0222949,False
rs12158565,82,14,-0.0710973,0.0410225,False
rs12158565,82,15,-0.0815589,0.0190947,False
rs12158565,82,16,-0.0891419,0.0103383,False
rs12158565,82,17,-0.0724515,0.0369314,False
rs12158565,82,18,-0.0758656,0.0288734,False
rs12158565,82,19,-0.083443,0.016515,False
rs12158565,82,20,-0.0782316,0.0249619,False
rs12158565,82,21,-0.0729647,0.0367684,False
rs12158565,82,22,-0.079391,0.023613,False
rs12158565,82,23,-0.0840109,0.0168945,False
rs12158565,82,24,-0.0758234,0.0313662,False
rs12158565,82,25,-0.0710207,0.0441897,False
rs12158565,82,26,-0.0854303,0.0158033,False
rs12158565,82,27,-0.0921226,0.0095449,False
rs12158565,82,28,-0.0929165,0.00906153,False
rs12158565,82,29,-0.0795359,0.0261074,False
rs12158565,82,30,-0.0830804,0.0207118,False
rs12158565,82,31,-0.0817743,0.0231505,False
rs12158565,82,32,-0.0842533,0.0196372,False
rs12158565,82,33,-0.0882336,0.0149751,False
rs12158565,82,34,-0.0884412,0.0152937,False
rs12158565,82,35,-0.0846623,0.0206596,False
rs12158565,82,36,-0.0821705,0.0255928,False
rs12158565,82,37,-0.0903635,0.0145278,False
rs12158565,82,38,-0.0793686,0.0326443,False
rs12158565,82,39,-0.0778048,0.0363207,False
rs12158565,82,40,-0.0781555,0.036694,False
rs12158565,82,41,-0.0840576,0.0256189,False
rs12158565,82,42,-0.0762082,0.0438198,False
rs12158565,82,43,-0.0781664,0.0395741,False
rs12158565,82,44,-0.0874651,0.0219541,False
rs12158565,82,45,-0.0793011,0.0387957,False
rs12158565,82,46,-0.0779382,0.0430148,False
rs12158565,82,47,-0.0743545,0.0550472,False
rs12158565,82,48,-0.0729203,0.0613083,False
rs12158565,82,49,-0.0699978,0.0744403,False
rs12158565,82,50,-0.0650128,0.0989565,False
rs12158565,82,51,-0.069207,0.0804709,False
rs12158565,82,52,-0.0747978,0.0602868,False
rs12158565,82,53,-0.0693712,0.0833729,False
rs12158565,82,54,-0.0797892,0.0472193,False
rs12158565,82,55,-0.0777223,0.0542739,False
rs12158565,82,56,-0.0705127,0.0831375,False
rs12158565,82,57,-0.0626771,0.124978,False
rs12158565,82,58,-0.0729147,0.0753521,False
rs12158565,82,59,-0.0754068,0.0672762,False
rs12158565,82,60,-0.0727109,0.0789914,False
rs12158565,82,61,-0.0495289,0.232709,False
rs12158565,82,62,-0.0597759,0.151599,False
rs12158565,82,63,-0.0718866,0.0855961,False
rs12158565,82,64,-0.0713892,0.0894035,False
rs12158565,82,65,-0.0757343,0.0725918,False
rs12158565,82,66,-0.0491042,0.245877,False
rs12158565,82,67,-0.0618034,0.145714,False
rs12158565,82,68,-0.0642873,0.131109,False
rs12158565,82,69,-0.0712667,0.0949965,False
rs12158565,82,70,-0.0542041,0.205472,False
rs12158565,82,71,-0.0677455,0.114202,False
rs12158565,82,72,-0.067892,0.114733,False
rs12158565,82,73,-0.0603131,0.161849,False
rs12158565,82,74,-0.0604505,0.161531,False
rs12158565,82,75,-0.0696637,0.107218,False
rs12158565,82,76,-0.0595491,0.169067,False
rs12158565,82,77,-0.0469121,0.279293,False
rs12158565,82,78,-0.0463889,0.284969,False
rs12158565,82,79,-0.0522106,0.229026,False
rs12158565,82,80,-0.0479353,0.268942,False
rs12158565,82,81,-0.0399001,0.357094,False
rs12158565,82,82,-0.0458636,0.290634,False
rs12158565,82,83,-0.0365766,0.398385,False
rs12158565,82,84,-0.0424151,0.32676,False
rs12158565,82,85,-0.0388986,0.367649,False
rs12158565,82,86,-0.0320219,0.457233,False
rs12158565,82,87,-0.0337706,0.432393,False
rs12158565,82,88,-0.0375486,0.382628,False
rs12158565,82,89,-0.0271457,0.5267,False
rs12158565,82,90,-0.0256331,0.550262,False
rs12158565,82,91,-0.0184152,0.667677,False
rs12158565,82,92,-0.0262784,0.53934,False
rs12158565,82,93,-0.0186926,0.662068,False
rs12158565,82,94,-0.0208705,0.624697,False
rs12158565,82,95,-0.015608,0.714001,False
rs12158565,82,96,-0.0304345,0.474409,False
rs12158565,82,97,-0.0210336,0.620597,False
rs12158565,82,98,-0.0215336,0.612404,False
rs12158565,82,99,-0.0243914,0.565737,False
rs12158565,82,100,-0.0186018,0.661251,False
rs12158565,82,101,-0.0205293,0.628165,False
rs12158565,82,102,-0.0315872,0.456057,False
rs12158565,82,103,-0.0336842,0.426856,False
rs12158565,82,104,-0.0224434,0.596683,False
rs12158565,82,105,-0.0248346,0.558475,False
rs12158565,82,106,-0.0304694,0.473071,False
rs12158565,82,107,-0.0334512,0.431576,False
rs12158565,82,108,-0.025889,0.54366,False
rs12158565,82,109,-0.0313858,0.46247,False
rs12158565,82,110,-0.0172466,0.686789,False
rs12158565,82,111,-0.0281007,0.51312,False
rs12158565,82,112,-0.0296601,0.491505,False
rs12158565,82,113,-0.0332549,0.442472,False
rs12158565,82,114,-0.0363349,0.402549,False
rs12158565,82,115,-0.039664,0.362371,False
rs12158565,82,116,-0.0419137,0.337409,False
rs12158565,82,117,-0.0395414,0.367577,False
rs12158565,82,118,-0.0326698,0.45843,False
rs12158565,82,119,-0.0281297,0.524644,False
rs12158565,82,120,-0.0372027,0.402075,False
rs12158565,82,121,-0.0496131,0.26565,False
rs12158565,82,122,-0.0441905,0.323744,False
rs12158565,82,123,-0.0335126,0.455238,False
rs12158565,82,124,-0.0424256,0.34594,False
rs12158565,82,125,-0.0560973,0.21387,False
rs12158565,82,126,-0.0560507,0.215319,False
rs12158565,82,127,-0.0437899,0.333012,False
rs12158565,82,128,-0.0338012,0.455471,False
rs12158565,82,129,-0.0476891,0.293074,False
rs12158565,82,130,-0.0481223,0.288858,False
rs12158565,82,131,-0.0432653,0.340033,False
rs12158565,82,132,-0.0536692,0.235685,False
rs12158565,82,133,-0.0576501,0.202507,False
rs12158565,82,134,-0.0618404,0.170673,False
rs12158565,82,135,-0.0472539,0.293643,False
rs12158565,82,136,-0.0437252,0.329746,False
rs12158565,82,137,-0.0483964,0.279382,False
rs12158565,82,138,-0.0632458,0.156592,False
rs12158565,82,139,-0.0547578,0.219071,False
rs12158565,82,140,-0.0547794,0.21767,False
rs12158565,82,141,-0.0569918,0.198982,False
rs12158565,82,142,-0.0472123,0.285542,False
rs12158565,82,143,-0.0475975,0.280289,False
rs12158565,82,144,-0.055494,0.207227,False
rs12158565,82,145,-0.0637296,0.146774,False
rs12158565,82,146,-0.0742579,0.0906888,False
rs12158565,82,147,-0.068557,0.11799,False
rs12158565,82,148,-0.066887,0.126605,False
rs12158565,82,149,-0.0595682,0.173611,False
rs12158565,82,150,-0.0576004,0.187897,False
rs12158565,82,151,-0.0592931,0.175939,False
rs12158565,82,152,-0.0732038,0.0950204,False
rs12158565,82,153,-0.0597127,0.173783,False
rs12158565,82,154,-0.0618058,0.159888,False
rs12158565,82,155,-0.0634114,0.149686,False
rs12158565,82,156,-0.0806617,0.0669241,False
rs12158565,82,157,-0.072999,0.0986526,False
rs12158565,82,158,-0.0792417,0.0735946,False
rs12158565,82,159,-0.0750276,0.0907701,False
rs12158565,82,160,-0.0744925,0.0941671,False
rs12158565,82,161,-0.0797364,0.0742474,False
rs12158565,82,162,-0.0776598,0.0828691,False
rs12158565,82,163,-0.0853009,0.0575764,False
rs12158565,82,164,-0.0880683,0.0506932,False
rs12158565,82,165,-0.0932471,0.0391854,False
rs12158565,82,166,-0.0858745,0.0584815,False
rs12158565,82,167,-0.0879617,0.0533678,False
rs12158565,82,168,-0.0864204,0.0584343,False
rs12158565,82,169,-0.0892383,0.0515249,False
rs12158565,82,170,-0.078812,0.0863558,False
rs12158565,82,171,-0.10155,0.0273529,False
rs12158565,82,172,-0.0872739,0.0587488,False
rs12158565,82,173,-0.0866202,0.0611969,False
rs12158565,82,174,-0.0860465,0.0635744,False
rs12158565,82,175,-0.0867285,0.0621169,False
rs12158565,82,176,-0.0759269,0.103331,False
rs12158565,82,177,-0.090152,0.0537289,False
rs12158565,82,178,-0.0838673,0.0726597,False
rs12158565,82,179,-0.0898196,0.0552582,False
rs12158565,82,180,-0.101824,0.0299849,False
rs12158565,82,181,-0.0983092,0.0363495,False
rs12158565,82,182,-0.0931512,0.0475965,False
rs12158565,82,183,-0.0788981,0.0936081,False
rs12158565,82,184,-0.0872915,0.0635647,False
rs12158565,82,185,-0.106443,0.0235638,False
rs12158565,82,186,-0.0908875,0.0533317,False
rs12158565,82,187,-0.105052,0.0254275,False
rs12158565,82,188,-0.113094,0.0160451,False
rs12158565,82,189,-0.114559,0.0147509,False
rs12158565,82,190,-0.119103,0.0110342,False
rs12158565,82,191,-0.118474,0.0114041,False
rs12158565,82,192,-0.113495,0.0152364,False
rs12158565,82,193,-0.122181,0.00886272,False
rs12158565,82,194,-0.123753,0.00800294,False
rs12158565,82,195,-0.122263,0.00863926,False
rs12158565,82,196,-0.126833,0.00633828,False
rs12158565,82,197,-0.125969,0.00665293,False
rs12158565,82,198,-0.128928,0.00536841,False
rs12158565,82,199,-0.117798,0.0108523,False
rs12158565,82,200,-0.123967,0.00717956,False
rs12158565,82,201,-0.12288,0.00772482,False
rs12158565,82,202,-0.12937,0.00495566,False
rs12158565,82,203,-0.148391,0.00123569,False
rs12158565,82,204,-0.144344,0.00165266,False
rs12158565,82,205,-0.14712,0.00132515,False
rs12158565,82,206,-0.142359,0.00188065,False
rs12158565,82,207,-0.142115,0.00188855,False
rs12158565,82,208,-0.145752,0.00140773,False
rs12158565,82,209,-0.159144,0.00048662,False
rs12158565,82,210,-0.143299,0.00169507,False
rs12158565,82,211,-0.159878,0.000462999,False
rs12158565,82,212,-0.157857,0.000541365,False
rs12158565,82,213,-0.15616,0.000626976,False
rs12158565,82,214,-0.169591,0.000205321,False
rs12158565,82,215,-0.169293,0.000215271,False
rs12158565,82,216,-0.154726,0.000733437,False
rs12158565,82,217,-0.163555,0.000370592,False
rs12158565,82,218,-0.160027,0.00050754,False
rs12158565,82,219,-0.161898,0.000444511,False
rs12158565,82,220,-0.163417,0.000412296,False
rs12158565,82,221,-0.165995,0.000350938,False
rs12158565,82,222,-0.174803,0.00017612,False
rs12158565,82,223,-0.168462,0.000325056,False
rs12158565,82,224,-0.164468,0.000486167,False
rs12158565,82,225,-0.161184,0.000678761,False
rs12158565,82,226,-0.161731,0.000713581,False
rs12158565,82,227,-0.178608,0.000205979,False
rs12158565,82,228,-0.172128,0.000393969,False
rs12158565,82,229,-0.165495,0.000719633,False
rs12158565,82,230,-0.169028,0.000609656,False
rs12158565,82,231,-0.157276,0.00161044,False
rs12158565,82,232,-0.171903,0.000653165,False
rs12158565,82,233,-0.175292,0.000587581,False
rs12158565,82,234,-0.17286,0.000798781,False
rs12158565,82,235,-0.177202,0.000690214,False
rs12158565,82,236,-0.187784,0.000377935,False
rs12158565,82,237,-0.189732,0.000393897,False
rs12158565,82,238,-0.179297,0.000952282,False
rs12158565,82,239,-0.189153,0.000596381,False
rs12158565,82,240,-0.192529,0.000563972,False
rs12158565,82,241,-0.182209,0.00128131,False
rs12158565,82,242,-0.17804,0.0019627,False
rs12158565,82,243,-0.182426,0.00177623,False
rs12158565,82,244,-0.186059,0.0016966,False
rs12158565,82,245,-0.195896,0.00115124,False
rs12158565,82,246,-0.18399,0.00261062,False
rs12158565,82,247,-0.190428,0.00218964,False
rs12158565,82,248,-0.206651,0.00105916,False
rs12158565,82,249,-0.191347,0.00275346,False
rs12158565,82,250,-0.204311,0.00162636,False
rs12158565,82,251,-0.212374,0.001227,False
rs12158565,83,6,-0.0955267,0.00901428,False
rs12158565,83,7,-0.0928965,0.0103747,False
rs12158565,83,8,-0.0894411,0.0128507,False
rs12158565,83,9,-0.07707,0.0305103,False
rs12158565,83,10,-0.0825925,0.019313,False
rs12158565,83,11,-0.0912004,0.00944678,False
rs12158565,83,12,-0.0940326,0.00711124,False
rs12158565,83,13,-0.0813229,0.0191348,False
rs12158565,83,14,-0.0855864,0.0135249,False
rs12158565,83,15,-0.083699,0.0157291,False
rs12158565,83,16,-0.0894509,0.00973778,False
rs12158565,83,17,-0.0747862,0.0302791,False
rs12158565,83,18,-0.0862663,0.0126615,False
rs12158565,83,19,-0.0755401,0.0289167,False
rs12158565,83,20,-0.087569,0.011612,False
rs12158565,83,21,-0.0879671,0.0114096,False
rs12158565,83,22,-0.0739657,0.0337197,False
rs12158565,83,23,-0.092021,0.00841716,False
rs12158565,83,24,-0.0820731,0.0191263,False
rs12158565,83,25,-0.0652896,0.0630276,False
rs12158565,83,26,-0.0605551,0.0860333,False
rs12158565,83,27,-0.0699419,0.0477818,False
rs12158565,83,28,-0.0752155,0.0335865,False
rs12158565,83,29,-0.0651248,0.066926,False
rs12158565,83,30,-0.07072,0.0474399,False
rs12158565,83,31,-0.0744991,0.0379542,False
rs12158565,83,32,-0.072607,0.0439973,False
rs12158565,83,33,-0.0570349,0.11478,False
rs12158565,83,34,-0.0694069,0.0558715,False
rs12158565,83,35,-0.0584705,0.10835,False
rs12158565,83,36,-0.0532895,0.145771,False
rs12158565,83,37,-0.0682106,0.063327,False
rs12158565,83,38,-0.0559697,0.129929,False
rs12158565,83,39,-0.0603626,0.104171,False
rs12158565,83,40,-0.0688152,0.0643543,False
rs12158565,83,41,-0.0688604,0.0659298,False
rs12158565,83,42,-0.0671894,0.0741814,False
rs12158565,83,43,-0.0723123,0.0559902,False
rs12158565,83,44,-0.0706849,0.0630501,False
rs12158565,83,45,-0.0595261,0.119787,False
rs12158565,83,46,-0.0729831,0.0576527,False
rs12158565,83,47,-0.0810943,0.0357936,False
rs12158565,83,48,-0.0749257,0.0540684,False
rs12158565,83,49,-0.0881801,0.0241738,False
rs12158565,83,50,-0.0722037,0.0658129,False
rs12158565,83,51,-0.0717284,0.0694604,False
rs12158565,83,52,-0.0672044,0.0911048,False
rs12158565,83,53,-0.0715965,0.0731932,False
rs12158565,83,54,-0.0649796,0.106091,False
rs12158565,83,55,-0.0636337,0.115048,False
rs12158565,83,56,-0.0618123,0.126976,False
rs12158565,83,57,-0.0668193,0.101302,False
rs12158565,83,58,-0.0800923,0.0504734,False
rs12158565,83,59,-0.0626824,0.127038,False
rs12158565,83,60,-0.0617602,0.134784,False
rs12158565,83,61,-0.0660799,0.111035,False
rs12158565,83,62,-0.0643684,0.12181,False
rs12158565,83,63,-0.0728856,0.0812845,False
rs12158565,83,64,-0.0708716,0.0915349,False
rs12158565,83,65,-0.0660745,0.117042,False
rs12158565,83,66,-0.0704155,0.0958972,False
rs12158565,83,67,-0.0635005,0.134334,False
rs12158565,83,68,-0.0584009,0.169996,False
rs12158565,83,69,-0.056118,0.189133,False
rs12158565,83,70,-0.0651934,0.128189,False
rs12158565,83,71,-0.0641876,0.135227,False
rs12158565,83,72,-0.068201,0.113699,False
rs12158565,83,73,-0.0524245,0.225018,False
rs12158565,83,74,-0.0409628,0.343756,False
rs12158565,83,75,-0.0381375,0.379262,False
rs12158565,83,76,-0.0507048,0.243063,False
rs12158565,83,77,-0.046602,0.283577,False
rs12158565,83,78,-0.0221471,0.61086,False
rs12158565,83,79,-0.038235,0.379955,False
rs12158565,83,80,-0.0392902,0.367697,False
rs12158565,83,81,-0.0390115,0.370772,False
rs12158565,83,82,-0.0328641,0.450551,False
rs12158565,83,83,-0.0428497,0.325419,False
rs12158565,83,84,-0.0318365,0.465001,False
rs12158565,83,85,-0.0293458,0.500222,False
rs12158565,83,86,-0.0282204,0.516531,False
rs12158565,83,87,-0.0320396,0.460446,False
rs12158565,83,88,-0.0283218,0.514059,False
rs12158565,83,89,-0.035116,0.417615,False
rs12158565,83,90,-0.0295787,0.494246,False
rs12158565,83,91,-0.0275178,0.524027,False
rs12158565,83,92,-0.010998,0.798617,False
rs12158565,83,93,-0.0166014,0.700155,False
rs12158565,83,94,-0.0260519,0.545173,False
rs12158565,83,95,-0.0359483,0.404145,False
rs12158565,83,96,-0.03231,0.451813,False
rs12158565,83,97,-0.0263165,0.538745,False
rs12158565,83,98,-0.0314954,0.461884,False
rs12158565,83,99,-0.030913,0.469549,False
rs12158565,83,100,-0.0277705,0.515606,False
rs12158565,83,101,-0.0119186,0.7801,False
rs12158565,83,102,-0.0126663,0.766636,False
rs12158565,83,103,-0.0194324,0.648973,False
rs12158565,83,104,-0.0122305,0.774423,False
rs12158565,83,105,-0.0197025,0.64446,False
rs12158565,83,106,-0.017873,0.67565,False
rs12158565,83,107,-0.0176001,0.680696,False
rs12158565,83,108,-0.0166633,0.697404,False
rs12158565,83,109,-0.0109183,0.799259,False
rs12158565,83,110,-0.00782036,0.855522,False
rs12158565,83,111,-0.00276706,0.948681,False
rs12158565,83,112,-0.0123894,0.773948,False
rs12158565,83,113,-0.0206401,0.633248,False
rs12158565,83,114,-0.0183516,0.672268,False
rs12158565,83,115,-0.0157588,0.71743,False
rs12158565,83,116,-0.0165413,0.704921,False
rs12158565,83,117,-0.0137208,0.753991,False
rs12158565,83,118,-0.0196,0.655497,False
rs12158565,83,119,-0.0229831,0.601972,False
rs12158565,83,120,-0.025502,0.564504,False
rs12158565,83,121,-0.0269988,0.54271,False
rs12158565,83,122,-0.024299,0.585117,False
rs12158565,83,123,-0.0312419,0.483576,False
rs12158565,83,124,-0.0360136,0.420629,False
rs12158565,83,125,-0.0241371,0.590231,False
rs12158565,83,126,-0.0247363,0.581347,False
rs12158565,83,127,-0.0314177,0.484489,False
rs12158565,83,128,-0.0381194,0.396822,False
rs12158565,83,129,-0.045096,0.316237,False
rs12158565,83,130,-0.052193,0.246157,False
rs12158565,83,131,-0.0531145,0.237975,False
rs12158565,83,132,-0.047163,0.294977,False
rs12158565,83,133,-0.058597,0.192348,False
rs12158565,83,134,-0.0615919,0.169744,False
rs12158565,83,135,-0.0684148,0.126582,False
rs12158565,83,136,-0.0618391,0.167422,False
rs12158565,83,137,-0.0652607,0.143819,False
rs12158565,83,138,-0.0671905,0.131702,False
rs12158565,83,139,-0.0671403,0.130809,False
rs12158565,83,140,-0.0748423,0.0911895,False
rs12158565,83,141,-0.0588594,0.183883,False
rs12158565,83,142,-0.0663224,0.133776,False
rs12158565,83,143,-0.0661838,0.133984,False
rs12158565,83,144,-0.0673548,0.126997,False
rs12158565,83,145,-0.0622122,0.15774,False
rs12158565,83,146,-0.071944,0.102373,False
rs12158565,83,147,-0.0771447,0.0800465,False
rs12158565,83,148,-0.0691843,0.116246,False
rs12158565,83,149,-0.064653,0.142785,False
rs12158565,83,150,-0.0789394,0.0737299,False
rs12158565,83,151,-0.0663354,0.133143,False
rs12158565,83,152,-0.0742921,0.0930921,False
rs12158565,83,153,-0.0741761,0.0938884,False
rs12158565,83,154,-0.0687897,0.121,False
rs12158565,83,155,-0.0745478,0.0940873,False
rs12158565,83,156,-0.0714355,0.108886,False
rs12158565,83,157,-0.0623518,0.162459,False
rs12158565,83,158,-0.078108,0.0808568,False
rs12158565,83,159,-0.0723731,0.107033,False
rs12158565,83,160,-0.0752778,0.0946653,False
rs12158565,83,161,-0.0770003,0.0881207,False
rs12158565,83,162,-0.0724444,0.109366,False
rs12158565,83,163,-0.0794528,0.0799778,False
rs12158565,83,164,-0.0741406,0.103602,False
rs12158565,83,165,-0.0730002,0.110458,False
rs12158565,83,166,-0.0848981,0.0644671,False
rs12158565,83,167,-0.0912747,0.0474548,False
rs12158565,83,168,-0.0943455,0.0408706,False
rs12158565,83,169,-0.0856034,0.0638345,False
rs12158565,83,170,-0.0845899,0.0681875,False
rs12158565,83,171,-0.0803508,0.0837701,False
rs12158565,83,172,-0.0906739,0.0516627,False
rs12158565,83,173,-0.099285,0.0338,False
rs12158565,83,174,-0.0954465,0.0415398,False
rs12158565,83,175,-0.0843573,0.0718622,False
rs12158565,83,176,-0.0935028,0.0465065,False
rs12158565,83,177,-0.0906974,0.0538396,False
rs12158565,83,178,-0.0797241,0.0906371,False
rs12158565,83,179,-0.0906845,0.0538615,False
rs12158565,83,180,-0.0858495,0.068593,False
rs12158565,83,181,-0.0813478,0.0848043,False
rs12158565,83,182,-0.0849223,0.0719279,False
rs12158565,83,183,-0.0943736,0.0456199,False
rs12158565,83,184,-0.109509,0.0204505,False
rs12158565,83,185,-0.100351,0.0332645,False
rs12158565,83,186,-0.104165,0.0268262,False
rs12158565,83,187,-0.111495,0.017742,False
rs12158565,83,188,-0.100301,0.033014,False
rs12158565,83,189,-0.104599,0.0260709,False
rs12158565,83,190,-0.118543,0.0114796,False
rs12158565,83,191,-0.10817,0.0209628,False
rs12158565,83,192,-0.113304,0.0153278,False
rs12158565,83,193,-0.119523,0.0104568,False
rs12158565,83,194,-0.120594,0.00968726,False
rs12158565,83,195,-0.119253,0.0103468,False
rs12158565,83,196,-0.111435,0.0164058,False
rs12158565,83,197,-0.113288,0.0145671,False
rs12158565,83,198,-0.103479,0.0254484,False
rs12158565,83,199,-0.103245,0.0254535,False
rs12158565,83,200,-0.119435,0.00963507,False
rs12158565,83,201,-0.121628,0.0083151,False
rs12158565,83,202,-0.110518,0.0162948,False
rs12158565,83,203,-0.126677,0.00585143,False
rs12158565,83,204,-0.114713,0.012356,False
rs12158565,83,205,-0.124247,0.00669703,False
rs12158565,83,206,-0.125684,0.00602404,False
rs12158565,83,207,-0.129874,0.00447163,False
rs12158565,83,208,-0.13284,0.00366036,False
rs12158565,83,209,-0.137142,0.00269661,False
rs12158565,83,210,-0.137994,0.00251153,False
rs12158565,83,211,-0.143937,0.00163485,False
rs12158565,83,212,-0.143284,0.00173642,False
rs12158565,83,213,-0.139265,0.00233942,False
rs12158565,83,214,-0.140507,0.00215789,False
rs12158565,83,215,-0.136855,0.00287449,False
rs12158565,83,216,-0.140024,0.00233795,False
rs12158565,83,217,-0.138291,0.00269922,False
rs12158565,83,218,-0.137489,0.00291946,False
rs12158565,83,219,-0.134115,0.00382594,False
rs12158565,83,220,-0.128654,0.00569008,False
rs12158565,83,221,-0.145334,0.0018607,False
rs12158565,83,222,-0.144032,0.00217222,False
rs12158565,83,223,-0.143616,0.00234198,False
rs12158565,83,224,-0.149952,0.00156439,False
rs12158565,83,225,-0.171121,0.000333294,False
rs12158565,83,226,-0.164725,0.00061479,False
rs12158565,83,227,-0.178007,0.000239427,False
rs12158565,83,228,-0.158363,0.00118131,False
rs12158565,83,229,-0.154027,0.00177223,False
rs12158565,83,230,-0.157739,0.00151775,False
rs12158565,83,231,-0.162036,0.00125923,False
rs12158565,83,232,-0.178881,0.00042025,False
rs12158565,83,233,-0.166068,0.00121557,False
rs12158565,83,234,-0.180789,0.000510088,False
rs12158565,83,235,-0.169788,0.00125754,False
rs12158565,83,236,-0.194956,0.000258649,False
rs12158565,83,237,-0.190931,0.00041191,False
rs12158565,83,238,-0.190445,0.000507798,False
rs12158565,83,239,-0.191402,0.000571865,False
rs12158565,83,240,-0.176408,0.00173627,False
rs12158565,83,241,-0.203015,0.00038366,False
rs12158565,83,242,-0.195731,0.000749957,False
rs12158565,83,243,-0.193824,0.00100319,False
rs12158565,83,244,-0.200889,0.000785394,False
rs12158565,83,245,-0.207361,0.000636873,False
rs12158565,83,246,-0.199753,0.00118716,False
rs12158565,83,247,-0.200499,0.00136626,False
rs12158565,83,248,-0.196399,0.00199346,False
rs12158565,83,249,-0.220096,0.000633871,False
rs12158565,83,250,-0.216599,0.000917316,False
rs12158565,83,251,-0.223848,0.000697707,False
rs12158565,84,7,-0.0531969,0.142834,False
rs12158565,84,8,-0.0630838,0.0794125,False
rs12158565,84,9,-0.0744686,0.036692,False
rs12158565,84,10,-0.0665203,0.0599942,False
rs12158565,84,11,-0.077374,0.0274784,False
rs12158565,84,12,-0.0846105,0.0154576,False
rs12158565,84,13,-0.0799781,0.0217791,False
rs12158565,84,14,-0.0791058,0.0227911,False
rs12158565,84,15,-0.0877806,0.0113048,False
rs12158565,84,16,-0.0852879,0.0135929,False
rs12158565,84,17,-0.0809106,0.0191384,False
rs12158565,84,18,-0.0930027,0.00713158,False
rs12158565,84,19,-0.11316,0.00106935,False
rs12158565,84,20,-0.0970137,0.00502201,False
rs12158565,84,21,-0.0974624,0.00495236,False
rs12158565,84,22,-0.0962202,0.0056268,False
rs12158565,84,23,-0.0892543,0.0103065,False
rs12158565,84,24,-0.0992405,0.00451165,False
rs12158565,84,25,-0.0887016,0.0111829,False
rs12158565,84,26,-0.0936992,0.00758879,False
rs12158565,84,27,-0.0933573,0.00803325,False
rs12158565,84,28,-0.0884944,0.0123366,False
rs12158565,84,29,-0.0936078,0.00818609,False
rs12158565,84,30,-0.0775094,0.0295457,False
rs12158565,84,31,-0.0846301,0.0178063,False
rs12158565,84,32,-0.0677662,0.0584066,False
rs12158565,84,33,-0.0806776,0.024635,False
rs12158565,84,34,-0.0858046,0.0175447,False
rs12158565,84,35,-0.077079,0.0337868,False
rs12158565,84,36,-0.0761918,0.0366091,False
rs12158565,84,37,-0.0847345,0.0205708,False
rs12158565,84,38,-0.0787468,0.0322537,False
rs12158565,84,39,-0.0829391,0.0247491,False
rs12158565,84,40,-0.0793607,0.0325019,False
rs12158565,84,41,-0.0718909,0.0535935,False
rs12158565,84,42,-0.0821277,0.0282873,False
rs12158565,84,43,-0.0774065,0.0397222,False
rs12158565,84,44,-0.0561833,0.137887,False
rs12158565,84,45,-0.0642797,0.0914339,False
rs12158565,84,46,-0.0841128,0.0276513,False
rs12158565,84,47,-0.0726368,0.0587332,False
rs12158565,84,48,-0.0707075,0.066648,False
rs12158565,84,49,-0.07424,0.0553411,False
rs12158565,84,50,-0.0660152,0.0903835,False
rs12158565,84,51,-0.0661589,0.0917088,False
rs12158565,84,52,-0.0678978,0.0851117,False
rs12158565,84,53,-0.0589216,0.137049,False
rs12158565,84,54,-0.0582829,0.144372,False
rs12158565,84,55,-0.0676256,0.0916202,False
rs12158565,84,56,-0.0590645,0.141861,False
rs12158565,84,57,-0.0609635,0.131923,False
rs12158565,84,58,-0.0761565,0.0613555,False
rs12158565,84,59,-0.0779047,0.0569046,False
rs12158565,84,60,-0.0575666,0.161723,False
rs12158565,84,61,-0.0547402,0.185207,False
rs12158565,84,62,-0.0726747,0.0794912,False
rs12158565,84,63,-0.0672489,0.106763,False
rs12158565,84,64,-0.0570866,0.172687,False
rs12158565,84,65,-0.0567852,0.177132,False
rs12158565,84,66,-0.0617059,0.144441,False
rs12158565,84,67,-0.0541071,0.201536,False
rs12158565,84,68,-0.0678237,0.110151,False
rs12158565,84,69,-0.0615739,0.149124,False
rs12158565,84,70,-0.0541638,0.206006,False
rs12158565,84,71,-0.0537223,0.211002,False
rs12158565,84,72,-0.0535342,0.214538,False
rs12158565,84,73,-0.0494717,0.253114,False
rs12158565,84,74,-0.0461319,0.287355,False
rs12158565,84,75,-0.0416389,0.338216,False
rs12158565,84,76,-0.0411462,0.345185,False
rs12158565,84,77,-0.0316321,0.467558,False
rs12158565,84,78,-0.0444534,0.309467,False
rs12158565,84,79,-0.0421045,0.336409,False
rs12158565,84,80,-0.0361169,0.409933,False
rs12158565,84,81,-0.0325342,0.457578,False
rs12158565,84,82,-0.0233082,0.594255,False
rs12158565,84,83,-0.024774,0.571888,False
rs12158565,84,84,-0.0275064,0.529853,False
rs12158565,84,85,-0.032345,0.458704,False
rs12158565,84,86,-0.0208534,0.633357,False
rs12158565,84,87,-0.0186004,0.670297,False
rs12158565,84,88,-0.0153156,0.725509,False
rs12158565,84,89,-0.0144847,0.740013,False
rs12158565,84,90,-0.0206959,0.634645,False
rs12158565,84,91,-0.0177704,0.683081,False
rs12158565,84,92,-0.0182749,0.674285,False
rs12158565,84,93,-0.0278324,0.522311,False
rs12158565,84,94,-0.0216556,0.618343,False
rs12158565,84,95,-0.0117279,0.786855,False
rs12158565,84,96,-0.0111293,0.797143,False
rs12158565,84,97,-0.0178989,0.678607,False
rs12158565,84,98,-0.0125176,0.771953,False
rs12158565,84,99,-0.00192798,0.96443,False
rs12158565,84,100,-0.0137681,0.749502,False
rs12158565,84,101,-0.000734078,0.986432,False
rs12158565,84,102,-0.00122409,0.97734,False
rs12158565,84,103,-0.0076804,0.858487,False
rs12158565,84,104,-0.0039844,0.926302,False
rs12158565,84,105,-0.0126494,0.769023,False
rs12158565,84,106,-0.00971438,0.821645,False
rs12158565,84,107,-0.010303,0.81088,False
rs12158565,84,108,-0.00766227,0.858819,False
rs12158565,84,109,-0.0150324,0.727552,False
rs12158565,84,110,-0.0260381,0.546147,False
rs12158565,84,111,-0.0279224,0.517722,False
rs12158565,84,112,-0.012687,0.769339,False
rs12158565,84,113,-0.0116537,0.788118,False
rs12158565,84,114,-0.0152613,0.725356,False
rs12158565,84,115,-0.0123159,0.777273,False
rs12158565,84,116,-0.0187864,0.666921,False
rs12158565,84,117,-0.0185957,0.670652,False
rs12158565,84,118,-0.0181879,0.678559,False
rs12158565,84,119,-0.0300383,0.494563,False
rs12158565,84,120,-0.0278116,0.528265,False
rs12158565,84,121,-0.0238094,0.590238,False
rs12158565,84,122,-0.0164035,0.711234,False
rs12158565,84,123,-0.0335813,0.449482,False
rs12158565,84,124,-0.0494688,0.26621,False
rs12158565,84,125,-0.0514085,0.248825,False
rs12158565,84,126,-0.0461541,0.3009,False
rs12158565,84,127,-0.0374185,0.402366,False
rs12158565,84,128,-0.0404132,0.366975,False
rs12158565,84,129,-0.0478616,0.285566,False
rs12158565,84,130,-0.0453438,0.311811,False
rs12158565,84,131,-0.0461982,0.302625,False
rs12158565,84,132,-0.0598027,0.182618,False
rs12158565,84,133,-0.0510823,0.254342,False
rs12158565,84,134,-0.0642214,0.151669,False
rs12158565,84,135,-0.0645167,0.149327,False
rs12158565,84,136,-0.0646942,0.148236,False
rs12158565,84,137,-0.060015,0.17907,False
rs12158565,84,138,-0.0587937,0.18736,False
rs12158565,84,139,-0.0600394,0.176908,False
rs12158565,84,140,-0.0574816,0.195318,False
rs12158565,84,141,-0.0620216,0.161833,False
rs12158565,84,142,-0.0586704,0.185887,False
rs12158565,84,143,-0.059429,0.180162,False
rs12158565,84,144,-0.0481484,0.277571,False
rs12158565,84,145,-0.0721971,0.103211,False
rs12158565,84,146,-0.0607718,0.170892,False
rs12158565,84,147,-0.0703349,0.112683,False
rs12158565,84,148,-0.0777183,0.080099,False
rs12158565,84,149,-0.077834,0.0797055,False
rs12158565,84,150,-0.0783161,0.0781753,False
rs12158565,84,151,-0.0747864,0.0931439,False
rs12158565,84,152,-0.0665854,0.135394,False
rs12158565,84,153,-0.0650851,0.14482,False
rs12158565,84,154,-0.073243,0.10173,False
rs12158565,84,155,-0.0654686,0.144421,False
rs12158565,84,156,-0.0607617,0.176975,False
rs12158565,84,157,-0.0722717,0.109616,False
rs12158565,84,158,-0.0655837,0.146856,False
rs12158565,84,159,-0.077802,0.0860366,False
rs12158565,84,160,-0.0855879,0.0596884,False
rs12158565,84,161,-0.0822174,0.0713777,False
rs12158565,84,162,-0.0946772,0.0383033,False
rs12158565,84,163,-0.0797724,0.0817977,False
rs12158565,84,164,-0.0846667,0.0656401,False
rs12158565,84,165,-0.0828764,0.0721201,False
rs12158565,84,166,-0.0897046,0.0524815,False
rs12158565,84,167,-0.0889503,0.0551491,False
rs12158565,84,168,-0.0962936,0.0383076,False
rs12158565,84,169,-0.0943662,0.0428134,False
rs12158565,84,170,-0.10598,0.0230725,False
rs12158565,84,171,-0.105915,0.0234859,False
rs12158565,84,172,-0.101697,0.0300217,False
rs12158565,84,173,-0.0923482,0.0495413,False
rs12158565,84,174,-0.0976723,0.0382453,False
rs12158565,84,175,-0.104973,0.0261935,False
rs12158565,84,176,-0.10295,0.0294137,False
rs12158565,84,177,-0.101314,0.0322089,False
rs12158565,84,178,-0.0958964,0.0426681,False
rs12158565,84,179,-0.0909274,0.0549582,False
rs12158565,84,180,-0.0980843,0.0382668,False
rs12158565,84,181,-0.0967286,0.0411227,False
rs12158565,84,182,-0.0955781,0.0437575,False
rs12158565,84,183,-0.0987586,0.0370225,False
rs12158565,84,184,-0.0931468,0.0492406,False
rs12158565,84,185,-0.0982716,0.0376,False
rs12158565,84,186,-0.108035,0.0221053,False
rs12158565,84,187,-0.0983481,0.0372345,False
rs12158565,84,188,-0.100423,0.0331113,False
rs12158565,84,189,-0.107075,0.0228569,False
rs12158565,84,190,-0.10122,0.0311986,False
rs12158565,84,191,-0.0959342,0.040874,False
rs12158565,84,192,-0.081,0.0837955,False
rs12158565,84,193,-0.0919986,0.0487567,False
rs12158565,84,194,-0.0962851,0.0386886,False
rs12158565,84,195,-0.107663,0.020609,False
rs12158565,84,196,-0.101615,0.0287651,False
rs12158565,84,197,-0.11361,0.0143031,False
rs12158565,84,198,-0.112997,0.014596,False
rs12158565,84,199,-0.118345,0.0103963,False
rs12158565,84,200,-0.11475,0.0128025,False
rs12158565,84,201,-0.109052,0.0179228,False
rs12158565,84,202,-0.118455,0.0100615,False
rs12158565,84,203,-0.114359,0.0129155,False
rs12158565,84,204,-0.119121,0.00947434,False
rs12158565,84,205,-0.11363,0.01328,False
rs12158565,84,206,-0.119724,0.00900368,False
rs12158565,84,207,-0.128854,0.00495807,False
rs12158565,84,208,-0.133465,0.00358631,False
rs12158565,84,209,-0.127353,0.0053877,False
rs12158565,84,210,-0.134459,0.00332764,False
rs12158565,84,211,-0.120204,0.00868439,False
rs12158565,84,212,-0.123404,0.007217,False
rs12158565,84,213,-0.13821,0.00261513,False
rs12158565,84,214,-0.145855,0.00151635,False
rs12158565,84,215,-0.143293,0.00187285,False
rs12158565,84,216,-0.140497,0.00231606,False
rs12158565,84,217,-0.143926,0.00181598,False
rs12158565,84,218,-0.127612,0.00586312,False
rs12158565,84,219,-0.147158,0.00157303,False
rs12158565,84,220,-0.135586,0.00371373,False
rs12158565,84,221,-0.142325,0.00242439,False
rs12158565,84,222,-0.15542,0.000975827,False
rs12158565,84,223,-0.15747,0.000900801,False
rs12158565,84,224,-0.159536,0.000824942,False
rs12158565,84,225,-0.164951,0.00058731,False
rs12158565,84,226,-0.158265,0.00106038,False
rs12158565,84,227,-0.156273,0.00132729,False
rs12158565,84,228,-0.157346,0.0013683,False
rs12158565,84,229,-0.169735,0.000625397,False
rs12158565,84,230,-0.1823,0.000282792,False
rs12158565,84,231,-0.182168,0.000325617,False
rs12158565,84,232,-0.177456,0.000528983,False
rs12158565,84,233,-0.178437,0.000587042,False
rs12158565,84,234,-0.178484,0.000689093,False
rs12158565,84,235,-0.177768,0.000830735,False
rs12158565,84,236,-0.177049,0.00103703,False
rs12158565,84,237,-0.185678,0.000679114,False
rs12158565,84,238,-0.196995,0.000380406,False
rs12158565,84,239,-0.185528,0.000964174,False
rs12158565,84,240,-0.19717,0.000538946,False
rs12158565,84,241,-0.196577,0.000679292,False
rs12158565,84,242,-0.19591,0.000848839,False
rs12158565,84,243,-0.204702,0.000588082,False
rs12158565,84,244,-0.200835,0.000882825,False
rs12158565,84,245,-0.192928,0.00167066,False
rs12158565,84,246,-0.209635,0.000765025,False
rs12158565,84,247,-0.203329,0.00129873,False
rs12158565,84,248,-0.227056,0.000395065,False
rs12158565,84,249,-0.221095,0.000657732,False
rs12158565,84,250,-0.224184,0.000646591,False
rs12158565,84,251,-0.227918,0.000605698,False
rs12158565,85,6,-0.0689697,0.0590635,False
rs12158565,85,7,-0.0615776,0.0895118,False
rs12158565,85,8,-0.0716309,0.0461592,False
rs12158565,85,9,-0.0720434,0.0431612,False
rs12158565,85,10,-0.0704638,0.0463738,False
rs12158565,85,11,-0.0803742,0.0222233,False
rs12158565,85,12,-0.081382,0.0198672,False
rs12158565,85,13,-0.0662786,0.056675,False
rs12158565,85,14,-0.0713679,0.0395208,False
rs12158565,85,15,-0.0803604,0.0202205,False
rs12158565,85,16,-0.0770137,0.0258267,False
rs12158565,85,17,-0.0890319,0.00999481,False
rs12158565,85,18,-0.075814,0.0281438,False
rs12158565,85,19,-0.0843542,0.0145526,False
rs12158565,85,20,-0.0863587,0.0126523,False
rs12158565,85,21,-0.0803059,0.0204295,False
rs12158565,85,22,-0.0872369,0.0118846,False
rs12158565,85,23,-0.0878154,0.0117722,False
rs12158565,85,24,-0.0866775,0.0133866,False
rs12158565,85,25,-0.0763253,0.0296696,False
rs12158565,85,26,-0.0811718,0.0206874,False
rs12158565,85,27,-0.0858062,0.0147471,False
rs12158565,85,28,-0.0876836,0.0131006,False
rs12158565,85,29,-0.0855661,0.0155001,False
rs12158565,85,30,-0.0888745,0.0123818,False
rs12158565,85,31,-0.0813983,0.0221841,False
rs12158565,85,32,-0.0876183,0.0141546,False
rs12158565,85,33,-0.0808054,0.0240752,False
rs12158565,85,34,-0.0711645,0.0477686,False
rs12158565,85,35,-0.0699707,0.0529481,False
rs12158565,85,36,-0.0767024,0.0344682,False
rs12158565,85,37,-0.0781919,0.0315708,False
rs12158565,85,38,-0.0672737,0.0654013,False
rs12158565,85,39,-0.0715229,0.051763,False
rs12158565,85,40,-0.0781053,0.0345133,False
rs12158565,85,41,-0.0766615,0.0386331,False
rs12158565,85,42,-0.078787,0.0343936,False
rs12158565,85,43,-0.088487,0.0182377,False
rs12158565,85,44,-0.0875293,0.0202007,False
rs12158565,85,45,-0.0897948,0.0177469,False
rs12158565,85,46,-0.0880303,0.0207369,False
rs12158565,85,47,-0.085245,0.0258205,False
rs12158565,85,48,-0.0944228,0.0140324,False
rs12158565,85,49,-0.0972646,0.0118507,False
rs12158565,85,50,-0.092288,0.017507,False
rs12158565,85,51,-0.0938494,0.016432,False
rs12158565,85,52,-0.086227,0.0282207,False
rs12158565,85,53,-0.0937952,0.0177609,False
rs12158565,85,54,-0.094255,0.0177993,False
rs12158565,85,55,-0.08705,0.0294145,False
rs12158565,85,56,-0.0863724,0.0315419,False
rs12158565,85,57,-0.0884812,0.0284548,False
rs12158565,85,58,-0.0815712,0.0444748,False
rs12158565,85,59,-0.0746556,0.0665458,False
rs12158565,85,60,-0.0742023,0.0700946,False
rs12158565,85,61,-0.0828855,0.04366,False
rs12158565,85,62,-0.0924469,0.0251765,False
rs12158565,85,63,-0.0942216,0.0232959,False
rs12158565,85,64,-0.073535,0.0777327,False
rs12158565,85,65,-0.0599311,0.152597,False
rs12158565,85,66,-0.0700577,0.0958313,False
rs12158565,85,67,-0.068951,0.10243,False
rs12158565,85,68,-0.0610675,0.149702,False
rs12158565,85,69,-0.0626104,0.141204,False
rs12158565,85,70,-0.0567332,0.184776,False
rs12158565,85,71,-0.0685076,0.110633,False
rs12158565,85,72,-0.0612522,0.155331,False
rs12158565,85,73,-0.0627263,0.146765,False
rs12158565,85,74,-0.0516233,0.23378,False
rs12158565,85,75,-0.0488265,0.261549,False
rs12158565,85,76,-0.0446155,0.306392,False
rs12158565,85,77,-0.0463037,0.289848,False
rs12158565,85,78,-0.0569219,0.193886,False
rs12158565,85,79,-0.0467464,0.286665,False
rs12158565,85,80,-0.0341763,0.436276,False
rs12158565,85,81,-0.0423017,0.336117,False
rs12158565,85,82,-0.0399571,0.364166,False
rs12158565,85,83,-0.0334664,0.447619,False
rs12158565,85,84,-0.0349648,0.428038,False
rs12158565,85,85,-0.0413829,0.348069,False
rs12158565,85,86,-0.0386615,0.380675,False
rs12158565,85,87,-0.0331344,0.452095,False
rs12158565,85,88,-0.0382351,0.385427,False
rs12158565,85,89,-0.0454316,0.301887,False
rs12158565,85,90,-0.0302221,0.491739,False
rs12158565,85,91,-0.0265378,0.546247,False
rs12158565,85,92,-0.031808,0.468958,False
rs12158565,85,93,-0.0305631,0.485651,False
rs12158565,85,94,-0.0194948,0.655874,False
rs12158565,85,95,-0.0191663,0.660907,False
rs12158565,85,96,-0.0220543,0.613439,False
rs12158565,85,97,-0.0142982,0.743085,False
rs12158565,85,98,-0.02402,0.582187,False
rs12158565,85,99,-0.0241542,0.579373,False
rs12158565,85,100,-0.0189093,0.664019,False
rs12158565,85,101,-0.00475522,0.912976,False
rs12158565,85,102,-0.0126317,0.771091,False
rs12158565,85,103,-0.0262612,0.545912,False
rs12158565,85,104,-0.0307871,0.478511,False
rs12158565,85,105,-0.0252338,0.560968,False
rs12158565,85,106,-0.0105249,0.808351,False
rs12158565,85,107,-0.0172714,0.690826,False
rs12158565,85,108,-0.0248566,0.567142,False
rs12158565,85,109,-0.0166727,0.701272,False
rs12158565,85,110,-0.028781,0.507944,False
rs12158565,85,111,-0.0217823,0.617034,False
rs12158565,85,112,-0.0288729,0.508492,False
rs12158565,85,113,-0.0167381,0.701764,False
rs12158565,85,114,-0.0148653,0.734146,False
rs12158565,85,115,-0.0267562,0.5416,False
rs12158565,85,116,-0.0209107,0.633732,False
rs12158565,85,117,-0.023891,0.586846,False
rs12158565,85,118,-0.0289007,0.511843,False
rs12158565,85,119,-0.031453,0.476307,False
rs12158565,85,120,-0.0193862,0.661492,False
rs12158565,85,121,-0.0160377,0.717476,False
rs12158565,85,122,-0.0226117,0.610834,False
rs12158565,85,123,-0.0372552,0.402711,False
rs12158565,85,124,-0.0316833,0.477061,False
rs12158565,85,125,-0.0355426,0.425667,False
rs12158565,85,126,-0.0273132,0.540952,False
rs12158565,85,127,-0.0314424,0.48197,False
rs12158565,85,128,-0.0192471,0.667513,False
rs12158565,85,129,-0.0214127,0.632954,False
rs12158565,85,130,-0.0321662,0.473689,False
rs12158565,85,131,-0.0346177,0.440691,False
rs12158565,85,132,-0.0451434,0.313962,False
rs12158565,85,133,-0.0448878,0.316893,False
rs12158565,85,134,-0.0490129,0.274439,False
rs12158565,85,135,-0.0408372,0.361928,False
rs12158565,85,136,-0.0479289,0.284746,False
rs12158565,85,137,-0.0540178,0.227419,False
rs12158565,85,138,-0.052484,0.241136,False
rs12158565,85,139,-0.0511591,0.252994,False
rs12158565,85,140,-0.0522813,0.242174,False
rs12158565,85,141,-0.0661317,0.138754,False
rs12158565,85,142,-0.06298,0.158243,False
rs12158565,85,143,-0.0738623,0.0984026,False
rs12158565,85,144,-0.0676151,0.130298,False
rs12158565,85,145,-0.0681415,0.127132,False
rs12158565,85,146,-0.0624944,0.16233,False
rs12158565,85,147,-0.0735321,0.100427,False
rs12158565,85,148,-0.0701499,0.117368,False
rs12158565,85,149,-0.0611589,0.173096,False
rs12158565,85,150,-0.0603504,0.179381,False
rs12158565,85,151,-0.0629705,0.161453,False
rs12158565,85,152,-0.0642871,0.15406,False
rs12158565,85,153,-0.0766754,0.089911,False
rs12158565,85,154,-0.0776867,0.0862678,False
rs12158565,85,155,-0.0874953,0.0538297,False
rs12158565,85,156,-0.0786807,0.0832296,False
rs12158565,85,157,-0.0800423,0.0789621,False
rs12158565,85,158,-0.0845791,0.0642925,False
rs12158565,85,159,-0.0910401,0.0469719,False
rs12158565,85,160,-0.104012,0.0234301,False
rs12158565,85,161,-0.0928796,0.0436829,False
rs12158565,85,162,-0.0936354,0.0424724,False
rs12158565,85,163,-0.090044,0.0518566,False
rs12158565,85,164,-0.0810559,0.08077,False
rs12158565,85,165,-0.0794233,0.087482,False
rs12158565,85,166,-0.0791518,0.0895097,False
rs12158565,85,167,-0.0977767,0.0362948,False
rs12158565,85,168,-0.0976447,0.0371841,False
rs12158565,85,169,-0.0920291,0.0499435,False
rs12158565,85,170,-0.0960318,0.0413654,False
rs12158565,85,171,-0.104221,0.0270189,False
rs12158565,85,172,-0.111871,0.0177469,False
rs12158565,85,173,-0.10726,0.0231405,False
rs12158565,85,174,-0.0972135,0.0399282,False
rs12158565,85,175,-0.103711,0.0284691,False
rs12158565,85,176,-0.105924,0.0256089,False
rs12158565,85,177,-0.107346,0.0236797,False
rs12158565,85,178,-0.10679,0.0245031,False
rs12158565,85,179,-0.111237,0.0192352,False
rs12158565,85,180,-0.104383,0.0281974,False
rs12158565,85,181,-0.104886,0.0275126,False
rs12158565,85,182,-0.090354,0.057207,False
rs12158565,85,183,-0.0909137,0.0559309,False
rs12158565,85,184,-0.0979912,0.0388884,False
rs12158565,85,185,-0.104107,0.0280643,False
rs12158565,85,186,-0.0940223,0.0470096,False
rs12158565,85,187,-0.103872,0.0279223,False
rs12158565,85,188,-0.103299,0.0286579,False
rs12158565,85,189,-0.104307,0.0268564,False
rs12158565,85,190,-0.104565,0.0260324,False
rs12158565,85,191,-0.107482,0.0219671,False
rs12158565,85,192,-0.109284,0.0197257,False
rs12158565,85,193,-0.114836,0.014003,False
rs12158565,85,194,-0.114544,0.0140458,False
rs12158565,85,195,-0.114631,0.0135895,False
rs12158565,85,196,-0.11623,0.0122786,False
rs12158565,85,197,-0.105104,0.0232534,False
rs12158565,85,198,-0.117288,0.01123,False
rs12158565,85,199,-0.124199,0.0071128,False
rs12158565,85,200,-0.121593,0.00826375,False
rs12158565,85,201,-0.12304,0.00743949,False
rs12158565,85,202,-0.115693,0.0116243,False
rs12158565,85,203,-0.120957,0.00831181,False
rs12158565,85,204,-0.142837,0.00181686,False
rs12158565,85,205,-0.14123,0.00201013,False
rs12158565,85,206,-0.138093,0.00249345,False
rs12158565,85,207,-0.124732,0.00631648,False
rs12158565,85,208,-0.149496,0.00105415,False
rs12158565,85,209,-0.145475,0.00141369,False
rs12158565,85,210,-0.143286,0.0017016,False
rs12158565,85,211,-0.149066,0.00111658,False
rs12158565,85,212,-0.153453,0.000799337,False
rs12158565,85,213,-0.139173,0.00238592,False
rs12158565,85,214,-0.153593,0.000820934,False
rs12158565,85,215,-0.155365,0.00073848,False
rs12158565,85,216,-0.149886,0.00117375,False
rs12158565,85,217,-0.165979,0.000343102,False
rs12158565,85,218,-0.162915,0.000462561,False
rs12158565,85,219,-0.17338,0.000205762,False
rs12158565,85,220,-0.160752,0.000613309,False
rs12158565,85,221,-0.165078,0.000465716,False
rs12158565,85,222,-0.173979,0.000245654,False
rs12158565,85,223,-0.175054,0.000244687,False
rs12158565,85,224,-0.178191,0.000209247,False
rs12158565,85,225,-0.180945,0.000186687,False
rs12158565,85,226,-0.186984,0.000129413,False
rs12158565,85,227,-0.188112,0.000134568,False
rs12158565,85,228,-0.189639,0.000135264,False
rs12158565,85,229,-0.186173,0.000208655,False
rs12158565,85,230,-0.182244,0.00032659,False
rs12158565,85,231,-0.187687,0.00025203,False
rs12158565,85,232,-0.179864,0.000524608,False
rs12158565,85,233,-0.180361,0.000594994,False
rs12158565,85,234,-0.188221,0.000398223,False
rs12158565,85,235,-0.184591,0.000613938,False
rs12158565,85,236,-0.184219,0.000739427,False
rs12158565,85,237,-0.193988,0.000452761,False
rs12158565,85,238,-0.178806,0.0014252,False
rs12158565,85,239,-0.200022,0.000437612,False
rs12158565,85,240,-0.190746,0.000936236,False
rs12158565,85,241,-0.186617,0.00142523,False
rs12158565,85,242,-0.190563,0.00131191,False
rs12158565,85,243,-0.201959,0.000789176,False
rs12158565,85,244,-0.196026,0.00132727,False
rs12158565,85,245,-0.214296,0.000539731,False
rs12158565,85,246,-0.195898,0.00182187,False
rs12158565,85,247,-0.198547,0.00180547,False
rs12158565,85,248,-0.198574,0.00207299,False
rs12158565,85,249,-0.209264,0.00136582,False
rs12158565,85,250,-0.207877,0.0016972,False
rs12158565,85,251,-0.218138,0.00111132,False
rs12158565,86,7,-0.0717774,0.0469363,False
rs12158565,86,8,-0.0949976,0.00800409,False
rs12158565,86,9,-0.0839168,0.0182581,False
rs12158565,86,10,-0.0897721,0.0110212,False
rs12158565,86,11,-0.0749664,0.0325204,False
rs12158565,86,12,-0.0850338,0.0148429,False
rs12158565,86,13,-0.092981,0.00734968,False
rs12158565,86,14,-0.0794265,0.0214339,False
rs12158565,86,15,-0.0873782,0.0113581,False
rs12158565,86,16,-0.0843467,0.0142295,False
rs12158565,86,17,-0.0831171,0.0157572,False
rs12158565,86,18,-0.0954244,0.00553742,False
rs12158565,86,19,-0.0860759,0.0122046,False
rs12158565,86,20,-0.0823784,0.0168709,False
rs12158565,86,21,-0.0932216,0.00698611,False
rs12158565,86,22,-0.084871,0.014148,False
rs12158565,86,23,-0.0850282,0.0140635,False
rs12158565,86,24,-0.0764127,0.0277802,False
rs12158565,86,25,-0.0912522,0.00871081,False
rs12158565,86,26,-0.0831969,0.0172341,False
rs12158565,86,27,-0.0850794,0.0151334,False
rs12158565,86,28,-0.0981092,0.00524604,False
rs12158565,86,29,-0.0813519,0.0210051,False
rs12158565,86,30,-0.0785955,0.0262786,False
rs12158565,86,31,-0.0685656,0.05305,False
rs12158565,86,32,-0.0731973,0.0395105,False
rs12158565,86,33,-0.0735176,0.0394095,False
rs12158565,86,34,-0.0738927,0.0390827,False
rs12158565,86,35,-0.0801862,0.0258512,False
rs12158565,86,36,-0.0835218,0.0207769,False
rs12158565,86,37,-0.0772296,0.0333497,False
rs12158565,86,38,-0.0884329,0.0151729,False
rs12158565,86,39,-0.0922982,0.0115386,False
rs12158565,86,40,-0.0892147,0.015393,False
rs12158565,86,41,-0.0837322,0.0234876,False
rs12158565,86,42,-0.08735,0.0186483,False
rs12158565,86,43,-0.0900764,0.0157361,False
rs12158565,86,44,-0.0876829,0.0193674,False
rs12158565,86,45,-0.0837957,0.0263935,False
rs12158565,86,46,-0.0838479,0.027051,False
rs12158565,86,47,-0.0905176,0.0173364,False
rs12158565,86,48,-0.0828761,0.0303444,False
rs12158565,86,49,-0.0927185,0.0158954,False
rs12158565,86,50,-0.0785636,0.0421953,False
rs12158565,86,51,-0.0835792,0.0315888,False
rs12158565,86,52,-0.0971815,0.0130151,False
rs12158565,86,53,-0.0778777,0.0475741,False
rs12158565,86,54,-0.0715739,0.0698684,False
rs12158565,86,55,-0.0743246,0.0611437,False
rs12158565,86,56,-0.0843008,0.0347123,False
rs12158565,86,57,-0.0845237,0.0352863,False
rs12158565,86,58,-0.0743973,0.0652522,False
rs12158565,86,59,-0.0839088,0.0385479,False
rs12158565,86,60,-0.0794349,0.0513458,False
rs12158565,86,61,-0.0793526,0.0527401,False
rs12158565,86,62,-0.0890007,0.0307515,False
rs12158565,86,63,-0.0686205,0.0973642,False
rs12158565,86,64,-0.0662687,0.110944,False
rs12158565,86,65,-0.0707285,0.0904452,False
rs12158565,86,66,-0.0698225,0.0960842,False
rs12158565,86,67,-0.0690461,0.101237,False
rs12158565,86,68,-0.0691304,0.102187,False
rs12158565,86,69,-0.0706288,0.0967234,False
rs12158565,86,70,-0.0716223,0.0932589,False
rs12158565,86,71,-0.0664697,0.120544,False
rs12158565,86,72,-0.0515405,0.230769,False
rs12158565,86,73,-0.055638,0.197025,False
rs12158565,86,74,-0.0588541,0.174245,False
rs12158565,86,75,-0.0721331,0.0967618,False
rs12158565,86,76,-0.0508615,0.242771,False
rs12158565,86,77,-0.0525369,0.229051,False
rs12158565,86,78,-0.0550594,0.208623,False
rs12158565,86,79,-0.0575792,0.189419,False
rs12158565,86,80,-0.0548817,0.211661,False
rs12158565,86,81,-0.0434472,0.324252,False
rs12158565,86,82,-0.0449965,0.307884,False
rs12158565,86,83,-0.0426155,0.333839,False
rs12158565,86,84,-0.0385265,0.382836,False
rs12158565,86,85,-0.0405892,0.35867,False
rs12158565,86,86,-0.0396084,0.370677,False
rs12158565,86,87,-0.0435629,0.32452,False
rs12158565,86,88,-0.0397203,0.368905,False
rs12158565,86,89,-0.0435257,0.325809,False
rs12158565,86,90,-0.0270155,0.541546,False
rs12158565,86,91,-0.0324772,0.463271,False
rs12158565,86,92,-0.0329989,0.456398,False
rs12158565,86,93,-0.0378108,0.392545,False
rs12158565,86,94,-0.0340164,0.441648,False
rs12158565,86,95,-0.0309686,0.483195,False
rs12158565,86,96,-0.0404024,0.360675,False
rs12158565,86,97,-0.0362992,0.410986,False
rs12158565,86,98,-0.0335453,0.446382,False
rs12158565,86,99,-0.0472737,0.2822,False
rs12158565,86,100,-0.0359182,0.413894,False
rs12158565,86,101,-0.0255035,0.56173,False
rs12158565,86,102,-0.0268477,0.541677,False
rs12158565,86,103,-0.026484,0.54635,False
rs12158565,86,104,-0.0335153,0.445166,False
rs12158565,86,105,-0.0272151,0.535185,False
rs12158565,86,106,-0.0368308,0.401524,False
rs12158565,86,107,-0.0322374,0.463086,False
rs12158565,86,108,-0.0253512,0.563578,False
rs12158565,86,109,-0.0257673,0.557264,False
rs12158565,86,110,-0.0166445,0.704941,False
rs12158565,86,111,-0.0321246,0.465266,False
rs12158565,86,112,-0.0251542,0.56737,False
rs12158565,86,113,-0.0273454,0.534984,False
rs12158565,86,114,-0.0319157,0.469804,False
rs12158565,86,115,-0.0241873,0.583891,False
rs12158565,86,116,-0.0240227,0.587704,False
rs12158565,86,117,-0.0284802,0.521409,False
rs12158565,86,118,-0.0206843,0.64142,False
rs12158565,86,119,-0.0239553,0.590457,False
rs12158565,86,120,-0.0188124,0.67274,False
rs12158565,86,121,-0.0316679,0.478126,False
rs12158565,86,122,-0.0335521,0.452662,False
rs12158565,86,123,-0.0377744,0.398784,False
rs12158565,86,124,-0.0340782,0.447439,False
rs12158565,86,125,-0.0355939,0.427834,False
rs12158565,86,126,-0.0409958,0.361704,False
rs12158565,86,127,-0.0335733,0.455336,False
rs12158565,86,128,-0.0379936,0.398117,False
rs12158565,86,129,-0.0370552,0.41079,False
rs12158565,86,130,-0.0341119,0.448862,False
rs12158565,86,131,-0.0333525,0.459498,False
rs12158565,86,132,-0.0354906,0.431567,False
rs12158565,86,133,-0.0466114,0.301607,False
rs12158565,86,134,-0.0393637,0.382792,False
rs12158565,86,135,-0.0457196,0.310398,False
rs12158565,86,136,-0.0565666,0.20936,False
rs12158565,86,137,-0.0605958,0.178316,False
rs12158565,86,138,-0.0610943,0.175005,False
rs12158565,86,139,-0.0723489,0.108307,False
rs12158565,86,140,-0.065495,0.145638,False
rs12158565,86,141,-0.0673469,0.134993,False
rs12158565,86,142,-0.0617281,0.170528,False
rs12158565,86,143,-0.0569703,0.205744,False
rs12158565,86,144,-0.0482463,0.284607,False
rs12158565,86,145,-0.0478952,0.288446,False
rs12158565,86,146,-0.0586889,0.193247,False
rs12158565,86,147,-0.0606419,0.17954,False
rs12158565,86,148,-0.0775704,0.0860389,False
rs12158565,86,149,-0.0736212,0.103908,False
rs12158565,86,150,-0.0768273,0.090689,False
rs12158565,86,151,-0.0824561,0.0697772,False
rs12158565,86,152,-0.0813364,0.0740044,False
rs12158565,86,153,-0.0788489,0.0841782,False
rs12158565,86,154,-0.0664979,0.146571,False
rs12158565,86,155,-0.0644227,0.160612,False
rs12158565,86,156,-0.0729729,0.112036,False
rs12158565,86,157,-0.0885795,0.0542568,False
rs12158565,86,158,-0.0814496,0.0772912,False
rs12158565,86,159,-0.082599,0.0740615,False
rs12158565,86,160,-0.0777709,0.093313,False
rs12158565,86,161,-0.0916999,0.0483109,False
rs12158565,86,162,-0.0788905,0.0901384,False
rs12158565,86,163,-0.08788,0.0598723,False
rs12158565,86,164,-0.100468,0.0317573,False
rs12158565,86,165,-0.100437,0.0320576,False
rs12158565,86,166,-0.1042,0.0264391,False
rs12158565,86,167,-0.0969292,0.0394,False
rs12158565,86,168,-0.101088,0.0322453,False
rs12158565,86,169,-0.105214,0.026131,False
rs12158565,86,170,-0.0993299,0.0358481,False
rs12158565,86,171,-0.0950229,0.0448736,False
rs12158565,86,172,-0.106378,0.0250129,False
rs12158565,86,173,-0.111592,0.0188967,False
rs12158565,86,174,-0.0987132,0.0379318,False
rs12158565,86,175,-0.105686,0.0264886,False
rs12158565,86,176,-0.0945375,0.0473022,False
rs12158565,86,177,-0.0973106,0.041399,False
rs12158565,86,178,-0.0967547,0.0427303,False
rs12158565,86,179,-0.0968433,0.0423316,False
rs12158565,86,180,-0.103382,0.029994,False
rs12158565,86,181,-0.108771,0.0225006,False
rs12158565,86,182,-0.105402,0.0270522,False
rs12158565,86,183,-0.0979626,0.0399396,False
rs12158565,86,184,-0.0962842,0.0429771,False
rs12158565,86,185,-0.096561,0.0418736,False
rs12158565,86,186,-0.101711,0.0321084,False
rs12158565,86,187,-0.115732,0.0145439,False
rs12158565,86,188,-0.109002,0.0209713,False
rs12158565,86,189,-0.106026,0.0244308,False
rs12158565,86,190,-0.118894,0.01139,False
rs12158565,86,191,-0.120939,0.0098713,False
rs12158565,86,192,-0.106894,0.0221913,False
rs12158565,86,193,-0.115524,0.0132984,False
rs12158565,86,194,-0.12055,0.00965804,False
rs12158565,86,195,-0.110883,0.0170105,False
rs12158565,86,196,-0.125218,0.00694565,False
rs12158565,86,197,-0.109939,0.0175275,False
rs12158565,86,198,-0.108098,0.0191493,False
rs12158565,86,199,-0.114624,0.0126905,False
rs12158565,86,200,-0.121822,0.00809816,False
rs12158565,86,201,-0.129903,0.00459961,False
rs12158565,86,202,-0.11874,0.00947411,False
rs12158565,86,203,-0.113486,0.0130015,False
rs12158565,86,204,-0.129858,0.00447893,False
rs12158565,86,205,-0.131061,0.00407566,False
rs12158565,86,206,-0.121229,0.00781625,False
rs12158565,86,207,-0.12297,0.00703274,False
rs12158565,86,208,-0.128298,0.00489126,False
rs12158565,86,209,-0.12014,0.00845861,False
rs12158565,86,210,-0.132264,0.00376282,False
rs12158565,86,211,-0.138704,0.00239094,False
rs12158565,86,212,-0.136583,0.00283677,False
rs12158565,86,213,-0.137249,0.00274319,False
rs12158565,86,214,-0.138356,0.00260726,False
rs12158565,86,215,-0.128602,0.00523519,False
rs12158565,86,216,-0.138947,0.00264591,False
rs12158565,86,217,-0.146266,0.00164249,False
rs12158565,86,218,-0.144896,0.00189015,False
rs12158565,86,219,-0.156168,0.000865862,False
rs12158565,86,220,-0.154417,0.00105567,False
rs12158565,86,221,-0.153467,0.0012037,False
rs12158565,86,222,-0.156983,0.00100488,False
rs12158565,86,223,-0.149193,0.00191309,False
rs12158565,86,224,-0.148236,0.00221363,False
rs12158565,86,225,-0.162325,0.000879019,False
rs12158565,86,226,-0.16979,0.000560468,False
rs12158565,86,227,-0.174752,0.000435967,False
rs12158565,86,228,-0.168182,0.000787377,False
rs12158565,86,229,-0.16451,0.00116186,False
rs12158565,86,230,-0.16481,0.00129361,False
rs12158565,86,231,-0.168735,0.00112534,False
rs12158565,86,232,-0.192173,0.000244162,False
rs12158565,86,233,-0.190372,0.000330111,False
rs12158565,86,234,-0.184957,0.000579923,False
rs12158565,86,235,-0.18776,0.000556181,False
rs12158565,86,236,-0.188066,0.00064857,False
rs12158565,86,237,-0.194821,0.000493251,False
rs12158565,86,238,-0.205418,0.00029283,False
rs12158565,86,239,-0.201673,0.000445331,False
rs12158565,86,240,-0.20936,0.000322451,False
rs12158565,86,241,-0.219501,0.000200134,False
rs12158565,86,242,-0.20635,0.000567289,False
rs12158565,86,243,-0.210821,0.000514526,False
rs12158565,86,244,-0.218703,0.000380873,False
rs12158565,86,245,-0.218344,0.000465628,False
rs12158565,86,246,-0.232713,0.000233354,False
rs12158565,86,247,-0.237322,0.0002117,False
rs12158565,86,248,-0.224171,0.000553447,False
rs12158565,86,249,-0.222259,0.00071694,False
rs12158565,86,250,-0.233814,0.000434441,False
rs12158565,86,251,-0.230147,0.000606255,False
rs12158565,87,7,-0.0651855,0.0712471,False
rs12158565,87,8,-0.0640012,0.0744405,False
rs12158565,87,9,-0.0898143,0.0114617,False
rs12158565,87,10,-0.0677544,0.0548973,False
rs12158565,87,11,-0.0811389,0.0205788,False
rs12158565,87,12,-0.0736378,0.0345366,False
rs12158565,87,13,-0.0790248,0.0228683,False
rs12158565,87,14,-0.0853863,0.0132771,False
rs12158565,87,15,-0.0747249,0.0298325,False
rs12158565,87,16,-0.0682531,0.0467855,False
rs12158565,87,17,-0.0741194,0.0308465,False
rs12158565,87,18,-0.079343,0.0206726,False
rs12158565,87,19,-0.0712177,0.0374908,False
rs12158565,87,20,-0.0689218,0.0447573,False
rs12158565,87,21,-0.0661385,0.0546465,False
rs12158565,87,22,-0.0638907,0.0640379,False
rs12158565,87,23,-0.0724132,0.0363286,False
rs12158565,87,24,-0.0790357,0.022516,False
rs12158565,87,25,-0.0776073,0.0252812,False
rs12158565,87,26,-0.0765858,0.0279244,False
rs12158565,87,27,-0.0745221,0.0327662,False
rs12158565,87,28,-0.0683169,0.0513139,False
rs12158565,87,29,-0.0997257,0.00456361,False
rs12158565,87,30,-0.0839732,0.0173156,False
rs12158565,87,31,-0.0795581,0.0246389,False
rs12158565,87,32,-0.0850154,0.0166488,False
rs12158565,87,33,-0.0813592,0.0222911,False
rs12158565,87,34,-0.0831928,0.0198251,False
rs12158565,87,35,-0.0872111,0.0149311,False
rs12158565,87,36,-0.093654,0.00927264,False
rs12158565,87,37,-0.0952259,0.008433,False
rs12158565,87,38,-0.0739554,0.0414606,False
rs12158565,87,39,-0.087331,0.0167066,False
rs12158565,87,40,-0.0758071,0.0386595,False
rs12158565,87,41,-0.0756188,0.0398416,False
rs12158565,87,42,-0.0830254,0.0245433,False
rs12158565,87,43,-0.0849109,0.0223865,False
rs12158565,87,44,-0.0733274,0.0495017,False
rs12158565,87,45,-0.0757126,0.0434697,False
rs12158565,87,46,-0.0783673,0.0377316,False
rs12158565,87,47,-0.0773404,0.0416279,False
rs12158565,87,48,-0.0986739,0.00968023,False
rs12158565,87,49,-0.0931544,0.0149316,False
rs12158565,87,50,-0.0900357,0.0194676,False
rs12158565,87,51,-0.0796972,0.0398878,False
rs12158565,87,52,-0.0810801,0.0372652,False
rs12158565,87,53,-0.0785457,0.0444475,False
rs12158565,87,54,-0.0736015,0.0612124,False
rs12158565,87,55,-0.0772419,0.0507352,False
rs12158565,87,56,-0.0653838,0.1002,False
rs12158565,87,57,-0.0715928,0.073512,False
rs12158565,87,58,-0.0744197,0.0641267,False
rs12158565,87,59,-0.0742076,0.0662648,False
rs12158565,87,60,-0.0650066,0.109005,False
rs12158565,87,61,-0.0695184,0.0880914,False
rs12158565,87,62,-0.0769248,0.0605545,False
rs12158565,87,63,-0.0786305,0.0565617,False
rs12158565,87,64,-0.0607411,0.142819,False
rs12158565,87,65,-0.0662119,0.111633,False
rs12158565,87,66,-0.0676801,0.105822,False
rs12158565,87,67,-0.061042,0.146033,False
rs12158565,87,68,-0.0652421,0.122437,False
rs12158565,87,69,-0.052379,0.217214,False
rs12158565,87,70,-0.053057,0.213645,False
rs12158565,87,71,-0.0533188,0.213756,False
rs12158565,87,72,-0.0512469,0.233423,False
rs12158565,87,73,-0.0492303,0.254382,False
rs12158565,87,74,-0.0446999,0.302129,False
rs12158565,87,75,-0.0493034,0.256535,False
rs12158565,87,76,-0.0417681,0.337694,False
rs12158565,87,77,-0.0452853,0.300261,False
rs12158565,87,78,-0.0326355,0.456923,False
rs12158565,87,79,-0.0337268,0.443188,False
rs12158565,87,80,-0.0422561,0.337604,False
rs12158565,87,81,-0.038423,0.384777,False
rs12158565,87,82,-0.0332001,0.452733,False
rs12158565,87,83,-0.033012,0.456563,False
rs12158565,87,84,-0.0258246,0.560247,False
rs12158565,87,85,-0.0320902,0.469879,False
rs12158565,87,86,-0.0357467,0.420859,False
rs12158565,87,87,-0.0372491,0.401908,False
rs12158565,87,88,-0.0356382,0.423017,False
rs12158565,87,89,-0.0380962,0.392061,False
rs12158565,87,90,-0.0369652,0.406525,False
rs12158565,87,91,-0.0384741,0.387202,False
rs12158565,87,92,-0.0280592,0.529036,False
rs12158565,87,93,-0.0371365,0.404224,False
rs12158565,87,94,-0.041635,0.349331,False
rs12158565,87,95,-0.0363414,0.41425,False
rs12158565,87,96,-0.0357744,0.421728,False
rs12158565,87,97,-0.0239539,0.590101,False
rs12158565,87,98,-0.0398371,0.370125,False
rs12158565,87,99,-0.0400069,0.368016,False
rs12158565,87,100,-0.0325341,0.464148,False
rs12158565,87,101,-0.0377231,0.395391,False
rs12158565,87,102,-0.034864,0.43247,False
rs12158565,87,103,-0.0258779,0.560076,False
rs12158565,87,104,-0.0215141,0.627805,False
rs12158565,87,105,-0.0237155,0.592942,False
rs12158565,87,106,-0.022111,0.618381,False
rs12158565,87,107,-0.017593,0.692162,False
rs12158565,87,108,-0.0289114,0.514984,False
rs12158565,87,109,-0.0266469,0.548194,False
rs12158565,87,110,-0.0205495,0.64339,False
rs12158565,87,111,-0.0267917,0.547076,False
rs12158565,87,112,-0.0209952,0.63688,False
rs12158565,87,113,-0.0283954,0.52373,False
rs12158565,87,114,-0.0203887,0.647175,False
rs12158565,87,115,-0.021506,0.62987,False
rs12158565,87,116,-0.0115996,0.795159,False
rs12158565,87,117,-0.0133379,0.765707,False
rs12158565,87,118,-0.0131779,0.768502,False
rs12158565,87,119,-0.0177095,0.692956,False
rs12158565,87,120,-0.0208899,0.641954,False
rs12158565,87,121,-0.0299167,0.505518,False
rs12158565,87,122,-0.0354687,0.430874,False
rs12158565,87,123,-0.0219079,0.627086,False
rs12158565,87,124,-0.0252294,0.576578,False
rs12158565,87,125,-0.0242495,0.591688,False
rs12158565,87,126,-0.0285823,0.527439,False
rs12158565,87,127,-0.0188396,0.67733,False
rs12158565,87,128,-0.0261146,0.564319,False
rs12158565,87,129,-0.040737,0.369324,False
rs12158565,87,130,-0.0322277,0.477644,False
rs12158565,87,131,-0.0327009,0.471665,False
rs12158565,87,132,-0.0377055,0.406534,False
rs12158565,87,133,-0.0375466,0.408737,False
rs12158565,87,134,-0.0386965,0.394196,False
rs12158565,87,135,-0.0314232,0.489616,False
rs12158565,87,136,-0.0419237,0.356648,False
rs12158565,87,137,-0.0382936,0.399386,False
rs12158565,87,138,-0.039581,0.382699,False
rs12158565,87,139,-0.0356076,0.432897,False
rs12158565,87,140,-0.0446135,0.325544,False
rs12158565,87,141,-0.047952,0.291229,False
rs12158565,87,142,-0.0479583,0.291201,False
rs12158565,87,143,-0.0530037,0.243473,False
rs12158565,87,144,-0.0674096,0.138305,False
rs12158565,87,145,-0.0567711,0.212607,False
rs12158565,87,146,-0.0666906,0.143575,False
rs12158565,87,147,-0.0561369,0.21899,False
rs12158565,87,148,-0.0591827,0.195553,False
rs12158565,87,149,-0.07051,0.12328,False
rs12158565,87,150,-0.0599214,0.190666,False
rs12158565,87,151,-0.0735592,0.108686,False
rs12158565,87,152,-0.0630849,0.169465,False
rs12158565,87,153,-0.0677532,0.141356,False
rs12158565,87,154,-0.0632199,0.170555,False
rs12158565,87,155,-0.0628887,0.174193,False
rs12158565,87,156,-0.0570649,0.218444,False
rs12158565,87,157,-0.0635496,0.171666,False
rs12158565,87,158,-0.076424,0.100913,False
rs12158565,87,159,-0.0743966,0.110639,False
rs12158565,87,160,-0.0827429,0.0767696,False
rs12158565,87,161,-0.0825145,0.0781221,False
rs12158565,87,162,-0.0881448,0.0603376,False
rs12158565,87,163,-0.0884174,0.060265,False
rs12158565,87,164,-0.100281,0.0334814,False
rs12158565,87,165,-0.0885228,0.0608312,False
rs12158565,87,166,-0.0985163,0.0372507,False
rs12158565,87,167,-0.0985852,0.0376044,False
rs12158565,87,168,-0.102923,0.0300363,False
rs12158565,87,169,-0.10597,0.0258855,False
rs12158565,87,170,-0.109343,0.021643,False
rs12158565,87,171,-0.116853,0.0141539,False
rs12158565,87,172,-0.115709,0.0152466,False
rs12158565,87,173,-0.120092,0.0118611,False
rs12158565,87,174,-0.122001,0.0106669,False
rs12158565,87,175,-0.119167,0.0126295,False
rs12158565,87,176,-0.115282,0.0159085,False
rs12158565,87,177,-0.123882,0.0095189,False
rs12158565,87,178,-0.1248,0.00900833,False
rs12158565,87,179,-0.117255,0.0140572,False
rs12158565,87,180,-0.116415,0.0146916,False
rs12158565,87,181,-0.117051,0.0141181,False
rs12158565,87,182,-0.113766,0.0170886,False
rs12158565,87,183,-0.116414,0.0144226,False
rs12158565,87,184,-0.120932,0.010907,False
rs12158565,87,185,-0.116647,0.0139165,False
rs12158565,87,186,-0.114641,0.0153659,False
rs12158565,87,187,-0.113432,0.0162979,False
rs12158565,87,188,-0.118773,0.0115605,False
rs12158565,87,189,-0.124281,0.00809182,False
rs12158565,87,190,-0.122465,0.00889404,False
rs12158565,87,191,-0.125262,0.00732261,False
rs12158565,87,192,-0.121492,0.00912661,False
rs12158565,87,193,-0.120138,0.00988499,False
rs12158565,87,194,-0.109296,0.0185616,False
rs12158565,87,195,-0.114144,0.0137712,False
rs12158565,87,196,-0.114703,0.0131859,False
rs12158565,87,197,-0.114988,0.0127136,False
rs12158565,87,198,-0.105976,0.0212716,False
rs12158565,87,199,-0.123403,0.00722993,False
rs12158565,87,200,-0.120639,0.00847212,False
rs12158565,87,201,-0.110069,0.0162323,False
rs12158565,87,202,-0.119127,0.00924649,False
rs12158565,87,203,-0.12286,0.00721392,False
rs12158565,87,204,-0.129654,0.00452315,False
rs12158565,87,205,-0.12179,0.00759642,False
rs12158565,87,206,-0.122715,0.00713121,False
rs12158565,87,207,-0.133891,0.00336293,False
rs12158565,87,208,-0.135851,0.00297085,False
rs12158565,87,209,-0.151421,0.000922851,False
rs12158565,87,210,-0.153016,0.000832125,False
rs12158565,87,211,-0.164656,0.000329885,False
rs12158565,87,212,-0.144748,0.00161453,False
rs12158565,87,213,-0.153233,0.000866675,False
rs12158565,87,214,-0.152357,0.000962623,False
rs12158565,87,215,-0.154786,0.0008341,False
rs12158565,87,216,-0.147031,0.00156889,False
rs12158565,87,217,-0.151161,0.00119715,False
rs12158565,87,218,-0.153386,0.00106652,False
rs12158565,87,219,-0.160635,0.000663739,False
rs12158565,87,220,-0.161801,0.000658529,False
rs12158565,87,221,-0.154569,0.0012218,False
rs12158565,87,222,-0.169359,0.000449376,False
rs12158565,87,223,-0.163878,0.000722184,False
rs12158565,87,224,-0.165806,0.000695934,False
rs12158565,87,225,-0.163801,0.00089057,False
rs12158565,87,226,-0.166692,0.000822284,False
rs12158565,87,227,-0.182365,0.000289914,False
rs12158565,87,228,-0.16524,0.00113308,False
rs12158565,87,229,-0.169119,0.000981616,False
rs12158565,87,230,-0.17569,0.000713984,False
rs12158565,87,231,-0.188421,0.000331223,False
rs12158565,87,232,-0.187545,0.000415945,False
rs12158565,87,233,-0.173891,0.00120887,False
rs12158565,87,234,-0.173844,0.00142952,False
rs12158565,87,235,-0.182564,0.000938033,False
rs12158565,87,236,-0.180565,0.00123746,False
rs12158565,87,237,-0.181724,0.0013268,False
rs12158565,87,238,-0.172801,0.00260539,False
rs12158565,87,239,-0.188527,0.00117517,False
rs12158565,87,240,-0.199039,0.000729721,False
rs12158565,87,241,-0.207115,0.000519521,False
rs12158565,87,242,-0.197397,0.00109794,False
rs12158565,87,243,-0.197606,0.00125594,False
rs12158565,87,244,-0.209319,0.000746689,False
rs12158565,87,245,-0.213895,0.000669444,False
rs12158565,87,246,-0.195446,0.00217613,False
rs12158565,87,247,-0.211616,0.00105204,False
rs12158565,87,248,-0.216535,0.000922542,False
rs12158565,87,249,-0.213454,0.00127159,False
rs12158565,87,250,-0.213507,0.00142557,False
rs12158565,87,251,-0.21739,0.00128108,False
rs12158565,88,7,-0.0938616,0.00981857,False
rs12158565,88,8,-0.0953384,0.00817189,False
rs12158565,88,9,-0.103624,0.00366959,False
rs12158565,88,10,-0.105538,0.00283438,False
rs12158565,88,11,-0.0944348,0.00719814,False
rs12158565,88,12,-0.108314,0.00190675,False
rs12158565,88,13,-0.107608,0.00196979,False
rs12158565,88,14,-0.0950952,0.00604668,False
rs12158565,88,15,-0.0935873,0.00676067,False
rs12158565,88,16,-0.0972584,0.00475342,False
rs12158565,88,17,-0.101467,0.00319479,False
rs12158565,88,18,-0.0965523,0.00503428,False
rs12158565,88,19,-0.104543,0.00236595,False
rs12158565,88,20,-0.0847163,0.013845,False
rs12158565,88,21,-0.0972298,0.00469888,False
rs12158565,88,22,-0.0945808,0.00609664,False
rs12158565,88,23,-0.0787868,0.0227235,False
rs12158565,88,24,-0.0797583,0.0208625,False
rs12158565,88,25,-0.0934135,0.00699112,False
rs12158565,88,26,-0.0792459,0.02258,False
rs12158565,88,27,-0.0805213,0.0207922,False
rs12158565,88,28,-0.0818954,0.0188557,False
rs12158565,88,29,-0.0829138,0.0177331,False
rs12158565,88,30,-0.0765066,0.0294319,False
rs12158565,88,31,-0.0926692,0.00846904,False
rs12158565,88,32,-0.0688313,0.0512009,False
rs12158565,88,33,-0.0739114,0.0369026,False
rs12158565,88,34,-0.0893187,0.0119007,False
rs12158565,88,35,-0.0812466,0.0228398,False
rs12158565,88,36,-0.0936354,0.00888029,False
rs12158565,88,37,-0.0939742,0.008866,False
rs12158565,88,38,-0.0972928,0.00701668,False
rs12158565,88,39,-0.0828125,0.0223108,False
rs12158565,88,40,-0.0958695,0.00837897,False
rs12158565,88,41,-0.086763,0.017695,False
rs12158565,88,42,-0.0894984,0.0148301,False
rs12158565,88,43,-0.0810069,0.0282155,False
rs12158565,88,44,-0.0829396,0.02542,False
rs12158565,88,45,-0.0799312,0.0318856,False
rs12158565,88,46,-0.0845176,0.023813,False
rs12158565,88,47,-0.0774022,0.0397372,False
rs12158565,88,48,-0.0889115,0.0189701,False
rs12158565,88,49,-0.0865342,0.0228341,False
rs12158565,88,50,-0.0676923,0.0767407,False
rs12158565,88,51,-0.0760678,0.0481126,False
rs12158565,88,52,-0.0769825,0.0464662,False
rs12158565,88,53,-0.079292,0.0414843,False
rs12158565,88,54,-0.070782,0.0700627,False
rs12158565,88,55,-0.0749617,0.0567507,False
rs12158565,88,56,-0.0722699,0.0672164,False
rs12158565,88,57,-0.0721741,0.068857,False
rs12158565,88,58,-0.0668511,0.0941305,False
rs12158565,88,59,-0.0748939,0.0623273,False
rs12158565,88,60,-0.0819767,0.0421688,False
rs12158565,88,61,-0.0698406,0.0850847,False
rs12158565,88,62,-0.0606113,0.137609,False
rs12158565,88,63,-0.0562241,0.170872,False
rs12158565,88,64,-0.0566788,0.169915,False
rs12158565,88,65,-0.0635133,0.125892,False
rs12158565,88,66,-0.0644385,0.121781,False
rs12158565,88,67,-0.0644377,0.123839,False
rs12158565,88,68,-0.0706633,0.0930689,False
rs12158565,88,69,-0.0745432,0.0783664,False
rs12158565,88,70,-0.0689017,0.105101,False
rs12158565,88,71,-0.0701337,0.100595,False
rs12158565,88,72,-0.0668244,0.119395,False
rs12158565,88,73,-0.070134,0.103721,False
rs12158565,88,74,-0.0521896,0.227638,False
rs12158565,88,75,-0.058031,0.180853,False
rs12158565,88,76,-0.0665793,0.126458,False
rs12158565,88,77,-0.0506579,0.246517,False
rs12158565,88,78,-0.0610495,0.163686,False
rs12158565,88,79,-0.0584086,0.183973,False
rs12158565,88,80,-0.0517667,0.240682,False
rs12158565,88,81,-0.059682,0.176769,False
rs12158565,88,82,-0.0593688,0.180096,False
rs12158565,88,83,-0.0574656,0.195107,False
rs12158565,88,84,-0.0643978,0.147439,False
rs12158565,88,85,-0.0499469,0.262047,False
rs12158565,88,86,-0.0490051,0.271649,False
rs12158565,88,87,-0.0511626,0.251647,False
rs12158565,88,88,-0.053598,0.23046,False
rs12158565,88,89,-0.046431,0.299727,False
rs12158565,88,90,-0.0466067,0.297469,False
rs12158565,88,91,-0.0441781,0.323242,False
rs12158565,88,92,-0.0535853,0.231373,False
rs12158565,88,93,-0.0405064,0.366176,False
rs12158565,88,94,-0.0481946,0.281768,False
rs12158565,88,95,-0.0385475,0.389939,False
rs12158565,88,96,-0.0444561,0.320888,False
rs12158565,88,97,-0.0333514,0.456799,False
rs12158565,88,98,-0.034307,0.443853,False
rs12158565,88,99,-0.0392181,0.381539,False
rs12158565,88,100,-0.0406137,0.365344,False
rs12158565,88,101,-0.0390431,0.383501,False
rs12158565,88,102,-0.0319541,0.475891,False
rs12158565,88,103,-0.029914,0.504225,False
rs12158565,88,104,-0.0225221,0.61561,False
rs12158565,88,105,-0.0287218,0.521625,False
rs12158565,88,106,-0.0278523,0.534626,False
rs12158565,88,107,-0.0434037,0.333043,False
rs12158565,88,108,-0.0256716,0.567063,False
rs12158565,88,109,-0.0328687,0.463509,False
rs12158565,88,110,-0.0339964,0.448582,False
rs12158565,88,111,-0.0371376,0.40832,False
rs12158565,88,112,-0.0327436,0.466191,False
rs12158565,88,113,-0.0256355,0.56858,False
rs12158565,88,114,-0.0246894,0.58376,False
rs12158565,88,115,-0.0360926,0.422941,False
rs12158565,88,116,-0.0379238,0.400255,False
rs12158565,88,117,-0.0350235,0.437954,False
rs12158565,88,118,-0.0346201,0.443551,False
rs12158565,88,119,-0.030351,0.502343,False
rs12158565,88,120,-0.032377,0.475528,False
rs12158565,88,121,-0.0422093,0.353157,False
rs12158565,88,122,-0.0323517,0.477222,False
rs12158565,88,123,-0.0298174,0.512408,False
rs12158565,88,124,-0.0304416,0.503797,False
rs12158565,88,125,-0.0301304,0.508263,False
rs12158565,88,126,-0.0324694,0.476677,False
rs12158565,88,127,-0.0258026,0.571802,False
rs12158565,88,128,-0.0316767,0.487988,False
rs12158565,88,129,-0.0250508,0.583586,False
rs12158565,88,130,-0.0323471,0.479339,False
rs12158565,88,131,-0.0435269,0.341354,False
rs12158565,88,132,-0.0542785,0.235818,False
rs12158565,88,133,-0.0414828,0.364741,False
rs12158565,88,134,-0.0459155,0.316229,False
rs12158565,88,135,-0.0462264,0.313067,False
rs12158565,88,136,-0.0349396,0.445577,False
rs12158565,88,137,-0.0359416,0.432913,False
rs12158565,88,138,-0.0373798,0.41444,False
rs12158565,88,139,-0.047253,0.302895,False
rs12158565,88,140,-0.0515759,0.260246,False
rs12158565,88,141,-0.0498717,0.276558,False
rs12158565,88,142,-0.0511083,0.265043,False
rs12158565,88,143,-0.0540903,0.238736,False
rs12158565,88,144,-0.045258,0.324385,False
rs12158565,88,145,-0.0602859,0.190099,False
rs12158565,88,146,-0.0693977,0.131554,False
rs12158565,88,147,-0.073934,0.108938,False
rs12158565,88,148,-0.0711821,0.123316,False
rs12158565,88,149,-0.0751759,0.103473,False
rs12158565,88,150,-0.0659079,0.153917,False
rs12158565,88,151,-0.0603579,0.192936,False
rs12158565,88,152,-0.0746428,0.108345,False
rs12158565,88,153,-0.0741243,0.111179,False
rs12158565,88,154,-0.0833374,0.0734248,False
rs12158565,88,155,-0.0772666,0.097946,False
rs12158565,88,156,-0.0817977,0.0805447,False
rs12158565,88,157,-0.0869048,0.0637723,False
rs12158565,88,158,-0.0979687,0.037087,False
rs12158565,88,159,-0.0928941,0.0485226,False
rs12158565,88,160,-0.102522,0.0295863,False
rs12158565,88,161,-0.0947846,0.0449893,False
rs12158565,88,162,-0.106839,0.0239908,False
rs12158565,88,163,-0.0980212,0.0385553,False
rs12158565,88,164,-0.112618,0.0176677,False
rs12158565,88,165,-0.120649,0.0112389,False
rs12158565,88,166,-0.105575,0.0266525,False
rs12158565,88,167,-0.126972,0.00773306,False
rs12158565,88,168,-0.124349,0.00919293,False
rs12158565,88,169,-0.123456,0.00982841,False
rs12158565,88,170,-0.115741,0.0155153,False
rs12158565,88,171,-0.122825,0.0102512,False
rs12158565,88,172,-0.116432,0.0150702,False
rs12158565,88,173,-0.116399,0.0150568,False
rs12158565,88,174,-0.113511,0.0177061,False
rs12158565,88,175,-0.105098,0.0280011,False
rs12158565,88,176,-0.114012,0.0171753,False
rs12158565,88,177,-0.112946,0.0183003,False
rs12158565,88,178,-0.116882,0.0145055,False
rs12158565,88,179,-0.123296,0.00989015,False
rs12158565,88,180,-0.106247,0.0260738,False
rs12158565,88,181,-0.0962753,0.0436413,False
rs12158565,88,182,-0.0957986,0.0444092,False
rs12158565,88,183,-0.113984,0.0166319,False
rs12158565,88,184,-0.103989,0.028511,False
rs12158565,88,185,-0.110321,0.0198691,False
rs12158565,88,186,-0.114805,0.0151677,False
rs12158565,88,187,-0.11331,0.0163527,False
rs12158565,88,188,-0.120061,0.0107727,False
rs12158565,88,189,-0.110859,0.0181639,False
rs12158565,88,190,-0.110642,0.0180851,False
rs12158565,88,191,-0.113251,0.0152942,False
rs12158565,88,192,-0.130701,0.00506176,False
rs12158565,88,193,-0.123208,0.0081219,False
rs12158565,88,194,-0.116101,0.0123983,False
rs12158565,88,195,-0.119194,0.01003,False
rs12158565,88,196,-0.119264,0.00980521,False
rs12158565,88,197,-0.139701,0.00245219,False
rs12158565,88,198,-0.141249,0.00213445,False
rs12158565,88,199,-0.122617,0.00759635,False
rs12158565,88,200,-0.114361,0.0127237,False
rs12158565,88,201,-0.123765,0.00694678,False
rs12158565,88,202,-0.139088,0.00238187,False
rs12158565,88,203,-0.128529,0.00492328,False
rs12158565,88,204,-0.14495,0.00151377,False
rs12158565,88,205,-0.144873,0.00150814,False
rs12158565,88,206,-0.147869,0.00121261,False
rs12158565,88,207,-0.153263,0.000800975,False
rs12158565,88,208,-0.131533,0.00406159,False
rs12158565,88,209,-0.130482,0.00432094,False
rs12158565,88,210,-0.129413,0.00476201,False
rs12158565,88,211,-0.143329,0.00180567,False
rs12158565,88,212,-0.140241,0.00232009,False
rs12158565,88,213,-0.141972,0.0021129,False
rs12158565,88,214,-0.145677,0.00168022,False
rs12158565,88,215,-0.142211,0.0022323,False
rs12158565,88,216,-0.148718,0.00145347,False
rs12158565,88,217,-0.149455,0.00146488,False
rs12158565,88,218,-0.15525,0.00100363,False
rs12158565,88,219,-0.140754,0.00305274,False
rs12158565,88,220,-0.155607,0.00114852,False
rs12158565,88,221,-0.161065,0.000830247,False
rs12158565,88,222,-0.154606,0.00144464,False
rs12158565,88,223,-0.164202,0.000796555,False
rs12158565,88,224,-0.165721,0.00078881,False
rs12158565,88,225,-0.179501,0.000311297,False
rs12158565,88,226,-0.175158,0.000501117,False
rs12158565,88,227,-0.173302,0.000638623,False
rs12158565,88,228,-0.183631,0.000347706,False
rs12158565,88,229,-0.179471,0.000543092,False
rs12158565,88,230,-0.188693,0.000328082,False
rs12158565,88,231,-0.194117,0.00025746,False
rs12158565,88,232,-0.203906,0.00014808,False
rs12158565,88,233,-0.203065,0.000192902,False
rs12158565,88,234,-0.197796,0.000332058,False
rs12158565,88,235,-0.204877,0.00024622,False
rs12158565,88,236,-0.204006,0.000307909,False
rs12158565,88,237,-0.197368,0.000575969,False
rs12158565,88,238,-0.21257,0.000244612,False
rs12158565,88,239,-0.19726,0.000787683,False
rs12158565,88,240,-0.223298,0.000177396,False
rs12158565,88,241,-0.212634,0.000430125,False
rs12158565,88,242,-0.223391,0.000249967,False
rs12158565,88,243,-0.219676,0.000385946,False
rs12158565,88,244,-0.225887,0.000314347,False
rs12158565,88,245,-0.209392,0.000962814,False
rs12158565,88,246,-0.236002,0.000233753,False
rs12158565,88,247,-0.223775,0.000576494,False
rs12158565,88,248,-0.214659,0.00108997,False
rs12158565,88,249,-0.231383,0.000501657,False
rs12158565,88,250,-0.218687,0.00112652,False
rs12158565,88,251,-0.218326,0.00126139,False
rs12158565,89,7,-0.065253,0.0739498,False
rs12158565,89,8,-0.0774489,0.0325771,False
rs12158565,89,9,-0.0797962,0.0259447,False
rs12158565,89,10,-0.0781966,0.0278822,False
rs12158565,89,11,-0.068841,0.0504346,False
rs12158565,89,12,-0.0643761,0.0657137,False
rs12158565,89,13,-0.0795491,0.0221097,False
rs12158565,89,14,-0.0796077,0.0216692,False
rs12158565,89,15,-0.0797897,0.0206833,False
rs12158565,89,16,-0.0651187,0.0577225,False
rs12158565,89,17,-0.0871939,0.0112465,False
rs12158565,89,18,-0.0858014,0.0125207,False
rs12158565,89,19,-0.0809785,0.018233,False
rs12158565,89,20,-0.0903604,0.0085028,False
rs12158565,89,21,-0.071113,0.0379413,False
rs12158565,89,22,-0.0827213,0.0162758,False
rs12158565,89,23,-0.0915509,0.00784741,False
rs12158565,89,24,-0.0867655,0.0118605,False
rs12158565,89,25,-0.0865932,0.0121657,False
rs12158565,89,26,-0.0819184,0.0180329,False
rs12158565,89,27,-0.0745847,0.0318291,False
rs12158565,89,28,-0.0970769,0.00529783,False
rs12158565,89,29,-0.0881947,0.0115428,False
rs12158565,89,30,-0.0784768,0.0248236,False
rs12158565,89,31,-0.077437,0.0274326,False
rs12158565,89,32,-0.0850028,0.0158555,False
rs12158565,89,33,-0.0774842,0.0286736,False
rs12158565,89,34,-0.0840505,0.0180185,False
rs12158565,89,35,-0.0801775,0.0245843,False
rs12158565,89,36,-0.064767,0.0703574,False
rs12158565,89,37,-0.0664954,0.0645341,False
rs12158565,89,38,-0.0827233,0.0219666,False
rs12158565,89,39,-0.0787408,0.0299335,False
rs12158565,89,40,-0.0733486,0.043444,False
rs12158565,89,41,-0.0613423,0.093045,False
rs12158565,89,42,-0.0838784,0.0222534,False
rs12158565,89,43,-0.078825,0.0326435,False
rs12158565,89,44,-0.0953765,0.00999278,False
rs12158565,89,45,-0.0780017,0.0357808,False
rs12158565,89,46,-0.082536,0.0270549,False
rs12158565,89,47,-0.0766163,0.0414477,False
rs12158565,89,48,-0.0786156,0.0373236,False
rs12158565,89,49,-0.0902413,0.0173836,False
rs12158565,89,50,-0.0840816,0.027275,False
rs12158565,89,51,-0.100717,0.00855216,False
rs12158565,89,52,-0.0916566,0.0174752,False
rs12158565,89,53,-0.0835103,0.0310913,False
rs12158565,89,54,-0.087136,0.0253679,False
rs12158565,89,55,-0.0790901,0.0437496,False
rs12158565,89,56,-0.0780364,0.0475798,False
rs12158565,89,57,-0.0885473,0.0254464,False
rs12158565,89,58,-0.0765854,0.0549319,False
rs12158565,89,59,-0.0768651,0.0552184,False
rs12158565,89,60,-0.0846978,0.0356057,False
rs12158565,89,61,-0.0750366,0.0641386,False
rs12158565,89,62,-0.0713747,0.0795388,False
rs12158565,89,63,-0.0715469,0.080652,False
rs12158565,89,64,-0.0749975,0.0685897,False
rs12158565,89,65,-0.0793452,0.0553239,False
rs12158565,89,66,-0.0700717,0.0922904,False
rs12158565,89,67,-0.0784387,0.0608885,False
rs12158565,89,68,-0.0734258,0.080482,False
rs12158565,89,69,-0.0666274,0.114574,False
rs12158565,89,70,-0.0591884,0.163217,False
rs12158565,89,71,-0.0730409,0.086974,False
rs12158565,89,72,-0.0650317,0.128677,False
rs12158565,89,73,-0.0606288,0.158327,False
rs12158565,89,74,-0.0640875,0.138149,False
rs12158565,89,75,-0.0510848,0.239715,False
rs12158565,89,76,-0.0532781,0.221683,False
rs12158565,89,77,-0.0625474,0.152793,False
rs12158565,89,78,-0.0547148,0.212143,False
rs12158565,89,79,-0.0510798,0.245672,False
rs12158565,89,80,-0.0430645,0.329403,False
rs12158565,89,81,-0.0600898,0.174656,False
rs12158565,89,82,-0.0555363,0.210823,False
rs12158565,89,83,-0.0534128,0.230055,False
rs12158565,89,84,-0.0470272,0.290341,False
rs12158565,89,85,-0.0483102,0.278633,False
rs12158565,89,86,-0.0564146,0.206564,False
rs12158565,89,87,-0.0691497,0.122074,False
rs12158565,89,88,-0.0602668,0.178654,False
rs12158565,89,89,-0.0483208,0.281169,False
rs12158565,89,90,-0.0586712,0.191266,False
rs12158565,89,91,-0.0546061,0.22396,False
rs12158565,89,92,-0.0647592,0.149583,False
rs12158565,89,93,-0.0568944,0.206051,False
rs12158565,89,94,-0.053258,0.236643,False
rs12158565,89,95,-0.0569293,0.20589,False
rs12158565,89,96,-0.0514759,0.25274,False
rs12158565,89,97,-0.0447684,0.320427,False
rs12158565,89,98,-0.0471351,0.295933,False
rs12158565,89,99,-0.0404298,0.369887,False
rs12158565,89,100,-0.0422719,0.348878,False
rs12158565,89,101,-0.0348343,0.440241,False
rs12158565,89,102,-0.0435936,0.333495,False
rs12158565,89,103,-0.0476483,0.290779,False
rs12158565,89,104,-0.0366573,0.416793,False
rs12158565,89,105,-0.0430562,0.340616,False
rs12158565,89,106,-0.0521495,0.248604,False
rs12158565,89,107,-0.0594376,0.188822,False
rs12158565,89,108,-0.0481218,0.28696,False
rs12158565,89,109,-0.0451769,0.317352,False
rs12158565,89,110,-0.0412333,0.361668,False
rs12158565,89,111,-0.0406939,0.368517,False
rs12158565,89,112,-0.0447754,0.322765,False
rs12158565,89,113,-0.0556427,0.21981,False
rs12158565,89,114,-0.0544785,0.229934,False
rs12158565,89,115,-0.0564544,0.213935,False
rs12158565,89,116,-0.0501262,0.269687,False
rs12158565,89,117,-0.0471594,0.299626,False
rs12158565,89,118,-0.0524321,0.24939,False
rs12158565,89,119,-0.0555738,0.22286,False
rs12158565,89,120,-0.0509145,0.264246,False
rs12158565,89,121,-0.0399594,0.381769,False
rs12158565,89,122,-0.0377692,0.408929,False
rs12158565,89,123,-0.0410739,0.369718,False
rs12158565,89,124,-0.0537384,0.241258,False
rs12158565,89,125,-0.0489099,0.287034,False
rs12158565,89,126,-0.0392149,0.393358,False
rs12158565,89,127,-0.0353348,0.441952,False
rs12158565,89,128,-0.0418634,0.362799,False
rs12158565,89,129,-0.0438451,0.341045,False
rs12158565,89,130,-0.0535756,0.245858,False
rs12158565,89,131,-0.0446408,0.333458,False
rs12158565,89,132,-0.0536142,0.245665,False
rs12158565,89,133,-0.0490748,0.287899,False
rs12158565,89,134,-0.0647968,0.160322,False
rs12158565,89,135,-0.0615037,0.182311,False
rs12158565,89,136,-0.057569,0.212617,False
rs12158565,89,137,-0.0523966,0.256643,False
rs12158565,89,138,-0.0650466,0.159421,False
rs12158565,89,139,-0.0566645,0.22046,False
rs12158565,89,140,-0.069908,0.130601,False
rs12158565,89,141,-0.0728418,0.115014,False
rs12158565,89,142,-0.0740167,0.109637,False
rs12158565,89,143,-0.068404,0.139687,False
rs12158565,89,144,-0.0826171,0.0747237,False
rs12158565,89,145,-0.0858241,0.0644007,False
rs12158565,89,146,-0.0737532,0.112545,False
rs12158565,89,147,-0.0752012,0.105781,False
rs12158565,89,148,-0.0798087,0.0868125,False
rs12158565,89,149,-0.0873582,0.0609272,False
rs12158565,89,150,-0.086394,0.0645594,False
rs12158565,89,151,-0.103884,0.0262838,False
rs12158565,89,152,-0.106557,0.0228551,False
rs12158565,89,153,-0.0990222,0.0348097,False
rs12158565,89,154,-0.0990761,0.0348935,False
rs12158565,89,155,-0.107484,0.0224389,False
rs12158565,89,156,-0.0957282,0.0422939,False
rs12158565,89,157,-0.0887412,0.0601748,False
rs12158565,89,158,-0.0963365,0.0415955,False
rs12158565,89,159,-0.0999651,0.034813,False
rs12158565,89,160,-0.114493,0.0157594,False
rs12158565,89,161,-0.101741,0.0322392,False
rs12158565,89,162,-0.10578,0.0262065,False
rs12158565,89,163,-0.1095,0.0215179,False
rs12158565,89,164,-0.105194,0.0275236,False
rs12158565,89,165,-0.119315,0.0123628,False
rs12158565,89,166,-0.114013,0.0169743,False
rs12158565,89,167,-0.110545,0.0207085,False
rs12158565,89,168,-0.120131,0.0119735,False
rs12158565,89,169,-0.128861,0.00707418,False
rs12158565,89,170,-0.124497,0.0093228,False
rs12158565,89,171,-0.114109,0.0171132,False
rs12158565,89,172,-0.11289,0.0184153,False
rs12158565,89,173,-0.120232,0.0119909,False
rs12158565,89,174,-0.117474,0.0140496,False
rs12158565,89,175,-0.13289,0.00546977,False
rs12158565,89,176,-0.128381,0.0073086,False
rs12158565,89,177,-0.121745,0.0108346,False
rs12158565,89,178,-0.120862,0.0114125,False
rs12158565,89,179,-0.116954,0.014252,False
rs12158565,89,180,-0.12348,0.00950653,False
rs12158565,89,181,-0.130651,0.00603947,False
rs12158565,89,182,-0.122565,0.00995219,False
rs12158565,89,183,-0.126686,0.00757856,False
rs12158565,89,184,-0.126448,0.00758966,False
rs12158565,89,185,-0.124457,0.00839401,False
rs12158565,89,186,-0.118374,0.0120725,False
rs12158565,89,187,-0.120266,0.0105199,False
rs12158565,89,188,-0.117567,0.0120747,False
rs12158565,89,189,-0.131557,0.00487223,False
rs12158565,89,190,-0.125825,0.00702282,False
rs12158565,89,191,-0.11863,0.0108252,False
rs12158565,89,192,-0.121464,0.00889169,False
rs12158565,89,193,-0.131348,0.00451639,False
rs12158565,89,194,-0.140969,0.00228236,False
rs12158565,89,195,-0.143297,0.00186477,False
rs12158565,89,196,-0.129157,0.00495375,False
rs12158565,89,197,-0.129755,0.00465941,False
rs12158565,89,198,-0.134413,0.00332777,False
rs12158565,89,199,-0.141224,0.00204098,False
rs12158565,89,200,-0.148369,0.00115526,False
rs12158565,89,201,-0.12731,0.00526022,False
rs12158565,89,202,-0.141285,0.00194929,False
rs12158565,89,203,-0.131781,0.00385457,False
rs12158565,89,204,-0.141305,0.00195947,False
rs12158565,89,205,-0.141005,0.00199805,False
rs12158565,89,206,-0.148548,0.00113666,False
rs12158565,89,207,-0.147173,0.00126712,False
rs12158565,89,208,-0.145454,0.00147049,False
rs12158565,89,209,-0.149333,0.00111181,False
rs12158565,89,210,-0.157159,0.000619173,False
rs12158565,89,211,-0.155934,0.000699748,False
rs12158565,89,212,-0.160586,0.000501472,False
rs12158565,89,213,-0.172293,0.000204405,False
rs12158565,89,214,-0.173257,0.000200945,False
rs12158565,89,215,-0.165724,0.000402291,False
rs12158565,89,216,-0.167222,0.000372318,False
rs12158565,89,217,-0.177349,0.000173756,False
rs12158565,89,218,-0.174479,0.000245547,False
rs12158565,89,219,-0.176316,0.000231154,False
rs12158565,89,220,-0.172402,0.000350248,False
rs12158565,89,221,-0.172782,0.000379435,False
rs12158565,89,222,-0.164515,0.000788075,False
rs12158565,89,223,-0.179753,0.000280651,False
rs12158565,89,224,-0.173913,0.000496834,False
rs12158565,89,225,-0.178337,0.00040027,False
rs12158565,89,226,-0.175038,0.000584244,False
rs12158565,89,227,-0.180121,0.000456034,False
rs12158565,89,228,-0.181607,0.000470394,False
rs12158565,89,229,-0.183758,0.000469507,False
rs12158565,89,230,-0.187613,0.000418402,False
rs12158565,89,231,-0.188135,0.000474308,False
rs12158565,89,232,-0.185508,0.00065204,False
rs12158565,89,233,-0.190077,0.000559091,False
rs12158565,89,234,-0.199153,0.000357237,False
rs12158565,89,235,-0.193797,0.000609741,False
rs12158565,89,236,-0.206864,0.000300844,False
rs12158565,89,237,-0.212525,0.000243342,False
rs12158565,89,238,-0.206097,0.000443739,False
rs12158565,89,239,-0.217303,0.000258506,False
rs12158565,89,240,-0.19343,0.00133719,False
rs12158565,89,241,-0.204972,0.000774891,False
rs12158565,89,242,-0.226364,0.000249112,False
rs12158565,89,243,-0.234585,0.000173918,False
rs12158565,89,244,-0.221407,0.000462919,False
rs12158565,89,245,-0.239228,0.0001858,False
rs12158565,89,246,-0.232851,0.000318227,False
rs12158565,89,247,-0.248925,0.000141894,False
rs12158565,89,248,-0.256351,0.000104125,False
rs12158565,89,249,-0.258493,0.000108247,False
rs12158565,89,250,-0.275998,4.27263e-05,False
rs12158565,89,251,-0.265456,9.32434e-05,False
rs12158565,90,7,-0.0631274,0.0806852,False
rs12158565,90,8,-0.0533323,0.135938,False
rs12158565,90,9,-0.0577186,0.104188,False
rs12158565,90,10,-0.0602967,0.0872465,False
rs12158565,90,11,-0.0586429,0.094685,False
rs12158565,90,12,-0.0626175,0.0723384,False
rs12158565,90,13,-0.0532608,0.123813,False
rs12158565,90,14,-0.069104,0.0449689,False
rs12158565,90,15,-0.076279,0.0267298,False
rs12158565,90,16,-0.0775768,0.0241054,False
rs12158565,90,17,-0.0694563,0.0426376,False
rs12158565,90,18,-0.0786138,0.0218669,False
rs12158565,90,19,-0.0737525,0.0314778,False
rs12158565,90,20,-0.0855986,0.0126013,False
rs12158565,90,21,-0.0778584,0.0236251,False
rs12158565,90,22,-0.0893468,0.00947925,False
rs12158565,90,23,-0.0838792,0.0147132,False
rs12158565,90,24,-0.0842673,0.0144203,False
rs12158565,90,25,-0.0903724,0.00877259,False
rs12158565,90,26,-0.0879256,0.0107067,False
rs12158565,90,27,-0.10112,0.00348628,False
rs12158565,90,28,-0.0915274,0.00825951,False
rs12158565,90,29,-0.0851681,0.0142216,False
rs12158565,90,30,-0.0870673,0.0124465,False
rs12158565,90,31,-0.096077,0.00591177,False
rs12158565,90,32,-0.076684,0.0286044,False
rs12158565,90,33,-0.0901037,0.0103032,False
rs12158565,90,34,-0.0822115,0.019751,False
rs12158565,90,35,-0.0880865,0.012811,False
rs12158565,90,36,-0.0790953,0.0259815,False
rs12158565,90,37,-0.0865888,0.0151337,False
rs12158565,90,38,-0.0801174,0.0252297,False
rs12158565,90,39,-0.0980115,0.00639106,False
rs12158565,90,40,-0.0894358,0.0131653,False
rs12158565,90,41,-0.0866997,0.0168988,False
rs12158565,90,42,-0.0741538,0.0417884,False
rs12158565,90,43,-0.0969857,0.00803622,False
rs12158565,90,44,-0.0851044,0.0205846,False
rs12158565,90,45,-0.0804499,0.0294303,False
rs12158565,90,46,-0.0949702,0.0105445,False
rs12158565,90,47,-0.104541,0.00503737,False
rs12158565,90,48,-0.0919538,0.0141984,False
rs12158565,90,49,-0.0964857,0.0104108,False
rs12158565,90,50,-0.102833,0.00662162,False
rs12158565,90,51,-0.10788,0.00459568,False
rs12158565,90,52,-0.113266,0.0031205,False
rs12158565,90,53,-0.0995992,0.00982069,False
rs12158565,90,54,-0.0943362,0.015029,False
rs12158565,90,55,-0.106612,0.00620528,False
rs12158565,90,56,-0.0978785,0.0124503,False
rs12158565,90,57,-0.089073,0.0237162,False
rs12158565,90,58,-0.090224,0.0228681,False
rs12158565,90,59,-0.0893774,0.0249911,False
rs12158565,90,60,-0.0804248,0.0444812,False
rs12158565,90,61,-0.0916955,0.0224772,False
rs12158565,90,62,-0.091242,0.0239919,False
rs12158565,90,63,-0.0870746,0.0323012,False
rs12158565,90,64,-0.09831,0.0163347,False
rs12158565,90,65,-0.0907204,0.0273191,False
rs12158565,90,66,-0.084587,0.0406735,False
rs12158565,90,67,-0.093061,0.0251496,False
rs12158565,90,68,-0.0831536,0.0465367,False
rs12158565,90,69,-0.0742129,0.0768914,False
rs12158565,90,70,-0.0784878,0.0628898,False
rs12158565,90,71,-0.0768181,0.0697641,False
rs12158565,90,72,-0.0868498,0.0413662,False
rs12158565,90,73,-0.0800009,0.0618517,False
rs12158565,90,74,-0.0885905,0.0396221,False
rs12158565,90,75,-0.0824318,0.0566235,False
rs12158565,90,76,-0.0786838,0.0700363,False
rs12158565,90,77,-0.0690558,0.112912,False
rs12158565,90,78,-0.0721683,0.0985345,False
rs12158565,90,79,-0.0732368,0.0951687,False
rs12158565,90,80,-0.0678021,0.123173,False
rs12158565,90,81,-0.0697875,0.114162,False
rs12158565,90,82,-0.0710074,0.10899,False
rs12158565,90,83,-0.0647228,0.145315,False
rs12158565,90,84,-0.0710108,0.110385,False
rs12158565,90,85,-0.0736761,0.0984919,False
rs12158565,90,86,-0.0809961,0.0700327,False
rs12158565,90,87,-0.0792744,0.0770185,False
rs12158565,90,88,-0.058074,0.195823,False
rs12158565,90,89,-0.0556093,0.215969,False
rs12158565,90,90,-0.0661679,0.141321,False
rs12158565,90,91,-0.0601483,0.181704,False
rs12158565,90,92,-0.0609222,0.177002,False
rs12158565,90,93,-0.061256,0.175063,False
rs12158565,90,94,-0.0562992,0.213059,False
rs12158565,90,95,-0.0525765,0.244961,False
rs12158565,90,96,-0.0451117,0.319664,False
rs12158565,90,97,-0.0503387,0.267012,False
rs12158565,90,98,-0.0489351,0.280769,False
rs12158565,90,99,-0.0599338,0.185996,False
rs12158565,90,100,-0.0536318,0.238076,False
rs12158565,90,101,-0.0368989,0.417165,False
rs12158565,90,102,-0.0408906,0.368533,False
rs12158565,90,103,-0.052592,0.247493,False
rs12158565,90,104,-0.0487399,0.284117,False
rs12158565,90,105,-0.0476389,0.295619,False
rs12158565,90,106,-0.0527955,0.246508,False
rs12158565,90,107,-0.0428591,0.346781,False
rs12158565,90,108,-0.043228,0.342622,False
rs12158565,90,109,-0.0430155,0.345005,False
rs12158565,90,110,-0.0509288,0.263753,False
rs12158565,90,111,-0.0603859,0.185447,False
rs12158565,90,112,-0.0515641,0.259354,False
rs12158565,90,113,-0.0561102,0.21971,False
rs12158565,90,114,-0.0555984,0.224504,False
rs12158565,90,115,-0.05588,0.222395,False
rs12158565,90,116,-0.0622099,0.174992,False
rs12158565,90,117,-0.0554759,0.227417,False
rs12158565,90,118,-0.0476827,0.299894,False
rs12158565,90,119,-0.0580928,0.207139,False
rs12158565,90,120,-0.047161,0.306238,False
rs12158565,90,121,-0.0604722,0.189698,False
rs12158565,90,122,-0.0638624,0.166013,False
rs12158565,90,123,-0.0532561,0.248881,False
rs12158565,90,124,-0.0452918,0.326659,False
rs12158565,90,125,-0.046499,0.314427,False
rs12158565,90,126,-0.0583233,0.207445,False
rs12158565,90,127,-0.0644803,0.164344,False
rs12158565,90,128,-0.0683525,0.1413,False
rs12158565,90,129,-0.0660746,0.154684,False
rs12158565,90,130,-0.0581442,0.211163,False
rs12158565,90,131,-0.0545839,0.240645,False
rs12158565,90,132,-0.0661577,0.154643,False
rs12158565,90,133,-0.0637645,0.170057,False
rs12158565,90,134,-0.0660328,0.155635,False
rs12158565,90,135,-0.0652645,0.160125,False
rs12158565,90,136,-0.0651371,0.16131,False
rs12158565,90,137,-0.0706042,0.129953,False
rs12158565,90,138,-0.0644353,0.167269,False
rs12158565,90,139,-0.0735681,0.114827,False
rs12158565,90,140,-0.0755557,0.105446,False
rs12158565,90,141,-0.0817405,0.0801284,False
rs12158565,90,142,-0.0788117,0.0914902,False
rs12158565,90,143,-0.0808552,0.0835383,False
rs12158565,90,144,-0.0804331,0.0854053,False
rs12158565,90,145,-0.080541,0.0855223,False
rs12158565,90,146,-0.085766,0.0675849,False
rs12158565,90,147,-0.07814,0.0960748,False
rs12158565,90,148,-0.0759709,0.105869,False
rs12158565,90,149,-0.0780483,0.0973431,False
rs12158565,90,150,-0.0900968,0.05591,False
rs12158565,90,151,-0.0867096,0.0661696,False
rs12158565,90,152,-0.0909177,0.0542956,False
rs12158565,90,153,-0.0946773,0.0453483,False
rs12158565,90,154,-0.0953965,0.0439903,False
rs12158565,90,155,-0.104308,0.0278025,False
rs12158565,90,156,-0.0934869,0.048763,False
rs12158565,90,157,-0.0906466,0.0564181,False
rs12158565,90,158,-0.0951831,0.0453722,False
rs12158565,90,159,-0.0950662,0.045883,False
rs12158565,90,160,-0.105425,0.0271189,False
rs12158565,90,161,-0.0953188,0.0458366,False
rs12158565,90,162,-0.0990989,0.0383166,False
rs12158565,90,163,-0.0987976,0.0390013,False
rs12158565,90,164,-0.098264,0.040176,False
rs12158565,90,165,-0.10024,0.0363252,False
rs12158565,90,166,-0.107665,0.0246623,False
rs12158565,90,167,-0.105655,0.0276535,False
rs12158565,90,168,-0.114244,0.0171513,False
rs12158565,90,169,-0.0971498,0.0430073,False
rs12158565,90,170,-0.112289,0.0193048,False
rs12158565,90,171,-0.111822,0.0197221,False
rs12158565,90,172,-0.104194,0.0299954,False
rs12158565,90,173,-0.121647,0.0112323,False
rs12158565,90,174,-0.118237,0.013649,False
rs12158565,90,175,-0.117598,0.0140698,False
rs12158565,90,176,-0.113905,0.017283,False
rs12158565,90,177,-0.124787,0.00905923,False
rs12158565,90,178,-0.116109,0.0150893,False
rs12158565,90,179,-0.120674,0.0114437,False
rs12158565,90,180,-0.107639,0.0237777,False
rs12158565,90,181,-0.112011,0.018397,False
rs12158565,90,182,-0.120431,0.0110757,False
rs12158565,90,183,-0.120624,0.0108451,False
rs12158565,90,184,-0.130882,0.00566181,False
rs12158565,90,185,-0.128481,0.00648943,False
rs12158565,90,186,-0.136289,0.00370911,False
rs12158565,90,187,-0.144565,0.00202485,False
rs12158565,90,188,-0.133286,0.00435861,False
rs12158565,90,189,-0.136452,0.00342773,False
rs12158565,90,190,-0.139149,0.00275792,False
rs12158565,90,191,-0.134574,0.00375505,False
rs12158565,90,192,-0.133572,0.00386372,False
rs12158565,90,193,-0.128439,0.0053674,False
rs12158565,90,194,-0.123258,0.00739836,False
rs12158565,90,195,-0.132944,0.00381899,False
rs12158565,90,196,-0.140137,0.0022572,False
rs12158565,90,197,-0.139139,0.00240196,False
rs12158565,90,198,-0.135709,0.00301004,False
rs12158565,90,199,-0.134995,0.0031296,False
rs12158565,90,200,-0.133479,0.00347684,False
rs12158565,90,201,-0.127398,0.00526544,False
rs12158565,90,202,-0.124654,0.00631843,False
rs12158565,90,203,-0.128992,0.00469353,False
rs12158565,90,204,-0.127017,0.00540713,False
rs12158565,90,205,-0.130317,0.00432309,False
rs12158565,90,206,-0.129082,0.00477279,False
rs12158565,90,207,-0.134925,0.00322031,False
rs12158565,90,208,-0.143076,0.00180969,False
rs12158565,90,209,-0.143357,0.00179186,False
rs12158565,90,210,-0.142753,0.00192722,False
rs12158565,90,211,-0.145282,0.00166676,False
rs12158565,90,212,-0.155155,0.000827209,False
rs12158565,90,213,-0.159593,0.000619444,False
rs12158565,90,214,-0.155485,0.000893989,False
rs12158565,90,215,-0.160965,0.000624879,False
rs12158565,90,216,-0.170543,0.000315817,False
rs12158565,90,217,-0.159557,0.000813038,False
rs12158565,90,218,-0.176167,0.000240328,False
rs12158565,90,219,-0.173712,0.000325829,False
rs12158565,90,220,-0.170476,0.000462515,False
rs12158565,90,221,-0.16994,0.000541615,False
rs12158565,90,222,-0.163291,0.000976759,False
rs12158565,90,223,-0.154741,0.00196475,False
rs12158565,90,224,-0.170749,0.000717344,False
rs12158565,90,225,-0.17069,0.000830921,False
rs12158565,90,226,-0.162803,0.00158928,False
rs12158565,90,227,-0.167654,0.0012878,False
rs12158565,90,228,-0.187742,0.000363358,False
rs12158565,90,229,-0.177119,0.000885436,False
rs12158565,90,230,-0.183178,0.000679671,False
rs12158565,90,231,-0.171306,0.00169314,False
rs12158565,90,232,-0.173785,0.00163614,False
rs12158565,90,233,-0.1823,0.00110713,False
rs12158565,90,234,-0.189661,0.000793131,False
rs12158565,90,235,-0.189689,0.000917273,False
rs12158565,90,236,-0.204007,0.000436223,False
rs12158565,90,237,-0.190771,0.00113046,False
rs12158565,90,238,-0.192709,0.0011543,False
rs12158565,90,239,-0.206538,0.00058992,False
rs12158565,90,240,-0.21611,0.000377487,False
rs12158565,90,241,-0.220915,0.000327508,False
rs12158565,90,242,-0.22296,0.000335277,False
rs12158565,90,243,-0.221312,0.000435152,False
rs12158565,90,244,-0.23637,0.000202593,False
rs12158565,90,245,-0.2317,0.000314192,False
rs12158565,90,246,-0.244504,0.0001679,False
rs12158565,90,247,-0.237875,0.000289517,False
rs12158565,90,248,-0.240961,0.00027564,False
rs12158565,90,249,-0.236082,0.00041532,False
rs12158565,90,250,-0.229061,0.000684011,False
rs12158565,90,251,-0.238318,0.000456762,False
rs12158565,91,7,-0.0794922,0.0284829,False
rs12158565,91,8,-0.0739104,0.0396349,False
rs12158565,91,9,-0.0701173,0.0488475,False
rs12158565,91,10,-0.0852931,0.0156118,False
rs12158565,91,11,-0.0744328,0.0335123,False
rs12158565,91,12,-0.07459,0.0318404,False
rs12158565,91,13,-0.080394,0.0199771,False
rs12158565,91,14,-0.0788841,0.0218847,False
rs12158565,91,15,-0.0730592,0.0332439,False
rs12158565,91,16,-0.0749472,0.028527,False
rs12158565,91,17,-0.0785898,0.0212819,False
rs12158565,91,18,-0.076023,0.026007,False
rs12158565,91,19,-0.0871731,0.0106355,False
rs12158565,91,20,-0.0799065,0.0193854,False
rs12158565,91,21,-0.0764681,0.0253651,False
rs12158565,91,22,-0.0730004,0.0328881,False
rs12158565,91,23,-0.0871304,0.0107844,False
rs12158565,91,24,-0.0792235,0.020833,False
rs12158565,91,25,-0.0707306,0.0396755,False
rs12158565,91,26,-0.0841863,0.0145032,False
rs12158565,91,27,-0.0939658,0.00644432,False
rs12158565,91,28,-0.0700354,0.0429216,False
rs12158565,91,29,-0.0685672,0.0477234,False
rs12158565,91,30,-0.0925526,0.00771756,False
rs12158565,91,31,-0.0847853,0.015065,False
rs12158565,91,32,-0.101998,0.00351743,False
rs12158565,91,33,-0.0919763,0.00872413,False
rs12158565,91,34,-0.0750204,0.032841,False
rs12158565,91,35,-0.085596,0.0153163,False
rs12158565,91,36,-0.0910987,0.0101102,False
rs12158565,91,37,-0.0977457,0.00600719,False
rs12158565,91,38,-0.0934594,0.00887442,False
rs12158565,91,39,-0.0967968,0.0068265,False
rs12158565,91,40,-0.099754,0.00553956,False
rs12158565,91,41,-0.0891792,0.0135001,False
rs12158565,91,42,-0.0885535,0.0147158,False
rs12158565,91,43,-0.0854268,0.0191614,False
rs12158565,91,44,-0.0748303,0.0405212,False
rs12158565,91,45,-0.0935617,0.010942,False
rs12158565,91,46,-0.0887979,0.0162965,False
rs12158565,91,47,-0.0837121,0.0240155,False
rs12158565,91,48,-0.0922005,0.0135031,False
rs12158565,91,49,-0.0814,0.0297824,False
rs12158565,91,50,-0.0819867,0.0295733,False
rs12158565,91,51,-0.0798053,0.0351673,False
rs12158565,91,52,-0.0808169,0.0339858,False
rs12158565,91,53,-0.0838475,0.0287341,False
rs12158565,91,54,-0.07934,0.039478,False
rs12158565,91,55,-0.0727082,0.0605891,False
rs12158565,91,56,-0.082075,0.0350791,False
rs12158565,91,57,-0.0856804,0.0287795,False
rs12158565,91,58,-0.0907271,0.0212003,False
rs12158565,91,59,-0.0929968,0.0186546,False
rs12158565,91,60,-0.090406,0.0229723,False
rs12158565,91,61,-0.0905899,0.0237315,False
rs12158565,91,62,-0.0673007,0.0941684,False
rs12158565,91,63,-0.0855883,0.0339438,False
rs12158565,91,64,-0.0709092,0.0810251,False
rs12158565,91,65,-0.0832463,0.0416221,False
rs12158565,91,66,-0.0826888,0.0443726,False
rs12158565,91,67,-0.0860736,0.0373906,False
rs12158565,91,68,-0.0731204,0.0787207,False
rs12158565,91,69,-0.0815316,0.0512367,False
rs12158565,91,70,-0.086594,0.0392063,False
rs12158565,91,71,-0.0808032,0.0557663,False
rs12158565,91,72,-0.0804227,0.0579364,False
rs12158565,91,73,-0.0902506,0.034201,False
rs12158565,91,74,-0.0816431,0.0565948,False
rs12158565,91,75,-0.0727019,0.0912764,False
rs12158565,91,76,-0.0725926,0.0934448,False
rs12158565,91,77,-0.075568,0.0821459,False
rs12158565,91,78,-0.0751302,0.08499,False
rs12158565,91,79,-0.0705244,0.107706,False
rs12158565,91,80,-0.0705034,0.108916,False
rs12158565,91,81,-0.0782596,0.0757635,False
rs12158565,91,82,-0.084508,0.0563091,False
rs12158565,91,83,-0.0766448,0.0841352,False
rs12158565,91,84,-0.0820698,0.0654435,False
rs12158565,91,85,-0.0792342,0.0759234,False
rs12158565,91,86,-0.077666,0.0827654,False
rs12158565,91,87,-0.0738769,0.0993725,False
rs12158565,91,88,-0.0614275,0.17121,False
rs12158565,91,89,-0.071128,0.113574,False
rs12158565,91,90,-0.0640505,0.155468,False
rs12158565,91,91,-0.0688263,0.127608,False
rs12158565,91,92,-0.0687486,0.128608,False
rs12158565,91,93,-0.0554229,0.220959,False
rs12158565,91,94,-0.0529992,0.242054,False
rs12158565,91,95,-0.0511998,0.258974,False
rs12158565,91,96,-0.0553781,0.222858,False
rs12158565,91,97,-0.0575785,0.205247,False
rs12158565,91,98,-0.0580456,0.202339,False
rs12158565,91,99,-0.0559716,0.218935,False
rs12158565,91,100,-0.0561333,0.218439,False
rs12158565,91,101,-0.0542978,0.234393,False
rs12158565,91,102,-0.0625041,0.171125,False
rs12158565,91,103,-0.0617338,0.177059,False
rs12158565,91,104,-0.04444,0.331672,False
rs12158565,91,105,-0.0525281,0.251611,False
rs12158565,91,106,-0.0569596,0.214277,False
rs12158565,91,107,-0.0585387,0.201989,False
rs12158565,91,108,-0.0554724,0.226393,False
rs12158565,91,109,-0.0686811,0.134759,False
rs12158565,91,110,-0.0734689,0.110123,False
rs12158565,91,111,-0.0568547,0.216759,False
rs12158565,91,112,-0.066866,0.146575,False
rs12158565,91,113,-0.0662536,0.150576,False
rs12158565,91,114,-0.0647942,0.160284,False
rs12158565,91,115,-0.061961,0.18034,False
rs12158565,91,116,-0.0648026,0.16127,False
rs12158565,91,117,-0.0585614,0.206015,False
rs12158565,91,118,-0.0562499,0.224485,False
rs12158565,91,119,-0.0527494,0.255087,False
rs12158565,91,120,-0.0522771,0.260485,False
rs12158565,91,121,-0.0593924,0.20207,False
rs12158565,91,122,-0.0729211,0.117544,False
rs12158565,91,123,-0.0635296,0.173784,False
rs12158565,91,124,-0.0510911,0.274447,False
rs12158565,91,125,-0.0476726,0.30811,False
rs12158565,91,126,-0.0538563,0.249184,False
rs12158565,91,127,-0.0631443,0.177347,False
rs12158565,91,128,-0.0597444,0.20215,False
rs12158565,91,129,-0.0505394,0.280894,False
rs12158565,91,130,-0.0497925,0.288264,False
rs12158565,91,131,-0.0554158,0.238062,False
rs12158565,91,132,-0.0679868,0.147668,False
rs12158565,91,133,-0.075325,0.108353,False
rs12158565,91,134,-0.0770302,0.100832,False
rs12158565,91,135,-0.0735774,0.117276,False
rs12158565,91,136,-0.0677,0.149687,False
rs12158565,91,137,-0.0652942,0.165055,False
rs12158565,91,138,-0.0744014,0.113882,False
rs12158565,91,139,-0.0888072,0.0595655,False
rs12158565,91,140,-0.090803,0.0539043,False
rs12158565,91,141,-0.0981265,0.0373843,False
rs12158565,91,142,-0.0902093,0.0558789,False
rs12158565,91,143,-0.0852595,0.0708,False
rs12158565,91,144,-0.0883373,0.0614196,False
rs12158565,91,145,-0.0807073,0.0875908,False
rs12158565,91,146,-0.0776621,0.100839,False
rs12158565,91,147,-0.0893417,0.0590119,False
rs12158565,91,148,-0.0889104,0.0603297,False
rs12158565,91,149,-0.105287,0.0263087,False
rs12158565,91,150,-0.0983263,0.0382493,False
rs12158565,91,151,-0.107501,0.0234353,False
rs12158565,91,152,-0.0983507,0.0384624,False
rs12158565,91,153,-0.0859768,0.0708331,False
rs12158565,91,154,-0.0876936,0.0655735,False
rs12158565,91,155,-0.0846943,0.0754889,False
rs12158565,91,156,-0.0874701,0.0668326,False
rs12158565,91,157,-0.0902527,0.058849,False
rs12158565,91,158,-0.0866494,0.0702466,False
rs12158565,91,159,-0.0867031,0.070025,False
rs12158565,91,160,-0.088704,0.0639358,False
rs12158565,91,161,-0.0752658,0.116497,False
rs12158565,91,162,-0.0858935,0.0734546,False
rs12158565,91,163,-0.0894773,0.0620786,False
rs12158565,91,164,-0.0911831,0.0573959,False
rs12158565,91,165,-0.0824211,0.0859414,False
rs12158565,91,166,-0.0766507,0.110369,False
rs12158565,91,167,-0.0883566,0.0660456,False
rs12158565,91,168,-0.0907511,0.0590855,False
rs12158565,91,169,-0.105269,0.0285772,False
rs12158565,91,170,-0.116475,0.0152857,False
rs12158565,91,171,-0.106248,0.0269058,False
rs12158565,91,172,-0.0987745,0.0396184,False
rs12158565,91,173,-0.0949071,0.0479409,False
rs12158565,91,174,-0.0987895,0.039094,False
rs12158565,91,175,-0.0989552,0.0387859,False
rs12158565,91,176,-0.110485,0.0208731,False
rs12158565,91,177,-0.100554,0.0353035,False
rs12158565,91,178,-0.108642,0.0228077,False
rs12158565,91,179,-0.103029,0.0306635,False
rs12158565,91,180,-0.109161,0.0215372,False
rs12158565,91,181,-0.104802,0.0272222,False
rs12158565,91,182,-0.103183,0.0292554,False
rs12158565,91,183,-0.106892,0.0234775,False
rs12158565,91,184,-0.115044,0.0146013,False
rs12158565,91,185,-0.11929,0.0110316,False
rs12158565,91,186,-0.112091,0.01655,False
rs12158565,91,187,-0.123484,0.00811375,False
rs12158565,91,188,-0.113028,0.0153684,False
rs12158565,91,189,-0.119381,0.0102796,False
rs12158565,91,190,-0.135904,0.00342342,False
rs12158565,91,191,-0.128875,0.00535047,False
rs12158565,91,192,-0.129139,0.00513108,False
rs12158565,91,193,-0.126605,0.00589086,False
rs12158565,91,194,-0.130665,0.00442486,False
rs12158565,91,195,-0.130548,0.00442453,False
rs12158565,91,196,-0.12904,0.00484924,False
rs12158565,91,197,-0.138328,0.00254093,False
rs12158565,91,198,-0.141882,0.00193224,False
rs12158565,91,199,-0.125392,0.00607509,False
rs12158565,91,200,-0.127778,0.00512391,False
rs12158565,91,201,-0.123193,0.00694052,False
rs12158565,91,202,-0.127474,0.00525023,False
rs12158565,91,203,-0.122603,0.00730194,False
rs12158565,91,204,-0.135682,0.0030472,False
rs12158565,91,205,-0.138702,0.00246456,False
rs12158565,91,206,-0.129829,0.00462937,False
rs12158565,91,207,-0.128436,0.00516067,False
rs12158565,91,208,-0.136773,0.00299576,False
rs12158565,91,209,-0.150418,0.00111232,False
rs12158565,91,210,-0.146038,0.00163238,False
rs12158565,91,211,-0.149647,0.00131044,False
rs12158565,91,212,-0.151541,0.00120675,False
rs12158565,91,213,-0.148848,0.00152905,False
rs12158565,91,214,-0.139916,0.00306631,False
rs12158565,91,215,-0.128763,0.0067859,False
rs12158565,91,216,-0.147749,0.0019886,False
rs12158565,91,217,-0.144467,0.00273012,False
rs12158565,91,218,-0.139534,0.00407353,False
rs12158565,91,219,-0.155321,0.00149978,False
rs12158565,91,220,-0.15477,0.00170212,False
rs12158565,91,221,-0.1556,0.00175295,False
rs12158565,91,222,-0.162839,0.00118636,False
rs12158565,91,223,-0.162894,0.00131072,False
rs12158565,91,224,-0.173836,0.000680691,False
rs12158565,91,225,-0.176931,0.000622918,False
rs12158565,91,226,-0.181977,0.000503499,False
rs12158565,91,227,-0.182722,0.000539744,False
rs12158565,91,228,-0.190783,0.000351999,False
rs12158565,91,229,-0.178524,0.000947326,False
rs12158565,91,230,-0.185786,0.000675313,False
rs12158565,91,231,-0.199325,0.000308893,False
rs12158565,91,232,-0.207477,0.000210182,False
rs12158565,91,233,-0.203329,0.000329134,False
rs12158565,91,234,-0.201721,0.000428208,False
rs12158565,91,235,-0.209502,0.000302293,False
rs12158565,91,236,-0.207682,0.000397988,False
rs12158565,91,237,-0.211662,0.000357245,False
rs12158565,91,238,-0.23206,0.00010795,False
rs12158565,91,239,-0.226827,0.000183417,False
rs12158565,91,240,-0.211098,0.000576447,False
rs12158565,91,241,-0.23047,0.00019829,False
rs12158565,91,242,-0.226379,0.000302283,False
rs12158565,91,243,-0.241902,0.000131981,False
rs12158565,91,244,-0.249637,9.50095e-05,False
rs12158565,91,245,-0.229502,0.000382159,False
rs12158565,91,246,-0.24034,0.000228417,False
rs12158565,91,247,-0.240527,0.00025663,False
rs12158565,91,248,-0.24941,0.00017404,False
rs12158565,91,249,-0.255307,0.000140358,False
rs12158565,91,250,-0.260478,0.000116293,False
rs12158565,91,251,-0.263894,0.00010609,False
rs12158565,92,7,-0.0695805,0.0562743,False
rs12158565,92,8,-0.0740224,0.0402921,False
rs12158565,92,9,-0.0735871,0.0398642,False
rs12158565,92,10,-0.0870586,0.0140283,False
rs12158565,92,11,-0.0752693,0.0319427,False
rs12158565,92,12,-0.0845721,0.0153039,False
rs12158565,92,13,-0.0753924,0.0297434,False
rs12158565,92,14,-0.0873637,0.0111291,False
rs12158565,92,15,-0.0855929,0.0125921,False
rs12158565,92,16,-0.0959126,0.00511263,False
rs12158565,92,17,-0.085332,0.0124785,False
rs12158565,92,18,-0.0965628,0.00463926,False
rs12158565,92,19,-0.100353,0.00331346,False
rs12158565,92,20,-0.0962453,0.00469961,False
rs12158565,92,21,-0.102625,0.00266868,False
rs12158565,92,22,-0.104782,0.00218176,False
rs12158565,92,23,-0.100481,0.00328533,False
rs12158565,92,24,-0.101046,0.00315437,False
rs12158565,92,25,-0.0958868,0.00507619,False
rs12158565,92,26,-0.0818199,0.0170616,False
rs12158565,92,27,-0.0869994,0.0114087,False
rs12158565,92,28,-0.0981162,0.00447771,False
rs12158565,92,29,-0.0897046,0.00956423,False
rs12158565,92,30,-0.0935063,0.00694003,False
rs12158565,92,31,-0.0859942,0.0133332,False
rs12158565,92,32,-0.0886083,0.0110373,False
rs12158565,92,33,-0.0841776,0.016298,False
rs12158565,92,34,-0.0725724,0.0390185,False
rs12158565,92,35,-0.0835701,0.0177721,False
rs12158565,92,36,-0.0880554,0.0128185,False
rs12158565,92,37,-0.0786433,0.0267809,False
rs12158565,92,38,-0.0808274,0.0231128,False
rs12158565,92,39,-0.0665172,0.0628384,False
rs12158565,92,40,-0.0790991,0.0277802,False
rs12158565,92,41,-0.0904774,0.0121641,False
rs12158565,92,42,-0.0862022,0.017209,False
rs12158565,92,43,-0.0896297,0.013802,False
rs12158565,92,44,-0.0830152,0.023116,False
rs12158565,92,45,-0.092014,0.0120893,False
rs12158565,92,46,-0.0868677,0.0185937,False
rs12158565,92,47,-0.0898541,0.0153416,False
rs12158565,92,48,-0.0941899,0.0113237,False
rs12158565,92,49,-0.0807652,0.0306495,False
rs12158565,92,50,-0.0879467,0.0191528,False
rs12158565,92,51,-0.0819867,0.0294616,False
rs12158565,92,52,-0.0885117,0.0196776,False
rs12158565,92,53,-0.0863234,0.0235223,False
rs12158565,92,54,-0.0846522,0.027058,False
rs12158565,92,55,-0.0824826,0.0319441,False
rs12158565,92,56,-0.0908661,0.0187116,False
rs12158565,92,57,-0.0810191,0.0370022,False
rs12158565,92,58,-0.0794204,0.0421866,False
rs12158565,92,59,-0.0891633,0.023429,False
rs12158565,92,60,-0.0810517,0.0403169,False
rs12158565,92,61,-0.0795678,0.0453485,False
rs12158565,92,62,-0.0811584,0.0423242,False
rs12158565,92,63,-0.0797983,0.0467379,False
rs12158565,92,64,-0.0736331,0.0682734,False
rs12158565,92,65,-0.079064,0.0516092,False
rs12158565,92,66,-0.0780573,0.0560418,False
rs12158565,92,67,-0.0729163,0.0763405,False
rs12158565,92,68,-0.0802165,0.052212,False
rs12158565,92,69,-0.0897937,0.0306651,False
rs12158565,92,70,-0.0755929,0.0703605,False
rs12158565,92,71,-0.0651111,0.120879,False
rs12158565,92,72,-0.0864023,0.0405559,False
rs12158565,92,73,-0.0963028,0.0231977,False
rs12158565,92,74,-0.0847259,0.0467973,False
rs12158565,92,75,-0.0861341,0.0445215,False
rs12158565,92,76,-0.0873303,0.0427586,False
rs12158565,92,77,-0.0792743,0.0671706,False
rs12158565,92,78,-0.0767181,0.0775996,False
rs12158565,92,79,-0.0741159,0.0894728,False
rs12158565,92,80,-0.0809472,0.0646183,False
rs12158565,92,81,-0.0857732,0.051076,False
rs12158565,92,82,-0.0651807,0.13954,False
rs12158565,92,83,-0.0735107,0.0975213,False
rs12158565,92,84,-0.069848,0.116097,False
rs12158565,92,85,-0.0672051,0.131687,False
rs12158565,92,86,-0.0632517,0.156757,False
rs12158565,92,87,-0.0543702,0.225087,False
rs12158565,92,88,-0.0653931,0.14559,False
rs12158565,92,89,-0.0657461,0.144238,False
rs12158565,92,90,-0.0645721,0.152772,False
rs12158565,92,91,-0.0596307,0.187159,False
rs12158565,92,92,-0.0623767,0.168716,False
rs12158565,92,93,-0.0513774,0.257775,False
rs12158565,92,94,-0.0638162,0.160541,False
rs12158565,92,95,-0.0566881,0.213463,False
rs12158565,92,96,-0.067605,0.138004,False
rs12158565,92,97,-0.0686157,0.132539,False
rs12158565,92,98,-0.0543159,0.234625,False
rs12158565,92,99,-0.0473437,0.300416,False
rs12158565,92,100,-0.0453907,0.321401,False
rs12158565,92,101,-0.0500326,0.275038,False
rs12158565,92,102,-0.0496251,0.278791,False
rs12158565,92,103,-0.0680807,0.137453,False
rs12158565,92,104,-0.072899,0.112533,False
rs12158565,92,105,-0.0601269,0.191267,False
rs12158565,92,106,-0.0652942,0.155845,False
rs12158565,92,107,-0.0615093,0.182191,False
rs12158565,92,108,-0.0605905,0.18925,False
rs12158565,92,109,-0.0605916,0.189543,False
rs12158565,92,110,-0.0679208,0.142104,False
rs12158565,92,111,-0.0608178,0.188758,False
rs12158565,92,112,-0.066136,0.153381,False
rs12158565,92,113,-0.0682964,0.14057,False
rs12158565,92,114,-0.062739,0.176522,False
rs12158565,92,115,-0.0643598,0.166405,False
rs12158565,92,116,-0.0573332,0.218341,False
rs12158565,92,117,-0.0548858,0.23868,False
rs12158565,92,118,-0.0615892,0.18676,False
rs12158565,92,119,-0.0551397,0.2379,False
rs12158565,92,120,-0.0634126,0.175228,False
rs12158565,92,121,-0.0594836,0.204042,False
rs12158565,92,122,-0.0644058,0.16873,False
rs12158565,92,123,-0.0582874,0.214205,False
rs12158565,92,124,-0.0647807,0.167737,False
rs12158565,92,125,-0.0562069,0.232179,False
rs12158565,92,126,-0.0538454,0.252242,False
rs12158565,92,127,-0.0509979,0.278668,False
rs12158565,92,128,-0.057311,0.223797,False
rs12158565,92,129,-0.0580669,0.217667,False
rs12158565,92,130,-0.0639521,0.175338,False
rs12158565,92,131,-0.0624562,0.186006,False
rs12158565,92,132,-0.0663877,0.159904,False
rs12158565,92,133,-0.0759193,0.108289,False
rs12158565,92,134,-0.0710068,0.133463,False
rs12158565,92,135,-0.0665286,0.159727,False
rs12158565,92,136,-0.0669182,0.157812,False
rs12158565,92,137,-0.0760175,0.108815,False
rs12158565,92,138,-0.0851903,0.0723558,False
rs12158565,92,139,-0.0841763,0.0761647,False
rs12158565,92,140,-0.0864766,0.0682666,False
rs12158565,92,141,-0.0861858,0.0694597,False
rs12158565,92,142,-0.0915215,0.0538762,False
rs12158565,92,143,-0.0878927,0.0641981,False
rs12158565,92,144,-0.0822046,0.0832543,False
rs12158565,92,145,-0.093234,0.0497958,False
rs12158565,92,146,-0.0874922,0.0656169,False
rs12158565,92,147,-0.0919428,0.0532165,False
rs12158565,92,148,-0.0902699,0.0580751,False
rs12158565,92,149,-0.097095,0.0415374,False
rs12158565,92,150,-0.0912524,0.0555658,False
rs12158565,92,151,-0.0890372,0.0622462,False
rs12158565,92,152,-0.0884898,0.0638957,False
rs12158565,92,153,-0.0866057,0.0701809,False
rs12158565,92,154,-0.103268,0.030907,False
rs12158565,92,155,-0.0929914,0.051775,False
rs12158565,92,156,-0.103997,0.0298249,False
rs12158565,92,157,-0.0934086,0.0513176,False
rs12158565,92,158,-0.105523,0.0277293,False
rs12158565,92,159,-0.111691,0.0199577,False
rs12158565,92,160,-0.108695,0.0234953,False
rs12158565,92,161,-0.10945,0.0225586,False
rs12158565,92,162,-0.103164,0.0316899,False
rs12158565,92,163,-0.108065,0.0246005,False
rs12158565,92,164,-0.108902,0.0235919,False
rs12158565,92,165,-0.0989374,0.0395573,False
rs12158565,92,166,-0.0926812,0.0540159,False
rs12158565,92,167,-0.0995556,0.0385394,False
rs12158565,92,168,-0.107488,0.0254371,False
rs12158565,92,169,-0.105169,0.0285686,False
rs12158565,92,170,-0.104039,0.0303413,False
rs12158565,92,171,-0.109124,0.0230108,False
rs12158565,92,172,-0.100844,0.0356568,False
rs12158565,92,173,-0.107806,0.0243093,False
rs12158565,92,174,-0.10329,0.0309784,False
rs12158565,92,175,-0.105392,0.0273479,False
rs12158565,92,176,-0.102043,0.0320899,False
rs12158565,92,177,-0.108591,0.0224548,False
rs12158565,92,178,-0.104272,0.0279939,False
rs12158565,92,179,-0.101399,0.0322784,False
rs12158565,92,180,-0.10835,0.0219712,False
rs12158565,92,181,-0.119272,0.0114787,False
rs12158565,92,182,-0.117225,0.0126488,False
rs12158565,92,183,-0.115499,0.0139442,False
rs12158565,92,184,-0.118632,0.0113637,False
rs12158565,92,185,-0.133256,0.00435802,False
rs12158565,92,186,-0.133538,0.0042058,False
rs12158565,92,187,-0.131866,0.00457118,False
rs12158565,92,188,-0.137244,0.00307581,False
rs12158565,92,189,-0.143247,0.00193671,False
rs12158565,92,190,-0.14584,0.00157401,False
rs12158565,92,191,-0.135673,0.00324265,False
rs12158565,92,192,-0.137065,0.00288655,False
rs12158565,92,193,-0.142147,0.00196828,False
rs12158565,92,194,-0.156631,0.000631403,False
rs12158565,92,195,-0.141567,0.00198575,False
rs12158565,92,196,-0.126214,0.005801,False
rs12158565,92,197,-0.120869,0.00823171,False
rs12158565,92,198,-0.12219,0.00745768,False
rs12158565,92,199,-0.121534,0.0077522,False
rs12158565,92,200,-0.126011,0.00568776,False
rs12158565,92,201,-0.13951,0.00222071,False
rs12158565,92,202,-0.128307,0.00491046,False
rs12158565,92,203,-0.134401,0.00325662,False
rs12158565,92,204,-0.124886,0.00629336,False
rs12158565,92,205,-0.121943,0.00775542,False
rs12158565,92,206,-0.140309,0.00224193,False
rs12158565,92,207,-0.140573,0.00228937,False
rs12158565,92,208,-0.14164,0.00217756,False
rs12158565,92,209,-0.139865,0.00256952,False
rs12158565,92,210,-0.137259,0.00320307,False
rs12158565,92,211,-0.14377,0.00213175,False
rs12158565,92,212,-0.142196,0.00252231,False
rs12158565,92,213,-0.151955,0.0013125,False
rs12158565,92,214,-0.151479,0.00143768,False
rs12158565,92,215,-0.155853,0.00113075,False
rs12158565,92,216,-0.155375,0.00128057,False
rs12158565,92,217,-0.154532,0.00149825,False
rs12158565,92,218,-0.155186,0.00154882,False
rs12158565,92,219,-0.150144,0.00238633,False
rs12158565,92,220,-0.153965,0.00200096,False
rs12158565,92,221,-0.157391,0.00177387,False
rs12158565,92,222,-0.150196,0.00313037,False
rs12158565,92,223,-0.16353,0.00143588,False
rs12158565,92,224,-0.172358,0.000896537,False
rs12158565,92,225,-0.165918,0.0015471,False
rs12158565,92,226,-0.172949,0.00110024,False
rs12158565,92,227,-0.158473,0.00309692,False
rs12158565,92,228,-0.171863,0.00150924,False
rs12158565,92,229,-0.18326,0.000827977,False
rs12158565,92,230,-0.197315,0.000368729,False
rs12158565,92,231,-0.189201,0.000744514,False
rs12158565,92,232,-0.185107,0.00109939,False
rs12158565,92,233,-0.196683,0.000610054,False
rs12158565,92,234,-0.205194,0.000401617,False
rs12158565,92,235,-0.194196,0.00093099,False
rs12158565,92,236,-0.191336,0.00126356,False
rs12158565,92,237,-0.198116,0.000952694,False
rs12158565,92,238,-0.214098,0.000408205,False
rs12158565,92,239,-0.204424,0.00083208,False
rs12158565,92,240,-0.202236,0.00108065,False
rs12158565,92,241,-0.211786,0.000694733,False
rs12158565,92,242,-0.233919,0.000207978,False
rs12158565,92,243,-0.241632,0.000146836,False
rs12158565,92,244,-0.233509,0.000282271,False
rs12158565,92,245,-0.236853,0.000260735,False
rs12158565,92,246,-0.241755,0.000218879,False
rs12158565,92,247,-0.235325,0.000367754,False
rs12158565,92,248,-0.242965,0.000261207,False
rs12158565,92,249,-0.23893,0.000375999,False
rs12158565,92,250,-0.244965,0.000297808,False
rs12158565,92,251,-0.251017,0.000229503,False
rs12158565,93,7,-0.0755007,0.0376636,False
rs12158565,93,8,-0.0929402,0.00966894,False
rs12158565,93,9,-0.0958742,0.00700593,False
rs12158565,93,10,-0.101917,0.00377243,False
rs12158565,93,11,-0.0986529,0.00470652,False
rs12158565,93,12,-0.101029,0.00353493,False
rs12158565,93,13,-0.0978412,0.00442132,False
rs12158565,93,14,-0.110904,0.00122158,False
rs12158565,93,15,-0.102303,0.0027465,False
rs12158565,93,16,-0.101737,0.00279136,False
rs12158565,93,17,-0.112169,0.000948739,False
rs12158565,93,18,-0.10234,0.0025781,False
rs12158565,93,19,-0.10415,0.00219275,False
rs12158565,93,20,-0.0958889,0.00476975,False
rs12158565,93,21,-0.102162,0.00266086,False
rs12158565,93,22,-0.10242,0.00262301,False
rs12158565,93,23,-0.100162,0.0032252,False
rs12158565,93,24,-0.103001,0.0024738,False
rs12158565,93,25,-0.100225,0.00328428,False
rs12158565,93,26,-0.107223,0.00169534,False
rs12158565,93,27,-0.102881,0.00266039,False
rs12158565,93,28,-0.110138,0.00131944,False
rs12158565,93,29,-0.103962,0.0024756,False
rs12158565,93,30,-0.102562,0.00287387,False
rs12158565,93,31,-0.104971,0.00238443,False
rs12158565,93,32,-0.110981,0.0013818,False
rs12158565,93,33,-0.099775,0.00410247,False
rs12158565,93,34,-0.106953,0.00214977,False
rs12158565,93,35,-0.100575,0.00398699,False
rs12158565,93,36,-0.10276,0.00345374,False
rs12158565,93,37,-0.108651,0.00202529,False
rs12158565,93,38,-0.0945409,0.00754064,False
rs12158565,93,39,-0.107365,0.00250438,False
rs12158565,93,40,-0.106684,0.00276531,False
rs12158565,93,41,-0.0956942,0.00738499,False
rs12158565,93,42,-0.104044,0.00374553,False
rs12158565,93,43,-0.107021,0.00300989,False
rs12158565,93,44,-0.102848,0.00456453,False
rs12158565,93,45,-0.102328,0.00491531,False
rs12158565,93,46,-0.102436,0.00501623,False
rs12158565,93,47,-0.0993344,0.00674307,False
rs12158565,93,48,-0.106732,0.00382547,False
rs12158565,93,49,-0.108526,0.00339188,False
rs12158565,93,50,-0.103561,0.00533889,False
rs12158565,93,51,-0.0896148,0.0166199,False
rs12158565,93,52,-0.0971876,0.00967257,False
rs12158565,93,53,-0.112385,0.00290837,False
rs12158565,93,54,-0.108782,0.00418727,False
rs12158565,93,55,-0.102244,0.00729152,False
rs12158565,93,56,-0.105089,0.00610156,False
rs12158565,93,57,-0.113619,0.00321983,False
rs12158565,93,58,-0.0929265,0.0163561,False
rs12158565,93,59,-0.0957974,0.0138956,False
rs12158565,93,60,-0.0927495,0.0179033,False
rs12158565,93,61,-0.097809,0.0129415,False
rs12158565,93,62,-0.0922179,0.0198025,False
rs12158565,93,63,-0.0952242,0.0165294,False
rs12158565,93,64,-0.0823086,0.0395448,False
rs12158565,93,65,-0.0976345,0.0151951,False
rs12158565,93,66,-0.0818398,0.0433667,False
rs12158565,93,67,-0.0772621,0.0577724,False
rs12158565,93,68,-0.0787254,0.0546316,False
rs12158565,93,69,-0.0761126,0.0646253,False
rs12158565,93,70,-0.0722614,0.0809808,False
rs12158565,93,71,-0.0714582,0.0863868,False
rs12158565,93,72,-0.0733377,0.0803027,False
rs12158565,93,73,-0.0717522,0.0881117,False
rs12158565,93,74,-0.0689612,0.103519,False
rs12158565,93,75,-0.0749516,0.0787517,False
rs12158565,93,76,-0.0797932,0.0622123,False
rs12158565,93,77,-0.0811642,0.0594515,False
rs12158565,93,78,-0.0765639,0.0762936,False
rs12158565,93,79,-0.0676509,0.118779,False
rs12158565,93,80,-0.065244,0.134419,False
rs12158565,93,81,-0.0730001,0.0952203,False
rs12158565,93,82,-0.0584627,0.182961,False
rs12158565,93,83,-0.0715049,0.104446,False
rs12158565,93,84,-0.0697985,0.114398,False
rs12158565,93,85,-0.0590672,0.183396,False
rs12158565,93,86,-0.0653868,0.141517,False
rs12158565,93,87,-0.0750642,0.0920861,False
rs12158565,93,88,-0.0646034,0.148321,False
rs12158565,93,89,-0.0717398,0.109688,False
rs12158565,93,90,-0.0568361,0.206412,False
rs12158565,93,91,-0.0598991,0.184405,False
rs12158565,93,92,-0.0666241,0.140458,False
rs12158565,93,93,-0.0713527,0.115127,False
rs12158565,93,94,-0.06052,0.182597,False
rs12158565,93,95,-0.0677738,0.136038,False
rs12158565,93,96,-0.0704039,0.122081,False
rs12158565,93,97,-0.078436,0.0855358,False
rs12158565,93,98,-0.0715183,0.117552,False
rs12158565,93,99,-0.0777792,0.0892397,False
rs12158565,93,100,-0.0712831,0.119819,False
rs12158565,93,101,-0.0697574,0.128478,False
rs12158565,93,102,-0.0703358,0.12571,False
rs12158565,93,103,-0.0552063,0.230564,False
rs12158565,93,104,-0.0605914,0.187995,False
rs12158565,93,105,-0.0754625,0.102065,False
rs12158565,93,106,-0.0741374,0.108539,False
rs12158565,93,107,-0.0856429,0.0639372,False
rs12158565,93,108,-0.069645,0.132445,False
rs12158565,93,109,-0.0602932,0.19356,False
rs12158565,93,110,-0.0587485,0.205669,False
rs12158565,93,111,-0.0491796,0.289476,False
rs12158565,93,112,-0.0526591,0.257198,False
rs12158565,93,113,-0.058513,0.209287,False
rs12158565,93,114,-0.0688018,0.140382,False
rs12158565,93,115,-0.0658662,0.158666,False
rs12158565,93,116,-0.0570135,0.222947,False
rs12158565,93,117,-0.0623331,0.183122,False
rs12158565,93,118,-0.0624643,0.18258,False
rs12158565,93,119,-0.0669375,0.154053,False
rs12158565,93,120,-0.060015,0.202179,False
rs12158565,93,121,-0.0528896,0.261472,False
rs12158565,93,122,-0.0539115,0.252937,False
rs12158565,93,123,-0.0659433,0.162783,False
rs12158565,93,124,-0.0675253,0.153071,False
rs12158565,93,125,-0.0638424,0.177188,False
rs12158565,93,126,-0.0635325,0.179387,False
rs12158565,93,127,-0.0655627,0.166907,False
rs12158565,93,128,-0.0717459,0.131094,False
rs12158565,93,129,-0.061407,0.196538,False
rs12158565,93,130,-0.0689378,0.1473,False
rs12158565,93,131,-0.0604457,0.203844,False
rs12158565,93,132,-0.0773393,0.104268,False
rs12158565,93,133,-0.0770301,0.105671,False
rs12158565,93,134,-0.0656715,0.16808,False
rs12158565,93,135,-0.0700651,0.141654,False
rs12158565,93,136,-0.0850094,0.0744473,False
rs12158565,93,137,-0.0912652,0.0556568,False
rs12158565,93,138,-0.0959955,0.0440616,False
rs12158565,93,139,-0.0832913,0.0806433,False
rs12158565,93,140,-0.0994234,0.0370071,False
rs12158565,93,141,-0.102954,0.0308249,False
rs12158565,93,142,-0.0822963,0.0846316,False
rs12158565,93,143,-0.0868996,0.068447,False
rs12158565,93,144,-0.0872367,0.0676196,False
rs12158565,93,145,-0.0942732,0.048286,False
rs12158565,93,146,-0.0990203,0.038429,False
rs12158565,93,147,-0.0995424,0.0375285,False
rs12158565,93,148,-0.0940357,0.0495006,False
rs12158565,93,149,-0.0889582,0.0631839,False
rs12158565,93,150,-0.0939634,0.0497269,False
rs12158565,93,151,-0.0944425,0.048265,False
rs12158565,93,152,-0.0929616,0.0520779,False
rs12158565,93,153,-0.100348,0.0362892,False
rs12158565,93,154,-0.097413,0.0421077,False
rs12158565,93,155,-0.0998163,0.0375972,False
rs12158565,93,156,-0.101309,0.03475,False
rs12158565,93,157,-0.0992692,0.0385867,False
rs12158565,93,158,-0.10522,0.028332,False
rs12158565,93,159,-0.101474,0.0344843,False
rs12158565,93,160,-0.113346,0.0183189,False
rs12158565,93,161,-0.117695,0.0142164,False
rs12158565,93,162,-0.106396,0.0265841,False
rs12158565,93,163,-0.101832,0.0337817,False
rs12158565,93,164,-0.111011,0.0207849,False
rs12158565,93,165,-0.102773,0.03226,False
rs12158565,93,166,-0.113019,0.0185139,False
rs12158565,93,167,-0.119722,0.0125316,False
rs12158565,93,168,-0.120889,0.0116825,False
rs12158565,93,169,-0.116644,0.0148806,False
rs12158565,93,170,-0.121024,0.0112978,False
rs12158565,93,171,-0.106907,0.0252634,False
rs12158565,93,172,-0.113852,0.0170171,False
rs12158565,93,173,-0.122571,0.0100669,False
rs12158565,93,174,-0.116208,0.0145265,False
rs12158565,93,175,-0.112347,0.0179527,False
rs12158565,93,176,-0.117487,0.0132255,False
rs12158565,93,177,-0.109978,0.0200003,False
rs12158565,93,178,-0.111898,0.0176897,False
rs12158565,93,179,-0.109096,0.0205641,False
rs12158565,93,180,-0.112272,0.0170081,False
rs12158565,93,181,-0.11517,0.014255,False
rs12158565,93,182,-0.124692,0.00780117,False
rs12158565,93,183,-0.116101,0.0128748,False
rs12158565,93,184,-0.120716,0.00955924,False
rs12158565,93,185,-0.125053,0.0071395,False
rs12158565,93,186,-0.12261,0.0082228,False
rs12158565,93,187,-0.137999,0.002854,False
rs12158565,93,188,-0.124195,0.00716526,False
rs12158565,93,189,-0.136794,0.00296075,False
rs12158565,93,190,-0.135138,0.00330447,False
rs12158565,93,191,-0.123954,0.00695998,False
rs12158565,93,192,-0.127928,0.00530267,False
rs12158565,93,193,-0.121792,0.00770504,False
rs12158565,93,194,-0.123741,0.00672988,False
rs12158565,93,195,-0.131048,0.0040467,False
rs12158565,93,196,-0.142761,0.00174429,False
rs12158565,93,197,-0.145437,0.00143202,False
rs12158565,93,198,-0.142317,0.00180358,False
rs12158565,93,199,-0.142625,0.00175721,False
rs12158565,93,200,-0.154323,0.000726056,False
rs12158565,93,201,-0.149473,0.00107518,False
rs12158565,93,202,-0.143842,0.0016695,False
rs12158565,93,203,-0.148224,0.00123699,False
rs12158565,93,204,-0.140723,0.00218106,False
rs12158565,93,205,-0.133476,0.00375805,False
rs12158565,93,206,-0.147859,0.00136842,False
rs12158565,93,207,-0.14446,0.0018206,False
rs12158565,93,208,-0.138369,0.00290409,False
rs12158565,93,209,-0.155167,0.00089248,False
rs12158565,93,210,-0.154267,0.0010206,False
rs12158565,93,211,-0.149415,0.00155388,False
rs12158565,93,212,-0.145485,0.00218524,False
rs12158565,93,213,-0.14862,0.00185363,False
rs12158565,93,214,-0.139946,0.00360916,False
rs12158565,93,215,-0.152869,0.00159687,False
rs12158565,93,216,-0.152633,0.00178082,False
rs12158565,93,217,-0.147459,0.00270637,False
rs12158565,93,218,-0.15401,0.00191814,False
rs12158565,93,219,-0.146229,0.00352691,False
rs12158565,93,220,-0.165389,0.00105671,False
rs12158565,93,221,-0.145142,0.00443833,False
rs12158565,93,222,-0.162154,0.00165394,False
rs12158565,93,223,-0.158564,0.00230872,False
rs12158565,93,224,-0.166874,0.00150209,False
rs12158565,93,225,-0.159511,0.00267628,False
rs12158565,93,226,-0.172428,0.0013147,False
rs12158565,93,227,-0.177189,0.00109356,False
rs12158565,93,228,-0.187062,0.000652292,False
rs12158565,93,229,-0.194447,0.000451973,False
rs12158565,93,230,-0.191985,0.000620683,False
rs12158565,93,231,-0.199149,0.000447307,False
rs12158565,93,232,-0.20115,0.000458228,False
rs12158565,93,233,-0.205474,0.000396392,False
rs12158565,93,234,-0.200867,0.000608532,False
rs12158565,93,235,-0.206174,0.000502014,False
rs12158565,93,236,-0.215694,0.000319027,False
rs12158565,93,237,-0.218857,0.000297096,False
rs12158565,93,238,-0.225387,0.00022511,False
rs12158565,93,239,-0.22663,0.000238696,False
rs12158565,93,240,-0.228995,0.000232766,False
rs12158565,93,241,-0.235149,0.000178877,False
rs12158565,93,242,-0.234052,0.000220271,False
rs12158565,93,243,-0.227135,0.0003774,False
rs12158565,93,244,-0.233564,0.000288029,False
rs12158565,93,245,-0.238754,0.000235777,False
rs12158565,93,246,-0.253995,0.000105255,False
rs12158565,93,247,-0.254352,0.000118064,False
rs12158565,93,248,-0.252503,0.000147139,False
rs12158565,93,249,-0.248792,0.000205131,False
rs12158565,93,250,-0.262806,9.89014e-05,False
rs12158565,93,251,-0.264269,9.9355e-05,False
rs12158565,94,7,-0.0612789,0.0903483,False
rs12158565,94,8,-0.0803928,0.0248753,False
rs12158565,94,9,-0.0917353,0.00948045,False
rs12158565,94,10,-0.0794108,0.0236828,False
rs12158565,94,11,-0.0932522,0.00752147,False
rs12158565,94,12,-0.0958,0.00558518,False
rs12158565,94,13,-0.0833491,0.0153525,False
rs12158565,94,14,-0.086581,0.011373,False
rs12158565,94,15,-0.098444,0.00393286,False
rs12158565,94,16,-0.0985029,0.00383236,False
rs12158565,94,17,-0.100818,0.00306654,False
rs12158565,94,18,-0.0821519,0.0158803,False
rs12158565,94,19,-0.0930671,0.00618981,False
rs12158565,94,20,-0.0929347,0.00623239,False
rs12158565,94,21,-0.102292,0.00261317,False
rs12158565,94,22,-0.103614,0.00232664,False
rs12158565,94,23,-0.11766,0.000544676,False
rs12158565,94,24,-0.106904,0.00169895,False
rs12158565,94,25,-0.0989906,0.00371048,False
rs12158565,94,26,-0.101494,0.00295214,False
rs12158565,94,27,-0.105027,0.00216089,False
rs12158565,94,28,-0.0974857,0.0044921,False
rs12158565,94,29,-0.101737,0.00303148,False
rs12158565,94,30,-0.108647,0.00161802,False
rs12158565,94,31,-0.109675,0.00151092,False
rs12158565,94,32,-0.0826416,0.0169294,False
rs12158565,94,33,-0.0913012,0.00854353,False
rs12158565,94,34,-0.102109,0.00333492,False
rs12158565,94,35,-0.0896488,0.0102358,False
rs12158565,94,36,-0.0961515,0.00600777,False
rs12158565,94,37,-0.106913,0.00232141,False
rs12158565,94,38,-0.0916378,0.00936015,False
rs12158565,94,39,-0.0997369,0.00479599,False
rs12158565,94,40,-0.0865522,0.014967,False
rs12158565,94,41,-0.0909019,0.0108135,False
rs12158565,94,42,-0.0879685,0.0137916,False
rs12158565,94,43,-0.0971009,0.00688752,False
rs12158565,94,44,-0.0876726,0.0149131,False
rs12158565,94,45,-0.0899323,0.0130455,False
rs12158565,94,46,-0.0795035,0.0286655,False
rs12158565,94,47,-0.0876961,0.0163002,False
rs12158565,94,48,-0.095355,0.0093022,False
rs12158565,94,49,-0.0930117,0.0116982,False
rs12158565,94,50,-0.0891322,0.0159979,False
rs12158565,94,51,-0.0895517,0.0162868,False
rs12158565,94,52,-0.0916602,0.0142801,False
rs12158565,94,53,-0.0948346,0.011661,False
rs12158565,94,54,-0.0832827,0.0274085,False
rs12158565,94,55,-0.0810495,0.0331725,False
rs12158565,94,56,-0.0788899,0.0387521,False
rs12158565,94,57,-0.087895,0.0221412,False
rs12158565,94,58,-0.0781157,0.04296,False
rs12158565,94,59,-0.0891672,0.021587,False
rs12158565,94,60,-0.0883135,0.0237921,False
rs12158565,94,61,-0.0794589,0.0428749,False
rs12158565,94,62,-0.0661873,0.0926135,False
rs12158565,94,63,-0.0718725,0.0699592,False
rs12158565,94,64,-0.0851443,0.0328886,False
rs12158565,94,65,-0.07732,0.0539003,False
rs12158565,94,66,-0.0812046,0.0437826,False
rs12158565,94,67,-0.0704901,0.0821222,False
rs12158565,94,68,-0.0799188,0.0499585,False
rs12158565,94,69,-0.0796037,0.0524409,False
rs12158565,94,70,-0.0819863,0.0468086,False
rs12158565,94,71,-0.0754828,0.0685777,False
rs12158565,94,72,-0.0685175,0.100388,False
rs12158565,94,73,-0.07716,0.0658811,False
rs12158565,94,74,-0.0783086,0.0631766,False
rs12158565,94,75,-0.0824948,0.0515576,False
rs12158565,94,76,-0.0617707,0.14606,False
rs12158565,94,77,-0.0580085,0.174637,False
rs12158565,94,78,-0.057308,0.181931,False
rs12158565,94,79,-0.0598882,0.165075,False
rs12158565,94,80,-0.0579304,0.181559,False
rs12158565,94,81,-0.0557253,0.199818,False
rs12158565,94,82,-0.059375,0.173991,False
rs12158565,94,83,-0.0620824,0.157248,False
rs12158565,94,84,-0.0541947,0.21837,False
rs12158565,94,85,-0.05701,0.197053,False
rs12158565,94,86,-0.049971,0.25976,False
rs12158565,94,87,-0.0639205,0.150396,False
rs12158565,94,88,-0.0589565,0.186552,False
rs12158565,94,89,-0.0588763,0.187765,False
rs12158565,94,90,-0.0578895,0.196488,False
rs12158565,94,91,-0.0644015,0.151876,False
rs12158565,94,92,-0.0586674,0.193197,False
rs12158565,94,93,-0.061926,0.170465,False
rs12158565,94,94,-0.0641807,0.156132,False
rs12158565,94,95,-0.0604709,0.182336,False
rs12158565,94,96,-0.0471184,0.300333,False
rs12158565,94,97,-0.0638906,0.161106,False
rs12158565,94,98,-0.0642836,0.159308,False
rs12158565,94,99,-0.0707653,0.121687,False
rs12158565,94,100,-0.0751662,0.101269,False
rs12158565,94,101,-0.0720202,0.116636,False
rs12158565,94,102,-0.067265,0.143402,False
rs12158565,94,103,-0.069442,0.131452,False
rs12158565,94,104,-0.0558212,0.226057,False
rs12158565,94,105,-0.077812,0.0921418,False
rs12158565,94,106,-0.0684095,0.139596,False
rs12158565,94,107,-0.0673393,0.146467,False
rs12158565,94,108,-0.0564084,0.224799,False
rs12158565,94,109,-0.049142,0.290776,False
rs12158565,94,110,-0.057564,0.216894,False
rs12158565,94,111,-0.0660293,0.157496,False
rs12158565,94,112,-0.0555227,0.234736,False
rs12158565,94,113,-0.0638351,0.172588,False
rs12158565,94,114,-0.0496538,0.290081,False
rs12158565,94,115,-0.0631879,0.178791,False
rs12158565,94,116,-0.0515915,0.272358,False
rs12158565,94,117,-0.0496024,0.291852,False
rs12158565,94,118,-0.0431834,0.359619,False
rs12158565,94,119,-0.0446166,0.344346,False
rs12158565,94,120,-0.058092,0.218797,False
rs12158565,94,121,-0.0611083,0.196506,False
rs12158565,94,122,-0.0600117,0.205106,False
rs12158565,94,123,-0.0500683,0.29142,False
rs12158565,94,124,-0.0568224,0.231753,False
rs12158565,94,125,-0.0573788,0.227503,False
rs12158565,94,126,-0.0613016,0.197469,False
rs12158565,94,127,-0.0608951,0.200849,False
rs12158565,94,128,-0.063842,0.180118,False
rs12158565,94,129,-0.0621319,0.191954,False
rs12158565,94,130,-0.0638054,0.180701,False
rs12158565,94,131,-0.0562391,0.238525,False
rs12158565,94,132,-0.0529152,0.267941,False
rs12158565,94,133,-0.0552017,0.247371,False
rs12158565,94,134,-0.0546407,0.252579,False
rs12158565,94,135,-0.0660034,0.167248,False
rs12158565,94,136,-0.0726805,0.128459,False
rs12158565,94,137,-0.0656695,0.169278,False
rs12158565,94,138,-0.0667304,0.162998,False
rs12158565,94,139,-0.0818556,0.0869482,False
rs12158565,94,140,-0.0764733,0.109219,False
rs12158565,94,141,-0.0710752,0.136569,False
rs12158565,94,142,-0.0628696,0.188618,False
rs12158565,94,143,-0.0714066,0.135391,False
rs12158565,94,144,-0.0769377,0.107736,False
rs12158565,94,145,-0.0817326,0.0877838,False
rs12158565,94,146,-0.0897126,0.0609246,False
rs12158565,94,147,-0.0926406,0.0530679,False
rs12158565,94,148,-0.0882561,0.0655033,False
rs12158565,94,149,-0.0874157,0.0681217,False
rs12158565,94,150,-0.0972634,0.0425496,False
rs12158565,94,151,-0.0889079,0.0637024,False
rs12158565,94,152,-0.0984092,0.0399488,False
rs12158565,94,153,-0.100549,0.0358279,False
rs12158565,94,154,-0.0995542,0.0377646,False
rs12158565,94,155,-0.093069,0.0521265,False
rs12158565,94,156,-0.0915174,0.0562598,False
rs12158565,94,157,-0.0957489,0.0457487,False
rs12158565,94,158,-0.0982362,0.0401513,False
rs12158565,94,159,-0.101275,0.0345054,False
rs12158565,94,160,-0.0948258,0.0478857,False
rs12158565,94,161,-0.0929912,0.0523685,False
rs12158565,94,162,-0.0991207,0.0385118,False
rs12158565,94,163,-0.088335,0.064968,False
rs12158565,94,164,-0.0894524,0.0613499,False
rs12158565,94,165,-0.105017,0.0281583,False
rs12158565,94,166,-0.110479,0.0208508,False
rs12158565,94,167,-0.106522,0.0258827,False
rs12158565,94,168,-0.107354,0.024463,False
rs12158565,94,169,-0.0940038,0.0485258,False
rs12158565,94,170,-0.0982772,0.0392621,False
rs12158565,94,171,-0.0875067,0.0658042,False
rs12158565,94,172,-0.106724,0.0245553,False
rs12158565,94,173,-0.114436,0.0158023,False
rs12158565,94,174,-0.115208,0.0149875,False
rs12158565,94,175,-0.102625,0.0299435,False
rs12158565,94,176,-0.0972369,0.0394431,False
rs12158565,94,177,-0.0952252,0.0432718,False
rs12158565,94,178,-0.0950539,0.0429932,False
rs12158565,94,179,-0.0900113,0.0550314,False
rs12158565,94,180,-0.0920351,0.0495027,False
rs12158565,94,181,-0.0941932,0.0440131,False
rs12158565,94,182,-0.0931126,0.045608,False
rs12158565,94,183,-0.0979735,0.0349834,False
rs12158565,94,184,-0.0976123,0.0351486,False
rs12158565,94,185,-0.100829,0.0293671,False
rs12158565,94,186,-0.0978651,0.033777,False
rs12158565,94,187,-0.113444,0.0137109,False
rs12158565,94,188,-0.10393,0.0238878,False
rs12158565,94,189,-0.106402,0.0203905,False
rs12158565,94,190,-0.109644,0.0166652,False
rs12158565,94,191,-0.123755,0.00683981,False
rs12158565,94,192,-0.126998,0.00550253,False
rs12158565,94,193,-0.143264,0.00170155,False
rs12158565,94,194,-0.136688,0.00272416,False
rs12158565,94,195,-0.129341,0.00452034,False
rs12158565,94,196,-0.129894,0.00431087,False
rs12158565,94,197,-0.134665,0.00307683,False
rs12158565,94,198,-0.13453,0.00315964,False
rs12158565,94,199,-0.133315,0.00346612,False
rs12158565,94,200,-0.143065,0.00172537,False
rs12158565,94,201,-0.142247,0.00186206,False
rs12158565,94,202,-0.130677,0.00434643,False
rs12158565,94,203,-0.12129,0.0083339,False
rs12158565,94,204,-0.133322,0.00386253,False
rs12158565,94,205,-0.134878,0.00359226,False
rs12158565,94,206,-0.127898,0.00588512,False
rs12158565,94,207,-0.144288,0.00197606,False
rs12158565,94,208,-0.146942,0.00171107,False
rs12158565,94,209,-0.152076,0.00123927,False
rs12158565,94,210,-0.144013,0.00235046,False
rs12158565,94,211,-0.14541,0.00226164,False
rs12158565,94,212,-0.13687,0.00432638,False
rs12158565,94,213,-0.142579,0.00316729,False
rs12158565,94,214,-0.142838,0.00335343,False
rs12158565,94,215,-0.139861,0.00437856,False
rs12158565,94,216,-0.158629,0.0013393,False
rs12158565,94,217,-0.153572,0.00206214,False
rs12158565,94,218,-0.142809,0.00456338,False
rs12158565,94,219,-0.147558,0.00365531,False
rs12158565,94,220,-0.150819,0.00328071,False
rs12158565,94,221,-0.159271,0.00210541,False
rs12158565,94,222,-0.157498,0.0026052,False
rs12158565,94,223,-0.171502,0.0011711,False
rs12158565,94,224,-0.181797,0.00066154,False
rs12158565,94,225,-0.191045,0.00040403,False
rs12158565,94,226,-0.185541,0.000663371,False
rs12158565,94,227,-0.179671,0.00111287,False
rs12158565,94,228,-0.188598,0.000714239,False
rs12158565,94,229,-0.180218,0.0013666,False
rs12158565,94,230,-0.192573,0.00071102,False
rs12158565,94,231,-0.200282,0.000496063,False
rs12158565,94,232,-0.199931,0.000585542,False
rs12158565,94,233,-0.208474,0.000391059,False
rs12158565,94,234,-0.214794,0.000295896,False
rs12158565,94,235,-0.2171,0.000295247,False
rs12158565,94,236,-0.215476,0.000375363,False
rs12158565,94,237,-0.221803,0.000281518,False
rs12158565,94,238,-0.219639,0.000369792,False
rs12158565,94,239,-0.234187,0.000164903,False
rs12158565,94,240,-0.243856,0.000101302,False
rs12158565,94,241,-0.228554,0.000299113,False
rs12158565,94,242,-0.238143,0.000186989,False
rs12158565,94,243,-0.235923,0.000236458,False
rs12158565,94,244,-0.23477,0.000282192,False
rs12158565,94,245,-0.22932,0.000432335,False
rs12158565,94,246,-0.245044,0.000187588,False
rs12158565,94,247,-0.244308,0.000215822,False
rs12158565,94,248,-0.225784,0.000676881,False
rs12158565,94,249,-0.226594,0.000697549,False
rs12158565,94,250,-0.230602,0.000603046,False
rs12158565,94,251,-0.221804,0.00102478,False
rs12158565,95,7,-0.055671,0.122465,False
rs12158565,95,8,-0.0722982,0.0424571,False
rs12158565,95,9,-0.0649823,0.065524,False
rs12158565,95,10,-0.0687372,0.0490764,False
rs12158565,95,11,-0.074482,0.0315671,False
rs12158565,95,12,-0.0821168,0.0172223,False
rs12158565,95,13,-0.079072,0.0210138,False
rs12158565,95,14,-0.072762,0.0331901,False
rs12158565,95,15,-0.0886486,0.00929735,False
rs12158565,95,16,-0.083684,0.0140615,False
rs12158565,95,17,-0.0871526,0.0104762,False
rs12158565,95,18,-0.0937015,0.00591159,False
rs12158565,95,19,-0.090026,0.00812927,False
rs12158565,95,20,-0.0931002,0.00608003,False
rs12158565,95,21,-0.0914277,0.0073917,False
rs12158565,95,22,-0.0904164,0.00804873,False
rs12158565,95,23,-0.0799582,0.0191183,False
rs12158565,95,24,-0.0943743,0.00571337,False
rs12158565,95,25,-0.0857455,0.0121322,False
rs12158565,95,26,-0.0949275,0.0054705,False
rs12158565,95,27,-0.0894214,0.00897028,False
rs12158565,95,28,-0.105525,0.00208633,False
rs12158565,95,29,-0.110295,0.00131744,False
rs12158565,95,30,-0.0859666,0.0124338,False
rs12158565,95,31,-0.101152,0.00333372,False
rs12158565,95,32,-0.0821614,0.0175316,False
rs12158565,95,33,-0.0872389,0.0117524,False
rs12158565,95,34,-0.0897299,0.00984753,False
rs12158565,95,35,-0.0940688,0.00691764,False
rs12158565,95,36,-0.0825672,0.0179548,False
rs12158565,95,37,-0.0931804,0.00781487,False
rs12158565,95,38,-0.0767793,0.0288598,False
rs12158565,95,39,-0.0854203,0.0154147,False
rs12158565,95,40,-0.0963453,0.0063949,False
rs12158565,95,41,-0.0835761,0.0185172,False
rs12158565,95,42,-0.085062,0.0168057,False
rs12158565,95,43,-0.0701732,0.0494172,False
rs12158565,95,44,-0.0829683,0.0208449,False
rs12158565,95,45,-0.0951503,0.00822734,False
rs12158565,95,46,-0.0903648,0.0125141,False
rs12158565,95,47,-0.0955497,0.00860055,False
rs12158565,95,48,-0.102677,0.00490625,False
rs12158565,95,49,-0.1051,0.00420006,False
rs12158565,95,50,-0.107154,0.00362735,False
rs12158565,95,51,-0.0946626,0.0105279,False
rs12158565,95,52,-0.0987252,0.00795021,False
rs12158565,95,53,-0.099722,0.00760483,False
rs12158565,95,54,-0.0875338,0.0199077,False
rs12158565,95,55,-0.0964795,0.0107928,False
rs12158565,95,56,-0.0936712,0.0136005,False
rs12158565,95,57,-0.0884675,0.0204826,False
rs12158565,95,58,-0.0802154,0.0364577,False
rs12158565,95,59,-0.0835227,0.0302953,False
rs12158565,95,60,-0.108106,0.00524378,False
rs12158565,95,61,-0.0924742,0.0177908,False
rs12158565,95,62,-0.105304,0.00719724,False
rs12158565,95,63,-0.107381,0.00638475,False
rs12158565,95,64,-0.107547,0.00658915,False
rs12158565,95,65,-0.115494,0.00380873,False
rs12158565,95,66,-0.0997347,0.0127484,False
rs12158565,95,67,-0.096526,0.0164782,False
rs12158565,95,68,-0.0967545,0.0169247,False
rs12158565,95,69,-0.0829368,0.0415333,False
rs12158565,95,70,-0.095305,0.019727,False
rs12158565,95,71,-0.0940876,0.0223131,False
rs12158565,95,72,-0.0810392,0.0501726,False
rs12158565,95,73,-0.0838751,0.043735,False
rs12158565,95,74,-0.0846093,0.0428642,False
rs12158565,95,75,-0.0863449,0.0401937,False
rs12158565,95,76,-0.0917967,0.0296578,False
rs12158565,95,77,-0.0677035,0.110623,False
rs12158565,95,78,-0.0680742,0.11035,False
rs12158565,95,79,-0.0643337,0.133926,False
rs12158565,95,80,-0.0720799,0.0939245,False
rs12158565,95,81,-0.0756295,0.0803101,False
rs12158565,95,82,-0.0789293,0.0693033,False
rs12158565,95,83,-0.0688602,0.115013,False
rs12158565,95,84,-0.071379,0.103703,False
rs12158565,95,85,-0.0706836,0.107391,False
rs12158565,95,86,-0.0722309,0.101436,False
rs12158565,95,87,-0.0790614,0.0743102,False
rs12158565,95,88,-0.0820006,0.0645827,False
rs12158565,95,89,-0.0761002,0.0870705,False
rs12158565,95,90,-0.0755093,0.0902799,False
rs12158565,95,91,-0.0599535,0.180308,False
rs12158565,95,92,-0.0596754,0.183533,False
rs12158565,95,93,-0.0735548,0.102194,False
rs12158565,95,94,-0.0803335,0.0754297,False
rs12158565,95,95,-0.0747625,0.0984763,False
rs12158565,95,96,-0.072062,0.111764,False
rs12158565,95,97,-0.0719721,0.112914,False
rs12158565,95,98,-0.0739181,0.104414,False
rs12158565,95,99,-0.0651443,0.153722,False
rs12158565,95,100,-0.0730018,0.110393,False
rs12158565,95,101,-0.0759334,0.0973414,False
rs12158565,95,102,-0.0828143,0.0710025,False
rs12158565,95,103,-0.072779,0.113691,False
rs12158565,95,104,-0.0707312,0.124754,False
rs12158565,95,105,-0.0803635,0.081577,False
rs12158565,95,106,-0.0883283,0.0562479,False
rs12158565,95,107,-0.0711899,0.124397,False
rs12158565,95,108,-0.0822918,0.0759606,False
rs12158565,95,109,-0.0756791,0.104005,False
rs12158565,95,110,-0.0732902,0.115982,False
rs12158565,95,111,-0.0755653,0.105835,False
rs12158565,95,112,-0.07533,0.107334,False
rs12158565,95,113,-0.0713279,0.127966,False
rs12158565,95,114,-0.0753144,0.108706,False
rs12158565,95,115,-0.08438,0.0729434,False
rs12158565,95,116,-0.0799562,0.0895605,False
rs12158565,95,117,-0.0804436,0.0881167,False
rs12158565,95,118,-0.079263,0.0932093,False
rs12158565,95,119,-0.0723784,0.125841,False
rs12158565,95,120,-0.0771962,0.102909,False
rs12158565,95,121,-0.0700804,0.139127,False
rs12158565,95,122,-0.0644589,0.17449,False
rs12158565,95,123,-0.0755087,0.111321,False
rs12158565,95,124,-0.0792652,0.0954738,False
rs12158565,95,125,-0.0709866,0.135595,False
rs12158565,95,126,-0.0715702,0.133161,False
rs12158565,95,127,-0.0649457,0.173119,False
rs12158565,95,128,-0.0718718,0.131605,False
rs12158565,95,129,-0.0684396,0.152291,False
rs12158565,95,130,-0.0697036,0.144659,False
rs12158565,95,131,-0.0638233,0.182055,False
rs12158565,95,132,-0.0707765,0.138807,False
rs12158565,95,133,-0.0783503,0.101343,False
rs12158565,95,134,-0.0738419,0.1225,False
rs12158565,95,135,-0.0789866,0.0987778,False
rs12158565,95,136,-0.0763758,0.110427,False
rs12158565,95,137,-0.0749389,0.117711,False
rs12158565,95,138,-0.0843202,0.0781706,False
rs12158565,95,139,-0.0885214,0.0644691,False
rs12158565,95,140,-0.0771544,0.107145,False
rs12158565,95,141,-0.0883544,0.0653964,False
rs12158565,95,142,-0.0855366,0.0743806,False
rs12158565,95,143,-0.0960293,0.0452454,False
rs12158565,95,144,-0.0947049,0.0481987,False
rs12158565,95,145,-0.0943284,0.048998,False
rs12158565,95,146,-0.10108,0.0349935,False
rs12158565,95,147,-0.0978602,0.0412398,False
rs12158565,95,148,-0.10301,0.0316394,False
rs12158565,95,149,-0.0916162,0.055835,False
rs12158565,95,150,-0.0946373,0.0482186,False
rs12158565,95,151,-0.085014,0.07584,False
rs12158565,95,152,-0.0957596,0.0456962,False
rs12158565,95,153,-0.109551,0.0220807,False
rs12158565,95,154,-0.10291,0.0316305,False
rs12158565,95,155,-0.113965,0.0173357,False
rs12158565,95,156,-0.117899,0.0138013,False
rs12158565,95,157,-0.0931734,0.0517,False
rs12158565,95,158,-0.0919488,0.0547857,False
rs12158565,95,159,-0.102607,0.0320134,False
rs12158565,95,160,-0.117542,0.0140299,False
rs12158565,95,161,-0.109468,0.0220981,False
rs12158565,95,162,-0.111464,0.0198363,False
rs12158565,95,163,-0.111933,0.019148,False
rs12158565,95,164,-0.110177,0.0210739,False
rs12158565,95,165,-0.113505,0.0173747,False
rs12158565,95,166,-0.119034,0.0125911,False
rs12158565,95,167,-0.12297,0.00978067,False
rs12158565,95,168,-0.107998,0.0231201,False
rs12158565,95,169,-0.114105,0.0161409,False
rs12158565,95,170,-0.120926,0.0107396,False
rs12158565,95,171,-0.110201,0.0198988,False
rs12158565,95,172,-0.110899,0.018821,False
rs12158565,95,173,-0.118663,0.0118866,False
rs12158565,95,174,-0.118418,0.011872,False
rs12158565,95,175,-0.134511,0.00417451,False
rs12158565,95,176,-0.122838,0.00869933,False
rs12158565,95,177,-0.120799,0.00978232,False
rs12158565,95,178,-0.122969,0.00846401,False
rs12158565,95,179,-0.120317,0.00978802,False
rs12158565,95,180,-0.121625,0.00888682,False
rs12158565,95,181,-0.120101,0.00967293,False
rs12158565,95,182,-0.127253,0.0060022,False
rs12158565,95,183,-0.126394,0.00632976,False
rs12158565,95,184,-0.130316,0.0048234,False
rs12158565,95,185,-0.122486,0.00796757,False
rs12158565,95,186,-0.120937,0.00859683,False
rs12158565,95,187,-0.119656,0.00914174,False
rs12158565,95,188,-0.129957,0.00455218,False
rs12158565,95,189,-0.126801,0.00555021,False
rs12158565,95,190,-0.126076,0.00584306,False
rs12158565,95,191,-0.12213,0.00751614,False
rs12158565,95,192,-0.127938,0.00507059,False
rs12158565,95,193,-0.125215,0.0060155,False
rs12158565,95,194,-0.125043,0.00601693,False
rs12158565,95,195,-0.117651,0.00990831,False
rs12158565,95,196,-0.121907,0.00756233,False
rs12158565,95,197,-0.129142,0.00467364,False
rs12158565,95,198,-0.126426,0.00565004,False
rs12158565,95,199,-0.130631,0.00438354,False
rs12158565,95,200,-0.119026,0.00947436,False
rs12158565,95,201,-0.131202,0.00433182,False
rs12158565,95,202,-0.136095,0.00315693,False
rs12158565,95,203,-0.147284,0.00143376,False
rs12158565,95,204,-0.14849,0.00136351,False
rs12158565,95,205,-0.14974,0.00131157,False
rs12158565,95,206,-0.147847,0.00158134,False
rs12158565,95,207,-0.155501,0.000938267,False
rs12158565,95,208,-0.152255,0.00127654,False
rs12158565,95,209,-0.139812,0.00325186,False
rs12158565,95,210,-0.15831,0.000936727,False
rs12158565,95,211,-0.152971,0.0015012,False
rs12158565,95,212,-0.148945,0.00214123,False
rs12158565,95,213,-0.146508,0.00271538,False
rs12158565,95,214,-0.166032,0.000750979,False
rs12158565,95,215,-0.161532,0.00115073,False
rs12158565,95,216,-0.151616,0.0024739,False
rs12158565,95,217,-0.156624,0.00195913,False
rs12158565,95,218,-0.161755,0.00153656,False
rs12158565,95,219,-0.16624,0.00125687,False
rs12158565,95,220,-0.165988,0.00143702,False
rs12158565,95,221,-0.171416,0.00113239,False
rs12158565,95,222,-0.178198,0.000783413,False
rs12158565,95,223,-0.187667,0.000469929,False
rs12158565,95,224,-0.179079,0.000962301,False
rs12158565,95,225,-0.199287,0.000278479,False
rs12158565,95,226,-0.189802,0.000613353,False
rs12158565,95,227,-0.186433,0.000869231,False
rs12158565,95,228,-0.199653,0.000415451,False
rs12158565,95,229,-0.201595,0.000420049,False
rs12158565,95,230,-0.203834,0.000414073,False
rs12158565,95,231,-0.202545,0.000513438,False
rs12158565,95,232,-0.188207,0.00136172,False
rs12158565,95,233,-0.203244,0.000619043,False
rs12158565,95,234,-0.218587,0.000267698,False
rs12158565,95,235,-0.213081,0.000419069,False
rs12158565,95,236,-0.205369,0.000752126,False
rs12158565,95,237,-0.206261,0.000791644,False
rs12158565,95,238,-0.217876,0.000434001,False
rs12158565,95,239,-0.218685,0.000465682,False
rs12158565,95,240,-0.224419,0.00035503,False
rs12158565,95,241,-0.222365,0.000442661,False
rs12158565,95,242,-0.218403,0.000602432,False
rs12158565,95,243,-0.224891,0.000452792,False
rs12158565,95,244,-0.230472,0.000352146,False
rs12158565,95,245,-0.228476,0.000430685,False
rs12158565,95,246,-0.233333,0.000353068,False
rs12158565,95,247,-0.239634,0.000263772,False
rs12158565,95,248,-0.230829,0.000476362,False
rs12158565,95,249,-0.237696,0.000348564,False
rs12158565,95,250,-0.240078,0.000329188,False
rs12158565,95,251,-0.245572,0.000256769,False
rs12158565,96,7,-0.0675489,0.0629001,False
rs12158565,96,8,-0.0818573,0.0225178,False
rs12158565,96,9,-0.0783548,0.0275198,False
rs12158565,96,10,-0.0918295,0.0090832,False
rs12158565,96,11,-0.0849955,0.0148035,False
rs12158565,96,12,-0.0786763,0.0233081,False
rs12158565,96,13,-0.0885479,0.0100433,False
rs12158565,96,14,-0.0903008,0.00854435,False
rs12158565,96,15,-0.0998308,0.00349334,False
rs12158565,96,16,-0.0998683,0.00334313,False
rs12158565,96,17,-0.0946923,0.00531036,False
rs12158565,96,18,-0.0981584,0.00378494,False
rs12158565,96,19,-0.105345,0.00189627,False
rs12158565,96,20,-0.0985042,0.00364474,False
rs12158565,96,21,-0.102947,0.00240018,False
rs12158565,96,22,-0.0997887,0.00324179,False
rs12158565,96,23,-0.114765,0.000715288,False
rs12158565,96,24,-0.0962272,0.00457248,False
rs12158565,96,25,-0.10708,0.00162869,False
rs12158565,96,26,-0.100395,0.00318447,False
rs12158565,96,27,-0.100007,0.0033272,False
rs12158565,96,28,-0.113872,0.000852807,False
rs12158565,96,29,-0.114362,0.000825799,False
rs12158565,96,30,-0.112933,0.000957983,False
rs12158565,96,31,-0.110308,0.0013043,False
rs12158565,96,32,-0.102705,0.00274433,False
rs12158565,96,33,-0.107037,0.00187529,False
rs12158565,96,34,-0.10407,0.00260088,False
rs12158565,96,35,-0.106777,0.00204152,False
rs12158565,96,36,-0.116336,0.000795908,False
rs12158565,96,37,-0.107266,0.00203444,False
rs12158565,96,38,-0.100785,0.00392739,False
rs12158565,96,39,-0.10256,0.00340689,False
rs12158565,96,40,-0.10392,0.00310552,False
rs12158565,96,41,-0.102787,0.00355677,False
rs12158565,96,42,-0.100192,0.0045335,False
rs12158565,96,43,-0.103112,0.00368264,False
rs12158565,96,44,-0.0981681,0.00596308,False
rs12158565,96,45,-0.0933629,0.00913492,False
rs12158565,96,46,-0.110079,0.00217675,False
rs12158565,96,47,-0.0982432,0.00649005,False
rs12158565,96,48,-0.103213,0.00442452,False
rs12158565,96,49,-0.105745,0.00373828,False
rs12158565,96,50,-0.0887664,0.0155737,False
rs12158565,96,51,-0.0923432,0.0121381,False
rs12158565,96,52,-0.0924224,0.0124097,False
rs12158565,96,53,-0.0878643,0.0180359,False
rs12158565,96,54,-0.0922874,0.0134943,False
rs12158565,96,55,-0.0931826,0.0131131,False
rs12158565,96,56,-0.0895432,0.0175691,False
rs12158565,96,57,-0.0995635,0.00860202,False
rs12158565,96,58,-0.100204,0.00845223,False
rs12158565,96,59,-0.112557,0.00329026,False
rs12158565,96,60,-0.104229,0.00676648,False
rs12158565,96,61,-0.0971332,0.0120669,False
rs12158565,96,62,-0.10802,0.00545266,False
rs12158565,96,63,-0.10718,0.00606723,False
rs12158565,96,64,-0.0933896,0.0174717,False
rs12158565,96,65,-0.0813442,0.0394744,False
rs12158565,96,66,-0.0933724,0.0186044,False
rs12158565,96,67,-0.0945693,0.0177633,False
rs12158565,96,68,-0.0876537,0.0288914,False
rs12158565,96,69,-0.0876901,0.0296628,False
rs12158565,96,70,-0.10017,0.0135526,False
rs12158565,96,71,-0.103489,0.0111999,False
rs12158565,96,72,-0.0978242,0.0171291,False
rs12158565,96,73,-0.0922892,0.0253374,False
rs12158565,96,74,-0.0775118,0.0615311,False
rs12158565,96,75,-0.0836109,0.0450387,False
rs12158565,96,76,-0.090562,0.0309672,False
rs12158565,96,77,-0.0780396,0.0644676,False
rs12158565,96,78,-0.0784391,0.0640438,False
rs12158565,96,79,-0.0822778,0.0533718,False
rs12158565,96,80,-0.0802548,0.0607416,False
rs12158565,96,81,-0.0747552,0.0821723,False
rs12158565,96,82,-0.0700951,0.104185,False
rs12158565,96,83,-0.0698092,0.107033,False
rs12158565,96,84,-0.0790171,0.0691294,False
rs12158565,96,85,-0.079648,0.0685878,False
rs12158565,96,86,-0.0787251,0.0727022,False
rs12158565,96,87,-0.0820582,0.0619893,False
rs12158565,96,88,-0.0774343,0.079352,False
rs12158565,96,89,-0.0684754,0.121404,False
rs12158565,96,90,-0.0839024,0.0588232,False
rs12158565,96,91,-0.0903953,0.0424559,False
rs12158565,96,92,-0.0978471,0.0284923,False
rs12158565,96,93,-0.0873095,0.0512936,False
rs12158565,96,94,-0.0808639,0.0715399,False
rs12158565,96,95,-0.0780534,0.0826459,False
rs12158565,96,96,-0.0833215,0.0652374,False
rs12158565,96,97,-0.0887957,0.0496499,False
rs12158565,96,98,-0.10144,0.0252823,False
rs12158565,96,99,-0.10129,0.0259843,False
rs12158565,96,100,-0.096353,0.034887,False
rs12158565,96,101,-0.0905966,0.0476067,False
rs12158565,96,102,-0.083124,0.0696005,False
rs12158565,96,103,-0.0884962,0.0538597,False
rs12158565,96,104,-0.0950578,0.0387024,False
rs12158565,96,105,-0.085664,0.0632935,False
rs12158565,96,106,-0.0861953,0.0620457,False
rs12158565,96,107,-0.08094,0.0804315,False
rs12158565,96,108,-0.0763933,0.0993732,False
rs12158565,96,109,-0.0656758,0.156689,False
rs12158565,96,110,-0.077037,0.0974903,False
rs12158565,96,111,-0.0641459,0.168551,False
rs12158565,96,112,-0.0709068,0.129147,False
rs12158565,96,113,-0.0742969,0.112303,False
rs12158565,96,114,-0.0677697,0.148012,False
rs12158565,96,115,-0.06083,0.194894,False
rs12158565,96,116,-0.0661477,0.159246,False
rs12158565,96,117,-0.0634197,0.177942,False
rs12158565,96,118,-0.0779228,0.0987072,False
rs12158565,96,119,-0.0650017,0.168852,False
rs12158565,96,120,-0.0741351,0.117063,False
rs12158565,96,121,-0.0777378,0.101143,False
rs12158565,96,122,-0.067957,0.151572,False
rs12158565,96,123,-0.0839762,0.0767771,False
rs12158565,96,124,-0.0773801,0.103537,False
rs12158565,96,125,-0.0889045,0.0614275,False
rs12158565,96,126,-0.0833419,0.0796003,False
rs12158565,96,127,-0.0776425,0.102855,False
rs12158565,96,128,-0.0710898,0.13571,False
rs12158565,96,129,-0.0780646,0.101767,False
rs12158565,96,130,-0.0700274,0.142545,False
rs12158565,96,131,-0.0711542,0.136301,False
rs12158565,96,132,-0.0792905,0.0968619,False
rs12158565,96,133,-0.0854459,0.0736122,False
rs12158565,96,134,-0.0778825,0.103099,False
rs12158565,96,135,-0.083466,0.0804996,False
rs12158565,96,136,-0.0767502,0.10772,False
rs12158565,96,137,-0.0808982,0.0900812,False
rs12158565,96,138,-0.0897163,0.0605985,False
rs12158565,96,139,-0.0785228,0.100778,False
rs12158565,96,140,-0.0813827,0.0890525,False
rs12158565,96,141,-0.0818347,0.0872897,False
rs12158565,96,142,-0.0623693,0.192759,False
rs12158565,96,143,-0.0816266,0.0880626,False
rs12158565,96,144,-0.0866924,0.0698745,False
rs12158565,96,145,-0.0807336,0.0913831,False
rs12158565,96,146,-0.0801145,0.0937404,False
rs12158565,96,147,-0.0912881,0.0563931,False
rs12158565,96,148,-0.0822866,0.0855949,False
rs12158565,96,149,-0.0745607,0.118867,False
rs12158565,96,150,-0.0874216,0.0675648,False
rs12158565,96,151,-0.094053,0.0493787,False
rs12158565,96,152,-0.0982104,0.0400358,False
rs12158565,96,153,-0.0986471,0.0391564,False
rs12158565,96,154,-0.0975516,0.041585,False
rs12158565,96,155,-0.0944141,0.0482805,False
rs12158565,96,156,-0.106813,0.0252565,False
rs12158565,96,157,-0.109724,0.0216493,False
rs12158565,96,158,-0.106852,0.0253322,False
rs12158565,96,159,-0.106007,0.0264244,False
rs12158565,96,160,-0.106452,0.0259112,False
rs12158565,96,161,-0.101349,0.0335228,False
rs12158565,96,162,-0.105595,0.0266244,False
rs12158565,96,163,-0.104962,0.0274887,False
rs12158565,96,164,-0.0998932,0.0356783,False
rs12158565,96,165,-0.111869,0.018367,False
rs12158565,96,166,-0.106319,0.0248912,False
rs12158565,96,167,-0.10232,0.0307577,False
rs12158565,96,168,-0.100563,0.0334808,False
rs12158565,96,169,-0.103521,0.0281919,False
rs12158565,96,170,-0.120514,0.0105619,False
rs12158565,96,171,-0.118893,0.0115662,False
rs12158565,96,172,-0.11782,0.0122722,False
rs12158565,96,173,-0.123807,0.00838449,False
rs12158565,96,174,-0.120718,0.00998907,False
rs12158565,96,175,-0.112631,0.0159731,False
rs12158565,96,176,-0.129633,0.00544895,False
rs12158565,96,177,-0.115957,0.0127483,False
rs12158565,96,178,-0.121043,0.00927474,False
rs12158565,96,179,-0.117458,0.0113351,False
rs12158565,96,180,-0.13322,0.00397882,False
rs12158565,96,181,-0.113415,0.0141842,False
rs12158565,96,182,-0.121469,0.00843834,False
rs12158565,96,183,-0.132761,0.00392751,False
rs12158565,96,184,-0.13854,0.00257237,False
rs12158565,96,185,-0.129256,0.00482607,False
rs12158565,96,186,-0.1254,0.00619294,False
rs12158565,96,187,-0.124533,0.00641188,False
rs12158565,96,188,-0.144496,0.00155291,False
rs12158565,96,189,-0.143713,0.00162619,False
rs12158565,96,190,-0.130618,0.004168,False
rs12158565,96,191,-0.125271,0.00602295,False
rs12158565,96,192,-0.140941,0.00198827,False
rs12158565,96,193,-0.15053,0.00094865,False
rs12158565,96,194,-0.135959,0.00283515,False
rs12158565,96,195,-0.142756,0.00176149,False
rs12158565,96,196,-0.146171,0.00137455,False
rs12158565,96,197,-0.150834,0.000987926,False
rs12158565,96,198,-0.146224,0.00141862,False
rs12158565,96,199,-0.137136,0.00284474,False
rs12158565,96,200,-0.140211,0.00232577,False
rs12158565,96,201,-0.133855,0.00376966,False
rs12158565,96,202,-0.136808,0.00319045,False
rs12158565,96,203,-0.14755,0.00151618,False
rs12158565,96,204,-0.134998,0.00386487,False
rs12158565,96,205,-0.139168,0.00301526,False
rs12158565,96,206,-0.14401,0.0022919,False
rs12158565,96,207,-0.151112,0.00144856,False
rs12158565,96,208,-0.141878,0.00295009,False
rs12158565,96,209,-0.151212,0.00161711,False
rs12158565,96,210,-0.163006,0.000739766,False
rs12158565,96,211,-0.158798,0.0011098,False
rs12158565,96,212,-0.156495,0.00141833,False
rs12158565,96,213,-0.166416,0.00077861,False
rs12158565,96,214,-0.161345,0.00122839,False
rs12158565,96,215,-0.153719,0.00226034,False
rs12158565,96,216,-0.167911,0.000948075,False
rs12158565,96,217,-0.165359,0.00127255,False
rs12158565,96,218,-0.163876,0.00155176,False
rs12158565,96,219,-0.165132,0.00159266,False
rs12158565,96,220,-0.17475,0.000949761,False
rs12158565,96,221,-0.193364,0.000297801,False
rs12158565,96,222,-0.180969,0.000809785,False
rs12158565,96,223,-0.182815,0.000797961,False
rs12158565,96,224,-0.186278,0.000726897,False
rs12158565,96,225,-0.179966,0.00123248,False
rs12158565,96,226,-0.174771,0.00189475,False
rs12158565,96,227,-0.185984,0.00106613,False
rs12158565,96,228,-0.196388,0.000632278,False
rs12158565,96,229,-0.201507,0.000508115,False
rs12158565,96,230,-0.20269,0.000537582,False
rs12158565,96,231,-0.197554,0.000823582,False
rs12158565,96,232,-0.214243,0.000322824,False
rs12158565,96,233,-0.202351,0.000756662,False
rs12158565,96,234,-0.206457,0.000655249,False
rs12158565,96,235,-0.208393,0.000643468,False
rs12158565,96,236,-0.214932,0.000473526,False
rs12158565,96,237,-0.235664,0.000141517,False
rs12158565,96,238,-0.219739,0.000419697,False
rs12158565,96,239,-0.23556,0.000172911,False
rs12158565,96,240,-0.223349,0.000398635,False
rs12158565,96,241,-0.230067,0.0002899,False
rs12158565,96,242,-0.223507,0.000461806,False
rs12158565,96,243,-0.226705,0.000406993,False
rs12158565,96,244,-0.227567,0.000416675,False
rs12158565,96,245,-0.237076,0.000256243,False
rs12158565,96,246,-0.240132,0.000227404,False
rs12158565,96,247,-0.225532,0.00058224,False
rs12158565,96,248,-0.227285,0.00056204,False
rs12158565,96,249,-0.243433,0.000241296,False
rs12158565,96,250,-0.236267,0.000389266,False
rs12158565,96,251,-0.232646,0.000507495,False
rs12158565,97,7,-0.0805267,0.025955,False
rs12158565,97,8,-0.0675131,0.0594747,False
rs12158565,97,9,-0.0811838,0.0219893,False
rs12158565,97,10,-0.0795035,0.0234864,False
rs12158565,97,11,-0.0746808,0.0319197,False
rs12158565,97,12,-0.0858491,0.0131035,False
rs12158565,97,13,-0.0792082,0.0208851,False
rs12158565,97,14,-0.0790923,0.020534,False
rs12158565,97,15,-0.0747007,0.0279865,False
rs12158565,97,16,-0.083561,0.0138816,False
rs12158565,97,17,-0.0843647,0.0129103,False
rs12158565,97,18,-0.0787059,0.0201865,False
rs12158565,97,19,-0.0864342,0.0105255,False
rs12158565,97,20,-0.0965289,0.00426329,False
rs12158565,97,21,-0.0964444,0.00437541,False
rs12158565,97,22,-0.0877237,0.00960649,False
rs12158565,97,23,-0.0899499,0.00784872,False
rs12158565,97,24,-0.0958355,0.00461457,False
rs12158565,97,25,-0.0940215,0.00555908,False
rs12158565,97,26,-0.101869,0.00270534,False
rs12158565,97,27,-0.0938198,0.00577731,False
rs12158565,97,28,-0.101853,0.00276683,False
rs12158565,97,29,-0.0915584,0.00718052,False
rs12158565,97,30,-0.0737165,0.0310409,False
rs12158565,97,31,-0.0831273,0.0153501,False
rs12158565,97,32,-0.0802716,0.0192743,False
rs12158565,97,33,-0.0651156,0.0581128,False
rs12158565,97,34,-0.0873971,0.0113072,False
rs12158565,97,35,-0.0865057,0.0123632,False
rs12158565,97,36,-0.0907993,0.0087391,False
rs12158565,97,37,-0.0849658,0.0145985,False
rs12158565,97,38,-0.0830019,0.01734,False
rs12158565,97,39,-0.0839004,0.0165791,False
rs12158565,97,40,-0.0863142,0.0138874,False
rs12158565,97,41,-0.0867772,0.0137023,False
rs12158565,97,42,-0.0934802,0.0080914,False
rs12158565,97,43,-0.076131,0.0319881,False
rs12158565,97,44,-0.0774887,0.0294954,False
rs12158565,97,45,-0.0859102,0.0160363,False
rs12158565,97,46,-0.0818219,0.0225583,False
rs12158565,97,47,-0.0789427,0.0282962,False
rs12158565,97,48,-0.0900934,0.0125973,False
rs12158565,97,49,-0.0872647,0.0162318,False
rs12158565,97,50,-0.0684045,0.0609975,False
rs12158565,97,51,-0.072419,0.0483326,False
rs12158565,97,52,-0.0856709,0.0201991,False
rs12158565,97,53,-0.0814436,0.0277681,False
rs12158565,97,54,-0.0818912,0.0279343,False
rs12158565,97,55,-0.0848252,0.0231458,False
rs12158565,97,56,-0.077545,0.0389489,False
rs12158565,97,57,-0.0966462,0.0105194,False
rs12158565,97,58,-0.0807124,0.0334433,False
rs12158565,97,59,-0.0833484,0.028807,False
rs12158565,97,60,-0.087909,0.0216195,False
rs12158565,97,61,-0.084994,0.027316,False
rs12158565,97,62,-0.0774978,0.0451505,False
rs12158565,97,63,-0.0973828,0.0123665,False
rs12158565,97,64,-0.0955741,0.0145518,False
rs12158565,97,65,-0.0966631,0.0139147,False
rs12158565,97,66,-0.106431,0.00702386,False
rs12158565,97,67,-0.0896792,0.0239003,False
rs12158565,97,68,-0.0911016,0.0223656,False
rs12158565,97,69,-0.0925297,0.0210892,False
rs12158565,97,70,-0.103886,0.0100481,False
rs12158565,97,71,-0.103387,0.0108169,False
rs12158565,97,72,-0.102112,0.0122487,False
rs12158565,97,73,-0.103072,0.0119265,False
rs12158565,97,74,-0.107563,0.00904714,False
rs12158565,97,75,-0.100594,0.0153242,False
rs12158565,97,76,-0.0975118,0.0193849,False
rs12158565,97,77,-0.106175,0.0112812,False
rs12158565,97,78,-0.0874209,0.0379969,False
rs12158565,97,79,-0.0767979,0.0696921,False
rs12158565,97,80,-0.0719886,0.0906507,False
rs12158565,97,81,-0.0869828,0.0417163,False
rs12158565,97,82,-0.0818571,0.0565819,False
rs12158565,97,83,-0.0839593,0.0516095,False
rs12158565,97,84,-0.0845431,0.0509374,False
rs12158565,97,85,-0.0830402,0.0559566,False
rs12158565,97,86,-0.0764979,0.0792236,False
rs12158565,97,87,-0.0860672,0.0489812,False
rs12158565,97,88,-0.0881554,0.0444128,False
rs12158565,97,89,-0.0826289,0.0605495,False
rs12158565,97,90,-0.0921489,0.0369389,False
rs12158565,97,91,-0.0782949,0.077304,False
rs12158565,97,92,-0.0784823,0.0773264,False
rs12158565,97,93,-0.0718137,0.107089,False
rs12158565,97,94,-0.0704822,0.114437,False
rs12158565,97,95,-0.0752162,0.0935019,False
rs12158565,97,96,-0.079845,0.0757142,False
rs12158565,97,97,-0.0846522,0.0604188,False
rs12158565,97,98,-0.0985964,0.029117,False
rs12158565,97,99,-0.10266,0.0233265,False
rs12158565,97,100,-0.0857402,0.0590008,False
rs12158565,97,101,-0.093841,0.0394562,False
rs12158565,97,102,-0.0903603,0.0476373,False
rs12158565,97,103,-0.093571,0.0407227,False
rs12158565,97,104,-0.0870742,0.0577744,False
rs12158565,97,105,-0.0786871,0.0869262,False
rs12158565,97,106,-0.0831367,0.0710323,False
rs12158565,97,107,-0.077984,0.0908877,False
rs12158565,97,108,-0.0757639,0.100832,False
rs12158565,97,109,-0.0720352,0.120173,False
rs12158565,97,110,-0.0720109,0.120997,False
rs12158565,97,111,-0.0812235,0.0811076,False
rs12158565,97,112,-0.075641,0.10466,False
rs12158565,97,113,-0.0744714,0.111161,False
rs12158565,97,114,-0.0833982,0.0747407,False
rs12158565,97,115,-0.0846783,0.0707352,False
rs12158565,97,116,-0.0793898,0.0908103,False
rs12158565,97,117,-0.0646375,0.168963,False
rs12158565,97,118,-0.0724893,0.123239,False
rs12158565,97,119,-0.06857,0.145561,False
rs12158565,97,120,-0.0736424,0.118448,False
rs12158565,97,121,-0.0756265,0.109641,False
rs12158565,97,122,-0.0775366,0.101331,False
rs12158565,97,123,-0.0799832,0.091056,False
rs12158565,97,124,-0.0735812,0.120609,False
rs12158565,97,125,-0.0765014,0.106364,False
rs12158565,97,126,-0.0762712,0.108162,False
rs12158565,97,127,-0.0709157,0.135459,False
rs12158565,97,128,-0.0782222,0.100135,False
rs12158565,97,129,-0.0850388,0.0740675,False
rs12158565,97,130,-0.0791487,0.0965252,False
rs12158565,97,131,-0.0687464,0.14859,False
rs12158565,97,132,-0.0685841,0.149832,False
rs12158565,97,133,-0.0571486,0.230162,False
rs12158565,97,134,-0.0738984,0.12095,False
rs12158565,97,135,-0.0748773,0.116351,False
rs12158565,97,136,-0.0754445,0.113894,False
rs12158565,97,137,-0.078816,0.0985673,False
rs12158565,97,138,-0.0783538,0.100359,False
rs12158565,97,139,-0.0771321,0.10582,False
rs12158565,97,140,-0.0791205,0.0970049,False
rs12158565,97,141,-0.0793109,0.0963036,False
rs12158565,97,142,-0.0788132,0.0981598,False
rs12158565,97,143,-0.078978,0.0977604,False
rs12158565,97,144,-0.0875884,0.0664225,False
rs12158565,97,145,-0.0930328,0.051027,False
rs12158565,97,146,-0.0846893,0.0758215,False
rs12158565,97,147,-0.0862479,0.0706009,False
rs12158565,97,148,-0.0871046,0.0678456,False
rs12158565,97,149,-0.0780214,0.101804,False
rs12158565,97,150,-0.0930785,0.0508047,False
rs12158565,97,151,-0.109664,0.0215548,False
rs12158565,97,152,-0.108599,0.0227899,False
rs12158565,97,153,-0.0924222,0.0526426,False
rs12158565,97,154,-0.0951091,0.0459683,False
rs12158565,97,155,-0.101535,0.032997,False
rs12158565,97,156,-0.0950355,0.0458421,False
rs12158565,97,157,-0.0972618,0.0407047,False
rs12158565,97,158,-0.0980346,0.0389448,False
rs12158565,97,159,-0.095787,0.0435511,False
rs12158565,97,160,-0.101497,0.0322953,False
rs12158565,97,161,-0.108808,0.0216793,False
rs12158565,97,162,-0.107419,0.0232667,False
rs12158565,97,163,-0.101705,0.0314522,False
rs12158565,97,164,-0.107003,0.0233989,False
rs12158565,97,165,-0.105635,0.0252197,False
rs12158565,97,166,-0.1007,0.0326297,False
rs12158565,97,167,-0.0962467,0.0408862,False
rs12158565,97,168,-0.0974755,0.0381223,False
rs12158565,97,169,-0.103886,0.0267667,False
rs12158565,97,170,-0.111489,0.0172797,False
rs12158565,97,171,-0.101273,0.0305013,False
rs12158565,97,172,-0.115406,0.0136222,False
rs12158565,97,173,-0.117951,0.0114305,False
rs12158565,97,174,-0.113926,0.0143817,False
rs12158565,97,175,-0.121587,0.0088427,False
rs12158565,97,176,-0.131415,0.00454144,False
rs12158565,97,177,-0.130855,0.00470668,False
rs12158565,97,178,-0.121231,0.00863797,False
rs12158565,97,179,-0.120455,0.00890124,False
rs12158565,97,180,-0.116949,0.0110261,False
rs12158565,97,181,-0.108372,0.0183463,False
rs12158565,97,182,-0.118385,0.00975717,False
rs12158565,97,183,-0.121189,0.00807476,False
rs12158565,97,184,-0.121527,0.00791866,False
rs12158565,97,185,-0.121034,0.00795785,False
rs12158565,97,186,-0.109219,0.0166561,False
rs12158565,97,187,-0.111672,0.0143198,False
rs12158565,97,188,-0.122119,0.00744954,False
rs12158565,97,189,-0.129149,0.00463316,False
rs12158565,97,190,-0.118176,0.00959998,False
rs12158565,97,191,-0.121214,0.00786331,False
rs12158565,97,192,-0.133653,0.00337446,False
rs12158565,97,193,-0.148178,0.00118177,False
rs12158565,97,194,-0.129538,0.00459226,False
rs12158565,97,195,-0.132651,0.00374485,False
rs12158565,97,196,-0.125865,0.00609085,False
rs12158565,97,197,-0.131706,0.00418971,False
rs12158565,97,198,-0.13088,0.00451508,False
rs12158565,97,199,-0.129971,0.00491628,False
rs12158565,97,200,-0.131962,0.00441197,False
rs12158565,97,201,-0.130881,0.00491671,False
rs12158565,97,202,-0.142776,0.00224185,False
rs12158565,97,203,-0.135276,0.00397852,False
rs12158565,97,204,-0.142304,0.00254817,False
rs12158565,97,205,-0.140238,0.00313234,False
rs12158565,97,206,-0.153114,0.00133111,False
rs12158565,97,207,-0.144657,0.0025864,False
rs12158565,97,208,-0.167684,0.000520756,False
rs12158565,97,209,-0.164885,0.000707207,False
rs12158565,97,210,-0.173959,0.00038964,False
rs12158565,97,211,-0.162072,0.00103886,False
rs12158565,97,212,-0.159333,0.00136269,False
rs12158565,97,213,-0.156151,0.00188931,False
rs12158565,97,214,-0.163275,0.0012811,False
rs12158565,97,215,-0.159137,0.0018717,False
rs12158565,97,216,-0.154924,0.00267519,False
rs12158565,97,217,-0.169561,0.00112023,False
rs12158565,97,218,-0.162707,0.00198123,False
rs12158565,97,219,-0.165914,0.0017733,False
rs12158565,97,220,-0.17475,0.00112171,False
rs12158565,97,221,-0.172757,0.0014333,False
rs12158565,97,222,-0.176715,0.00124683,False
rs12158565,97,223,-0.159439,0.00393066,False
rs12158565,97,224,-0.172811,0.00197756,False
rs12158565,97,225,-0.181749,0.00126025,False
rs12158565,97,226,-0.188051,0.000945784,False
rs12158565,97,227,-0.183262,0.00143317,False
rs12158565,97,228,-0.182599,0.00164362,False
rs12158565,97,229,-0.18054,0.00206431,False
rs12158565,97,230,-0.189569,0.00133437,False
rs12158565,97,231,-0.193883,0.00112205,False
rs12158565,97,232,-0.189953,0.00155744,False
rs12158565,97,233,-0.205435,0.000684216,False
rs12158565,97,234,-0.201879,0.000912834,False
rs12158565,97,235,-0.192488,0.00168279,False
rs12158565,97,236,-0.194566,0.00161687,False
rs12158565,97,237,-0.209612,0.000732899,False
rs12158565,97,238,-0.212351,0.000674937,False
rs12158565,97,239,-0.202348,0.00125768,False
rs12158565,97,240,-0.205547,0.00112842,False
rs12158565,97,241,-0.208347,0.00102016,False
rs12158565,97,242,-0.204457,0.00134312,False
rs12158565,97,243,-0.220606,0.000563986,False
rs12158565,97,244,-0.22111,0.000576676,False
rs12158565,97,245,-0.220187,0.000661007,False
rs12158565,97,246,-0.21471,0.000938617,False
rs12158565,97,247,-0.225504,0.00054412,False
rs12158565,97,248,-0.21905,0.000830122,False
rs12158565,97,249,-0.210992,0.00135118,False
rs12158565,97,250,-0.213456,0.00125923,False
rs12158565,97,251,-0.220263,0.000929525,False
rs12158565,98,7,-0.0749166,0.038307,False
rs12158565,98,8,-0.0751735,0.0355019,False
rs12158565,98,9,-0.0651155,0.066067,False
rs12158565,98,10,-0.0819781,0.0193841,False
rs12158565,98,11,-0.0682042,0.0505203,False
rs12158565,98,12,-0.075365,0.0293433,False
rs12158565,98,13,-0.0686444,0.0460458,False
rs12158565,98,14,-0.0746647,0.0286669,False
rs12158565,98,15,-0.0666774,0.0502192,False
rs12158565,98,16,-0.0803544,0.0178291,False
rs12158565,98,17,-0.068527,0.0433948,False
rs12158565,98,18,-0.0806647,0.0173215,False
rs12158565,98,19,-0.0753136,0.0262085,False
rs12158565,98,20,-0.0848511,0.0122006,False
rs12158565,98,21,-0.0815374,0.0159602,False
rs12158565,98,22,-0.0794142,0.0190199,False
rs12158565,98,23,-0.0869389,0.0102155,False
rs12158565,98,24,-0.0994405,0.00337349,False
rs12158565,98,25,-0.106841,0.00165168,False
rs12158565,98,26,-0.0940773,0.00559138,False
rs12158565,98,27,-0.0938946,0.00570105,False
rs12158565,98,28,-0.100903,0.00304537,False
rs12158565,98,29,-0.097548,0.00417522,False
rs12158565,98,30,-0.0818118,0.0166528,False
rs12158565,98,31,-0.0917673,0.00736013,False
rs12158565,98,32,-0.0863977,0.0117328,False
rs12158565,98,33,-0.0890778,0.00951982,False
rs12158565,98,34,-0.0911428,0.00819195,False
rs12158565,98,35,-0.0877679,0.0111393,False
rs12158565,98,36,-0.0856345,0.0134732,False
rs12158565,98,37,-0.0823982,0.0178926,False
rs12158565,98,38,-0.0939442,0.00693447,False
rs12158565,98,39,-0.0966634,0.00566446,False
rs12158565,98,40,-0.103622,0.00315198,False
rs12158565,98,41,-0.0891656,0.0111544,False
rs12158565,98,42,-0.0950466,0.00709319,False
rs12158565,98,43,-0.0986894,0.0052465,False
rs12158565,98,44,-0.0905399,0.0107809,False
rs12158565,98,45,-0.105252,0.00311826,False
rs12158565,98,46,-0.111053,0.00194382,False
rs12158565,98,47,-0.102557,0.00430976,False
rs12158565,98,48,-0.107744,0.0028276,False
rs12158565,98,49,-0.109059,0.00264291,False
rs12158565,98,50,-0.0985536,0.00673649,False
rs12158565,98,51,-0.095752,0.00882769,False
rs12158565,98,52,-0.109737,0.00282266,False
rs12158565,98,53,-0.121184,0.000998858,False
rs12158565,98,54,-0.118734,0.00134788,False
rs12158565,98,55,-0.119318,0.0013708,False
rs12158565,98,56,-0.113794,0.00236252,False
rs12158565,98,57,-0.123685,0.0010043,False
rs12158565,98,58,-0.125653,0.000891969,False
rs12158565,98,59,-0.123366,0.00114654,False
rs12158565,98,60,-0.113613,0.00292702,False
rs12158565,98,61,-0.12565,0.0010452,False
rs12158565,98,62,-0.119622,0.0018874,False
rs12158565,98,63,-0.122516,0.00154021,False
rs12158565,98,64,-0.120775,0.00189786,False
rs12158565,98,65,-0.126561,0.00121552,False
rs12158565,98,66,-0.122427,0.00183924,False
rs12158565,98,67,-0.113535,0.00402678,False
rs12158565,98,68,-0.113982,0.00410453,False
rs12158565,98,69,-0.114024,0.00426449,False
rs12158565,98,70,-0.124852,0.00188829,False
rs12158565,98,71,-0.121864,0.00252458,False
rs12158565,98,72,-0.118926,0.00336592,False
rs12158565,98,73,-0.113265,0.0054404,False
rs12158565,98,74,-0.0966797,0.0182401,False
rs12158565,98,75,-0.0984662,0.0166954,False
rs12158565,98,76,-0.0983259,0.0173138,False
rs12158565,98,77,-0.102709,0.0133738,False
rs12158565,98,78,-0.106341,0.0107729,False
rs12158565,98,79,-0.0922326,0.0280002,False
rs12158565,98,80,-0.0896484,0.0332508,False
rs12158565,98,81,-0.0971164,0.0219675,False
rs12158565,98,82,-0.0854907,0.0443551,False
rs12158565,98,83,-0.085292,0.045989,False
rs12158565,98,84,-0.0948629,0.02689,False
rs12158565,98,85,-0.100222,0.0200827,False
rs12158565,98,86,-0.0910017,0.0355311,False
rs12158565,98,87,-0.0973899,0.0248758,False
rs12158565,98,88,-0.091665,0.0354445,False
rs12158565,98,89,-0.0979718,0.0250311,False
rs12158565,98,90,-0.104701,0.0170565,False
rs12158565,98,91,-0.117404,0.00770713,False
rs12158565,98,92,-0.101719,0.0212349,False
rs12158565,98,93,-0.114616,0.00968341,False
rs12158565,98,94,-0.118315,0.00784818,False
rs12158565,98,95,-0.110369,0.013251,False
rs12158565,98,96,-0.103873,0.0200896,False
rs12158565,98,97,-0.110447,0.0137795,False
rs12158565,98,98,-0.115014,0.0104359,False
rs12158565,98,99,-0.107704,0.0168247,False
rs12158565,98,100,-0.09792,0.0298748,False
rs12158565,98,101,-0.101618,0.0246962,False
rs12158565,98,102,-0.100431,0.0267373,False
rs12158565,98,103,-0.105275,0.0204662,False
rs12158565,98,104,-0.0954341,0.0361803,False
rs12158565,98,105,-0.101865,0.0256721,False
rs12158565,98,106,-0.101053,0.0269287,False
rs12158565,98,107,-0.092695,0.0430118,False
rs12158565,98,108,-0.0888843,0.0528292,False
rs12158565,98,109,-0.0963884,0.0360978,False
rs12158565,98,110,-0.0981165,0.0334656,False
rs12158565,98,111,-0.093367,0.0434609,False
rs12158565,98,112,-0.0818424,0.0769482,False
rs12158565,98,113,-0.0674764,0.146113,False
rs12158565,98,114,-0.076381,0.100567,False
rs12158565,98,115,-0.0738339,0.113107,False
rs12158565,98,116,-0.0714398,0.126656,False
rs12158565,98,117,-0.0781118,0.095297,False
rs12158565,98,118,-0.0759344,0.105616,False
rs12158565,98,119,-0.0888708,0.0587315,False
rs12158565,98,120,-0.0736793,0.11752,False
rs12158565,98,121,-0.0742124,0.11515,False
rs12158565,98,122,-0.088271,0.0610504,False
rs12158565,98,123,-0.0883817,0.0608076,False
rs12158565,98,124,-0.0885144,0.0606817,False
rs12158565,98,125,-0.0878723,0.0630614,False
rs12158565,98,126,-0.0793772,0.0931866,False
rs12158565,98,127,-0.0808473,0.087469,False
rs12158565,98,128,-0.0822908,0.082173,False
rs12158565,98,129,-0.0890917,0.0599427,False
rs12158565,98,130,-0.0817472,0.084628,False
rs12158565,98,131,-0.0916674,0.0531316,False
rs12158565,98,132,-0.0777114,0.101521,False
rs12158565,98,133,-0.0876949,0.0648051,False
rs12158565,98,134,-0.0978703,0.0394312,False
rs12158565,98,135,-0.0953588,0.0447258,False
rs12158565,98,136,-0.0979643,0.0392022,False
rs12158565,98,137,-0.0962172,0.042819,False
rs12158565,98,138,-0.102063,0.0316632,False
rs12158565,98,139,-0.107861,0.0232316,False
rs12158565,98,140,-0.117279,0.0135983,False
rs12158565,98,141,-0.116851,0.0138835,False
rs12158565,98,142,-0.101215,0.0333441,False
rs12158565,98,143,-0.0951754,0.0451493,False
rs12158565,98,144,-0.0956529,0.0442003,False
rs12158565,98,145,-0.101755,0.032241,False
rs12158565,98,146,-0.0980835,0.0390597,False
rs12158565,98,147,-0.107217,0.0241361,False
rs12158565,98,148,-0.0911172,0.0550048,False
rs12158565,98,149,-0.0895924,0.0589145,False
rs12158565,98,150,-0.0814013,0.0860841,False
rs12158565,98,151,-0.100242,0.0346482,False
rs12158565,98,152,-0.100369,0.0344675,False
rs12158565,98,153,-0.097014,0.0407789,False
rs12158565,98,154,-0.0849584,0.0729502,False
rs12158565,98,155,-0.084293,0.0755407,False
rs12158565,98,156,-0.0848544,0.0729297,False
rs12158565,98,157,-0.0784823,0.0969356,False
rs12158565,98,158,-0.0930581,0.0486317,False
rs12158565,98,159,-0.0900783,0.0564945,False
rs12158565,98,160,-0.0954245,0.0430399,False
rs12158565,98,161,-0.0925199,0.049446,False
rs12158565,98,162,-0.0977612,0.0377507,False
rs12158565,98,163,-0.104217,0.0266656,False
rs12158565,98,164,-0.110888,0.0181976,False
rs12158565,98,165,-0.121479,0.0095745,False
rs12158565,98,166,-0.1178,0.0118787,False
rs12158565,98,167,-0.124267,0.00788874,False
rs12158565,98,168,-0.118175,0.0114448,False
rs12158565,98,169,-0.12,0.0100899,False
rs12158565,98,170,-0.130763,0.00497531,False
rs12158565,98,171,-0.129728,0.00525004,False
rs12158565,98,172,-0.129284,0.00536203,False
rs12158565,98,173,-0.124786,0.00705485,False
rs12158565,98,174,-0.133782,0.00379734,False
rs12158565,98,175,-0.127136,0.00583619,False
rs12158565,98,176,-0.132728,0.0039643,False
rs12158565,98,177,-0.123062,0.00752577,False
rs12158565,98,178,-0.122371,0.0076603,False
rs12158565,98,179,-0.130518,0.00441019,False
rs12158565,98,180,-0.139957,0.00221652,False
rs12158565,98,181,-0.137195,0.00268555,False
rs12158565,98,182,-0.138864,0.00234667,False
rs12158565,98,183,-0.126479,0.00559118,False
rs12158565,98,184,-0.118349,0.00940046,False
rs12158565,98,185,-0.128795,0.00470207,False
rs12158565,98,186,-0.125276,0.00595649,False
rs12158565,98,187,-0.125774,0.00578875,False
rs12158565,98,188,-0.124719,0.00612396,False
rs12158565,98,189,-0.133673,0.00330303,False
rs12158565,98,190,-0.129049,0.00459821,False
rs12158565,98,191,-0.145145,0.00146404,False
rs12158565,98,192,-0.135291,0.00301594,False
rs12158565,98,193,-0.131232,0.00405004,False
rs12158565,98,194,-0.131422,0.00404004,False
rs12158565,98,195,-0.135886,0.00302622,False
rs12158565,98,196,-0.131648,0.00418804,False
rs12158565,98,197,-0.135466,0.00329614,False
rs12158565,98,198,-0.150545,0.00114564,False
rs12158565,98,199,-0.152418,0.00104586,False
rs12158565,98,200,-0.145385,0.00185671,False
rs12158565,98,201,-0.136029,0.00375945,False
rs12158565,98,202,-0.14244,0.00249767,False
rs12158565,98,203,-0.14516,0.00216101,False
rs12158565,98,204,-0.155529,0.00110387,False
rs12158565,98,205,-0.145656,0.00234938,False
rs12158565,98,206,-0.149995,0.0018817,False
rs12158565,98,207,-0.157394,0.00119491,False
rs12158565,98,208,-0.152928,0.00179097,False
rs12158565,98,209,-0.14567,0.00313159,False
rs12158565,98,210,-0.15308,0.00207172,False
rs12158565,98,211,-0.159331,0.00148087,False
rs12158565,98,212,-0.162428,0.001333,False
rs12158565,98,213,-0.157531,0.00201489,False
rs12158565,98,214,-0.163437,0.00150854,False
rs12158565,98,215,-0.153888,0.0030554,False
rs12158565,98,216,-0.153392,0.00342146,False
rs12158565,98,217,-0.15197,0.00411232,False
rs12158565,98,218,-0.166745,0.00183984,False
rs12158565,98,219,-0.170762,0.00159552,False
rs12158565,98,220,-0.167271,0.0022056,False
rs12158565,98,221,-0.157509,0.00428069,False
rs12158565,98,222,-0.149826,0.00721295,False
rs12158565,98,223,-0.170948,0.00237172,False
rs12158565,98,224,-0.164147,0.00385297,False
rs12158565,98,225,-0.184855,0.00125457,False
rs12158565,98,226,-0.18928,0.00104797,False
rs12158565,98,227,-0.184051,0.00159585,False
rs12158565,98,228,-0.190762,0.0011651,False
rs12158565,98,229,-0.195572,0.000967499,False
rs12158565,98,230,-0.196533,0.00099611,False
rs12158565,98,231,-0.195722,0.00114694,False
rs12158565,98,232,-0.20188,0.000864259,False
rs12158565,98,233,-0.194254,0.00144021,False
rs12158565,98,234,-0.202726,0.000946783,False
rs12158565,98,235,-0.209121,0.000707705,False
rs12158565,98,236,-0.211298,0.000658618,False
rs12158565,98,237,-0.206791,0.000910374,False
rs12158565,98,238,-0.195315,0.00184276,False
rs12158565,98,239,-0.211311,0.000792743,False
rs12158565,98,240,-0.200531,0.0015147,False
rs12158565,98,241,-0.197836,0.00183311,False
rs12158565,98,242,-0.208819,0.00104565,False
rs12158565,98,243,-0.200744,0.00169205,False
rs12158565,98,244,-0.204085,0.00146776,False
rs12158565,98,245,-0.21515,0.000828465,False
rs12158565,98,246,-0.210434,0.00113059,False
rs12158565,98,247,-0.20993,0.00121828,False
rs12158565,98,248,-0.21584,0.000928793,False
rs12158565,98,249,-0.211963,0.00119073,False
rs12158565,98,250,-0.197269,0.00268917,False
rs12158565,98,251,-0.214615,0.00113684,False
rs12158565,99,7,-0.0435538,0.228124,False
rs12158565,99,8,-0.0540578,0.130452,False
rs12158565,99,9,-0.0410759,0.245579,False
rs12158565,99,10,-0.0592269,0.0902768,False
rs12158565,99,11,-0.0438609,0.206424,False
rs12158565,99,12,-0.0601122,0.0811688,False
rs12158565,99,13,-0.0581821,0.089365,False
rs12158565,99,14,-0.0842709,0.0134227,False
rs12158565,99,15,-0.0624598,0.0656413,False
rs12158565,99,16,-0.0558286,0.0994688,False
rs12158565,99,17,-0.0692793,0.0406571,False
rs12158565,99,18,-0.0758034,0.0248627,False
rs12158565,99,19,-0.0816325,0.0157954,False
rs12158565,99,20,-0.0664312,0.0495887,False
rs12158565,99,21,-0.0818569,0.0154885,False
rs12158565,99,22,-0.0814192,0.0161346,False
rs12158565,99,23,-0.0866963,0.01046,False
rs12158565,99,24,-0.0925086,0.00628632,False
rs12158565,99,25,-0.0958524,0.00465793,False
rs12158565,99,26,-0.0754155,0.0259827,False
rs12158565,99,27,-0.0824671,0.0150616,False
rs12158565,99,28,-0.0993358,0.0035511,False
rs12158565,99,29,-0.0936535,0.00594132,False
rs12158565,99,30,-0.101977,0.00275557,False
rs12158565,99,31,-0.102168,0.00272145,False
rs12158565,99,32,-0.102503,0.002752,False
rs12158565,99,33,-0.0904051,0.00837752,False
rs12158565,99,34,-0.0925855,0.00696466,False
rs12158565,99,35,-0.0960349,0.00529398,False
rs12158565,99,36,-0.109128,0.00158291,False
rs12158565,99,37,-0.0956336,0.00570175,False
rs12158565,99,38,-0.106456,0.00212787,False
rs12158565,99,39,-0.0994433,0.00427123,False
rs12158565,99,40,-0.100484,0.00403271,False
rs12158565,99,41,-0.102569,0.00342787,False
rs12158565,99,42,-0.0972199,0.00560022,False
rs12158565,99,43,-0.104756,0.00297282,False
rs12158565,99,44,-0.111494,0.00165812,False
rs12158565,99,45,-0.0981394,0.00569501,False
rs12158565,99,46,-0.10044,0.00482959,False
rs12158565,99,47,-0.100542,0.0049651,False
rs12158565,99,48,-0.10755,0.00273559,False
rs12158565,99,49,-0.102307,0.00450613,False
rs12158565,99,50,-0.105933,0.00344272,False
rs12158565,99,51,-0.104555,0.00408101,False
rs12158565,99,52,-0.0849229,0.0201003,False
rs12158565,99,53,-0.0950764,0.00950459,False
rs12158565,99,54,-0.0940574,0.0107192,False
rs12158565,99,55,-0.0891259,0.0159258,False
rs12158565,99,56,-0.0813543,0.0286079,False
rs12158565,99,57,-0.0958691,0.0101516,False
rs12158565,99,58,-0.0960544,0.0103424,False
rs12158565,99,59,-0.0866612,0.0211504,False
rs12158565,99,60,-0.086711,0.0218267,False
rs12158565,99,61,-0.0889547,0.0191728,False
rs12158565,99,62,-0.105904,0.00555463,False
rs12158565,99,63,-0.096032,0.0123451,False
rs12158565,99,64,-0.0965223,0.0123996,False
rs12158565,99,65,-0.101035,0.00909408,False
rs12158565,99,66,-0.108377,0.00550592,False
rs12158565,99,67,-0.106987,0.00631108,False
rs12158565,99,68,-0.0999219,0.011218,False
rs12158565,99,69,-0.116338,0.00330409,False
rs12158565,99,70,-0.102112,0.0103663,False
rs12158565,99,71,-0.096849,0.0155685,False
rs12158565,99,72,-0.0970731,0.0158939,False
rs12158565,99,73,-0.0997012,0.0137095,False
rs12158565,99,74,-0.0909182,0.0253826,False
rs12158565,99,75,-0.0978762,0.0165921,False
rs12158565,99,76,-0.100063,0.0148845,False
rs12158565,99,77,-0.0802943,0.0517187,False
rs12158565,99,78,-0.0767734,0.0643368,False
rs12158565,99,79,-0.100278,0.0161089,False
rs12158565,99,80,-0.08813,0.0351324,False
rs12158565,99,81,-0.083887,0.0459671,False
rs12158565,99,82,-0.0965028,0.0222426,False
rs12158565,99,83,-0.0914314,0.0309246,False
rs12158565,99,84,-0.0884384,0.0376077,False
rs12158565,99,85,-0.0780448,0.0681777,False
rs12158565,99,86,-0.0847886,0.0480991,False
rs12158565,99,87,-0.0915096,0.0333852,False
rs12158565,99,88,-0.0824825,0.0556803,False
rs12158565,99,89,-0.0865382,0.0455939,False
rs12158565,99,90,-0.0955079,0.0280168,False
rs12158565,99,91,-0.0982329,0.0243143,False
rs12158565,99,92,-0.0842367,0.0543189,False
rs12158565,99,93,-0.0922809,0.0355027,False
rs12158565,99,94,-0.0923851,0.0356115,False
rs12158565,99,95,-0.0919845,0.0369316,False
rs12158565,99,96,-0.0815535,0.0652942,False
rs12158565,99,97,-0.0875017,0.0489871,False
rs12158565,99,98,-0.0930627,0.0366511,False
rs12158565,99,99,-0.0971893,0.0296606,False
rs12158565,99,100,-0.0865205,0.0536087,False
rs12158565,99,101,-0.0778549,0.0832184,False
rs12158565,99,102,-0.0899569,0.0455575,False
rs12158565,99,103,-0.0803105,0.0752212,False
rs12158565,99,104,-0.0795621,0.0787831,False
rs12158565,99,105,-0.0837375,0.0649897,False
rs12158565,99,106,-0.0818272,0.0719432,False
rs12158565,99,107,-0.0843948,0.0643298,False
rs12158565,99,108,-0.0825022,0.0710906,False
rs12158565,99,109,-0.0697272,0.127898,False
rs12158565,99,110,-0.0796595,0.0826651,False
rs12158565,99,111,-0.0888665,0.053273,False
rs12158565,99,112,-0.0870914,0.0584428,False
rs12158565,99,113,-0.0892073,0.0530043,False
rs12158565,99,114,-0.0903695,0.0504363,False
rs12158565,99,115,-0.0825574,0.074677,False
rs12158565,99,116,-0.0953712,0.040139,False
rs12158565,99,117,-0.0806975,0.0828743,False
rs12158565,99,118,-0.0720081,0.122191,False
rs12158565,99,119,-0.0879944,0.0595304,False
rs12158565,99,120,-0.0948799,0.0424647,False
rs12158565,99,121,-0.095388,0.0415549,False
rs12158565,99,122,-0.0987429,0.0349155,False
rs12158565,99,123,-0.0896957,0.0555344,False
rs12158565,99,124,-0.0873403,0.0627918,False
rs12158565,99,125,-0.0874986,0.062954,False
rs12158565,99,126,-0.079383,0.0915331,False
rs12158565,99,127,-0.0838488,0.0749331,False
rs12158565,99,128,-0.0866734,0.065905,False
rs12158565,99,129,-0.0939767,0.0462856,False
rs12158565,99,130,-0.0950548,0.0441546,False
rs12158565,99,131,-0.0902961,0.0557341,False
rs12158565,99,132,-0.0856994,0.0694934,False
rs12158565,99,133,-0.0896775,0.0576543,False
rs12158565,99,134,-0.0912741,0.0535113,False
rs12158565,99,135,-0.0869765,0.0656068,False
rs12158565,99,136,-0.078002,0.0986248,False
rs12158565,99,137,-0.0937826,0.0473166,False
rs12158565,99,138,-0.101108,0.0325568,False
rs12158565,99,139,-0.089772,0.0577796,False
rs12158565,99,140,-0.0900539,0.0568874,False
rs12158565,99,141,-0.0911784,0.0538465,False
rs12158565,99,142,-0.100132,0.0342671,False
rs12158565,99,143,-0.0996086,0.0349771,False
rs12158565,99,144,-0.106748,0.0237996,False
rs12158565,99,145,-0.0965588,0.0408861,False
rs12158565,99,146,-0.0960597,0.0418733,False
rs12158565,99,147,-0.0907276,0.0543825,False
rs12158565,99,148,-0.085009,0.0716062,False
rs12158565,99,149,-0.092287,0.0502781,False
rs12158565,99,150,-0.0967429,0.0399122,False
rs12158565,99,151,-0.101367,0.0313881,False
rs12158565,99,152,-0.0935039,0.0471206,False
rs12158565,99,153,-0.092514,0.0493377,False
rs12158565,99,154,-0.103027,0.0284835,False
rs12158565,99,155,-0.112455,0.0167641,False
rs12158565,99,156,-0.110965,0.0181695,False
rs12158565,99,157,-0.110327,0.018714,False
rs12158565,99,158,-0.117844,0.0118369,False
rs12158565,99,159,-0.111508,0.0172943,False
rs12158565,99,160,-0.118887,0.0111113,False
rs12158565,99,161,-0.111152,0.0174953,False
rs12158565,99,162,-0.109764,0.0189254,False
rs12158565,99,163,-0.105075,0.0244522,False
rs12158565,99,164,-0.103099,0.0271483,False
rs12158565,99,165,-0.107193,0.0213114,False
rs12158565,99,166,-0.114018,0.0141892,False
rs12158565,99,167,-0.115408,0.0129497,False
rs12158565,99,168,-0.110995,0.0165791,False
rs12158565,99,169,-0.117702,0.0110003,False
rs12158565,99,170,-0.114571,0.0132388,False
rs12158565,99,171,-0.107771,0.0195662,False
rs12158565,99,172,-0.111468,0.0156974,False
rs12158565,99,173,-0.111712,0.0152115,False
rs12158565,99,174,-0.115443,0.0119979,False
rs12158565,99,175,-0.116516,0.0111568,False
rs12158565,99,176,-0.123825,0.00692152,False
rs12158565,99,177,-0.129198,0.00480944,False
rs12158565,99,178,-0.12683,0.00558884,False
rs12158565,99,179,-0.127125,0.005418,False
rs12158565,99,180,-0.118834,0.00928132,False
rs12158565,99,181,-0.116387,0.0108107,False
rs12158565,99,182,-0.119947,0.00851053,False
rs12158565,99,183,-0.124626,0.00623977,False
rs12158565,99,184,-0.122298,0.0071542,False
rs12158565,99,185,-0.128629,0.00465906,False
rs12158565,99,186,-0.124459,0.00628162,False
rs12158565,99,187,-0.117643,0.00969477,False
rs12158565,99,188,-0.120069,0.00830712,False
rs12158565,99,189,-0.11774,0.00974318,False
rs12158565,99,190,-0.125018,0.00614714,False
rs12158565,99,191,-0.125142,0.00612315,False
rs12158565,99,192,-0.119122,0.00931905,False
rs12158565,99,193,-0.126761,0.0057219,False
rs12158565,99,194,-0.137151,0.00287255,False
rs12158565,99,195,-0.136383,0.00309628,False
rs12158565,99,196,-0.127996,0.00569734,False
rs12158565,99,197,-0.135325,0.00360754,False
rs12158565,99,198,-0.129052,0.00569628,False
rs12158565,99,199,-0.13807,0.00323212,False
rs12158565,99,200,-0.1531,0.00114964,False
rs12158565,99,201,-0.145089,0.00218446,False
rs12158565,99,202,-0.162505,0.000655033,False
rs12158565,99,203,-0.152378,0.00148751,False
rs12158565,99,204,-0.158167,0.00104931,False
rs12158565,99,205,-0.15029,0.00197563,False
rs12158565,99,206,-0.153027,0.00173678,False
rs12158565,99,207,-0.164963,0.000802311,False
rs12158565,99,208,-0.159687,0.00128929,False
rs12158565,99,209,-0.158369,0.00155764,False
rs12158565,99,210,-0.166944,0.000953064,False
rs12158565,99,211,-0.160118,0.00166929,False
rs12158565,99,212,-0.161427,0.0016608,False
rs12158565,99,213,-0.16211,0.00174776,False
rs12158565,99,214,-0.18332,0.000450692,False
rs12158565,99,215,-0.162968,0.00203913,False
rs12158565,99,216,-0.170723,0.00135512,False
rs12158565,99,217,-0.166872,0.00193872,False
rs12158565,99,218,-0.168259,0.00196463,False
rs12158565,99,219,-0.168575,0.00212018,False
rs12158565,99,220,-0.168124,0.00241435,False
rs12158565,99,221,-0.169855,0.00239552,False
rs12158565,99,222,-0.171772,0.00233055,False
rs12158565,99,223,-0.16587,0.00359723,False
rs12158565,99,224,-0.168813,0.00331145,False
rs12158565,99,225,-0.177496,0.00220408,False
rs12158565,99,226,-0.175097,0.00274779,False
rs12158565,99,227,-0.179025,0.00237481,False
rs12158565,99,228,-0.195381,0.000988745,False
rs12158565,99,229,-0.201172,0.000759721,False
rs12158565,99,230,-0.190852,0.00151861,False
rs12158565,99,231,-0.209682,0.000542844,False
rs12158565,99,232,-0.211877,0.00051503,False
rs12158565,99,233,-0.19728,0.00128171,False
rs12158565,99,234,-0.206594,0.000806235,False
rs12158565,99,235,-0.206235,0.000868046,False
rs12158565,99,236,-0.209429,0.000759883,False
rs12158565,99,237,-0.213638,0.000622345,False
rs12158565,99,238,-0.204756,0.00107435,False
rs12158565,99,239,-0.205305,0.0011,False
rs12158565,99,240,-0.226298,0.000337663,False
rs12158565,99,241,-0.217094,0.000599144,False
rs12158565,99,242,-0.215423,0.000693805,False
rs12158565,99,243,-0.218436,0.000603697,False
rs12158565,99,244,-0.220394,0.000558145,False
rs12158565,99,245,-0.212844,0.000889853,False
rs12158565,99,246,-0.227194,0.000412881,False
rs12158565,99,247,-0.231735,0.000327565,False
rs12158565,99,248,-0.214187,0.000950652,False
rs12158565,99,249,-0.202074,0.00189302,False
rs12158565,99,250,-0.22439,0.00059505,False
rs12158565,99,251,-0.223736,0.000656407,False
rs12158565,100,7,-0.0683946,0.0575292,False
rs12158565,100,8,-0.0632456,0.0766694,False
rs12158565,100,9,-0.0587971,0.0964137,False
rs12158565,100,10,-0.0734848,0.0359316,False
rs12158565,100,11,-0.0824073,0.0175035,False
rs12158565,100,12,-0.0676064,0.0497481,False
rs12158565,100,13,-0.0724561,0.0341553,False
rs12158565,100,14,-0.0832924,0.0144261,False
rs12158565,100,15,-0.0921122,0.00664162,False
rs12158565,100,16,-0.0767485,0.0235337,False
rs12158565,100,17,-0.0690692,0.0405972,False
rs12158565,100,18,-0.0701914,0.0376736,False
rs12158565,100,19,-0.0874428,0.0095615,False
rs12158565,100,20,-0.0601143,0.0752496,False
rs12158565,100,21,-0.085849,0.0110438,False
rs12158565,100,22,-0.0844949,0.0123266,False
rs12158565,100,23,-0.0912586,0.0068991,False
rs12158565,100,24,-0.072837,0.0312168,False
rs12158565,100,25,-0.0722238,0.0329236,False
rs12158565,100,26,-0.0911018,0.00722248,False
rs12158565,100,27,-0.086779,0.0104048,False
rs12158565,100,28,-0.0722414,0.0330765,False
rs12158565,100,29,-0.0782291,0.0212633,False
rs12158565,100,30,-0.0775731,0.0223426,False
rs12158565,100,31,-0.077728,0.0223653,False
rs12158565,100,32,-0.0637997,0.061775,False
rs12158565,100,33,-0.0738628,0.0307251,False
rs12158565,100,34,-0.0736429,0.0313658,False
rs12158565,100,35,-0.0765799,0.0256092,False
rs12158565,100,36,-0.0768093,0.025674,False
rs12158565,100,37,-0.0717651,0.0374392,False
rs12158565,100,38,-0.0863358,0.0126143,False
rs12158565,100,39,-0.0767987,0.0267313,False
rs12158565,100,40,-0.0721622,0.0381639,False
rs12158565,100,41,-0.081041,0.0201916,False
rs12158565,100,42,-0.0848811,0.0153332,False
rs12158565,100,43,-0.0944332,0.00725069,False
rs12158565,100,44,-0.0889398,0.01167,False
rs12158565,100,45,-0.093092,0.00857132,False
rs12158565,100,46,-0.0945573,0.0079912,False
rs12158565,100,47,-0.0771371,0.0306462,False
rs12158565,100,48,-0.0878307,0.0142549,False
rs12158565,100,49,-0.0767654,0.0328396,False
rs12158565,100,50,-0.0836785,0.0204591,False
rs12158565,100,51,-0.0785108,0.0301585,False
rs12158565,100,52,-0.0817993,0.0245952,False
rs12158565,100,53,-0.0778077,0.0331345,False
rs12158565,100,54,-0.084689,0.0209499,False
rs12158565,100,55,-0.0847842,0.0211299,False
rs12158565,100,56,-0.0932005,0.0116998,False
rs12158565,100,57,-0.0903958,0.0151708,False
rs12158565,100,58,-0.0839196,0.0246114,False
rs12158565,100,59,-0.0946364,0.0117235,False
rs12158565,100,60,-0.0970581,0.0099329,False
rs12158565,100,61,-0.0985395,0.00920288,False
rs12158565,100,62,-0.106482,0.00509457,False
rs12158565,100,63,-0.103414,0.00677095,False
rs12158565,100,64,-0.0965354,0.0117657,False
rs12158565,100,65,-0.11744,0.00231502,False
rs12158565,100,66,-0.100577,0.00943309,False
rs12158565,100,67,-0.103123,0.00806671,False
rs12158565,100,68,-0.120634,0.00206943,False
rs12158565,100,69,-0.097313,0.0134459,False
rs12158565,100,70,-0.101949,0.00995873,False
rs12158565,100,71,-0.102649,0.00979531,False
rs12158565,100,72,-0.110011,0.00597457,False
rs12158565,100,73,-0.0974303,0.0153486,False
rs12158565,100,74,-0.0917512,0.0229556,False
rs12158565,100,75,-0.0998557,0.0139231,False
rs12158565,100,76,-0.0818508,0.0450438,False
rs12158565,100,77,-0.0757326,0.0646431,False
rs12158565,100,78,-0.0782588,0.0575318,False
rs12158565,100,79,-0.0755452,0.0680142,False
rs12158565,100,80,-0.083362,0.045034,False
rs12158565,100,81,-0.0796539,0.0563536,False
rs12158565,100,82,-0.0745896,0.0747494,False
rs12158565,100,83,-0.0835371,0.0469686,False
rs12158565,100,84,-0.0824432,0.0511571,False
rs12158565,100,85,-0.0785102,0.0642005,False
rs12158565,100,86,-0.0915105,0.0315058,False
rs12158565,100,87,-0.0863127,0.0433946,False
rs12158565,100,88,-0.0819439,0.0560808,False
rs12158565,100,89,-0.0905262,0.0355477,False
rs12158565,100,90,-0.0992242,0.0216461,False
rs12158565,100,91,-0.0964697,0.0261211,False
rs12158565,100,92,-0.10918,0.0120677,False
rs12158565,100,93,-0.0942532,0.0307494,False
rs12158565,100,94,-0.096778,0.0270866,False
rs12158565,100,95,-0.100371,0.0222927,False
rs12158565,100,96,-0.0900631,0.0410082,False
rs12158565,100,97,-0.103631,0.0188646,False
rs12158565,100,98,-0.10781,0.0148471,False
rs12158565,100,99,-0.103649,0.0195983,False
rs12158565,100,100,-0.0935858,0.0355932,False
rs12158565,100,101,-0.0866708,0.0521511,False
rs12158565,100,102,-0.0831027,0.0631209,False
rs12158565,100,103,-0.0872171,0.0515872,False
rs12158565,100,104,-0.0848455,0.0590075,False
rs12158565,100,105,-0.0973323,0.0306968,False
rs12158565,100,106,-0.0937819,0.0380299,False
rs12158565,100,107,-0.0928617,0.0405517,False
rs12158565,100,108,-0.0887682,0.0509467,False
rs12158565,100,109,-0.0782463,0.0857789,False
rs12158565,100,110,-0.0804097,0.0777064,False
rs12158565,100,111,-0.0817854,0.0735244,False
rs12158565,100,112,-0.0875924,0.0558561,False
rs12158565,100,113,-0.0837503,0.0679395,False
rs12158565,100,114,-0.0926574,0.0439458,False
rs12158565,100,115,-0.0805202,0.080392,False
rs12158565,100,116,-0.0753393,0.102355,False
rs12158565,100,117,-0.0849859,0.0662682,False
rs12158565,100,118,-0.0829659,0.0735685,False
rs12158565,100,119,-0.0889972,0.0549991,False
rs12158565,100,120,-0.0950099,0.0408176,False
rs12158565,100,121,-0.0912042,0.0498456,False
rs12158565,100,122,-0.0812022,0.0815085,False
rs12158565,100,123,-0.0746267,0.109642,False
rs12158565,100,124,-0.0805656,0.0842273,False
rs12158565,100,125,-0.0917705,0.0495343,False
rs12158565,100,126,-0.0733816,0.116451,False
rs12158565,100,127,-0.0793967,0.0896816,False
rs12158565,100,128,-0.0779826,0.0959277,False
rs12158565,100,129,-0.0775209,0.0978587,False
rs12158565,100,130,-0.0770509,0.100711,False
rs12158565,100,131,-0.0759571,0.10586,False
rs12158565,100,132,-0.0695876,0.138297,False
rs12158565,100,133,-0.0767175,0.102284,False
rs12158565,100,134,-0.0713373,0.128777,False
rs12158565,100,135,-0.0863872,0.0659997,False
rs12158565,100,136,-0.0730774,0.119949,False
rs12158565,100,137,-0.0759538,0.106127,False
rs12158565,100,138,-0.078082,0.0961956,False
rs12158565,100,139,-0.0932559,0.0469562,False
rs12158565,100,140,-0.100425,0.0324744,False
rs12158565,100,141,-0.0991972,0.0347317,False
rs12158565,100,142,-0.10486,0.0257291,False
rs12158565,100,143,-0.090043,0.0553915,False
rs12158565,100,144,-0.0887851,0.058628,False
rs12158565,100,145,-0.103156,0.0281378,False
rs12158565,100,146,-0.0914691,0.0513324,False
rs12158565,100,147,-0.0994508,0.0339786,False
rs12158565,100,148,-0.103479,0.027421,False
rs12158565,100,149,-0.0939871,0.0448008,False
rs12158565,100,150,-0.0900736,0.0545531,False
rs12158565,100,151,-0.0947685,0.0428685,False
rs12158565,100,152,-0.10109,0.0306969,False
rs12158565,100,153,-0.113,0.0158179,False
rs12158565,100,154,-0.107606,0.0213703,False
rs12158565,100,155,-0.112732,0.0158195,False
rs12158565,100,156,-0.11178,0.0166395,False
rs12158565,100,157,-0.117903,0.0114371,False
rs12158565,100,158,-0.125602,0.00703449,False
rs12158565,100,159,-0.111697,0.016389,False
rs12158565,100,160,-0.108317,0.0198913,False
rs12158565,100,161,-0.120481,0.00954848,False
rs12158565,100,162,-0.114946,0.0133355,False
rs12158565,100,163,-0.120655,0.00921881,False
rs12158565,100,164,-0.12408,0.00737693,False
rs12158565,100,165,-0.105368,0.0226796,False
rs12158565,100,166,-0.11,0.0171222,False
rs12158565,100,167,-0.0997201,0.0304587,False
rs12158565,100,168,-0.102318,0.0262764,False
rs12158565,100,169,-0.112266,0.0145493,False
rs12158565,100,170,-0.111616,0.0150363,False
rs12158565,100,171,-0.118403,0.00989244,False
rs12158565,100,172,-0.107982,0.0185635,False
rs12158565,100,173,-0.124594,0.00657154,False
rs12158565,100,174,-0.117494,0.0101651,False
rs12158565,100,175,-0.115484,0.011516,False
rs12158565,100,176,-0.121616,0.00778433,False
rs12158565,100,177,-0.113289,0.0130423,False
rs12158565,100,178,-0.125269,0.00601849,False
rs12158565,100,179,-0.126145,0.00563336,False
rs12158565,100,180,-0.11785,0.00963541,False
rs12158565,100,181,-0.127614,0.00501577,False
rs12158565,100,182,-0.129661,0.0043966,False
rs12158565,100,183,-0.118074,0.00941637,False
rs12158565,100,184,-0.119637,0.00845243,False
rs12158565,100,185,-0.122418,0.00710689,False
rs12158565,100,186,-0.119885,0.00849893,False
rs12158565,100,187,-0.105383,0.0206967,False
rs12158565,100,188,-0.107505,0.0183943,False
rs12158565,100,189,-0.112881,0.0133947,False
rs12158565,100,190,-0.11153,0.0148206,False
rs12158565,100,191,-0.11404,0.0128988,False
rs12158565,100,192,-0.114897,0.0124806,False
rs12158565,100,193,-0.128599,0.0052995,False
rs12158565,100,194,-0.134079,0.00377251,False
rs12158565,100,195,-0.132368,0.00435144,False
rs12158565,100,196,-0.140775,0.00254744,False
rs12158565,100,197,-0.152959,0.00109305,False
rs12158565,100,198,-0.153264,0.00113456,False
rs12158565,100,199,-0.151441,0.0013702,False
rs12158565,100,200,-0.138487,0.00364565,False
rs12158565,100,201,-0.157114,0.00105603,False
rs12158565,100,202,-0.156007,0.0012268,False
rs12158565,100,203,-0.153396,0.00160134,False
rs12158565,100,204,-0.156084,0.00140596,False
rs12158565,100,205,-0.162725,0.000942308,False
rs12158565,100,206,-0.156157,0.00165009,False
rs12158565,100,207,-0.153878,0.0020979,False
rs12158565,100,208,-0.14853,0.0031923,False
rs12158565,100,209,-0.163006,0.00135697,False
rs12158565,100,210,-0.156028,0.00233782,False
rs12158565,100,211,-0.150453,0.00365794,False
rs12158565,100,212,-0.156154,0.00277004,False
rs12158565,100,213,-0.159099,0.00251657,False
rs12158565,100,214,-0.1589,0.00277792,False
rs12158565,100,215,-0.149583,0.00527149,False
rs12158565,100,216,-0.15167,0.00507097,False
rs12158565,100,217,-0.154453,0.00468389,False
rs12158565,100,218,-0.14308,0.0095312,False
rs12158565,100,219,-0.15871,0.00433682,False
rs12158565,100,220,-0.15547,0.00563673,False
rs12158565,100,221,-0.15087,0.00780633,False
rs12158565,100,222,-0.159568,0.00524979,False
rs12158565,100,223,-0.153201,0.00796857,False
rs12158565,100,224,-0.160152,0.00591969,False
rs12158565,100,225,-0.160814,0.00607139,False
rs12158565,100,226,-0.1734,0.0033236,False
rs12158565,100,227,-0.167693,0.00484494,False
rs12158565,100,228,-0.173788,0.00372474,False
rs12158565,100,229,-0.183141,0.00237256,False
rs12158565,100,230,-0.178036,0.00336593,False
rs12158565,100,231,-0.184397,0.00249033,False
rs12158565,100,232,-0.189042,0.00202461,False
rs12158565,100,233,-0.179306,0.00364678,False
rs12158565,100,234,-0.187799,0.00240303,False
rs12158565,100,235,-0.190212,0.00218862,False
rs12158565,100,236,-0.195633,0.00169485,False
rs12158565,100,237,-0.197345,0.00158244,False
rs12158565,100,238,-0.203022,0.00120885,False
rs12158565,100,239,-0.213327,0.000691162,False
rs12158565,100,240,-0.207429,0.000986729,False
rs12158565,100,241,-0.205156,0.00116536,False
rs12158565,100,242,-0.209487,0.000941768,False
rs12158565,100,243,-0.212339,0.000809997,False
rs12158565,100,244,-0.199846,0.0016727,False
rs12158565,100,245,-0.216137,0.000687262,False
rs12158565,100,246,-0.220776,0.000550864,False
rs12158565,100,247,-0.223759,0.000486094,False
rs12158565,100,248,-0.212181,0.000976377,False
rs12158565,100,249,-0.225215,0.000484714,False
rs12158565,100,250,-0.218898,0.000739303,False
rs12158565,100,251,-0.226009,0.000515602,False
rs12158565,101,7,-0.0727983,0.0422036,False
rs12158565,101,8,-0.070463,0.0467247,False
rs12158565,101,9,-0.0692596,0.0482878,False
rs12158565,101,10,-0.0614264,0.0769432,False
rs12158565,101,11,-0.0656613,0.0565382,False
rs12158565,101,12,-0.0654621,0.0556341,False
rs12158565,101,13,-0.0633257,0.0627112,False
rs12158565,101,14,-0.0784063,0.0207843,False
rs12158565,101,15,-0.0725404,0.0317996,False
rs12158565,101,16,-0.0609186,0.0707952,False
rs12158565,101,17,-0.0633955,0.0594114,False
rs12158565,101,18,-0.0826802,0.0140652,False
rs12158565,101,19,-0.0712714,0.0339749,False
rs12158565,101,20,-0.0835608,0.0130675,False
rs12158565,101,21,-0.077776,0.0206393,False
rs12158565,101,22,-0.0753543,0.0253181,False
rs12158565,101,23,-0.0708034,0.0355512,False
rs12158565,101,24,-0.0816876,0.0154156,False
rs12158565,101,25,-0.0736107,0.0294461,False
rs12158565,101,26,-0.0805517,0.0172423,False
rs12158565,101,27,-0.0636975,0.06006,False
rs12158565,101,28,-0.080684,0.0174604,False
rs12158565,101,29,-0.0712976,0.0356687,False
rs12158565,101,30,-0.0613363,0.0717307,False
rs12158565,101,31,-0.06538,0.0550664,False
rs12158565,101,32,-0.0795597,0.0195714,False
rs12158565,101,33,-0.0739613,0.0304441,False
rs12158565,101,34,-0.0686516,0.045193,False
rs12158565,101,35,-0.0704678,0.0400951,False
rs12158565,101,36,-0.0695147,0.0434224,False
rs12158565,101,37,-0.0665,0.053981,False
rs12158565,101,38,-0.0729102,0.0348372,False
rs12158565,101,39,-0.0623967,0.0715102,False
rs12158565,101,40,-0.0550687,0.112658,False
rs12158565,101,41,-0.0673458,0.0530475,False
rs12158565,101,42,-0.0676873,0.0525365,False
rs12158565,101,43,-0.0735933,0.0354456,False
rs12158565,101,44,-0.0883981,0.0118782,False
rs12158565,101,45,-0.0830638,0.0184737,False
rs12158565,101,46,-0.0812605,0.0216791,False
rs12158565,101,47,-0.0796671,0.0250422,False
rs12158565,101,48,-0.0922137,0.00967828,False
rs12158565,101,49,-0.0845169,0.0181919,False
rs12158565,101,50,-0.0796915,0.0267025,False
rs12158565,101,51,-0.0771308,0.0329701,False
rs12158565,101,52,-0.0815305,0.024838,False
rs12158565,101,53,-0.0815003,0.0254527,False
rs12158565,101,54,-0.0845124,0.0211,False
rs12158565,101,55,-0.0786511,0.0323201,False
rs12158565,101,56,-0.0803569,0.0293979,False
rs12158565,101,57,-0.0937825,0.0114802,False
rs12158565,101,58,-0.078928,0.0340946,False
rs12158565,101,59,-0.0947923,0.0112264,False
rs12158565,101,60,-0.0973997,0.00952372,False
rs12158565,101,61,-0.0988639,0.00885025,False
rs12158565,101,62,-0.10012,0.00825996,False
rs12158565,101,63,-0.10495,0.00589762,False
rs12158565,101,64,-0.103851,0.00655399,False
rs12158565,101,65,-0.0990005,0.00988912,False
rs12158565,101,66,-0.112068,0.00369595,False
rs12158565,101,67,-0.110595,0.00427396,False
rs12158565,101,68,-0.10747,0.00582902,False
rs12158565,101,69,-0.104671,0.00752448,False
rs12158565,101,70,-0.110484,0.00495714,False
rs12158565,101,71,-0.122022,0.00201441,False
rs12158565,101,72,-0.119431,0.0026336,False
rs12158565,101,73,-0.116103,0.00362492,False
rs12158565,101,74,-0.114578,0.00422501,False
rs12158565,101,75,-0.110173,0.00622711,False
rs12158565,101,76,-0.101709,0.011997,False
rs12158565,101,77,-0.101989,0.0122025,False
rs12158565,101,78,-0.110292,0.0069546,False
rs12158565,101,79,-0.101172,0.0137537,False
rs12158565,101,80,-0.103559,0.0119434,False
rs12158565,101,81,-0.0917707,0.0267323,False
rs12158565,101,82,-0.0948454,0.0226064,False
rs12158565,101,83,-0.0930352,0.0259844,False
rs12158565,101,84,-0.093881,0.0252157,False
rs12158565,101,85,-0.10523,0.012455,False
rs12158565,101,86,-0.0971165,0.0214781,False
rs12158565,101,87,-0.090727,0.0323206,False
rs12158565,101,88,-0.0922879,0.0298992,False
rs12158565,101,89,-0.0954775,0.0253033,False
rs12158565,101,90,-0.0754334,0.0783416,False
rs12158565,101,91,-0.0776545,0.070691,False
rs12158565,101,92,-0.0802467,0.0625289,False
rs12158565,101,93,-0.0871239,0.043981,False
rs12158565,101,94,-0.0839514,0.0531726,False
rs12158565,101,95,-0.0811582,0.0620687,False
rs12158565,101,96,-0.0859479,0.0485602,False
rs12158565,101,97,-0.0946964,0.0304258,False
rs12158565,101,98,-0.110674,0.0117218,False
rs12158565,101,99,-0.104,0.0181955,False
rs12158565,101,100,-0.0958774,0.0300426,False
rs12158565,101,101,-0.0859837,0.0523691,False
rs12158565,101,102,-0.0962565,0.0302703,False
rs12158565,101,103,-0.0866794,0.0515429,False
rs12158565,101,104,-0.0931895,0.0365506,False
rs12158565,101,105,-0.0983697,0.0279072,False
rs12158565,101,106,-0.0841718,0.0606157,False
rs12158565,101,107,-0.0920463,0.0408302,False
rs12158565,101,108,-0.107631,0.0171056,False
rs12158565,101,109,-0.101152,0.02528,False
rs12158565,101,110,-0.101949,0.0243925,False
rs12158565,101,111,-0.0975169,0.0313101,False
rs12158565,101,112,-0.086333,0.0573501,False
rs12158565,101,113,-0.0903156,0.0471171,False
rs12158565,101,114,-0.100217,0.0279101,False
rs12158565,101,115,-0.102375,0.0249607,False
rs12158565,101,116,-0.10985,0.0163949,False
rs12158565,101,117,-0.102357,0.0255595,False
rs12158565,101,118,-0.101445,0.0272874,False
rs12158565,101,119,-0.0937244,0.0417691,False
rs12158565,101,120,-0.104069,0.0238944,False
rs12158565,101,121,-0.0994408,0.0310272,False
rs12158565,101,122,-0.105048,0.0228037,False
rs12158565,101,123,-0.0939992,0.0420308,False
rs12158565,101,124,-0.10275,0.0264021,False
rs12158565,101,125,-0.0982291,0.0341685,False
rs12158565,101,126,-0.0990036,0.032841,False
rs12158565,101,127,-0.0950935,0.0405604,False
rs12158565,101,128,-0.096744,0.0376165,False
rs12158565,101,129,-0.0896142,0.0542661,False
rs12158565,101,130,-0.0909903,0.0508639,False
rs12158565,101,131,-0.0969544,0.0373026,False
rs12158565,101,132,-0.10672,0.0220561,False
rs12158565,101,133,-0.0946587,0.0426803,False
rs12158565,101,134,-0.0957426,0.0402573,False
rs12158565,101,135,-0.0991548,0.0337001,False
rs12158565,101,136,-0.102359,0.0283876,False
rs12158565,101,137,-0.103309,0.027001,False
rs12158565,101,138,-0.100695,0.0311542,False
rs12158565,101,139,-0.109847,0.0186212,False
rs12158565,101,140,-0.105951,0.0231691,False
rs12158565,101,141,-0.10989,0.0184228,False
rs12158565,101,142,-0.102213,0.0284483,False
rs12158565,101,143,-0.105749,0.023337,False
rs12158565,101,144,-0.097602,0.0362873,False
rs12158565,101,145,-0.098337,0.0349002,False
rs12158565,101,146,-0.105021,0.0242664,False
rs12158565,101,147,-0.107469,0.0210342,False
rs12158565,101,148,-0.110443,0.0176046,False
rs12158565,101,149,-0.102936,0.0269652,False
rs12158565,101,150,-0.111722,0.0162757,False
rs12158565,101,151,-0.117226,0.0117919,False
rs12158565,101,152,-0.112657,0.015421,False
rs12158565,101,153,-0.10327,0.0262477,False
rs12158565,101,154,-0.103376,0.0260632,False
rs12158565,101,155,-0.114098,0.0138955,False
rs12158565,101,156,-0.120701,0.00922584,False
rs12158565,101,157,-0.117336,0.0113026,False
rs12158565,101,158,-0.118953,0.0100295,False
rs12158565,101,159,-0.117375,0.0110082,False
rs12158565,101,160,-0.123173,0.00757194,False
rs12158565,101,161,-0.123159,0.00752055,False
rs12158565,101,162,-0.118711,0.00997452,False
rs12158565,101,163,-0.114327,0.0130546,False
rs12158565,101,164,-0.119644,0.00926378,False
rs12158565,101,165,-0.120613,0.00864968,False
rs12158565,101,166,-0.114573,0.0125611,False
rs12158565,101,167,-0.113573,0.0132824,False
rs12158565,101,168,-0.111711,0.0147796,False
rs12158565,101,169,-0.121864,0.00773634,False
rs12158565,101,170,-0.124335,0.0064696,False
rs12158565,101,171,-0.130914,0.00410973,False
rs12158565,101,172,-0.12732,0.00524399,False
rs12158565,101,173,-0.128301,0.00482774,False
rs12158565,101,174,-0.120912,0.00785156,False
rs12158565,101,175,-0.133478,0.00334004,False
rs12158565,101,176,-0.136422,0.00264345,False
rs12158565,101,177,-0.129695,0.00423661,False
rs12158565,101,178,-0.125855,0.00554382,False
rs12158565,101,179,-0.126496,0.00532013,False
rs12158565,101,180,-0.122714,0.00683913,False
rs12158565,101,181,-0.124923,0.00591481,False
rs12158565,101,182,-0.124051,0.00635112,False
rs12158565,101,183,-0.111594,0.0141546,False
rs12158565,101,184,-0.130539,0.0041766,False
rs12158565,101,185,-0.141182,0.00195266,False
rs12158565,101,186,-0.144519,0.00153868,False
rs12158565,101,187,-0.128311,0.00492404,False
rs12158565,101,188,-0.143137,0.0017388,False
rs12158565,101,189,-0.13954,0.00231594,False
rs12158565,101,190,-0.144165,0.0016829,False
rs12158565,101,191,-0.141387,0.0021537,False
rs12158565,101,192,-0.144699,0.00174781,False
rs12158565,101,193,-0.152016,0.00104807,False
rs12158565,101,194,-0.152451,0.00106302,False
rs12158565,101,195,-0.154343,0.000975099,False
rs12158565,101,196,-0.146042,0.00190732,False
rs12158565,101,197,-0.154419,0.00110907,False
rs12158565,101,198,-0.151468,0.00145703,False
rs12158565,101,199,-0.164631,0.000585908,False
rs12158565,101,200,-0.166346,0.000553107,False
rs12158565,101,201,-0.162273,0.000818638,False
rs12158565,101,202,-0.158943,0.00114262,False
rs12158565,101,203,-0.167636,0.000656277,False
rs12158565,101,204,-0.164627,0.000911987,False
rs12158565,101,205,-0.161465,0.00124751,False
rs12158565,101,206,-0.164068,0.00112283,False
rs12158565,101,207,-0.157767,0.00189621,False
rs12158565,101,208,-0.164634,0.00128572,False
rs12158565,101,209,-0.167903,0.00113948,False
rs12158565,101,210,-0.165881,0.00145628,False
rs12158565,101,211,-0.165308,0.00166287,False
rs12158565,101,212,-0.168046,0.00153679,False
rs12158565,101,213,-0.183543,0.000604585,False
rs12158565,101,214,-0.180707,0.000810908,False
rs12158565,101,215,-0.182475,0.000811771,False
rs12158565,101,216,-0.167466,0.00232131,False
rs12158565,101,217,-0.180257,0.00115255,False
rs12158565,101,218,-0.176347,0.00163666,False
rs12158565,101,219,-0.173913,0.00205764,False
rs12158565,101,220,-0.174584,0.00217505,False
rs12158565,101,221,-0.173967,0.00246914,False
rs12158565,101,222,-0.193356,0.000830237,False
rs12158565,101,223,-0.203024,0.000500748,False
rs12158565,101,224,-0.184752,0.00167444,False
rs12158565,101,225,-0.182097,0.00209066,False
rs12158565,101,226,-0.188963,0.00151989,False
rs12158565,101,227,-0.188487,0.00168626,False
rs12158565,101,228,-0.185576,0.00210847,False
rs12158565,101,229,-0.19929,0.00102004,False
rs12158565,101,230,-0.195637,0.00134348,False
rs12158565,101,231,-0.192348,0.00169958,False
rs12158565,101,232,-0.20045,0.00112318,False
rs12158565,101,233,-0.189115,0.00222185,False
rs12158565,101,234,-0.208825,0.000759775,False
rs12158565,101,235,-0.207771,0.000830649,False
rs12158565,101,236,-0.201173,0.00125995,False
rs12158565,101,237,-0.215521,0.000559449,False
rs12158565,101,238,-0.222555,0.000381241,False
rs12158565,101,239,-0.214349,0.000635597,False
rs12158565,101,240,-0.225545,0.000333468,False
rs12158565,101,241,-0.225722,0.000332475,False
rs12158565,101,242,-0.228183,0.000293423,False
rs12158565,101,243,-0.221314,0.000452859,False
rs12158565,101,244,-0.228538,0.000297701,False
rs12158565,101,245,-0.22885,0.000304295,False
rs12158565,101,246,-0.23266,0.000249228,False
rs12158565,101,247,-0.236119,0.000211664,False
rs12158565,101,248,-0.241772,0.00015661,False
rs12158565,101,249,-0.236873,0.00022414,False
rs12158565,101,250,-0.241332,0.00018253,False
rs12158565,101,251,-0.251851,0.000100652,False
rs12158565,102,7,-0.0711852,0.0494284,False
rs12158565,102,8,-0.0921183,0.0101484,False
rs12158565,102,9,-0.0804824,0.0230393,False
rs12158565,102,10,-0.0743919,0.0339692,False
rs12158565,102,11,-0.0836108,0.0161436,False
rs12158565,102,12,-0.0865425,0.0120694,False
rs12158565,102,13,-0.0802762,0.0191749,False
rs12158565,102,14,-0.0823953,0.0156564,False
rs12158565,102,15,-0.0748489,0.0272935,False
rs12158565,102,16,-0.0674205,0.045793,False
rs12158565,102,17,-0.0741181,0.0280185,False
rs12158565,102,18,-0.0661864,0.0493514,False
rs12158565,102,19,-0.0635115,0.0591873,False
rs12158565,102,20,-0.0597832,0.075078,False
rs12158565,102,21,-0.0624351,0.0633487,False
rs12158565,102,22,-0.0546791,0.104148,False
rs12158565,102,23,-0.0688798,0.0405189,False
rs12158565,102,24,-0.0568504,0.0910188,False
rs12158565,102,25,-0.0628852,0.0619598,False
rs12158565,102,26,-0.067343,0.0458667,False
rs12158565,102,27,-0.0574698,0.0885523,False
rs12158565,102,28,-0.0530189,0.116781,False
rs12158565,102,29,-0.0842963,0.0128369,False
rs12158565,102,30,-0.0700885,0.0387397,False
rs12158565,102,31,-0.0782276,0.0211829,False
rs12158565,102,32,-0.0604457,0.0749871,False
rs12158565,102,33,-0.0622146,0.0673505,False
rs12158565,102,34,-0.0651672,0.0557484,False
rs12158565,102,35,-0.0686459,0.0447946,False
rs12158565,102,36,-0.0723328,0.0347693,False
rs12158565,102,37,-0.0667071,0.0519657,False
rs12158565,102,38,-0.0670386,0.0513126,False
rs12158565,102,39,-0.0744456,0.030874,False
rs12158565,102,40,-0.0498615,0.150112,False
rs12158565,102,41,-0.0594905,0.0863889,False
rs12158565,102,42,-0.0697753,0.0451761,False
rs12158565,102,43,-0.0710225,0.0420484,False
rs12158565,102,44,-0.0685914,0.0505409,False
rs12158565,102,45,-0.0732172,0.0377146,False
rs12158565,102,46,-0.0542319,0.125381,False
rs12158565,102,47,-0.0677254,0.0558841,False
rs12158565,102,48,-0.0737916,0.038194,False
rs12158565,102,49,-0.0734848,0.0395657,False
rs12158565,102,50,-0.0723141,0.0434659,False
rs12158565,102,51,-0.0685163,0.0566822,False
rs12158565,102,52,-0.0561633,0.120318,False
rs12158565,102,53,-0.0643746,0.0758379,False
rs12158565,102,54,-0.0674166,0.0640182,False
rs12158565,102,55,-0.0736384,0.0440854,False
rs12158565,102,56,-0.0754218,0.0400421,False
rs12158565,102,57,-0.0849507,0.0212473,False
rs12158565,102,58,-0.0802381,0.0300214,False
rs12158565,102,59,-0.0847511,0.0223576,False
rs12158565,102,60,-0.0937055,0.0119164,False
rs12158565,102,61,-0.0765223,0.0410161,False
rs12158565,102,62,-0.0770796,0.0403034,False
rs12158565,102,63,-0.0823932,0.0291368,False
rs12158565,102,64,-0.0851687,0.0247111,False
rs12158565,102,65,-0.0939304,0.0136631,False
rs12158565,102,66,-0.0938305,0.0144084,False
rs12158565,102,67,-0.0836958,0.0296996,False
rs12158565,102,68,-0.0802799,0.0378663,False
rs12158565,102,69,-0.0813024,0.0362933,False
rs12158565,102,70,-0.0944392,0.0155552,False
rs12158565,102,71,-0.0893601,0.0227924,False
rs12158565,102,72,-0.0831069,0.0348456,False
rs12158565,102,73,-0.0871417,0.027541,False
rs12158565,102,74,-0.0880374,0.0269053,False
rs12158565,102,75,-0.0840701,0.0351418,False
rs12158565,102,76,-0.0900166,0.0249657,False
rs12158565,102,77,-0.086451,0.0321237,False
rs12158565,102,78,-0.0828289,0.0409584,False
rs12158565,102,79,-0.0820767,0.0438296,False
rs12158565,102,80,-0.0795394,0.051661,False
rs12158565,102,81,-0.0801433,0.0512215,False
rs12158565,102,82,-0.0906114,0.0282858,False
rs12158565,102,83,-0.0797294,0.0541872,False
rs12158565,102,84,-0.0821419,0.0480051,False
rs12158565,102,85,-0.08363,0.0448015,False
rs12158565,102,86,-0.0883457,0.0348603,False
rs12158565,102,87,-0.0975611,0.0199941,False
rs12158565,102,88,-0.0952452,0.0237216,False
rs12158565,102,89,-0.10288,0.0149682,False
rs12158565,102,90,-0.0816104,0.05455,False
rs12158565,102,91,-0.0873358,0.0401924,False
rs12158565,102,92,-0.0895116,0.0358451,False
rs12158565,102,93,-0.0812026,0.0581244,False
rs12158565,102,94,-0.0792278,0.0652471,False
rs12158565,102,95,-0.0778512,0.0705091,False
rs12158565,102,96,-0.0840855,0.0516578,False
rs12158565,102,97,-0.0748503,0.0846661,False
rs12158565,102,98,-0.0798513,0.066454,False
rs12158565,102,99,-0.087749,0.0441885,False
rs12158565,102,100,-0.0761908,0.0813747,False
rs12158565,102,101,-0.08383,0.0559033,False
rs12158565,102,102,-0.0801694,0.0683051,False
rs12158565,102,103,-0.0752045,0.0878557,False
rs12158565,102,104,-0.0810039,0.0665615,False
rs12158565,102,105,-0.0859846,0.0524106,False
rs12158565,102,106,-0.0827677,0.062448,False
rs12158565,102,107,-0.0904925,0.0419889,False
rs12158565,102,108,-0.0908769,0.0414625,False
rs12158565,102,109,-0.0796335,0.0745166,False
rs12158565,102,110,-0.0854066,0.0565688,False
rs12158565,102,111,-0.0845219,0.0598013,False
rs12158565,102,112,-0.0807641,0.072429,False
rs12158565,102,113,-0.0809808,0.0722844,False
rs12158565,102,114,-0.0825089,0.0674348,False
rs12158565,102,115,-0.0824806,0.0679063,False
rs12158565,102,116,-0.075295,0.0966532,False
rs12158565,102,117,-0.0740694,0.102617,False
rs12158565,102,118,-0.0693592,0.127378,False
rs12158565,102,119,-0.0776833,0.0882207,False
rs12158565,102,120,-0.084715,0.0636541,False
rs12158565,102,121,-0.0875578,0.0553407,False
rs12158565,102,122,-0.0810926,0.076487,False
rs12158565,102,123,-0.0828992,0.0706693,False
rs12158565,102,124,-0.0789328,0.0857744,False
rs12158565,102,125,-0.0790742,0.0856662,False
rs12158565,102,126,-0.075832,0.0993458,False
rs12158565,102,127,-0.0763493,0.0971693,False
rs12158565,102,128,-0.0726579,0.114657,False
rs12158565,102,129,-0.0888036,0.0538291,False
rs12158565,102,130,-0.0795531,0.0843853,False
rs12158565,102,131,-0.0785896,0.0886489,False
rs12158565,102,132,-0.0877011,0.0580935,False
rs12158565,102,133,-0.0894636,0.0530198,False
rs12158565,102,134,-0.0886929,0.0550727,False
rs12158565,102,135,-0.0900252,0.0513797,False
rs12158565,102,136,-0.0904573,0.0504987,False
rs12158565,102,137,-0.0906602,0.0500059,False
rs12158565,102,138,-0.0881837,0.0565443,False
rs12158565,102,139,-0.0978671,0.0342226,False
rs12158565,102,140,-0.113054,0.0144147,False
rs12158565,102,141,-0.0986453,0.0328366,False
rs12158565,102,142,-0.0994708,0.0313935,False
rs12158565,102,143,-0.102521,0.0263533,False
rs12158565,102,144,-0.100172,0.0300118,False
rs12158565,102,145,-0.104631,0.0234493,False
rs12158565,102,146,-0.103143,0.0254183,False
rs12158565,102,147,-0.105669,0.0220344,False
rs12158565,102,148,-0.110252,0.0169103,False
rs12158565,102,149,-0.10947,0.0176098,False
rs12158565,102,150,-0.107132,0.0201131,False
rs12158565,102,151,-0.0992533,0.0313482,False
rs12158565,102,152,-0.0997015,0.0302602,False
rs12158565,102,153,-0.0946171,0.0397001,False
rs12158565,102,154,-0.101386,0.0275264,False
rs12158565,102,155,-0.116996,0.010946,False
rs12158565,102,156,-0.114297,0.0128039,False
rs12158565,102,157,-0.10312,0.0244625,False
rs12158565,102,158,-0.107414,0.0190784,False
rs12158565,102,159,-0.104419,0.022636,False
rs12158565,102,160,-0.110201,0.0159396,False
rs12158565,102,161,-0.110948,0.0150267,False
rs12158565,102,162,-0.106318,0.0199291,False
rs12158565,102,163,-0.114896,0.0118551,False
rs12158565,102,164,-0.112619,0.0135533,False
rs12158565,102,165,-0.117693,0.00984361,False
rs12158565,102,166,-0.10761,0.0183086,False
rs12158565,102,167,-0.114614,0.0118628,False
rs12158565,102,168,-0.119207,0.00866999,False
rs12158565,102,169,-0.128459,0.00463578,False
rs12158565,102,170,-0.120275,0.00803078,False
rs12158565,102,171,-0.129627,0.00428955,False
rs12158565,102,172,-0.138039,0.00232541,False
rs12158565,102,173,-0.119791,0.00819766,False
rs12158565,102,174,-0.131037,0.00381336,False
rs12158565,102,175,-0.128484,0.00451973,False
rs12158565,102,176,-0.121222,0.00743994,False
rs12158565,102,177,-0.121001,0.00756051,False
rs12158565,102,178,-0.125724,0.00556502,False
rs12158565,102,179,-0.121024,0.0075782,False
rs12158565,102,180,-0.116941,0.00993945,False
rs12158565,102,181,-0.115572,0.0109472,False
rs12158565,102,182,-0.113834,0.0122196,False
rs12158565,102,183,-0.123654,0.0066097,False
rs12158565,102,184,-0.111588,0.0144064,False
rs12158565,102,185,-0.102572,0.0247978,False
rs12158565,102,186,-0.11823,0.00980617,False
rs12158565,102,187,-0.114294,0.0126845,False
rs12158565,102,188,-0.123172,0.00743172,False
rs12158565,102,189,-0.113981,0.0135023,False
rs12158565,102,190,-0.130165,0.00493622,False
rs12158565,102,191,-0.132048,0.0044632,False
rs12158565,102,192,-0.127341,0.00624486,False
rs12158565,102,193,-0.127329,0.00649496,False
rs12158565,102,194,-0.129018,0.00606581,False
rs12158565,102,195,-0.140056,0.00306998,False
rs12158565,102,196,-0.146347,0.002081,False
rs12158565,102,197,-0.146093,0.00226065,False
rs12158565,102,198,-0.142489,0.0030795,False
rs12158565,102,199,-0.151237,0.00181356,False
rs12158565,102,200,-0.150414,0.00204895,False
rs12158565,102,201,-0.145507,0.00310061,False
rs12158565,102,202,-0.15644,0.00158787,False
rs12158565,102,203,-0.153609,0.00208695,False
rs12158565,102,204,-0.159062,0.00158576,False
rs12158565,102,205,-0.172887,0.000649674,False
rs12158565,102,206,-0.16372,0.00136778,False
rs12158565,102,207,-0.147488,0.00424053,False
rs12158565,102,208,-0.159859,0.00209556,False
rs12158565,102,209,-0.168361,0.00130873,False
rs12158565,102,210,-0.165178,0.00179715,False
rs12158565,102,211,-0.156674,0.00332102,False
rs12158565,102,212,-0.158964,0.00316216,False
rs12158565,102,213,-0.171894,0.00155827,False
rs12158565,102,214,-0.165839,0.00248386,False
rs12158565,102,215,-0.185219,0.000812074,False
rs12158565,102,216,-0.182939,0.00104969,False
rs12158565,102,217,-0.18398,0.00107498,False
rs12158565,102,218,-0.178533,0.00165355,False
rs12158565,102,219,-0.188347,0.00098428,False
rs12158565,102,220,-0.185992,0.00125304,False
rs12158565,102,221,-0.185644,0.00137984,False
rs12158565,102,222,-0.188674,0.00125981,False
rs12158565,102,223,-0.190728,0.00120862,False
rs12158565,102,224,-0.200209,0.000727406,False
rs12158565,102,225,-0.191636,0.00130342,False
rs12158565,102,226,-0.190088,0.00152756,False
rs12158565,102,227,-0.197906,0.00103593,False
rs12158565,102,228,-0.195162,0.00127747,False
rs12158565,102,229,-0.184561,0.00242932,False
rs12158565,102,230,-0.19364,0.00153843,False
rs12158565,102,231,-0.186602,0.00233869,False
rs12158565,102,232,-0.187522,0.00232772,False
rs12158565,102,233,-0.187482,0.00238594,False
rs12158565,102,234,-0.193424,0.00176821,False
rs12158565,102,235,-0.187273,0.00254203,False
rs12158565,102,236,-0.183706,0.00313123,False
rs12158565,102,237,-0.196925,0.00156691,False
rs12158565,102,238,-0.186909,0.0027293,False
rs12158565,102,239,-0.199042,0.00144494,False
rs12158565,102,240,-0.190695,0.00228873,False
rs12158565,102,241,-0.200858,0.00133309,False
rs12158565,102,242,-0.198391,0.00157006,False
rs12158565,102,243,-0.19768,0.00165341,False
rs12158565,102,244,-0.209373,0.000870701,False
rs12158565,102,245,-0.200762,0.00143506,False
rs12158565,102,246,-0.1891,0.00279745,False
rs12158565,102,247,-0.184321,0.00359884,False
rs12158565,102,248,-0.192389,0.00248655,False
rs12158565,102,249,-0.198119,0.00191971,False
rs12158565,102,250,-0.199872,0.00183316,False
rs12158565,102,251,-0.198575,0.00204719,False
rs12158565,103,7,-0.0884306,0.0142321,False
rs12158565,103,8,-0.0749309,0.035587,False
rs12158565,103,9,-0.0808906,0.0219814,False
rs12158565,103,10,-0.0694885,0.0467192,False
rs12158565,103,11,-0.0784606,0.023587,False
rs12158565,103,12,-0.0631517,0.0664649,False
rs12158565,103,13,-0.0742131,0.0297073,False
rs12158565,103,14,-0.0598146,0.0784989,False
rs12158565,103,15,-0.0552391,0.1023,False
rs12158565,103,16,-0.0637326,0.058731,False
rs12158565,103,17,-0.062914,0.0618425,False
rs12158565,103,18,-0.0696613,0.0384338,False
rs12158565,103,19,-0.0653048,0.0517002,False
rs12158565,103,20,-0.0663382,0.0480744,False
rs12158565,103,21,-0.0565865,0.0919186,False
rs12158565,103,22,-0.0618875,0.0658273,False
rs12158565,103,23,-0.0729225,0.0299105,False
rs12158565,103,24,-0.0650328,0.0534398,False
rs12158565,103,25,-0.0748211,0.0261989,False
rs12158565,103,26,-0.0578814,0.0858214,False
rs12158565,103,27,-0.0643808,0.0562547,False
rs12158565,103,28,-0.0614637,0.0685183,False
rs12158565,103,29,-0.0629309,0.0629723,False
rs12158565,103,30,-0.0681722,0.0445227,False
rs12158565,103,31,-0.0631033,0.062742,False
rs12158565,103,32,-0.0762892,0.0244708,False
rs12158565,103,33,-0.074783,0.0278979,False
rs12158565,103,34,-0.0605891,0.0761696,False
rs12158565,103,35,-0.067898,0.0468316,False
rs12158565,103,36,-0.0777644,0.0228697,False
rs12158565,103,37,-0.0638544,0.062503,False
rs12158565,103,38,-0.0775924,0.0240234,False
rs12158565,103,39,-0.0727653,0.0345667,False
rs12158565,103,40,-0.0896589,0.00941094,False
rs12158565,103,41,-0.0777973,0.0243285,False
rs12158565,103,42,-0.0887832,0.0103378,False
rs12158565,103,43,-0.0916271,0.0084626,False
rs12158565,103,44,-0.0878986,0.0119234,False
rs12158565,103,45,-0.0810335,0.0205935,False
rs12158565,103,46,-0.0895596,0.0107006,False
rs12158565,103,47,-0.0883212,0.0121642,False
rs12158565,103,48,-0.091308,0.00980639,False
rs12158565,103,49,-0.087913,0.013157,False
rs12158565,103,50,-0.0860116,0.0156851,False
rs12158565,103,51,-0.0963227,0.00706231,False
rs12158565,103,52,-0.0867958,0.0154533,False
rs12158565,103,53,-0.0934185,0.00948534,False
rs12158565,103,54,-0.0938127,0.00966683,False
rs12158565,103,55,-0.0995565,0.00618465,False
rs12158565,103,56,-0.098755,0.00681383,False
rs12158565,103,57,-0.106593,0.00364999,False
rs12158565,103,58,-0.103791,0.00482967,False
rs12158565,103,59,-0.104024,0.00491889,False
rs12158565,103,60,-0.109245,0.00328739,False
rs12158565,103,61,-0.112371,0.00261114,False
rs12158565,103,62,-0.109329,0.00354568,False
rs12158565,103,63,-0.102693,0.00625384,False
rs12158565,103,64,-0.113919,0.00256673,False
rs12158565,103,65,-0.110321,0.00361533,False
rs12158565,103,66,-0.0962577,0.0114274,False
rs12158565,103,67,-0.088691,0.0204897,False
rs12158565,103,68,-0.104382,0.00672256,False
rs12158565,103,69,-0.108768,0.00484218,False
rs12158565,103,70,-0.0961562,0.0131439,False
rs12158565,103,71,-0.106609,0.00621369,False
rs12158565,103,72,-0.104325,0.00769585,False
rs12158565,103,73,-0.109075,0.00558944,False
rs12158565,103,74,-0.106548,0.00699032,False
rs12158565,103,75,-0.0977533,0.0136548,False
rs12158565,103,76,-0.0921021,0.0206577,False
rs12158565,103,77,-0.0915875,0.0225014,False
rs12158565,103,78,-0.0888472,0.0272947,False
rs12158565,103,79,-0.0845002,0.0364867,False
rs12158565,103,80,-0.101823,0.0120951,False
rs12158565,103,81,-0.0924453,0.0232336,False
rs12158565,103,82,-0.10075,0.0138117,False
rs12158565,103,83,-0.0931365,0.0233023,False
rs12158565,103,84,-0.0870213,0.0349059,False
rs12158565,103,85,-0.0901108,0.0297021,False
rs12158565,103,86,-0.0876831,0.0348597,False
rs12158565,103,87,-0.0909992,0.0291446,False
rs12158565,103,88,-0.0935219,0.0256649,False
rs12158565,103,89,-0.0947712,0.023969,False
rs12158565,103,90,-0.0790106,0.060571,False
rs12158565,103,91,-0.0843746,0.0459769,False
rs12158565,103,92,-0.085709,0.0434005,False
rs12158565,103,93,-0.0841397,0.0478596,False
rs12158565,103,94,-0.0767922,0.0719348,False
rs12158565,103,95,-0.0797996,0.0622105,False
rs12158565,103,96,-0.0761094,0.0759172,False
rs12158565,103,97,-0.0744725,0.0833385,False
rs12158565,103,98,-0.0759761,0.077538,False
rs12158565,103,99,-0.0730765,0.0901815,False
rs12158565,103,100,-0.0729121,0.091947,False
rs12158565,103,101,-0.0744542,0.0866382,False
rs12158565,103,102,-0.0798717,0.0668655,False
rs12158565,103,103,-0.0782904,0.0732267,False
rs12158565,103,104,-0.0822859,0.060162,False
rs12158565,103,105,-0.0666602,0.128491,False
rs12158565,103,106,-0.0853867,0.052089,False
rs12158565,103,107,-0.0903105,0.0404382,False
rs12158565,103,108,-0.0859995,0.051608,False
rs12158565,103,109,-0.0768024,0.0826607,False
rs12158565,103,110,-0.0775767,0.0803277,False
rs12158565,103,111,-0.0955858,0.0316573,False
rs12158565,103,112,-0.0798839,0.0733563,False
rs12158565,103,113,-0.0727029,0.103671,False
rs12158565,103,114,-0.0753421,0.0919007,False
rs12158565,103,115,-0.0755064,0.0920278,False
rs12158565,103,116,-0.0791348,0.0777601,False
rs12158565,103,117,-0.0730772,0.104143,False
rs12158565,103,118,-0.0793637,0.0780768,False
rs12158565,103,119,-0.0737471,0.102253,False
rs12158565,103,120,-0.0724049,0.109076,False
rs12158565,103,121,-0.0816381,0.0714675,False
rs12158565,103,122,-0.0853545,0.0597844,False
rs12158565,103,123,-0.0756945,0.0951117,False
rs12158565,103,124,-0.090785,0.0456259,False
rs12158565,103,125,-0.0897673,0.0484056,False
rs12158565,103,126,-0.0863785,0.0576978,False
rs12158565,103,127,-0.076538,0.0930592,False
rs12158565,103,128,-0.0859989,0.0594972,False
rs12158565,103,129,-0.0849301,0.0628912,False
rs12158565,103,130,-0.0858182,0.0598499,False
rs12158565,103,131,-0.0716126,0.117337,False
rs12158565,103,132,-0.0754507,0.0986747,False
rs12158565,103,133,-0.0773571,0.0907984,False
rs12158565,103,134,-0.0811831,0.0758606,False
rs12158565,103,135,-0.0915219,0.0453247,False
rs12158565,103,136,-0.0934028,0.0412332,False
rs12158565,103,137,-0.0822748,0.0721421,False
rs12158565,103,138,-0.0882149,0.0541663,False
rs12158565,103,139,-0.0922293,0.0440088,False
rs12158565,103,140,-0.090632,0.0477173,False
rs12158565,103,141,-0.0987072,0.0310161,False
rs12158565,103,142,-0.10156,0.0263137,False
rs12158565,103,143,-0.0952814,0.0370799,False
rs12158565,103,144,-0.102912,0.0242422,False
rs12158565,103,145,-0.113613,0.0127777,False
rs12158565,103,146,-0.10224,0.0252027,False
rs12158565,103,147,-0.101966,0.0254966,False
rs12158565,103,148,-0.0988884,0.030372,False
rs12158565,103,149,-0.101219,0.026627,False
rs12158565,103,150,-0.105012,0.0215342,False
rs12158565,103,151,-0.101509,0.0263265,False
rs12158565,103,152,-0.100236,0.0281687,False
rs12158565,103,153,-0.0947693,0.0377677,False
rs12158565,103,154,-0.0991841,0.0293168,False
rs12158565,103,155,-0.100149,0.0276321,False
rs12158565,103,156,-0.0955484,0.0356541,False
rs12158565,103,157,-0.0945822,0.0379371,False
rs12158565,103,158,-0.103481,0.0230919,False
rs12158565,103,159,-0.101064,0.0262176,False
rs12158565,103,160,-0.105942,0.0197147,False
rs12158565,103,161,-0.105195,0.0204007,False
rs12158565,103,162,-0.112238,0.0133117,False
rs12158565,103,163,-0.115635,0.0108217,False
rs12158565,103,164,-0.10868,0.0166009,False
rs12158565,103,165,-0.111559,0.0137582,False
rs12158565,103,166,-0.117623,0.00930345,False
rs12158565,103,167,-0.116956,0.0098568,False
rs12158565,103,168,-0.118025,0.00920256,False
rs12158565,103,169,-0.123872,0.00624317,False
rs12158565,103,170,-0.119768,0.00813922,False
rs12158565,103,171,-0.112748,0.0126419,False
rs12158565,103,172,-0.119259,0.0083159,False
rs12158565,103,173,-0.120686,0.00759486,False
rs12158565,103,174,-0.11418,0.0115911,False
rs12158565,103,175,-0.121442,0.00731373,False
rs12158565,103,176,-0.120234,0.00787226,False
rs12158565,103,177,-0.126226,0.00532098,False
rs12158565,103,178,-0.137106,0.00250408,False
rs12158565,103,179,-0.137906,0.00237577,False
rs12158565,103,180,-0.140577,0.00197838,False
rs12158565,103,181,-0.129498,0.00440364,False
rs12158565,103,182,-0.132616,0.00362412,False
rs12158565,103,183,-0.129789,0.00449407,False
rs12158565,103,184,-0.123331,0.00703373,False
rs12158565,103,185,-0.122138,0.00771449,False
rs12158565,103,186,-0.109149,0.0174922,False
rs12158565,103,187,-0.129358,0.00502534,False
rs12158565,103,188,-0.132303,0.00420625,False
rs12158565,103,189,-0.139211,0.0027007,False
rs12158565,103,190,-0.130371,0.00514729,False
rs12158565,103,191,-0.134137,0.00415493,False
rs12158565,103,192,-0.143354,0.00226491,False
rs12158565,103,193,-0.14831,0.00169401,False
rs12158565,103,194,-0.155007,0.00110409,False
rs12158565,103,195,-0.164074,0.000598681,False
rs12158565,103,196,-0.16148,0.00079247,False
rs12158565,103,197,-0.15775,0.00111787,False
rs12158565,103,198,-0.163298,0.000815933,False
rs12158565,103,199,-0.159254,0.00118702,False
rs12158565,103,200,-0.168519,0.000665899,False
rs12158565,103,201,-0.169377,0.000689395,False
rs12158565,103,202,-0.168929,0.00078536,False
rs12158565,103,203,-0.167914,0.000914822,False
rs12158565,103,204,-0.156146,0.00223133,False
rs12158565,103,205,-0.171441,0.000886081,False
rs12158565,103,206,-0.171481,0.000964847,False
rs12158565,103,207,-0.175889,0.00079714,False
rs12158565,103,208,-0.169718,0.00133737,False
rs12158565,103,209,-0.176205,0.000946809,False
rs12158565,103,210,-0.17565,0.0010899,False
rs12158565,103,211,-0.171586,0.00158536,False
rs12158565,103,212,-0.16928,0.00198765,False
rs12158565,103,213,-0.18212,0.000976405,False
rs12158565,103,214,-0.184903,0.000895711,False
rs12158565,103,215,-0.184014,0.00104483,False
rs12158565,103,216,-0.175974,0.00186225,False
rs12158565,103,217,-0.181489,0.00144489,False
rs12158565,103,218,-0.177504,0.00199397,False
rs12158565,103,219,-0.175334,0.00246012,False
rs12158565,103,220,-0.182519,0.00174074,False
rs12158565,103,221,-0.190237,0.001193,False
rs12158565,103,222,-0.178462,0.00251584,False
rs12158565,103,223,-0.182064,0.0021884,False
rs12158565,103,224,-0.186686,0.00178327,False
rs12158565,103,225,-0.187585,0.00179133,False
rs12158565,103,226,-0.200592,0.000881965,False
rs12158565,103,227,-0.19405,0.00136025,False
rs12158565,103,228,-0.198292,0.00113832,False
rs12158565,103,229,-0.189608,0.00192035,False
rs12158565,103,230,-0.200243,0.00108578,False
rs12158565,103,231,-0.192655,0.00171061,False
rs12158565,103,232,-0.201513,0.00107612,False
rs12158565,103,233,-0.199346,0.00124074,False
rs12158565,103,234,-0.198802,0.00129821,False
rs12158565,103,235,-0.197838,0.00138883,False
rs12158565,103,236,-0.199313,0.00129928,False
rs12158565,103,237,-0.193832,0.00180367,False
rs12158565,103,238,-0.198712,0.00138277,False
rs12158565,103,239,-0.196381,0.00156577,False
rs12158565,103,240,-0.194361,0.00177611,False
rs12158565,103,241,-0.187924,0.00252095,False
rs12158565,103,242,-0.197545,0.00152267,False
rs12158565,103,243,-0.206236,0.000941871,False
rs12158565,103,244,-0.212903,0.000639717,False
rs12158565,103,245,-0.203868,0.00111414,False
rs12158565,103,246,-0.198336,0.00154881,False
rs12158565,103,247,-0.204173,0.0011801,False
rs12158565,103,248,-0.203292,0.00127807,False
rs12158565,103,249,-0.202224,0.00141952,False
rs12158565,103,250,-0.198256,0.00184443,False
rs12158565,103,251,-0.199187,0.00186041,False
rs12158565,104,7,-0.0595687,0.0985249,False
rs12158565,104,8,-0.0663217,0.0629502,False
rs12158565,104,9,-0.0583623,0.0978627,False
rs12158565,104,10,-0.0708098,0.0422528,False
rs12158565,104,11,-0.0780256,0.023863,False
rs12158565,104,12,-0.0656048,0.0561994,False
rs12158565,104,13,-0.0620024,0.0697026,False
rs12158565,104,14,-0.0642581,0.0584121,False
rs12158565,104,15,-0.0713953,0.0346969,False
rs12158565,104,16,-0.0659194,0.0505611,False
rs12158565,104,17,-0.0505773,0.133419,False
rs12158565,104,18,-0.0585347,0.081086,False
rs12158565,104,19,-0.0765147,0.0227713,False
rs12158565,104,20,-0.0673954,0.0448203,False
rs12158565,104,21,-0.0674037,0.0444691,False
rs12158565,104,22,-0.0587586,0.0795327,False
rs12158565,104,23,-0.0720726,0.0317923,False
rs12158565,104,24,-0.0690646,0.0394521,False
rs12158565,104,25,-0.0569623,0.090289,False
rs12158565,104,26,-0.0567593,0.0911422,False
rs12158565,104,27,-0.0593148,0.0780694,False
rs12158565,104,28,-0.0679885,0.0431126,False
rs12158565,104,29,-0.0830847,0.0135996,False
rs12158565,104,30,-0.0638047,0.0588938,False
rs12158565,104,31,-0.0560682,0.0973348,False
rs12158565,104,32,-0.064612,0.056303,False
rs12158565,104,33,-0.0711573,0.0359498,False
rs12158565,104,34,-0.0689655,0.0421732,False
rs12158565,104,35,-0.0773689,0.0229177,False
rs12158565,104,36,-0.0710268,0.0374516,False
rs12158565,104,37,-0.0581672,0.0885085,False
rs12158565,104,38,-0.0628525,0.0661311,False
rs12158565,104,39,-0.0763428,0.0263576,False
rs12158565,104,40,-0.060958,0.0766139,False
rs12158565,104,41,-0.0684406,0.0473477,False
rs12158565,104,42,-0.0714114,0.0392308,False
rs12158565,104,43,-0.0744912,0.0319809,False
rs12158565,104,44,-0.0741581,0.0332287,False
rs12158565,104,45,-0.0731272,0.0362769,False
rs12158565,104,46,-0.0868149,0.0132133,False
rs12158565,104,47,-0.0791113,0.0244288,False
rs12158565,104,48,-0.0857185,0.0150869,False
rs12158565,104,49,-0.0838633,0.0177628,False
rs12158565,104,50,-0.0761456,0.0320487,False
rs12158565,104,51,-0.081042,0.0228398,False
rs12158565,104,52,-0.0821217,0.0216171,False
rs12158565,104,53,-0.073103,0.0412096,False
rs12158565,104,54,-0.083642,0.0200588,False
rs12158565,104,55,-0.0837184,0.0204533,False
rs12158565,104,56,-0.0779812,0.0315658,False
rs12158565,104,57,-0.0879781,0.0157741,False
rs12158565,104,58,-0.0942411,0.00981232,False
rs12158565,104,59,-0.0952288,0.00934228,False
rs12158565,104,60,-0.0869577,0.0182936,False
rs12158565,104,61,-0.0789419,0.0328063,False
rs12158565,104,62,-0.0877885,0.0181127,False
rs12158565,104,63,-0.0810453,0.0296857,False
rs12158565,104,64,-0.0828559,0.0269814,False
rs12158565,104,65,-0.0976631,0.00937524,False
rs12158565,104,66,-0.0863149,0.0222814,False
rs12158565,104,67,-0.0740258,0.0509984,False
rs12158565,104,68,-0.0916714,0.0162117,False
rs12158565,104,69,-0.0894331,0.0196505,False
rs12158565,104,70,-0.0772819,0.0444596,False
rs12158565,104,71,-0.098181,0.0109632,False
rs12158565,104,72,-0.0936381,0.0158115,False
rs12158565,104,73,-0.0797065,0.0410984,False
rs12158565,104,74,-0.0926795,0.0180782,False
rs12158565,104,75,-0.0921041,0.0193788,False
rs12158565,104,76,-0.0976969,0.0134933,False
rs12158565,104,77,-0.0923004,0.0200261,False
rs12158565,104,78,-0.0918135,0.0213121,False
rs12158565,104,79,-0.0967955,0.0157474,False
rs12158565,104,80,-0.0880601,0.0286828,False
rs12158565,104,81,-0.0867276,0.0319453,False
rs12158565,104,82,-0.0898598,0.0269843,False
rs12158565,104,83,-0.0858221,0.0351634,False
rs12158565,104,84,-0.0837574,0.0405031,False
rs12158565,104,85,-0.0907276,0.0270506,False
rs12158565,104,86,-0.0810343,0.0495989,False
rs12158565,104,87,-0.0924054,0.025614,False
rs12158565,104,88,-0.0884694,0.0331335,False
rs12158565,104,89,-0.0872266,0.0364263,False
rs12158565,104,90,-0.0973489,0.0197487,False
rs12158565,104,91,-0.0775675,0.0644089,False
rs12158565,104,92,-0.0745273,0.0762512,False
rs12158565,104,93,-0.0817864,0.0526733,False
rs12158565,104,94,-0.0750091,0.0763831,False
rs12158565,104,95,-0.0741245,0.0807201,False
rs12158565,104,96,-0.0826218,0.0522467,False
rs12158565,104,97,-0.0857406,0.0445737,False
rs12158565,104,98,-0.0879113,0.0399626,False
rs12158565,104,99,-0.0825627,0.0545227,False
rs12158565,104,100,-0.0954371,0.0267324,False
rs12158565,104,101,-0.0817216,0.0582828,False
rs12158565,104,102,-0.0864649,0.0455099,False
rs12158565,104,103,-0.0807597,0.0624259,False
rs12158565,104,104,-0.0720036,0.0973444,False
rs12158565,104,105,-0.0854613,0.0491323,False
rs12158565,104,106,-0.0740671,0.0892737,False
rs12158565,104,107,-0.0771301,0.0774755,False
rs12158565,104,108,-0.0724666,0.0981688,False
rs12158565,104,109,-0.0834467,0.0575056,False
rs12158565,104,110,-0.0848882,0.0534849,False
rs12158565,104,111,-0.0932174,0.0342958,False
rs12158565,104,112,-0.0895026,0.0425376,False
rs12158565,104,113,-0.0881238,0.0461848,False
rs12158565,104,114,-0.0887499,0.0451772,False
rs12158565,104,115,-0.0870376,0.0493796,False
rs12158565,104,116,-0.0855125,0.0540685,False
rs12158565,104,117,-0.0923322,0.0375373,False
rs12158565,104,118,-0.0981439,0.0274517,False
rs12158565,104,119,-0.0938505,0.0351394,False
rs12158565,104,120,-0.0870762,0.0509957,False
rs12158565,104,121,-0.0879446,0.0491715,False
rs12158565,104,122,-0.0789854,0.0778994,False
rs12158565,104,123,-0.0918028,0.040829,False
rs12158565,104,124,-0.0962556,0.031889,False
rs12158565,104,125,-0.0881893,0.0494407,False
rs12158565,104,126,-0.080765,0.0723414,False
rs12158565,104,127,-0.0926238,0.0395884,False
rs12158565,104,128,-0.0879487,0.0510297,False
rs12158565,104,129,-0.0908201,0.0442445,False
rs12158565,104,130,-0.087896,0.0519169,False
rs12158565,104,131,-0.104355,0.0209952,False
rs12158565,104,132,-0.0957249,0.0344444,False
rs12158565,104,133,-0.0967769,0.0325,False
rs12158565,104,134,-0.0960562,0.0338991,False
rs12158565,104,135,-0.108103,0.0170043,False
rs12158565,104,136,-0.104174,0.0214841,False
rs12158565,104,137,-0.101606,0.0249144,False
rs12158565,104,138,-0.110204,0.0150264,False
rs12158565,104,139,-0.111832,0.0135851,False
rs12158565,104,140,-0.106662,0.0185958,False
rs12158565,104,141,-0.11226,0.0132489,False
rs12158565,104,142,-0.10877,0.0164252,False
rs12158565,104,143,-0.117752,0.00934826,False
rs12158565,104,144,-0.116449,0.0100759,False
rs12158565,104,145,-0.126428,0.00517155,False
rs12158565,104,146,-0.12713,0.00494323,False
rs12158565,104,147,-0.123022,0.00660748,False
rs12158565,104,148,-0.116007,0.010382,False
rs12158565,104,149,-0.121223,0.00732397,False
rs12158565,104,150,-0.11458,0.0112031,False
rs12158565,104,151,-0.106819,0.0180842,False
rs12158565,104,152,-0.103931,0.0214606,False
rs12158565,104,153,-0.110332,0.014505,False
rs12158565,104,154,-0.108769,0.0159143,False
rs12158565,104,155,-0.10546,0.0195934,False
rs12158565,104,156,-0.119071,0.00835764,False
rs12158565,104,157,-0.114336,0.0112417,False
rs12158565,104,158,-0.11742,0.0093482,False
rs12158565,104,159,-0.117533,0.00927781,False
rs12158565,104,160,-0.118677,0.00857289,False
rs12158565,104,161,-0.130888,0.00374813,False
rs12158565,104,162,-0.117254,0.00939047,False
rs12158565,104,163,-0.119748,0.00802032,False
rs12158565,104,164,-0.1324,0.00336477,False
rs12158565,104,165,-0.134204,0.0029498,False
rs12158565,104,166,-0.118921,0.00842717,False
rs12158565,104,167,-0.115335,0.0105583,False
rs12158565,104,168,-0.111254,0.0137209,False
rs12158565,104,169,-0.118239,0.00872214,False
rs12158565,104,170,-0.118809,0.00844243,False
rs12158565,104,171,-0.116,0.0101665,False
rs12158565,104,172,-0.129055,0.00422312,False
rs12158565,104,173,-0.122981,0.00643077,False
rs12158565,104,174,-0.12001,0.00786363,False
rs12158565,104,175,-0.11715,0.00949381,False
rs12158565,104,176,-0.120342,0.00779527,False
rs12158565,104,177,-0.12646,0.00520865,False
rs12158565,104,178,-0.130999,0.00381409,False
rs12158565,104,179,-0.123945,0.00631714,False
rs12158565,104,180,-0.124476,0.00619665,False
rs12158565,104,181,-0.123701,0.00664571,False
rs12158565,104,182,-0.121729,0.00763418,False
rs12158565,104,183,-0.130286,0.00441695,False
rs12158565,104,184,-0.134828,0.00331977,False
rs12158565,104,185,-0.133612,0.00372753,False
rs12158565,104,186,-0.118292,0.0105758,False
rs12158565,104,187,-0.117644,0.0113036,False
rs12158565,104,188,-0.141906,0.00232401,False
rs12158565,104,189,-0.142325,0.002367,False
rs12158565,104,190,-0.148026,0.0016276,False
rs12158565,104,191,-0.145591,0.00205978,False
rs12158565,104,192,-0.152548,0.00133449,False
rs12158565,104,193,-0.153135,0.0013732,False
rs12158565,104,194,-0.143451,0.00287646,False
rs12158565,104,195,-0.144345,0.00288605,False
rs12158565,104,196,-0.14383,0.00316043,False
rs12158565,104,197,-0.159673,0.00113141,False
rs12158565,104,198,-0.145771,0.00314816,False
rs12158565,104,199,-0.15148,0.00233769,False
rs12158565,104,200,-0.16485,0.00101571,False
rs12158565,104,201,-0.168167,0.000882269,False
rs12158565,104,202,-0.17275,0.000695344,False
rs12158565,104,203,-0.180942,0.000422234,False
rs12158565,104,204,-0.173042,0.000828069,False
rs12158565,104,205,-0.176075,0.000753135,False
rs12158565,104,206,-0.169448,0.00129772,False
rs12158565,104,207,-0.187232,0.000425225,False
rs12158565,104,208,-0.189215,0.00040916,False
rs12158565,104,209,-0.176829,0.00106146,False
rs12158565,104,210,-0.17147,0.00166889,False
rs12158565,104,211,-0.18235,0.000915868,False
rs12158565,104,212,-0.187805,0.00071984,False
rs12158565,104,213,-0.175993,0.00165822,False
rs12158565,104,214,-0.195667,0.00052342,False
rs12158565,104,215,-0.194505,0.000622844,False
rs12158565,104,216,-0.20001,0.000475039,False
rs12158565,104,217,-0.178459,0.00193851,False
rs12158565,104,218,-0.189072,0.00111723,False
rs12158565,104,219,-0.193887,0.00090249,False
rs12158565,104,220,-0.204145,0.000509322,False
rs12158565,104,221,-0.213528,0.000302759,False
rs12158565,104,222,-0.190414,0.00136437,False
rs12158565,104,223,-0.192546,0.00126975,False
rs12158565,104,224,-0.215698,0.000329251,False
rs12158565,104,225,-0.202788,0.000775656,False
rs12158565,104,226,-0.193492,0.00139965,False
rs12158565,104,227,-0.201632,0.000891195,False
rs12158565,104,228,-0.198176,0.00115125,False
rs12158565,104,229,-0.208583,0.000644791,False
rs12158565,104,230,-0.220455,0.000316842,False
rs12158565,104,231,-0.218252,0.000374319,False
rs12158565,104,232,-0.202271,0.000988191,False
rs12158565,104,233,-0.213202,0.000529181,False
rs12158565,104,234,-0.22225,0.000303445,False
rs12158565,104,235,-0.209296,0.000676124,False
rs12158565,104,236,-0.220705,0.000345131,False
rs12158565,104,237,-0.218444,0.000399237,False
rs12158565,104,238,-0.219688,0.000372769,False
rs12158565,104,239,-0.202579,0.00101927,False
rs12158565,104,240,-0.195333,0.00155823,False
rs12158565,104,241,-0.215224,0.000495805,False
rs12158565,104,242,-0.213951,0.000537123,False
rs12158565,104,243,-0.212558,0.000594362,False
rs12158565,104,244,-0.212549,0.000616407,False
rs12158565,104,245,-0.206864,0.000882531,False
rs12158565,104,246,-0.203006,0.00112725,False
rs12158565,104,247,-0.208822,0.000841748,False
rs12158565,104,248,-0.205108,0.00109572,False
rs12158565,104,249,-0.196289,0.00189133,False
rs12158565,104,250,-0.197646,0.00184954,False
rs12158565,104,251,-0.185305,0.00367152,False
rs12158565,105,7,-0.0804926,0.0260175,False
rs12158565,105,8,-0.0750436,0.0357009,False
rs12158565,105,9,-0.090497,0.0104533,False
rs12158565,105,10,-0.0818629,0.0193843,False
rs12158565,105,11,-0.0724599,0.0374553,False
rs12158565,105,12,-0.0871928,0.0115433,False
rs12158565,105,13,-0.0749417,0.0286118,False
rs12158565,105,14,-0.0803255,0.0185014,False
rs12158565,105,15,-0.0939823,0.00571669,False
rs12158565,105,16,-0.0841856,0.0130233,False
rs12158565,105,17,-0.070759,0.0361128,False
rs12158565,105,18,-0.0814326,0.0156536,False
rs12158565,105,19,-0.0757993,0.0240211,False
rs12158565,105,20,-0.0719185,0.0327208,False
rs12158565,105,21,-0.078095,0.020354,False
rs12158565,105,22,-0.0877717,0.00894543,False
rs12158565,105,23,-0.0642747,0.0550314,False
rs12158565,105,24,-0.0670556,0.0458351,False
rs12158565,105,25,-0.0752426,0.0247484,False
rs12158565,105,26,-0.0699405,0.0370565,False
rs12158565,105,27,-0.0759039,0.023794,False
rs12158565,105,28,-0.067839,0.0433862,False
rs12158565,105,29,-0.0731902,0.0295375,False
rs12158565,105,30,-0.0680521,0.0428821,False
rs12158565,105,31,-0.0742687,0.0274585,False
rs12158565,105,32,-0.0746464,0.0267921,False
rs12158565,105,33,-0.0573166,0.088945,False
rs12158565,105,34,-0.062258,0.0657424,False
rs12158565,105,35,-0.0736488,0.0298676,False
rs12158565,105,36,-0.0895178,0.00827454,False
rs12158565,105,37,-0.0692526,0.041592,False
rs12158565,105,38,-0.0695276,0.041493,False
rs12158565,105,39,-0.0815766,0.0170053,False
rs12158565,105,40,-0.0764807,0.0254009,False
rs12158565,105,41,-0.0863994,0.0119626,False
rs12158565,105,42,-0.0947571,0.00596635,False
rs12158565,105,43,-0.0783559,0.0233157,False
rs12158565,105,44,-0.0784556,0.0234052,False
rs12158565,105,45,-0.0923406,0.00799146,False
rs12158565,105,46,-0.0956012,0.00614935,False
rs12158565,105,47,-0.0859181,0.0142592,False
rs12158565,105,48,-0.0836656,0.0172881,False
rs12158565,105,49,-0.0877155,0.0128649,False
rs12158565,105,50,-0.0938076,0.00794589,False
rs12158565,105,51,-0.0808709,0.022724,False
rs12158565,105,52,-0.0907776,0.0108367,False
rs12158565,105,53,-0.0904382,0.0114038,False
rs12158565,105,54,-0.092387,0.010074,False
rs12158565,105,55,-0.0934513,0.00949309,False
rs12158565,105,56,-0.0779298,0.0310684,False
rs12158565,105,57,-0.0907357,0.0124356,False
rs12158565,105,58,-0.101777,0.00528426,False
rs12158565,105,59,-0.106299,0.0036597,False
rs12158565,105,60,-0.0937449,0.010737,False
rs12158565,105,61,-0.0885484,0.0161672,False
rs12158565,105,62,-0.0844878,0.0223072,False
rs12158565,105,63,-0.0884763,0.0171847,False
rs12158565,105,64,-0.0929054,0.0127769,False
rs12158565,105,65,-0.0768977,0.0397203,False
rs12158565,105,66,-0.0711521,0.0583016,False
rs12158565,105,67,-0.0674868,0.0736085,False
rs12158565,105,68,-0.084424,0.0261522,False
rs12158565,105,69,-0.0912203,0.0167951,False
rs12158565,105,70,-0.0815684,0.0328178,False
rs12158565,105,71,-0.0789612,0.0397779,False
rs12158565,105,72,-0.0706311,0.0667275,False
rs12158565,105,73,-0.068996,0.0755386,False
rs12158565,105,74,-0.0753487,0.0534058,False
rs12158565,105,75,-0.0888426,0.0234564,False
rs12158565,105,76,-0.0941561,0.0166905,False
rs12158565,105,77,-0.0832994,0.0349838,False
rs12158565,105,78,-0.0843185,0.0336051,False
rs12158565,105,79,-0.0810324,0.0423165,False
rs12158565,105,80,-0.0890621,0.0261241,False
rs12158565,105,81,-0.0839394,0.036753,False
rs12158565,105,82,-0.0876212,0.0298212,False
rs12158565,105,83,-0.0891339,0.0277591,False
rs12158565,105,84,-0.0865863,0.0330027,False
rs12158565,105,85,-0.0857249,0.0353754,False
rs12158565,105,86,-0.0830829,0.0423539,False
rs12158565,105,87,-0.0821765,0.0454059,False
rs12158565,105,88,-0.0791127,0.0548031,False
rs12158565,105,89,-0.0873263,0.0346029,False
rs12158565,105,90,-0.0732609,0.0772255,False
rs12158565,105,91,-0.0868817,0.036775,False
rs12158565,105,92,-0.0796358,0.0563798,False
rs12158565,105,93,-0.0793511,0.0582663,False
rs12158565,105,94,-0.0749398,0.074619,False
rs12158565,105,95,-0.0812312,0.0539999,False
rs12158565,105,96,-0.0688763,0.10337,False
rs12158565,105,97,-0.0748727,0.0773113,False
rs12158565,105,98,-0.077816,0.0671667,False
rs12158565,105,99,-0.0712806,0.0943761,False
rs12158565,105,100,-0.0768391,0.0720086,False
rs12158565,105,101,-0.0824184,0.0542133,False
rs12158565,105,102,-0.0867628,0.0430242,False
rs12158565,105,103,-0.0772974,0.0722289,False
rs12158565,105,104,-0.079217,0.0658685,False
rs12158565,105,105,-0.0793288,0.0663771,False
rs12158565,105,106,-0.0743754,0.085645,False
rs12158565,105,107,-0.0775247,0.0741154,False
rs12158565,105,108,-0.0811276,0.0619598,False
rs12158565,105,109,-0.0870047,0.0456037,False
rs12158565,105,110,-0.0864514,0.0474119,False
rs12158565,105,111,-0.0950496,0.0294498,False
rs12158565,105,112,-0.101003,0.0208735,False
rs12158565,105,113,-0.099934,0.0226069,False
rs12158565,105,114,-0.105758,0.0159881,False
rs12158565,105,115,-0.105746,0.0162508,False
rs12158565,105,116,-0.107098,0.0151263,False
rs12158565,105,117,-0.103787,0.0188545,False
rs12158565,105,118,-0.109406,0.013198,False
rs12158565,105,119,-0.1124,0.0111073,False
rs12158565,105,120,-0.105999,0.0167074,False
rs12158565,105,121,-0.109547,0.0136768,False
rs12158565,105,122,-0.108006,0.0150818,False
rs12158565,105,123,-0.100183,0.0242222,False
rs12158565,105,124,-0.107674,0.0154864,False
rs12158565,105,125,-0.107594,0.0156573,False
rs12158565,105,126,-0.108623,0.0148439,False
rs12158565,105,127,-0.112834,0.0115659,False
rs12158565,105,128,-0.115176,0.00996944,False
rs12158565,105,129,-0.114543,0.0104659,False
rs12158565,105,130,-0.124427,0.00543136,False
rs12158565,105,131,-0.118719,0.00798123,False
rs12158565,105,132,-0.12037,0.00716975,False
rs12158565,105,133,-0.122934,0.00614818,False
rs12158565,105,134,-0.118666,0.00822241,False
rs12158565,105,135,-0.11821,0.00838789,False
rs12158565,105,136,-0.1344,0.00271462,False
rs12158565,105,137,-0.125733,0.00504149,False
rs12158565,105,138,-0.124077,0.00567811,False
rs12158565,105,139,-0.130051,0.00375658,False
rs12158565,105,140,-0.129777,0.00380097,False
rs12158565,105,141,-0.122756,0.00619123,False
rs12158565,105,142,-0.125947,0.00500108,False
rs12158565,105,143,-0.12944,0.00389308,False
rs12158565,105,144,-0.12838,0.00421424,False
rs12158565,105,145,-0.13878,0.00195428,False
rs12158565,105,146,-0.129624,0.00384799,False
rs12158565,105,147,-0.131802,0.00333474,False
rs12158565,105,148,-0.125267,0.00528443,False
rs12158565,105,149,-0.118831,0.00811256,False
rs12158565,105,150,-0.120482,0.00717022,False
rs12158565,105,151,-0.125445,0.00515775,False
rs12158565,105,152,-0.128831,0.00411704,False
rs12158565,105,153,-0.122279,0.00645426,False
rs12158565,105,154,-0.116863,0.00921084,False
rs12158565,105,155,-0.113074,0.0117406,False
rs12158565,105,156,-0.116767,0.0092157,False
rs12158565,105,157,-0.115683,0.00986977,False
rs12158565,105,158,-0.108225,0.0156534,False
rs12158565,105,159,-0.120323,0.00724977,False
rs12158565,105,160,-0.118798,0.0080537,False
rs12158565,105,161,-0.113242,0.0115587,False
rs12158565,105,162,-0.103583,0.0209113,False
rs12158565,105,163,-0.120152,0.00744618,False
rs12158565,105,164,-0.11387,0.0112352,False
rs12158565,105,165,-0.126604,0.00483095,False
rs12158565,105,166,-0.121945,0.00663301,False
rs12158565,105,167,-0.128673,0.0041882,False
rs12158565,105,168,-0.122322,0.00651369,False
rs12158565,105,169,-0.120635,0.00734023,False
rs12158565,105,170,-0.10471,0.0202113,False
rs12158565,105,171,-0.114446,0.0111613,False
rs12158565,105,172,-0.123331,0.00629011,False
rs12158565,105,173,-0.14048,0.00186569,False
rs12158565,105,174,-0.141397,0.00175521,False
rs12158565,105,175,-0.122269,0.00684339,False
rs12158565,105,176,-0.128418,0.00459328,False
rs12158565,105,177,-0.133538,0.00325104,False
rs12158565,105,178,-0.127232,0.00505868,False
rs12158565,105,179,-0.139008,0.00227373,False
rs12158565,105,180,-0.1303,0.00433859,False
rs12158565,105,181,-0.132656,0.00372004,False
rs12158565,105,182,-0.132485,0.00386314,False
rs12158565,105,183,-0.1403,0.00228282,False
rs12158565,105,184,-0.147209,0.00141808,False
rs12158565,105,185,-0.144687,0.00178911,False
rs12158565,105,186,-0.13987,0.00264101,False
rs12158565,105,187,-0.145724,0.00181447,False
rs12158565,105,188,-0.144403,0.00210848,False
rs12158565,105,189,-0.143965,0.00228899,False
rs12158565,105,190,-0.152894,0.00127275,False
rs12158565,105,191,-0.159777,0.00081411,False
rs12158565,105,192,-0.153819,0.00136624,False
rs12158565,105,193,-0.160236,0.000905862,False
rs12158565,105,194,-0.151753,0.00179753,False
rs12158565,105,195,-0.149249,0.00231065,False
rs12158565,105,196,-0.155908,0.00157128,False
rs12158565,105,197,-0.15892,0.00139941,False
rs12158565,105,198,-0.154201,0.00208633,False
rs12158565,105,199,-0.139445,0.00578902,False
rs12158565,105,200,-0.147037,0.00388734,False
rs12158565,105,201,-0.150733,0.00333834,False
rs12158565,105,202,-0.152314,0.00329302,False
rs12158565,105,203,-0.171405,0.00103432,False
rs12158565,105,204,-0.171815,0.00109466,False
rs12158565,105,205,-0.176471,0.000886569,False
rs12158565,105,206,-0.164194,0.00216667,False
rs12158565,105,207,-0.18711,0.000528305,False
rs12158565,105,208,-0.183696,0.000741752,False
rs12158565,105,209,-0.181331,0.000955284,False
rs12158565,105,210,-0.193994,0.000457109,False
rs12158565,105,211,-0.196053,0.000439874,False
rs12158565,105,212,-0.186469,0.000905541,False
rs12158565,105,213,-0.194297,0.000593139,False
rs12158565,105,214,-0.181677,0.00143659,False
rs12158565,105,215,-0.190919,0.000882432,False
rs12158565,105,216,-0.183724,0.00147159,False
rs12158565,105,217,-0.188428,0.00118597,False
rs12158565,105,218,-0.199046,0.000674694,False
rs12158565,105,219,-0.188067,0.00140425,False
rs12158565,105,220,-0.203825,0.000574674,False
rs12158565,105,221,-0.181898,0.00222137,False
rs12158565,105,222,-0.195323,0.00108626,False
rs12158565,105,223,-0.198781,0.000914111,False
rs12158565,105,224,-0.196517,0.00108711,False
rs12158565,105,225,-0.20124,0.000878924,False
rs12158565,105,226,-0.200426,0.000949882,False
rs12158565,105,227,-0.196274,0.00124237,False
rs12158565,105,228,-0.203011,0.000858396,False
rs12158565,105,229,-0.204107,0.000831519,False
rs12158565,105,230,-0.20288,0.000912195,False
rs12158565,105,231,-0.201174,0.00101744,False
rs12158565,105,232,-0.196884,0.00132288,False
rs12158565,105,233,-0.197228,0.00129161,False
rs12158565,105,234,-0.201476,0.00102356,False
rs12158565,105,235,-0.216211,0.000424082,False
rs12158565,105,236,-0.212405,0.000544385,False
rs12158565,105,237,-0.193845,0.00159418,False
rs12158565,105,238,-0.204247,0.000875105,False
rs12158565,105,239,-0.207957,0.000701687,False
rs12158565,105,240,-0.206384,0.000781832,False
rs12158565,105,241,-0.202851,0.000957132,False
rs12158565,105,242,-0.196148,0.00143493,False
rs12158565,105,243,-0.204321,0.000909937,False
rs12158565,105,244,-0.214741,0.000498997,False
rs12158565,105,245,-0.213437,0.000560895,False
rs12158565,105,246,-0.214212,0.00055461,False
rs12158565,105,247,-0.209002,0.000782473,False
rs12158565,105,248,-0.212448,0.000683895,False
rs12158565,105,249,-0.223383,0.000373984,False
rs12158565,105,250,-0.221094,0.000466691,False
rs12158565,105,251,-0.222095,0.000476578,False
rs12158565,106,7,-0.0808981,0.0250769,False
rs12158565,106,8,-0.0878938,0.0138133,False
rs12158565,106,9,-0.0885609,0.0123106,False
rs12158565,106,10,-0.0723767,0.0387562,False
rs12158565,106,11,-0.0825081,0.0175048,False
rs12158565,106,12,-0.066971,0.0520518,False
rs12158565,106,13,-0.0759361,0.026647,False
rs12158565,106,14,-0.0745052,0.0287242,False
rs12158565,106,15,-0.0730456,0.0313806,False
rs12158565,106,16,-0.0798313,0.0185053,False
rs12158565,106,17,-0.0709884,0.035202,False
rs12158565,106,18,-0.0770677,0.0217677,False
rs12158565,106,19,-0.0717566,0.0330417,False
rs12158565,106,20,-0.0612765,0.0679883,False
rs12158565,106,21,-0.0763914,0.0228637,False
rs12158565,106,22,-0.0688932,0.0397756,False
rs12158565,106,23,-0.0809632,0.0158373,False
rs12158565,106,24,-0.0576624,0.0853031,False
rs12158565,106,25,-0.0706233,0.0353143,False
rs12158565,106,26,-0.0752739,0.0250116,False
rs12158565,106,27,-0.0775406,0.0211347,False
rs12158565,106,28,-0.0735973,0.0287342,False
rs12158565,106,29,-0.0759337,0.0239995,False
rs12158565,106,30,-0.0737113,0.0286846,False
rs12158565,106,31,-0.0745957,0.0266282,False
rs12158565,106,32,-0.0631113,0.0613471,False
rs12158565,106,33,-0.0750522,0.0262287,False
rs12158565,106,34,-0.0743142,0.0279314,False
rs12158565,106,35,-0.0810246,0.0167285,False
rs12158565,106,36,-0.0770734,0.0232327,False
rs12158565,106,37,-0.0869299,0.0105165,False
rs12158565,106,38,-0.0835695,0.0142817,False
rs12158565,106,39,-0.0961492,0.0048531,False
rs12158565,106,40,-0.0868863,0.011237,False
rs12158565,106,41,-0.0947267,0.00592392,False
rs12158565,106,42,-0.0859183,0.0127027,False
rs12158565,106,43,-0.0882851,0.0106653,False
rs12158565,106,44,-0.0999522,0.00398099,False
rs12158565,106,45,-0.0904817,0.00927597,False
rs12158565,106,46,-0.101554,0.00351737,False
rs12158565,106,47,-0.099666,0.00436173,False
rs12158565,106,48,-0.0979558,0.00527197,False
rs12158565,106,49,-0.113125,0.00131524,False
rs12158565,106,50,-0.0992232,0.00499401,False
rs12158565,106,51,-0.091436,0.00990089,False
rs12158565,106,52,-0.105931,0.0028592,False
rs12158565,106,53,-0.109335,0.00213029,False
rs12158565,106,54,-0.102093,0.00433729,False
rs12158565,106,55,-0.100805,0.00494656,False
rs12158565,106,56,-0.0932007,0.00959675,False
rs12158565,106,57,-0.106061,0.00331171,False
rs12158565,106,58,-0.0934407,0.00990302,False
rs12158565,106,59,-0.100786,0.00555242,False
rs12158565,106,60,-0.0943536,0.00971622,False
rs12158565,106,61,-0.0952583,0.00928457,False
rs12158565,106,62,-0.0935642,0.011093,False
rs12158565,106,63,-0.0986485,0.00763622,False
rs12158565,106,64,-0.0900134,0.0152032,False
rs12158565,106,65,-0.088717,0.0171773,False
rs12158565,106,66,-0.0822097,0.0280462,False
rs12158565,106,67,-0.0858978,0.0223763,False
rs12158565,106,68,-0.0927629,0.0138676,False
rs12158565,106,69,-0.0926892,0.014462,False
rs12158565,106,70,-0.0941557,0.013373,False
rs12158565,106,71,-0.0922311,0.015682,False
rs12158565,106,72,-0.0951408,0.0131398,False
rs12158565,106,73,-0.0918958,0.0170525,False
rs12158565,106,74,-0.0834839,0.0311872,False
rs12158565,106,75,-0.0854878,0.0281415,False
rs12158565,106,76,-0.0997795,0.0106872,False
rs12158565,106,77,-0.0684917,0.0813726,False
rs12158565,106,78,-0.0902095,0.022148,False
rs12158565,106,79,-0.0954317,0.0161082,False
rs12158565,106,80,-0.0802022,0.0438949,False
rs12158565,106,81,-0.0771867,0.0531722,False
rs12158565,106,82,-0.0848591,0.0343108,False
rs12158565,106,83,-0.0831354,0.0386762,False
rs12158565,106,84,-0.0797422,0.0483765,False
rs12158565,106,85,-0.0846096,0.0369678,False
rs12158565,106,86,-0.0934254,0.0216035,False
rs12158565,106,87,-0.0878934,0.0312633,False
rs12158565,106,88,-0.109569,0.00738527,False
rs12158565,106,89,-0.100519,0.0143782,False
rs12158565,106,90,-0.0908869,0.0271257,False
rs12158565,106,91,-0.0986066,0.0170096,False
rs12158565,106,92,-0.100276,0.0153674,False
rs12158565,106,93,-0.102723,0.0133587,False
rs12158565,106,94,-0.103232,0.013178,False
rs12158565,106,95,-0.114181,0.00627496,False
rs12158565,106,96,-0.108926,0.00923912,False
rs12158565,106,97,-0.0991814,0.0181132,False
rs12158565,106,98,-0.0955343,0.0232201,False
rs12158565,106,99,-0.0944359,0.0251193,False
rs12158565,106,100,-0.0962368,0.0227316,False
rs12158565,106,101,-0.0904863,0.0327725,False
rs12158565,106,102,-0.0941829,0.0265623,False
rs12158565,106,103,-0.0933777,0.0282911,False
rs12158565,106,104,-0.0890425,0.0369943,False
rs12158565,106,105,-0.082918,0.0525562,False
rs12158565,106,106,-0.0886666,0.0384266,False
rs12158565,106,107,-0.0890397,0.0381835,False
rs12158565,106,108,-0.0876157,0.0415199,False
rs12158565,106,109,-0.0958673,0.0260842,False
rs12158565,106,110,-0.0854277,0.0479296,False
rs12158565,106,111,-0.0767474,0.0757595,False
rs12158565,106,112,-0.070421,0.104005,False
rs12158565,106,113,-0.084237,0.0521854,False
rs12158565,106,114,-0.0960396,0.0270871,False
rs12158565,106,115,-0.101194,0.0202454,False
rs12158565,106,116,-0.0948583,0.0297712,False
rs12158565,106,117,-0.0919682,0.0352253,False
rs12158565,106,118,-0.0901513,0.0394092,False
rs12158565,106,119,-0.104226,0.0173593,False
rs12158565,106,120,-0.113601,0.00966173,False
rs12158565,106,121,-0.108499,0.0136761,False
rs12158565,106,122,-0.117707,0.00751082,False
rs12158565,106,123,-0.10843,0.0137525,False
rs12158565,106,124,-0.101401,0.0213367,False
rs12158565,106,125,-0.0986159,0.0253854,False
rs12158565,106,126,-0.110818,0.0120368,False
rs12158565,106,127,-0.114546,0.0095425,False
rs12158565,106,128,-0.117277,0.00801387,False
rs12158565,106,129,-0.110981,0.0121336,False
rs12158565,106,130,-0.105444,0.0173132,False
rs12158565,106,131,-0.116188,0.00885282,False
rs12158565,106,132,-0.113743,0.0103572,False
rs12158565,106,133,-0.120134,0.00678211,False
rs12158565,106,134,-0.12274,0.00572076,False
rs12158565,106,135,-0.112468,0.0114641,False
rs12158565,106,136,-0.117006,0.00846041,False
rs12158565,106,137,-0.119396,0.00730293,False
rs12158565,106,138,-0.121664,0.00621936,False
rs12158565,106,139,-0.125369,0.00478431,False
rs12158565,106,140,-0.123887,0.00535382,False
rs12158565,106,141,-0.12657,0.00445659,False
rs12158565,106,142,-0.121629,0.00631203,False
rs12158565,106,143,-0.121123,0.00647725,False
rs12158565,106,144,-0.107321,0.0158068,False
rs12158565,106,145,-0.117553,0.00823287,False
rs12158565,106,146,-0.106745,0.0164828,False
rs12158565,106,147,-0.122718,0.00587865,False
rs12158565,106,148,-0.115701,0.00927622,False
rs12158565,106,149,-0.120036,0.00704305,False
rs12158565,106,150,-0.118467,0.00774803,False
rs12158565,106,151,-0.115011,0.00975323,False
rs12158565,106,152,-0.106638,0.0165872,False
rs12158565,106,153,-0.0993489,0.0257141,False
rs12158565,106,154,-0.111299,0.0125577,False
rs12158565,106,155,-0.116992,0.00857486,False
rs12158565,106,156,-0.116709,0.00873132,False
rs12158565,106,157,-0.117674,0.00812882,False
rs12158565,106,158,-0.12926,0.00369312,False
rs12158565,106,159,-0.130281,0.00343483,False
rs12158565,106,160,-0.136552,0.00219141,False
rs12158565,106,161,-0.13132,0.00321704,False
rs12158565,106,162,-0.133964,0.00266722,False
rs12158565,106,163,-0.126441,0.00462562,False
rs12158565,106,164,-0.139634,0.00177815,False
rs12158565,106,165,-0.13916,0.00185833,False
rs12158565,106,166,-0.141256,0.00161217,False
rs12158565,106,167,-0.136605,0.00228785,False
rs12158565,106,168,-0.130859,0.00351433,False
rs12158565,106,169,-0.128737,0.00410991,False
rs12158565,106,170,-0.139755,0.00186275,False
rs12158565,106,171,-0.146459,0.0011469,False
rs12158565,106,172,-0.147424,0.00107019,False
rs12158565,106,173,-0.134202,0.00295752,False
rs12158565,106,174,-0.131355,0.00368835,False
rs12158565,106,175,-0.151019,0.000864496,False
rs12158565,106,176,-0.146959,0.00121097,False
rs12158565,106,177,-0.140046,0.00210381,False
rs12158565,106,178,-0.16025,0.00044805,False
rs12158565,106,179,-0.161204,0.000424492,False
rs12158565,106,180,-0.144659,0.00162746,False
rs12158565,106,181,-0.152325,0.000951474,False
rs12158565,106,182,-0.155066,0.000803075,False
rs12158565,106,183,-0.139145,0.00276116,False
rs12158565,106,184,-0.146113,0.00170025,False
rs12158565,106,185,-0.152001,0.00115599,False
rs12158565,106,186,-0.15558,0.000928035,False
rs12158565,106,187,-0.158538,0.000790892,False
rs12158565,106,188,-0.14178,0.00281177,False
rs12158565,106,189,-0.151128,0.00154046,False
rs12158565,106,190,-0.144284,0.00262928,False
rs12158565,106,191,-0.159865,0.000930113,False
rs12158565,106,192,-0.163894,0.000746587,False
rs12158565,106,193,-0.171095,0.000472572,False
rs12158565,106,194,-0.162831,0.000958612,False
rs12158565,106,195,-0.178461,0.000327825,False
rs12158565,106,196,-0.166229,0.000888147,False
rs12158565,106,197,-0.174649,0.000529504,False
rs12158565,106,198,-0.167389,0.00098698,False
rs12158565,106,199,-0.172355,0.000772496,False
rs12158565,106,200,-0.172886,0.000828113,False
rs12158565,106,201,-0.171575,0.000984839,False
rs12158565,106,202,-0.164527,0.00173548,False
rs12158565,106,203,-0.171676,0.00120921,False
rs12158565,106,204,-0.179086,0.0007983,False
rs12158565,106,205,-0.194742,0.000301733,False
rs12158565,106,206,-0.185802,0.000635098,False
rs12158565,106,207,-0.203642,0.00020005,False
rs12158565,106,208,-0.207142,0.000174195,False
rs12158565,106,209,-0.204264,0.000237369,False
rs12158565,106,210,-0.202543,0.000294699,False
rs12158565,106,211,-0.198754,0.000422668,False
rs12158565,106,212,-0.211552,0.000193957,False
rs12158565,106,213,-0.204262,0.00035113,False
rs12158565,106,214,-0.201539,0.00046725,False
rs12158565,106,215,-0.209312,0.000300096,False
rs12158565,106,216,-0.209623,0.000317751,False
rs12158565,106,217,-0.198451,0.000704183,False
rs12158565,106,218,-0.200029,0.000678461,False
rs12158565,106,219,-0.215021,0.000275191,False
rs12158565,106,220,-0.195374,0.0010057,False
rs12158565,106,221,-0.201732,0.000725465,False
rs12158565,106,222,-0.208662,0.000497361,False
rs12158565,106,223,-0.203462,0.000714964,False
rs12158565,106,224,-0.208003,0.000566481,False
rs12158565,106,225,-0.188405,0.00182847,False
rs12158565,106,226,-0.199087,0.00101836,False
rs12158565,106,227,-0.193808,0.00142005,False
rs12158565,106,228,-0.199273,0.00106738,False
rs12158565,106,229,-0.197298,0.0011846,False
rs12158565,106,230,-0.203988,0.000810566,False
rs12158565,106,231,-0.202846,0.000878576,False
rs12158565,106,232,-0.200018,0.00104375,False
rs12158565,106,233,-0.187843,0.00206927,False
rs12158565,106,234,-0.209286,0.000597795,False
rs12158565,106,235,-0.201184,0.000966436,False
rs12158565,106,236,-0.202893,0.000864681,False
rs12158565,106,237,-0.19668,0.0012412,False
rs12158565,106,238,-0.200678,0.000985601,False
rs12158565,106,239,-0.192813,0.00155313,False
rs12158565,106,240,-0.203637,0.000835048,False
rs12158565,106,241,-0.197306,0.0012087,False
rs12158565,106,242,-0.19558,0.00134154,False
rs12158565,106,243,-0.198548,0.00114478,False
rs12158565,106,244,-0.202198,0.000958407,False
rs12158565,106,245,-0.212523,0.000540077,False
rs12158565,106,246,-0.20874,0.000704325,False
rs12158565,106,247,-0.209179,0.000737176,False
rs12158565,106,248,-0.222366,0.000354393,False
rs12158565,106,249,-0.2192,0.000468691,False
rs12158565,106,250,-0.22497,0.000360167,False
rs12158565,106,251,-0.220569,0.000509268,False
rs12158565,107,8,-0.0775075,0.0305747,False
rs12158565,107,9,-0.064422,0.0688721,False
rs12158565,107,10,-0.0677248,0.0535685,False
rs12158565,107,11,-0.0707939,0.0417912,False
rs12158565,107,12,-0.064665,0.0610463,False
rs12158565,107,13,-0.0711399,0.0378986,False
rs12158565,107,14,-0.0711902,0.0367978,False
rs12158565,107,15,-0.0760176,0.0253271,False
rs12158565,107,16,-0.0640975,0.0577239,False
rs12158565,107,17,-0.0517259,0.125242,False
rs12158565,107,18,-0.0662835,0.0491033,False
rs12158565,107,19,-0.0609656,0.0699716,False
rs12158565,107,20,-0.0652642,0.0518797,False
rs12158565,107,21,-0.0638179,0.0574537,False
rs12158565,107,22,-0.0580347,0.0833651,False
rs12158565,107,23,-0.0560172,0.0953469,False
rs12158565,107,24,-0.0648784,0.0524285,False
rs12158565,107,25,-0.0616317,0.0658989,False
rs12158565,107,26,-0.0672402,0.0448042,False
rs12158565,107,27,-0.0592939,0.0768207,False
rs12158565,107,28,-0.0720007,0.032071,False
rs12158565,107,29,-0.0728679,0.0300245,False
rs12158565,107,30,-0.0707645,0.0352369,False
rs12158565,107,31,-0.0706949,0.0354808,False
rs12158565,107,32,-0.0649686,0.0538485,False
rs12158565,107,33,-0.0584812,0.0827496,False
rs12158565,107,34,-0.0551809,0.101874,False
rs12158565,107,35,-0.0690062,0.0410256,False
rs12158565,107,36,-0.0795905,0.0186013,False
rs12158565,107,37,-0.0758677,0.0252722,False
rs12158565,107,38,-0.0817278,0.0162714,False
rs12158565,107,39,-0.0743874,0.0289742,False
rs12158565,107,40,-0.0958347,0.00497307,False
rs12158565,107,41,-0.0716671,0.0366247,False
rs12158565,107,42,-0.0917752,0.00763003,False
rs12158565,107,43,-0.0986481,0.00418815,False
rs12158565,107,44,-0.0976814,0.00473631,False
rs12158565,107,45,-0.0963644,0.00543385,False
rs12158565,107,46,-0.0792263,0.0224928,False
rs12158565,107,47,-0.100445,0.00388432,False
rs12158565,107,48,-0.0882922,0.0116193,False
rs12158565,107,49,-0.0865361,0.0136077,False
rs12158565,107,50,-0.089206,0.0110947,False
rs12158565,107,51,-0.0942048,0.00744789,False
rs12158565,107,52,-0.0963898,0.0064206,False
rs12158565,107,53,-0.0997731,0.00489469,False
rs12158565,107,54,-0.0998523,0.00507077,False
rs12158565,107,55,-0.106258,0.00288669,False
rs12158565,107,56,-0.0996457,0.00531185,False
rs12158565,107,57,-0.0989337,0.00591988,False
rs12158565,107,58,-0.114612,0.00150228,False
rs12158565,107,59,-0.101143,0.00530729,False
rs12158565,107,60,-0.094766,0.0091972,False
rs12158565,107,61,-0.0984524,0.00711543,False
rs12158565,107,62,-0.0901334,0.0140213,False
rs12158565,107,63,-0.0871901,0.0181238,False
rs12158565,107,64,-0.0874851,0.018152,False
rs12158565,107,65,-0.0986298,0.00787932,False
rs12158565,107,66,-0.0910533,0.0145972,False
rs12158565,107,67,-0.0828485,0.0268724,False
rs12158565,107,68,-0.102951,0.00621681,False
rs12158565,107,69,-0.084171,0.0256682,False
rs12158565,107,70,-0.0741693,0.0500335,False
rs12158565,107,71,-0.0871796,0.0217776,False
rs12158565,107,72,-0.08652,0.0236084,False
rs12158565,107,73,-0.091574,0.017069,False
rs12158565,107,74,-0.0949091,0.0137023,False
rs12158565,107,75,-0.0981988,0.0110964,False
rs12158565,107,76,-0.0813051,0.036565,False
rs12158565,107,77,-0.0815029,0.0369641,False
rs12158565,107,78,-0.0923929,0.0185199,False
rs12158565,107,79,-0.0946429,0.0162016,False
rs12158565,107,80,-0.0857693,0.0298413,False
rs12158565,107,81,-0.0757894,0.0561132,False
rs12158565,107,82,-0.0961878,0.0158535,False
rs12158565,107,83,-0.0941016,0.0185348,False
rs12158565,107,84,-0.0921805,0.0214116,False
rs12158565,107,85,-0.0847551,0.0347959,False
rs12158565,107,86,-0.0925063,0.0218971,False
rs12158565,107,87,-0.10233,0.0114865,False
rs12158565,107,88,-0.100643,0.013176,False
rs12158565,107,89,-0.0838693,0.0394805,False
rs12158565,107,90,-0.0871557,0.0328968,False
rs12158565,107,91,-0.0897231,0.0286101,False
rs12158565,107,92,-0.103014,0.0121586,False
rs12158565,107,93,-0.099191,0.0159332,False
rs12158565,107,94,-0.0993075,0.0160926,False
rs12158565,107,95,-0.109343,0.00820054,False
rs12158565,107,96,-0.102122,0.0137265,False
rs12158565,107,97,-0.112218,0.00698212,False
rs12158565,107,98,-0.0968406,0.0200022,False
rs12158565,107,99,-0.0991797,0.0174551,False
rs12158565,107,100,-0.105684,0.0114289,False
rs12158565,107,101,-0.1109,0.00814076,False
rs12158565,107,102,-0.101514,0.0157786,False
rs12158565,107,103,-0.102605,0.0148227,False
rs12158565,107,104,-0.100476,0.0173329,False
rs12158565,107,105,-0.100956,0.0172209,False
rs12158565,107,106,-0.108168,0.010863,False
rs12158565,107,107,-0.109346,0.0101242,False
rs12158565,107,108,-0.102564,0.0161886,False
rs12158565,107,109,-0.0953399,0.0256614,False
rs12158565,107,110,-0.0988125,0.0210534,False
rs12158565,107,111,-0.0954579,0.0260695,False
rs12158565,107,112,-0.0998361,0.0200841,False
rs12158565,107,113,-0.0934019,0.0300397,False
rs12158565,107,114,-0.0922158,0.0324952,False
rs12158565,107,115,-0.0948028,0.0280491,False
rs12158565,107,116,-0.092226,0.0330879,False
rs12158565,107,117,-0.0960536,0.0266631,False
rs12158565,107,118,-0.100808,0.0202536,False
rs12158565,107,119,-0.0944435,0.0294093,False
rs12158565,107,120,-0.101893,0.018913,False
rs12158565,107,121,-0.09113,0.0364347,False
rs12158565,107,122,-0.102917,0.018139,False
rs12158565,107,123,-0.0983641,0.0241411,False
rs12158565,107,124,-0.105768,0.015512,False
rs12158565,107,125,-0.105404,0.0159761,False
rs12158565,107,126,-0.0996947,0.0226744,False
rs12158565,107,127,-0.104132,0.017344,False
rs12158565,107,128,-0.0968964,0.0268934,False
rs12158565,107,129,-0.0978447,0.0255448,False
rs12158565,107,130,-0.111127,0.0112074,False
rs12158565,107,131,-0.113899,0.00952919,False
rs12158565,107,132,-0.116216,0.00815414,False
rs12158565,107,133,-0.113543,0.00990545,False
rs12158565,107,134,-0.125196,0.00446025,False
rs12158565,107,135,-0.114019,0.0096457,False
rs12158565,107,136,-0.113445,0.0100744,False
rs12158565,107,137,-0.125319,0.0044985,False
rs12158565,107,138,-0.129644,0.00331248,False
rs12158565,107,139,-0.126259,0.00422599,False
rs12158565,107,140,-0.117259,0.00790032,False
rs12158565,107,141,-0.11707,0.00804322,False
rs12158565,107,142,-0.131527,0.00293971,False
rs12158565,107,143,-0.124126,0.00499431,False
rs12158565,107,144,-0.126489,0.00424139,False
rs12158565,107,145,-0.1287,0.00356699,False
rs12158565,107,146,-0.122488,0.00558819,False
rs12158565,107,147,-0.104281,0.0183591,False
rs12158565,107,148,-0.115167,0.00915529,False
rs12158565,107,149,-0.116235,0.00851348,False
rs12158565,107,150,-0.110862,0.0122099,False
rs12158565,107,151,-0.115785,0.00878597,False
rs12158565,107,152,-0.120602,0.00643125,False
rs12158565,107,153,-0.120022,0.00673224,False
rs12158565,107,154,-0.123178,0.00540823,False
rs12158565,107,155,-0.11258,0.0110297,False
rs12158565,107,156,-0.113459,0.0104142,False
rs12158565,107,157,-0.130402,0.00325649,False
rs12158565,107,158,-0.13761,0.00192918,False
rs12158565,107,159,-0.12768,0.0040461,False
rs12158565,107,160,-0.119021,0.00743162,False
rs12158565,107,161,-0.131138,0.00321709,False
rs12158565,107,162,-0.133353,0.00276682,False
rs12158565,107,163,-0.131362,0.00320633,False
rs12158565,107,164,-0.121692,0.0064404,False
rs12158565,107,165,-0.125553,0.00494717,False
rs12158565,107,166,-0.125655,0.00497266,False
rs12158565,107,167,-0.132316,0.00314612,False
rs12158565,107,168,-0.127076,0.00461807,False
rs12158565,107,169,-0.132175,0.00327182,False
rs12158565,107,170,-0.141911,0.00162202,False
rs12158565,107,171,-0.138323,0.00215458,False
rs12158565,107,172,-0.134775,0.00284959,False
rs12158565,107,173,-0.140774,0.0018605,False
rs12158565,107,174,-0.152525,0.000778127,False
rs12158565,107,175,-0.149468,0.00100394,False
rs12158565,107,176,-0.151855,0.00085852,False
rs12158565,107,177,-0.152936,0.000814019,False
rs12158565,107,178,-0.153705,0.000800817,False
rs12158565,107,179,-0.157646,0.000609423,False
rs12158565,107,180,-0.158762,0.00058694,False
rs12158565,107,181,-0.159691,0.000571214,False
rs12158565,107,182,-0.168658,0.000290718,False
rs12158565,107,183,-0.182167,9.73194e-05,False
rs12158565,107,184,-0.174614,0.000200478,False
rs12158565,107,185,-0.171581,0.000280502,False
rs12158565,107,186,-0.181115,0.000137356,False
rs12158565,107,187,-0.172284,0.000308318,False
rs12158565,107,188,-0.173714,0.000295825,False
rs12158565,107,189,-0.172031,0.000370786,False
rs12158565,107,190,-0.171496,0.000427463,False
rs12158565,107,191,-0.167864,0.000612292,False
rs12158565,107,192,-0.170224,0.000565412,False
rs12158565,107,193,-0.170315,0.000619275,False
rs12158565,107,194,-0.175965,0.000443607,False
rs12158565,107,195,-0.174161,0.000559735,False
rs12158565,107,196,-0.170622,0.000788058,False
rs12158565,107,197,-0.170411,0.000888558,False
rs12158565,107,198,-0.173531,0.000791338,False
rs12158565,107,199,-0.171112,0.00102885,False
rs12158565,107,200,-0.169123,0.00127931,False
rs12158565,107,201,-0.181808,0.000593623,False
rs12158565,107,202,-0.179926,0.000740713,False
rs12158565,107,203,-0.196981,0.000252354,False
rs12158565,107,204,-0.197203,0.000274075,False
rs12158565,107,205,-0.189124,0.000536231,False
rs12158565,107,206,-0.20422,0.000208923,False
rs12158565,107,207,-0.20302,0.000253233,False
rs12158565,107,208,-0.20267,0.0002822,False
rs12158565,107,209,-0.212495,0.000157009,False
rs12158565,107,210,-0.203794,0.000316302,False
rs12158565,107,211,-0.195956,0.000579239,False
rs12158565,107,212,-0.199738,0.000488215,False
rs12158565,107,213,-0.202185,0.000455401,False
rs12158565,107,214,-0.208146,0.000335194,False
rs12158565,107,215,-0.205023,0.000441133,False
rs12158565,107,216,-0.196155,0.000818549,False
rs12158565,107,217,-0.204122,0.000524708,False
rs12158565,107,218,-0.210512,0.000368225,False
rs12158565,107,219,-0.209254,0.000430378,False
rs12158565,107,220,-0.202167,0.000699287,False
rs12158565,107,221,-0.218202,0.000265657,False
rs12158565,107,222,-0.209205,0.000490342,False
rs12158565,107,223,-0.213635,0.000384221,False
rs12158565,107,224,-0.209169,0.000516317,False
rs12158565,107,225,-0.189278,0.00171488,False
rs12158565,107,226,-0.188356,0.00183449,False
rs12158565,107,227,-0.181838,0.00268317,False
rs12158565,107,228,-0.198334,0.00105442,False
rs12158565,107,229,-0.196008,0.0012083,False
rs12158565,107,230,-0.182154,0.00263698,False
rs12158565,107,231,-0.197873,0.00108349,False
rs12158565,107,232,-0.196865,0.00115132,False
rs12158565,107,233,-0.188049,0.00188795,False
rs12158565,107,234,-0.17816,0.00322131,False
rs12158565,107,235,-0.186272,0.00207621,False
rs12158565,107,236,-0.171391,0.00461144,False
rs12158565,107,237,-0.178469,0.00313984,False
rs12158565,107,238,-0.176522,0.00351632,False
rs12158565,107,239,-0.186301,0.00205003,False
rs12158565,107,240,-0.170055,0.00488801,False
rs12158565,107,241,-0.169361,0.00513395,False
rs12158565,107,242,-0.172807,0.00433843,False
rs12158565,107,243,-0.165361,0.00647849,False
rs12158565,107,244,-0.174424,0.00411191,False
rs12158565,107,245,-0.173837,0.00441869,False
rs12158565,107,246,-0.184381,0.0026052,False
rs12158565,107,247,-0.165035,0.00735429,False
rs12158565,107,248,-0.173446,0.00512324,False
rs12158565,107,249,-0.181035,0.00370179,False
rs12158565,107,250,-0.183552,0.00346931,False
rs12158565,107,251,-0.165201,0.00903306,False
rs12158565,108,8,-0.0921829,0.0100342,False
rs12158565,108,9,-0.0846504,0.0170123,False
rs12158565,108,10,-0.0788107,0.0247735,False
rs12158565,108,11,-0.076205,0.0281504,False
rs12158565,108,12,-0.0801772,0.0203487,False
rs12158565,108,13,-0.0696466,0.0423649,False
rs12158565,108,14,-0.0866266,0.0111347,False
rs12158565,108,15,-0.0670119,0.0489042,False
rs12158565,108,16,-0.0732996,0.0303319,False
rs12158565,108,17,-0.0636607,0.059695,False
rs12158565,108,18,-0.0689106,0.0406679,False
rs12158565,108,19,-0.0528813,0.115707,False
rs12158565,108,20,-0.0562581,0.0944201,False
rs12158565,108,21,-0.0684912,0.041551,False
rs12158565,108,22,-0.0709959,0.0343621,False
rs12158565,108,23,-0.0549909,0.101191,False
rs12158565,108,24,-0.0598889,0.0740895,False
rs12158565,108,25,-0.0569125,0.0899839,False
rs12158565,108,26,-0.0575799,0.0858853,False
rs12158565,108,27,-0.0506768,0.130634,False
rs12158565,108,28,-0.0523657,0.118814,False
rs12158565,108,29,-0.0601821,0.0734745,False
rs12158565,108,30,-0.0740703,0.0277883,False
rs12158565,108,31,-0.0647368,0.0547418,False
rs12158565,108,32,-0.0737697,0.028673,False
rs12158565,108,33,-0.0690559,0.0404485,False
rs12158565,108,34,-0.0711378,0.0355454,False
rs12158565,108,35,-0.070933,0.0361785,False
rs12158565,108,36,-0.0855206,0.0115562,False
rs12158565,108,37,-0.0772253,0.0230886,False
rs12158565,108,38,-0.0799718,0.0184275,False
rs12158565,108,39,-0.0846404,0.0131134,False
rs12158565,108,40,-0.0784188,0.0215696,False
rs12158565,108,41,-0.0755496,0.0273018,False
rs12158565,108,42,-0.0930485,0.0066257,False
rs12158565,108,43,-0.101622,0.00315042,False
rs12158565,108,44,-0.0922791,0.00735955,False
rs12158565,108,45,-0.0807864,0.0194428,False
rs12158565,108,46,-0.092015,0.00791126,False
rs12158565,108,47,-0.0816907,0.0187793,False
rs12158565,108,48,-0.0887551,0.010773,False
rs12158565,108,49,-0.100091,0.00413755,False
rs12158565,108,50,-0.0884201,0.0113335,False
rs12158565,108,51,-0.0863578,0.0137968,False
rs12158565,108,52,-0.0962493,0.00620707,False
rs12158565,108,53,-0.0932938,0.00819576,False
rs12158565,108,54,-0.100447,0.00454068,False
rs12158565,108,55,-0.0884092,0.0129167,False
rs12158565,108,56,-0.0883114,0.0134036,False
rs12158565,108,57,-0.100033,0.00514369,False
rs12158565,108,58,-0.0972187,0.00679114,False
rs12158565,108,59,-0.0908123,0.0116537,False
rs12158565,108,60,-0.0980121,0.00671846,False
rs12158565,108,61,-0.0883836,0.0149139,False
rs12158565,108,62,-0.116728,0.00133897,False
rs12158565,108,63,-0.0889071,0.0149617,False
rs12158565,108,64,-0.0933194,0.0111142,False
rs12158565,108,65,-0.099078,0.00725785,False
rs12158565,108,66,-0.086972,0.0189147,False
rs12158565,108,67,-0.0797029,0.031848,False
rs12158565,108,68,-0.0833054,0.0256189,False
rs12158565,108,69,-0.0884997,0.0182899,False
rs12158565,108,70,-0.0737211,0.0502692,False
rs12158565,108,71,-0.0705819,0.061851,False
rs12158565,108,72,-0.0775848,0.0410158,False
rs12158565,108,73,-0.074403,0.0512252,False
rs12158565,108,74,-0.0897778,0.0192174,False
rs12158565,108,75,-0.0866111,0.0243649,False
rs12158565,108,76,-0.0931048,0.0160463,False
rs12158565,108,77,-0.0917548,0.0180761,False
rs12158565,108,78,-0.0908165,0.0195891,False
rs12158565,108,79,-0.0897937,0.0215953,False
rs12158565,108,80,-0.0899523,0.0217342,False
rs12158565,108,81,-0.0951567,0.0156438,False
rs12158565,108,82,-0.0940809,0.0172171,False
rs12158565,108,83,-0.0984047,0.0131486,False
rs12158565,108,84,-0.100389,0.0117044,False
rs12158565,108,85,-0.101035,0.0113986,False
rs12158565,108,86,-0.0966212,0.0159942,False
rs12158565,108,87,-0.0960979,0.0169614,False
rs12158565,108,88,-0.0804889,0.0462709,False
rs12158565,108,89,-0.0869209,0.0313275,False
rs12158565,108,90,-0.0997054,0.0138567,False
rs12158565,108,91,-0.0865941,0.0333352,False
rs12158565,108,92,-0.0826975,0.042658,False
rs12158565,108,93,-0.096984,0.0176655,False
rs12158565,108,94,-0.0970538,0.0179354,False
rs12158565,108,95,-0.0996865,0.0152657,False
rs12158565,108,96,-0.0975609,0.0177789,False
rs12158565,108,97,-0.105863,0.0103772,False
rs12158565,108,98,-0.100754,0.0148556,False
rs12158565,108,99,-0.103029,0.0129157,False
rs12158565,108,100,-0.0949243,0.0223278,False
rs12158565,108,101,-0.0933468,0.0250728,False
rs12158565,108,102,-0.103513,0.0131144,False
rs12158565,108,103,-0.103903,0.0131435,False
rs12158565,108,104,-0.102987,0.014108,False
rs12158565,108,105,-0.106822,0.0109669,False
rs12158565,108,106,-0.107438,0.0105487,False
rs12158565,108,107,-0.103719,0.0138394,False
rs12158565,108,108,-0.106415,0.0116669,False
rs12158565,108,109,-0.114665,0.00669856,False
rs12158565,108,110,-0.102363,0.0157193,False
rs12158565,108,111,-0.110837,0.00912041,False
rs12158565,108,112,-0.114888,0.00696497,False
rs12158565,108,113,-0.100645,0.0181306,False
rs12158565,108,114,-0.11721,0.00603285,False
rs12158565,108,115,-0.112492,0.00845953,False
rs12158565,108,116,-0.102811,0.0163754,False
rs12158565,108,117,-0.110443,0.0100033,False
rs12158565,108,118,-0.108533,0.0114823,False
rs12158565,108,119,-0.0984302,0.0221963,False
rs12158565,108,120,-0.106532,0.0135684,False
rs12158565,108,121,-0.114028,0.00821805,False
rs12158565,108,122,-0.12538,0.00368723,False
rs12158565,108,123,-0.111352,0.00999952,False
rs12158565,108,124,-0.115302,0.00778524,False
rs12158565,108,125,-0.117222,0.00685122,False
rs12158565,108,126,-0.105067,0.0153312,False
rs12158565,108,127,-0.107765,0.0130335,False
rs12158565,108,128,-0.113113,0.00916945,False
rs12158565,108,129,-0.117302,0.00693238,False
rs12158565,108,130,-0.11776,0.00681594,False
rs12158565,108,131,-0.107782,0.013389,False
rs12158565,108,132,-0.105837,0.0151178,False
rs12158565,108,133,-0.120252,0.00584658,False
rs12158565,108,134,-0.123575,0.00465929,False
rs12158565,108,135,-0.122933,0.00490589,False
rs12158565,108,136,-0.112811,0.00986754,False
rs12158565,108,137,-0.118687,0.00666138,False
rs12158565,108,138,-0.113808,0.00916097,False
rs12158565,108,139,-0.117915,0.00704879,False
rs12158565,108,140,-0.128955,0.00321803,False
rs12158565,108,141,-0.12768,0.00349754,False
rs12158565,108,142,-0.130424,0.00286144,False
rs12158565,108,143,-0.123309,0.00483812,False
rs12158565,108,144,-0.113361,0.00954745,False
rs12158565,108,145,-0.107605,0.0140348,False
rs12158565,108,146,-0.112039,0.01067,False
rs12158565,108,147,-0.120948,0.00586375,False
rs12158565,108,148,-0.125786,0.00419729,False
rs12158565,108,149,-0.122346,0.00533477,False
rs12158565,108,150,-0.129206,0.00331478,False
rs12158565,108,151,-0.129473,0.00325981,False
rs12158565,108,152,-0.129247,0.00328485,False
rs12158565,108,153,-0.128905,0.00341297,False
rs12158565,108,154,-0.124085,0.00483053,False
rs12158565,108,155,-0.123892,0.00501754,False
rs12158565,108,156,-0.118659,0.00725291,False
rs12158565,108,157,-0.129489,0.00341407,False
rs12158565,108,158,-0.132682,0.0027418,False
rs12158565,108,159,-0.133704,0.00255957,False
rs12158565,108,160,-0.136628,0.00206085,False
rs12158565,108,161,-0.130535,0.00327292,False
rs12158565,108,162,-0.136258,0.00217198,False
rs12158565,108,163,-0.13391,0.00262845,False
rs12158565,108,164,-0.126869,0.00438954,False
rs12158565,108,165,-0.132043,0.0030978,False
rs12158565,108,166,-0.127689,0.00423731,False
rs12158565,108,167,-0.132974,0.00294241,False
rs12158565,108,168,-0.143725,0.00132418,False
rs12158565,108,169,-0.139086,0.00195359,False
rs12158565,108,170,-0.146461,0.00111782,False
rs12158565,108,171,-0.145992,0.00119607,False
rs12158565,108,172,-0.146037,0.00123109,False
rs12158565,108,173,-0.145713,0.00129062,False
rs12158565,108,174,-0.154815,0.000653994,False
rs12158565,108,175,-0.141612,0.00190163,False
rs12158565,108,176,-0.153037,0.000824705,False
rs12158565,108,177,-0.146454,0.00141939,False
rs12158565,108,178,-0.157097,0.000658475,False
rs12158565,108,179,-0.160493,0.000518822,False
rs12158565,108,180,-0.163354,0.000438068,False
rs12158565,108,181,-0.169175,0.000293894,False
rs12158565,108,182,-0.178381,0.00014532,False
rs12158565,108,183,-0.174444,0.000218548,False
rs12158565,108,184,-0.168778,0.00037129,False
rs12158565,108,185,-0.17791,0.000194333,False
rs12158565,108,186,-0.168081,0.00046206,False
rs12158565,108,187,-0.162438,0.000779558,False
rs12158565,108,188,-0.170743,0.000446849,False
rs12158565,108,189,-0.178971,0.000259348,False
rs12158565,108,190,-0.166048,0.000752618,False
rs12158565,108,191,-0.171798,0.000539338,False
rs12158565,108,192,-0.168238,0.00076158,False
rs12158565,108,193,-0.176448,0.000456084,False
rs12158565,108,194,-0.167503,0.000963938,False
rs12158565,108,195,-0.163324,0.0014079,False
rs12158565,108,196,-0.168279,0.00110121,False
rs12158565,108,197,-0.183968,0.000405045,False
rs12158565,108,198,-0.174884,0.000852303,False
rs12158565,108,199,-0.173017,0.00105964,False
rs12158565,108,200,-0.163198,0.00217127,False
rs12158565,108,201,-0.171434,0.00139238,False
rs12158565,108,202,-0.174053,0.00128847,False
rs12158565,108,203,-0.176429,0.00120498,False
rs12158565,108,204,-0.177903,0.00118162,False
rs12158565,108,205,-0.173005,0.00175083,False
rs12158565,108,206,-0.192238,0.000551485,False
rs12158565,108,207,-0.186699,0.000869782,False
rs12158565,108,208,-0.197737,0.000461206,False
rs12158565,108,209,-0.208201,0.000244239,False
rs12158565,108,210,-0.202412,0.000395812,False
rs12158565,108,211,-0.204942,0.000355745,False
rs12158565,108,212,-0.197862,0.000614039,False
rs12158565,108,213,-0.194188,0.000820782,False
rs12158565,108,214,-0.193493,0.000897617,False
rs12158565,108,215,-0.201352,0.000586826,False
rs12158565,108,216,-0.213081,0.000293459,False
rs12158565,108,217,-0.204932,0.000526162,False
rs12158565,108,218,-0.205597,0.000522446,False
rs12158565,108,219,-0.203993,0.000605417,False
rs12158565,108,220,-0.208606,0.00047021,False
rs12158565,108,221,-0.187584,0.00169957,False
rs12158565,108,222,-0.203356,0.000688035,False
rs12158565,108,223,-0.182167,0.00241079,False
rs12158565,108,224,-0.185387,0.0020285,False
rs12158565,108,225,-0.184112,0.00219772,False
rs12158565,108,226,-0.174334,0.00377523,False
rs12158565,108,227,-0.1733,0.00403883,False
rs12158565,108,228,-0.164562,0.00633037,False
rs12158565,108,229,-0.179941,0.00284742,False
rs12158565,108,230,-0.177038,0.00330046,False
rs12158565,108,231,-0.184701,0.00218061,False
rs12158565,108,232,-0.175252,0.00362226,False
rs12158565,108,233,-0.159971,0.00784213,False
rs12158565,108,234,-0.16944,0.00480848,False
rs12158565,108,235,-0.161189,0.00733866,False
rs12158565,108,236,-0.169294,0.00486606,False
rs12158565,108,237,-0.175022,0.00355134,False
rs12158565,108,238,-0.169841,0.00469939,False
rs12158565,108,239,-0.166366,0.00564429,False
rs12158565,108,240,-0.163355,0.00659629,False
rs12158565,108,241,-0.158598,0.00845007,False
rs12158565,108,242,-0.162633,0.00703182,False
rs12158565,108,243,-0.156422,0.00960175,False
rs12158565,108,244,-0.140026,0.0209778,False
rs12158565,108,245,-0.140936,0.0205863,False
rs12158565,108,246,-0.141649,0.0206015,False
rs12158565,108,247,-0.14016,0.0226452,False
rs12158565,108,248,-0.142006,0.0218559,False
rs12158565,108,249,-0.137814,0.0271678,False
rs12158565,108,250,-0.153852,0.0143857,False
rs12158565,109,8,-0.0835459,0.0198983,False
rs12158565,109,9,-0.074178,0.0365647,False
rs12158565,109,10,-0.0715444,0.0416189,False
rs12158565,109,11,-0.0659272,0.0585341,False
rs12158565,109,12,-0.0648323,0.0606057,False
rs12158565,109,13,-0.0822002,0.0164872,False
rs12158565,109,14,-0.0566111,0.0965648,False
rs12158565,109,15,-0.0629298,0.0641964,False
rs12158565,109,16,-0.0860878,0.0108908,False
rs12158565,109,17,-0.0789953,0.018989,False
rs12158565,109,18,-0.0533675,0.112736,False
rs12158565,109,19,-0.0671646,0.0458763,False
rs12158565,109,20,-0.0672293,0.044961,False
rs12158565,109,21,-0.0672312,0.0452619,False
rs12158565,109,22,-0.0705142,0.035785,False
rs12158565,109,23,-0.0684104,0.0412377,False
rs12158565,109,24,-0.070973,0.0344314,False
rs12158565,109,25,-0.0649513,0.0528045,False
rs12158565,109,26,-0.0583388,0.0821283,False
rs12158565,109,27,-0.0774022,0.0209481,False
rs12158565,109,28,-0.0713359,0.0335275,False
rs12158565,109,29,-0.0727474,0.029969,False
rs12158565,109,30,-0.0578429,0.084838,False
rs12158565,109,31,-0.0828312,0.0139786,False
rs12158565,109,32,-0.0744787,0.0272331,False
rs12158565,109,33,-0.0748293,0.0262925,False
rs12158565,109,34,-0.0779002,0.0209303,False
rs12158565,109,35,-0.081336,0.0160412,False
rs12158565,109,36,-0.0761288,0.0242314,False
rs12158565,109,37,-0.080494,0.0174518,False
rs12158565,109,38,-0.079493,0.0192416,False
rs12158565,109,39,-0.0856316,0.0118337,False
rs12158565,109,40,-0.087345,0.0103338,False
rs12158565,109,41,-0.0852213,0.0123604,False
rs12158565,109,42,-0.0881141,0.0101009,False
rs12158565,109,43,-0.0957825,0.00524808,False
rs12158565,109,44,-0.105471,0.00213443,False
rs12158565,109,45,-0.0865484,0.0119269,False
rs12158565,109,46,-0.0907513,0.00868212,False
rs12158565,109,47,-0.0702227,0.0423801,False
rs12158565,109,48,-0.0914869,0.00850466,False
rs12158565,109,49,-0.0934538,0.00727557,False
rs12158565,109,50,-0.0820658,0.0186907,False
rs12158565,109,51,-0.0778822,0.0258783,False
rs12158565,109,52,-0.0917822,0.00897254,False
rs12158565,109,53,-0.0914328,0.00937227,False
rs12158565,109,54,-0.0929991,0.00849117,False
rs12158565,109,55,-0.0869063,0.0141292,False
rs12158565,109,56,-0.0927785,0.00902183,False
rs12158565,109,57,-0.0996271,0.00519273,False
rs12158565,109,58,-0.0900909,0.0118486,False
rs12158565,109,59,-0.0951655,0.0081147,False
rs12158565,109,60,-0.102512,0.00443319,False
rs12158565,109,61,-0.0892594,0.0135397,False
rs12158565,109,62,-0.0940578,0.00956436,False
rs12158565,109,63,-0.103358,0.0045389,False
rs12158565,109,64,-0.0943388,0.00994326,False
rs12158565,109,65,-0.0982355,0.00748727,False
rs12158565,109,66,-0.102707,0.00538263,False
rs12158565,109,67,-0.0936317,0.0115974,False
rs12158565,109,68,-0.0982733,0.00836082,False
rs12158565,109,69,-0.104546,0.0051262,False
rs12158565,109,70,-0.0863971,0.0211992,False
rs12158565,109,71,-0.0845586,0.0245147,False
rs12158565,109,72,-0.0834986,0.0270864,False
rs12158565,109,73,-0.0839128,0.0271173,False
rs12158565,109,74,-0.0798784,0.035994,False
rs12158565,109,75,-0.0755485,0.0479994,False
rs12158565,109,76,-0.0764299,0.04625,False
rs12158565,109,77,-0.0753705,0.0503106,False
rs12158565,109,78,-0.0726889,0.0599498,False
rs12158565,109,79,-0.0811202,0.036593,False
rs12158565,109,80,-0.0867503,0.0257534,False
rs12158565,109,81,-0.095828,0.0139987,False
rs12158565,109,82,-0.0884707,0.023807,False
rs12158565,109,83,-0.084828,0.0306113,False
rs12158565,109,84,-0.0781035,0.0472746,False
rs12158565,109,85,-0.0878372,0.0261253,False
rs12158565,109,86,-0.0903416,0.0226727,False
rs12158565,109,87,-0.0953679,0.0165573,False
rs12158565,109,88,-0.0905788,0.0229077,False
rs12158565,109,89,-0.0788641,0.0481264,False
rs12158565,109,90,-0.0904457,0.0240171,False
rs12158565,109,91,-0.0954848,0.0176249,False
rs12158565,109,92,-0.094046,0.019757,False
rs12158565,109,93,-0.0970742,0.0164518,False
rs12158565,109,94,-0.0907345,0.0253487,False
rs12158565,109,95,-0.107157,0.00834008,False
rs12158565,109,96,-0.105067,0.0100238,False
rs12158565,109,97,-0.110147,0.00708145,False
rs12158565,109,98,-0.101134,0.0136626,False
rs12158565,109,99,-0.107387,0.00898182,False
rs12158565,109,100,-0.100632,0.0145894,False
rs12158565,109,101,-0.0993855,0.0161536,False
rs12158565,109,102,-0.101999,0.0136361,False
rs12158565,109,103,-0.107135,0.00972845,False
rs12158565,109,104,-0.116295,0.00510383,False
rs12158565,109,105,-0.109888,0.00822545,False
rs12158565,109,106,-0.113085,0.00662733,False
rs12158565,109,107,-0.125726,0.00260679,False
rs12158565,109,108,-0.116523,0.00533748,False
rs12158565,109,109,-0.117039,0.00523091,False
rs12158565,109,110,-0.123325,0.00331691,False
rs12158565,109,111,-0.111369,0.00806626,False
rs12158565,109,112,-0.114419,0.00658783,False
rs12158565,109,113,-0.119881,0.00448529,False
rs12158565,109,114,-0.131747,0.00182166,False
rs12158565,109,115,-0.125904,0.00288635,False
rs12158565,109,116,-0.12106,0.00427324,False
rs12158565,109,117,-0.115692,0.00648758,False
rs12158565,109,118,-0.100751,0.0178675,False
rs12158565,109,119,-0.103809,0.0148937,False
rs12158565,109,120,-0.114688,0.00720228,False
rs12158565,109,121,-0.112809,0.00831917,False
rs12158565,109,122,-0.107908,0.011719,False
rs12158565,109,123,-0.099274,0.0207124,False
rs12158565,109,124,-0.106003,0.013648,False
rs12158565,109,125,-0.0907058,0.0350222,False
rs12158565,109,126,-0.105045,0.014632,False
rs12158565,109,127,-0.112759,0.00879822,False
rs12158565,109,128,-0.11087,0.0101127,False
rs12158565,109,129,-0.0986668,0.0222774,False
rs12158565,109,130,-0.0944185,0.0286396,False
rs12158565,109,131,-0.0984346,0.0226116,False
rs12158565,109,132,-0.109227,0.0115683,False
rs12158565,109,133,-0.120928,0.00519107,False
rs12158565,109,134,-0.118231,0.00638357,False
rs12158565,109,135,-0.117768,0.00661902,False
rs12158565,109,136,-0.127047,0.00340149,False
rs12158565,109,137,-0.125294,0.00391436,False
rs12158565,109,138,-0.126957,0.00350318,False
rs12158565,109,139,-0.125295,0.00398353,False
rs12158565,109,140,-0.12781,0.00331559,False
rs12158565,109,141,-0.121112,0.00535036,False
rs12158565,109,142,-0.14021,0.00127712,False
rs12158565,109,143,-0.137587,0.00157476,False
rs12158565,109,144,-0.132889,0.00227535,False
rs12158565,109,145,-0.131414,0.0026059,False
rs12158565,109,146,-0.126162,0.00385199,False
rs12158565,109,147,-0.126315,0.00384965,False
rs12158565,109,148,-0.121123,0.00565614,False
rs12158565,109,149,-0.11125,0.011059,False
rs12158565,109,150,-0.110052,0.0121157,False
rs12158565,109,151,-0.118595,0.00691446,False
rs12158565,109,152,-0.120848,0.00595287,False
rs12158565,109,153,-0.131883,0.00269783,False
rs12158565,109,154,-0.126917,0.00393813,False
rs12158565,109,155,-0.126425,0.00410004,False
rs12158565,109,156,-0.129987,0.00317772,False
rs12158565,109,157,-0.12859,0.00352863,False
rs12158565,109,158,-0.123356,0.00520308,False
rs12158565,109,159,-0.115221,0.00900752,False
rs12158565,109,160,-0.120581,0.00633451,False
rs12158565,109,161,-0.129512,0.00345323,False
rs12158565,109,162,-0.120957,0.00637373,False
rs12158565,109,163,-0.127394,0.00405167,False
rs12158565,109,164,-0.128482,0.00378012,False
rs12158565,109,165,-0.119631,0.00717648,False
rs12158565,109,166,-0.116801,0.00881185,False
rs12158565,109,167,-0.125965,0.00484019,False
rs12158565,109,168,-0.120801,0.00699717,False
rs12158565,109,169,-0.138071,0.00212545,False
rs12158565,109,170,-0.132016,0.00337108,False
rs12158565,109,171,-0.126733,0.0050511,False
rs12158565,109,172,-0.129248,0.0044296,False
rs12158565,109,173,-0.131809,0.00380325,False
rs12158565,109,174,-0.146596,0.00131599,False
rs12158565,109,175,-0.147077,0.00133217,False
rs12158565,109,176,-0.151055,0.00102588,False
rs12158565,109,177,-0.157268,0.000657522,False
rs12158565,109,178,-0.154082,0.000894067,False
rs12158565,109,179,-0.155458,0.000848037,False
rs12158565,109,180,-0.167755,0.000343236,False
rs12158565,109,181,-0.162656,0.000552004,False
rs12158565,109,182,-0.164364,0.000510086,False
rs12158565,109,183,-0.172582,0.000285809,False
rs12158565,109,184,-0.174719,0.000262716,False
rs12158565,109,185,-0.182058,0.000155456,False
rs12158565,109,186,-0.183553,0.000153233,False
rs12158565,109,187,-0.178799,0.000250188,False
rs12158565,109,188,-0.168551,0.00060657,False
rs12158565,109,189,-0.166302,0.000783093,False
rs12158565,109,190,-0.169875,0.000665397,False
rs12158565,109,191,-0.187928,0.000187215,False
rs12158565,109,192,-0.183902,0.000281246,False
rs12158565,109,193,-0.186683,0.000251758,False
rs12158565,109,194,-0.195306,0.000145588,False
rs12158565,109,195,-0.18731,0.000305797,False
rs12158565,109,196,-0.186472,0.000360389,False
rs12158565,109,197,-0.192295,0.000257833,False
rs12158565,109,198,-0.186348,0.000444319,False
rs12158565,109,199,-0.200874,0.000177121,False
rs12158565,109,200,-0.209915,0.00010147,False
rs12158565,109,201,-0.193004,0.000389443,False
rs12158565,109,202,-0.179997,0.00102583,False
rs12158565,109,203,-0.201998,0.000252017,False
rs12158565,109,204,-0.186258,0.000812575,False
rs12158565,109,205,-0.192327,0.000595401,False
rs12158565,109,206,-0.197106,0.000466507,False
rs12158565,109,207,-0.190902,0.000754357,False
rs12158565,109,208,-0.205587,0.000309709,False
rs12158565,109,209,-0.201589,0.000430238,False
rs12158565,109,210,-0.197351,0.000621121,False
rs12158565,109,211,-0.193656,0.000836766,False
rs12158565,109,212,-0.18783,0.00125862,False
rs12158565,109,213,-0.19278,0.000973805,False
rs12158565,109,214,-0.19146,0.00110411,False
rs12158565,109,215,-0.186718,0.00153026,False
rs12158565,109,216,-0.189925,0.00132036,False
rs12158565,109,217,-0.181273,0.00222693,False
rs12158565,109,218,-0.197689,0.000882144,False
rs12158565,109,219,-0.188415,0.00159114,False
rs12158565,109,220,-0.181978,0.00231209,False
rs12158565,109,221,-0.181954,0.002378,False
rs12158565,109,222,-0.17555,0.00338227,False
rs12158565,109,223,-0.186954,0.00180377,False
rs12158565,109,224,-0.16333,0.00652453,False
rs12158565,109,225,-0.169209,0.00484601,False
rs12158565,109,226,-0.16083,0.00740689,False
rs12158565,109,227,-0.15385,0.0103717,False
rs12158565,109,228,-0.165904,0.00571977,False
rs12158565,109,229,-0.15616,0.00928649,False
rs12158565,109,230,-0.161696,0.00701554,False
rs12158565,109,231,-0.164219,0.0061263,False
rs12158565,109,232,-0.174117,0.00364305,False
rs12158565,109,233,-0.164147,0.00607358,False
rs12158565,109,234,-0.164659,0.00591362,False
rs12158565,109,235,-0.16679,0.00530189,False
rs12158565,109,236,-0.170106,0.00443661,False
rs12158565,109,237,-0.164282,0.00598809,False
rs12158565,109,238,-0.169461,0.00461422,False
rs12158565,109,239,-0.163816,0.0061738,False
rs12158565,109,240,-0.172792,0.00395065,False
rs12158565,109,241,-0.170608,0.00444533,False
rs12158565,109,242,-0.173459,0.00391783,False
rs12158565,109,243,-0.163503,0.00667883,False
rs12158565,109,244,-0.162349,0.0072808,False
rs12158565,109,245,-0.162659,0.00744284,False
rs12158565,109,246,-0.156979,0.0101279,False
rs12158565,109,247,-0.170006,0.00568295,False
rs12158565,109,248,-0.143431,0.0203526,False
rs12158565,109,249,-0.158466,0.010907,False
rs12158565,109,250,-0.162877,0.00947009,False
rs12158565,110,8,-0.0846293,0.0189783,False
rs12158565,110,9,-0.0772056,0.0302296,False
rs12158565,110,10,-0.0760479,0.031292,False
rs12158565,110,11,-0.0781988,0.025041,False
rs12158565,110,12,-0.06683,0.0532041,False
rs12158565,110,13,-0.0680729,0.0475877,False
rs12158565,110,14,-0.0720164,0.0348821,False
rs12158565,110,15,-0.0806262,0.0177748,False
rs12158565,110,16,-0.0839288,0.0133881,False
rs12158565,110,17,-0.0770884,0.0228055,False
rs12158565,110,18,-0.063262,0.0606009,False
rs12158565,110,19,-0.0707094,0.0360035,False
rs12158565,110,20,-0.0681111,0.0426576,False
rs12158565,110,21,-0.0744904,0.0268936,False
rs12158565,110,22,-0.070358,0.0364675,False
rs12158565,110,23,-0.0776297,0.0207866,False
rs12158565,110,24,-0.068505,0.0414793,False
rs12158565,110,25,-0.0728938,0.0301097,False
rs12158565,110,26,-0.0692917,0.0392011,False
rs12158565,110,27,-0.078147,0.0199787,False
rs12158565,110,28,-0.0785448,0.0195354,False
rs12158565,110,29,-0.0752013,0.0252331,False
rs12158565,110,30,-0.0704947,0.0362335,False
rs12158565,110,31,-0.072967,0.0302511,False
rs12158565,110,32,-0.090104,0.00746356,False
rs12158565,110,33,-0.077113,0.0223242,False
rs12158565,110,34,-0.0878127,0.00932346,False
rs12158565,110,35,-0.0850024,0.0118506,False
rs12158565,110,36,-0.0797853,0.0182992,False
rs12158565,110,37,-0.091506,0.00704375,False
rs12158565,110,38,-0.0872628,0.010255,False
rs12158565,110,39,-0.0732275,0.0312829,False
rs12158565,110,40,-0.0758321,0.0261919,False
rs12158565,110,41,-0.0973238,0.00438688,False
rs12158565,110,42,-0.099789,0.00361866,False
rs12158565,110,43,-0.0846589,0.0135921,False
rs12158565,110,44,-0.0862967,0.0120646,False
rs12158565,110,45,-0.0987937,0.00407266,False
rs12158565,110,46,-0.0843528,0.0145539,False
rs12158565,110,47,-0.0847117,0.0143181,False
rs12158565,110,48,-0.0959926,0.00571378,False
rs12158565,110,49,-0.107948,0.00190699,False
rs12158565,110,50,-0.0912315,0.00897922,False
rs12158565,110,51,-0.0896134,0.0103344,False
rs12158565,110,52,-0.101065,0.00395237,False
rs12158565,110,53,-0.100903,0.00408884,False
rs12158565,110,54,-0.084578,0.0165877,False
rs12158565,110,55,-0.0977819,0.00585099,False
rs12158565,110,56,-0.0957303,0.0071012,False
rs12158565,110,57,-0.0862388,0.0156068,False
rs12158565,110,58,-0.0832615,0.0198137,False
rs12158565,110,59,-0.0855445,0.0169858,False
rs12158565,110,60,-0.0938708,0.0090444,False
rs12158565,110,61,-0.0932685,0.00977384,False
rs12158565,110,62,-0.0934987,0.00990093,False
rs12158565,110,63,-0.0884381,0.0150897,False
rs12158565,110,64,-0.0832933,0.0226452,False
rs12158565,110,65,-0.0949857,0.00953003,False
rs12158565,110,66,-0.0806844,0.0281264,False
rs12158565,110,67,-0.0787504,0.0327365,False
rs12158565,110,68,-0.0799409,0.0307737,False
rs12158565,110,69,-0.087723,0.0183099,False
rs12158565,110,70,-0.0776553,0.0376152,False
rs12158565,110,71,-0.0737245,0.0494837,False
rs12158565,110,72,-0.0866199,0.0211153,False
rs12158565,110,73,-0.0796132,0.0351066,False
rs12158565,110,74,-0.0802876,0.0342832,False
rs12158565,110,75,-0.0891426,0.0193774,False
rs12158565,110,76,-0.0837478,0.0284227,False
rs12158565,110,77,-0.0878035,0.0220205,False
rs12158565,110,78,-0.0889949,0.0207437,False
rs12158565,110,79,-0.0933308,0.0155607,False
rs12158565,110,80,-0.0776443,0.0450164,False
rs12158565,110,81,-0.0923043,0.0175604,False
rs12158565,110,82,-0.108723,0.00535609,False
rs12158565,110,83,-0.0885217,0.0237968,False
rs12158565,110,84,-0.100586,0.0104336,False
rs12158565,110,85,-0.0897723,0.0225025,False
rs12158565,110,86,-0.089641,0.0231421,False
rs12158565,110,87,-0.102824,0.00937505,False
rs12158565,110,88,-0.0936542,0.0181179,False
rs12158565,110,89,-0.093189,0.0188169,False
rs12158565,110,90,-0.0977152,0.0139814,False
rs12158565,110,91,-0.102333,0.0104078,False
rs12158565,110,92,-0.0965192,0.0158509,False
rs12158565,110,93,-0.0880299,0.0282842,False
rs12158565,110,94,-0.0884211,0.0280374,False
rs12158565,110,95,-0.0891892,0.0270524,False
rs12158565,110,96,-0.097785,0.0154557,False
rs12158565,110,97,-0.105047,0.00954956,False
rs12158565,110,98,-0.100239,0.0136733,False
rs12158565,110,99,-0.11331,0.00535951,False
rs12158565,110,100,-0.11932,0.00348169,False
rs12158565,110,101,-0.122139,0.00284104,False
rs12158565,110,102,-0.118668,0.00379421,False
rs12158565,110,103,-0.118446,0.00392979,False
rs12158565,110,104,-0.1074,0.00909278,False
rs12158565,110,105,-0.119203,0.0038358,False
rs12158565,110,106,-0.115216,0.00525575,False
rs12158565,110,107,-0.119838,0.00379736,False
rs12158565,110,108,-0.113513,0.00620691,False
rs12158565,110,109,-0.0984628,0.0176651,False
rs12158565,110,110,-0.104239,0.0121734,False
rs12158565,110,111,-0.0952312,0.0221812,False
rs12158565,110,112,-0.0950169,0.0228197,False
rs12158565,110,113,-0.104246,0.0127252,False
rs12158565,110,114,-0.10462,0.0125538,False
rs12158565,110,115,-0.0998761,0.0174545,False
rs12158565,110,116,-0.104013,0.0134242,False
rs12158565,110,117,-0.10598,0.0119107,False
rs12158565,110,118,-0.113198,0.00733258,False
rs12158565,110,119,-0.109589,0.00952302,False
rs12158565,110,120,-0.123033,0.00369179,False
rs12158565,110,121,-0.128202,0.00249789,False
rs12158565,110,122,-0.119,0.0050834,False
rs12158565,110,123,-0.103057,0.0153419,False
rs12158565,110,124,-0.120032,0.00487487,False
rs12158565,110,125,-0.116605,0.0062574,False
rs12158565,110,126,-0.128295,0.00269514,False
rs12158565,110,127,-0.12383,0.00384085,False
rs12158565,110,128,-0.123312,0.00405476,False
rs12158565,110,129,-0.121828,0.00456957,False
rs12158565,110,130,-0.121714,0.00459987,False
rs12158565,110,131,-0.12139,0.00475514,False
rs12158565,110,132,-0.115463,0.00731048,False
rs12158565,110,133,-0.116485,0.00683016,False
rs12158565,110,134,-0.119694,0.00552458,False
rs12158565,110,135,-0.125289,0.0037194,False
rs12158565,110,136,-0.122944,0.00441971,False
rs12158565,110,137,-0.129017,0.00286276,False
rs12158565,110,138,-0.141287,0.00110757,False
rs12158565,110,139,-0.129329,0.00283686,False
rs12158565,110,140,-0.129558,0.00283318,False
rs12158565,110,141,-0.118986,0.00608583,False
rs12158565,110,142,-0.11942,0.00587426,False
rs12158565,110,143,-0.119463,0.00590365,False
rs12158565,110,144,-0.133057,0.00216297,False
rs12158565,110,145,-0.131083,0.00252869,False
rs12158565,110,146,-0.146268,0.000772242,False
rs12158565,110,147,-0.133513,0.00219547,False
rs12158565,110,148,-0.134735,0.00200394,False
rs12158565,110,149,-0.128793,0.00318802,False
rs12158565,110,150,-0.134819,0.00201281,False
rs12158565,110,151,-0.147744,0.000735873,False
rs12158565,110,152,-0.140025,0.00142291,False
rs12158565,110,153,-0.141865,0.00122124,False
rs12158565,110,154,-0.144001,0.00104228,False
rs12158565,110,155,-0.138327,0.00165207,False
rs12158565,110,156,-0.142585,0.00118719,False
rs12158565,110,157,-0.144556,0.00102783,False
rs12158565,110,158,-0.139325,0.00157805,False
rs12158565,110,159,-0.135241,0.00220864,False
rs12158565,110,160,-0.138394,0.00175517,False
rs12158565,110,161,-0.126325,0.00431644,False
rs12158565,110,162,-0.12994,0.00336458,False
rs12158565,110,163,-0.128776,0.00371142,False
rs12158565,110,164,-0.127452,0.00421695,False
rs12158565,110,165,-0.119622,0.00733038,False
rs12158565,110,166,-0.126402,0.00471262,False
rs12158565,110,167,-0.124418,0.00556583,False
rs12158565,110,168,-0.123567,0.00601425,False
rs12158565,110,169,-0.14453,0.00135869,False
rs12158565,110,170,-0.135078,0.00283606,False
rs12158565,110,171,-0.142885,0.00166883,False
rs12158565,110,172,-0.158043,0.000529668,False
rs12158565,110,173,-0.149742,0.00107456,False
rs12158565,110,174,-0.154899,0.000755418,False
rs12158565,110,175,-0.14642,0.00151322,False
rs12158565,110,176,-0.153113,0.000942379,False
rs12158565,110,177,-0.163099,0.000462584,False
rs12158565,110,178,-0.166556,0.000369124,False
rs12158565,110,179,-0.162748,0.000546086,False
rs12158565,110,180,-0.165961,0.000457321,False
rs12158565,110,181,-0.161665,0.000689177,False
rs12158565,110,182,-0.176179,0.000237327,False
rs12158565,110,183,-0.176829,0.000242913,False
rs12158565,110,184,-0.177989,0.000243278,False
rs12158565,110,185,-0.182985,0.000178208,False
rs12158565,110,186,-0.175102,0.000371008,False
rs12158565,110,187,-0.178511,0.000312037,False
rs12158565,110,188,-0.171622,0.000585507,False
rs12158565,110,189,-0.181306,0.000310084,False
rs12158565,110,190,-0.187886,0.00021066,False
rs12158565,110,191,-0.192151,0.000169576,False
rs12158565,110,192,-0.186921,0.000287863,False
rs12158565,110,193,-0.184526,0.000380156,False
rs12158565,110,194,-0.183912,0.000442291,False
rs12158565,110,195,-0.184921,0.000459263,False
rs12158565,110,196,-0.194158,0.000261777,False
rs12158565,110,197,-0.184379,0.000580283,False
rs12158565,110,198,-0.19813,0.000241434,False
rs12158565,110,199,-0.195552,0.000323651,False
rs12158565,110,200,-0.195153,0.000370903,False
rs12158565,110,201,-0.199457,0.000303331,False
rs12158565,110,202,-0.200991,0.000296918,False
rs12158565,110,203,-0.202556,0.000295714,False
rs12158565,110,204,-0.201054,0.000362623,False
rs12158565,110,205,-0.214992,0.000147755,False
rs12158565,110,206,-0.217845,0.000131288,False
rs12158565,110,207,-0.209119,0.000257189,False
rs12158565,110,208,-0.216409,0.000173131,False
rs12158565,110,209,-0.229925,7.01451e-05,False
rs12158565,110,210,-0.232037,6.65042e-05,False
rs12158565,110,211,-0.22722,9.93588e-05,False
rs12158565,110,212,-0.233082,7.03374e-05,False
rs12158565,110,213,-0.222585,0.000153074,False
rs12158565,110,214,-0.218319,0.000214508,False
rs12158565,110,215,-0.20436,0.000546454,False
rs12158565,110,216,-0.209569,0.000403507,False
rs12158565,110,217,-0.205827,0.000526495,False
rs12158565,110,218,-0.201586,0.000702494,False
rs12158565,110,219,-0.204078,0.000614921,False
rs12158565,110,220,-0.194091,0.00114743,False
rs12158565,110,221,-0.195602,0.00104697,False
rs12158565,110,222,-0.200218,0.000809714,False
rs12158565,110,223,-0.191626,0.00134855,False
rs12158565,110,224,-0.170685,0.00426335,False
rs12158565,110,225,-0.168772,0.00472385,False
rs12158565,110,226,-0.174052,0.00355861,False
rs12158565,110,227,-0.174291,0.00348547,False
rs12158565,110,228,-0.173858,0.00356088,False
rs12158565,110,229,-0.180539,0.00243262,False
rs12158565,110,230,-0.166271,0.00526573,False
rs12158565,110,231,-0.151967,0.0107001,False
rs12158565,110,232,-0.151665,0.0107738,False
rs12158565,110,233,-0.156873,0.00827575,False
rs12158565,110,234,-0.152332,0.0103171,False
rs12158565,110,235,-0.150168,0.0114764,False
rs12158565,110,236,-0.148556,0.0123202,False
rs12158565,110,237,-0.153708,0.00968988,False
rs12158565,110,238,-0.156427,0.00845993,False
rs12158565,110,239,-0.150145,0.0117082,False
rs12158565,110,240,-0.149382,0.0121172,False
rs12158565,110,241,-0.14726,0.0136799,False
rs12158565,110,242,-0.150754,0.0118811,False
rs12158565,110,243,-0.133454,0.026414,False
rs12158565,110,244,-0.140358,0.0200676,False
rs12158565,110,245,-0.126649,0.036723,False
rs12158565,110,246,-0.132407,0.029954,False
rs12158565,110,247,-0.128168,0.036956,False
rs12158565,110,248,-0.106732,0.0847179,False
rs12158565,110,249,-0.111396,0.0745784,False
rs12158565,110,250,-0.106254,0.0915549,False
rs12158565,111,9,-0.0803236,0.0254856,False
rs12158565,111,10,-0.0699563,0.0490216,False
rs12158565,111,11,-0.0711094,0.0429146,False
rs12158565,111,12,-0.0580418,0.0950427,False
rs12158565,111,13,-0.067983,0.0489404,False
rs12158565,111,14,-0.072798,0.0337427,False
rs12158565,111,15,-0.0708204,0.037926,False
rs12158565,111,16,-0.0725445,0.0323286,False
rs12158565,111,17,-0.069888,0.0387524,False
rs12158565,111,18,-0.0753925,0.0255429,False
rs12158565,111,19,-0.0593394,0.078002,False
rs12158565,111,20,-0.0656904,0.0507837,False
rs12158565,111,21,-0.0836536,0.0128234,False
rs12158565,111,22,-0.0605729,0.0709954,False
rs12158565,111,23,-0.0765355,0.0225324,False
rs12158565,111,24,-0.0616587,0.0659006,False
rs12158565,111,25,-0.0614231,0.0674398,False
rs12158565,111,26,-0.0723692,0.0306322,False
rs12158565,111,27,-0.064684,0.053326,False
rs12158565,111,28,-0.0615681,0.0668627,False
rs12158565,111,29,-0.0689342,0.0398981,False
rs12158565,111,30,-0.0638009,0.0573617,False
rs12158565,111,31,-0.055175,0.0999558,False
rs12158565,111,32,-0.0784779,0.019497,False
rs12158565,111,33,-0.078125,0.0202522,False
rs12158565,111,34,-0.0797187,0.0178358,False
rs12158565,111,35,-0.0819987,0.0149916,False
rs12158565,111,36,-0.0790745,0.0192231,False
rs12158565,111,37,-0.0825943,0.0144462,False
rs12158565,111,38,-0.0910447,0.00708419,False
rs12158565,111,39,-0.0871151,0.0101907,False
rs12158565,111,40,-0.0800113,0.0187597,False
rs12158565,111,41,-0.087378,0.0102594,False
rs12158565,111,42,-0.0897014,0.00850601,False
rs12158565,111,43,-0.0871609,0.0107693,False
rs12158565,111,44,-0.0907493,0.0080871,False
rs12158565,111,45,-0.0779423,0.0233313,False
rs12158565,111,46,-0.0901249,0.00885489,False
rs12158565,111,47,-0.094105,0.00632096,False
rs12158565,111,48,-0.0841364,0.0149366,False
rs12158565,111,49,-0.0963004,0.00547877,False
rs12158565,111,50,-0.0814228,0.0187911,False
rs12158565,111,51,-0.0962769,0.00560495,False
rs12158565,111,52,-0.0827164,0.0176111,False
rs12158565,111,53,-0.0834483,0.0171504,False
rs12158565,111,54,-0.0707396,0.0438082,False
rs12158565,111,55,-0.0856427,0.0149455,False
rs12158565,111,56,-0.0988986,0.00510367,False
rs12158565,111,57,-0.0892568,0.0116837,False
rs12158565,111,58,-0.0853624,0.016112,False
rs12158565,111,59,-0.0932809,0.00886795,False
rs12158565,111,60,-0.0968365,0.00684761,False
rs12158565,111,61,-0.0934468,0.00939649,False
rs12158565,111,62,-0.0731962,0.0426223,False
rs12158565,111,63,-0.0938936,0.00939929,False
rs12158565,111,64,-0.100423,0.00566649,False
rs12158565,111,65,-0.0988341,0.00678604,False
rs12158565,111,66,-0.0899847,0.0139972,False
rs12158565,111,67,-0.0902533,0.0139605,False
rs12158565,111,68,-0.0811184,0.027716,False
rs12158565,111,69,-0.0771901,0.0370091,False
rs12158565,111,70,-0.0787338,0.0339363,False
rs12158565,111,71,-0.0777579,0.0366295,False
rs12158565,111,72,-0.0684891,0.0668877,False
rs12158565,111,73,-0.0673381,0.0724183,False
rs12158565,111,74,-0.0655592,0.0816683,False
rs12158565,111,75,-0.0712949,0.0592649,False
rs12158565,111,76,-0.0666615,0.078394,False
rs12158565,111,77,-0.0790248,0.0373697,False
rs12158565,111,78,-0.0790647,0.0380329,False
rs12158565,111,79,-0.072784,0.0577651,False
rs12158565,111,80,-0.0825106,0.0319711,False
rs12158565,111,81,-0.0777014,0.0438803,False
rs12158565,111,82,-0.0707185,0.0675898,False
rs12158565,111,83,-0.0731265,0.0594683,False
rs12158565,111,84,-0.0892849,0.0219515,False
rs12158565,111,85,-0.080744,0.0385663,False
rs12158565,111,86,-0.0755315,0.0532821,False
rs12158565,111,87,-0.0777868,0.0475711,False
rs12158565,111,88,-0.0784077,0.0465185,False
rs12158565,111,89,-0.0837584,0.0340242,False
rs12158565,111,90,-0.086373,0.029152,False
rs12158565,111,91,-0.083382,0.0356021,False
rs12158565,111,92,-0.0803546,0.043459,False
rs12158565,111,93,-0.0788512,0.0479922,False
rs12158565,111,94,-0.0908762,0.0229158,False
rs12158565,111,95,-0.0822185,0.0399659,False
rs12158565,111,96,-0.0774313,0.0536102,False
rs12158565,111,97,-0.0765809,0.0571317,False
rs12158565,111,98,-0.0981834,0.0149085,False
rs12158565,111,99,-0.0838891,0.0376096,False
rs12158565,111,100,-0.0853416,0.0351362,False
rs12158565,111,101,-0.0946029,0.0197407,False
rs12158565,111,102,-0.0862741,0.0336614,False
rs12158565,111,103,-0.0935955,0.0214593,False
rs12158565,111,104,-0.102153,0.012241,False
rs12158565,111,105,-0.10052,0.0140802,False
rs12158565,111,106,-0.10221,0.0126687,False
rs12158565,111,107,-0.0903907,0.0278161,False
rs12158565,111,108,-0.0978689,0.0172946,False
rs12158565,111,109,-0.089955,0.0290442,False
rs12158565,111,110,-0.106165,0.0102269,False
rs12158565,111,111,-0.101182,0.0145793,False
rs12158565,111,112,-0.0938885,0.0236625,False
rs12158565,111,113,-0.100213,0.0159805,False
rs12158565,111,114,-0.091006,0.0287308,False
rs12158565,111,115,-0.0938271,0.0244419,False
rs12158565,111,116,-0.0945247,0.0236191,False
rs12158565,111,117,-0.103167,0.0136717,False
rs12158565,111,118,-0.101579,0.0153231,False
rs12158565,111,119,-0.103005,0.0140491,False
rs12158565,111,120,-0.10669,0.0110955,False
rs12158565,111,121,-0.111181,0.00816806,False
rs12158565,111,122,-0.105153,0.0125501,False
rs12158565,111,123,-0.100609,0.0170538,False
rs12158565,111,124,-0.0942084,0.0255287,False
rs12158565,111,125,-0.107989,0.0106447,False
rs12158565,111,126,-0.11047,0.0091012,False
rs12158565,111,127,-0.116615,0.00599504,False
rs12158565,111,128,-0.12089,0.00442255,False
rs12158565,111,129,-0.113987,0.00733799,False
rs12158565,111,130,-0.115928,0.00647173,False
rs12158565,111,131,-0.129824,0.00231676,False
rs12158565,111,132,-0.123157,0.00384627,False
rs12158565,111,133,-0.131153,0.00210157,False
rs12158565,111,134,-0.125844,0.00322413,False
rs12158565,111,135,-0.121012,0.00465495,False
rs12158565,111,136,-0.130488,0.00230542,False
rs12158565,111,137,-0.125571,0.00342499,False
rs12158565,111,138,-0.133017,0.00194113,False
rs12158565,111,139,-0.117851,0.00608651,False
rs12158565,111,140,-0.129272,0.00262515,False
rs12158565,111,141,-0.118835,0.00577623,False
rs12158565,111,142,-0.125201,0.00365104,False
rs12158565,111,143,-0.130554,0.00247791,False
rs12158565,111,144,-0.13126,0.00235405,False
rs12158565,111,145,-0.1195,0.00577442,False
rs12158565,111,146,-0.119788,0.00568889,False
rs12158565,111,147,-0.132196,0.0022845,False
rs12158565,111,148,-0.124207,0.00421942,False
rs12158565,111,149,-0.130389,0.00272111,False
rs12158565,111,150,-0.124701,0.00415854,False
rs12158565,111,151,-0.128716,0.00314591,False
rs12158565,111,152,-0.126458,0.003774,False
rs12158565,111,153,-0.119763,0.00619053,False
rs12158565,111,154,-0.126125,0.00394617,False
rs12158565,111,155,-0.12696,0.00378063,False
rs12158565,111,156,-0.129104,0.00328738,False
rs12158565,111,157,-0.139297,0.00151047,False
rs12158565,111,158,-0.142231,0.00123771,False
rs12158565,111,159,-0.139398,0.00158577,False
rs12158565,111,160,-0.146112,0.000943582,False
rs12158565,111,161,-0.151188,0.000637797,False
rs12158565,111,162,-0.142387,0.00132674,False
rs12158565,111,163,-0.137508,0.00198686,False
rs12158565,111,164,-0.13861,0.00187618,False
rs12158565,111,165,-0.149356,0.000838062,False
rs12158565,111,166,-0.148109,0.000957862,False
rs12158565,111,167,-0.147802,0.0010095,False
rs12158565,111,168,-0.143592,0.00147673,False
rs12158565,111,169,-0.141502,0.00178946,False
rs12158565,111,170,-0.132734,0.0034867,False
rs12158565,111,171,-0.131703,0.00390277,False
rs12158565,111,172,-0.132927,0.00373077,False
rs12158565,111,173,-0.139627,0.00244614,False
rs12158565,111,174,-0.146739,0.00154794,False
rs12158565,111,175,-0.142781,0.00216142,False
rs12158565,111,176,-0.148747,0.0015028,False
rs12158565,111,177,-0.145418,0.00201388,False
rs12158565,111,178,-0.140189,0.0030731,False
rs12158565,111,179,-0.141917,0.00281749,False
rs12158565,111,180,-0.142879,0.00283442,False
rs12158565,111,181,-0.163014,0.000718875,False
rs12158565,111,182,-0.157264,0.00117731,False
rs12158565,111,183,-0.171858,0.000425444,False
rs12158565,111,184,-0.16743,0.000666273,False
rs12158565,111,185,-0.169865,0.000605084,False
rs12158565,111,186,-0.185624,0.000199389,False
rs12158565,111,187,-0.181911,0.000295785,False
rs12158565,111,188,-0.180839,0.000361159,False
rs12158565,111,189,-0.186903,0.000251247,False
rs12158565,111,190,-0.180407,0.000452701,False
rs12158565,111,191,-0.185324,0.000349667,False
rs12158565,111,192,-0.186884,0.000345962,False
rs12158565,111,193,-0.195386,0.000205069,False
rs12158565,111,194,-0.194265,0.000254082,False
rs12158565,111,195,-0.197367,0.000219558,False
rs12158565,111,196,-0.196466,0.000265817,False
rs12158565,111,197,-0.183706,0.000716556,False
rs12158565,111,198,-0.194467,0.000377173,False
rs12158565,111,199,-0.202367,0.0002433,False
rs12158565,111,200,-0.189435,0.000629131,False
rs12158565,111,201,-0.19017,0.000662383,False
rs12158565,111,202,-0.200976,0.000352576,False
rs12158565,111,203,-0.206017,0.00027178,False
rs12158565,111,204,-0.202792,0.000366851,False
rs12158565,111,205,-0.198324,0.000522976,False
rs12158565,111,206,-0.190696,0.000911553,False
rs12158565,111,207,-0.1937,0.00079845,False
rs12158565,111,208,-0.191145,0.000990055,False
rs12158565,111,209,-0.209319,0.000325244,False
rs12158565,111,210,-0.18494,0.00153949,False
rs12158565,111,211,-0.184337,0.00165581,False
rs12158565,111,212,-0.199774,0.000687917,False
rs12158565,111,213,-0.202978,0.000575259,False
rs12158565,111,214,-0.202252,0.000618341,False
rs12158565,111,215,-0.186166,0.00165936,False
rs12158565,111,216,-0.187732,0.00154847,False
rs12158565,111,217,-0.183927,0.00196615,False
rs12158565,111,218,-0.168555,0.00457576,False
rs12158565,111,219,-0.177946,0.002792,False
rs12158565,111,220,-0.163043,0.00616494,False
rs12158565,111,221,-0.16379,0.00595787,False
rs12158565,111,222,-0.170456,0.00424077,False
rs12158565,111,223,-0.156249,0.0086835,False
rs12158565,111,224,-0.158317,0.0077656,False
rs12158565,111,225,-0.163808,0.00585834,False
rs12158565,111,226,-0.161113,0.00667046,False
rs12158565,111,227,-0.16131,0.00661708,False
rs12158565,111,228,-0.15442,0.00915212,False
rs12158565,111,229,-0.151483,0.0104346,False
rs12158565,111,230,-0.164585,0.00542252,False
rs12158565,111,231,-0.149976,0.0111414,False
rs12158565,111,232,-0.159939,0.00681874,False
rs12158565,111,233,-0.158485,0.00738185,False
rs12158565,111,234,-0.154309,0.00899259,False
rs12158565,111,235,-0.143133,0.0154438,False
rs12158565,111,236,-0.149755,0.0112655,False
rs12158565,111,237,-0.146161,0.0136373,False
rs12158565,111,238,-0.151949,0.0103875,False
rs12158565,111,239,-0.139993,0.0183336,False
rs12158565,111,240,-0.142124,0.0168405,False
rs12158565,111,241,-0.138687,0.0200268,False
rs12158565,111,242,-0.147528,0.013601,False
rs12158565,111,243,-0.118754,0.048124,False
rs12158565,111,244,-0.123021,0.0415278,False
rs12158565,111,245,-0.124723,0.039963,False
rs12158565,111,246,-0.107979,0.0774476,False
rs12158565,111,247,-0.113254,0.0658082,False
rs12158565,111,248,-0.103981,0.0935632,False
rs12158565,111,249,-0.104456,0.0949259,False
rs12158565,111,250,-0.109803,0.0821263,False
rs12158565,112,9,-0.0604431,0.0936193,False
rs12158565,112,10,-0.0614285,0.085121,False
rs12158565,112,11,-0.0550742,0.118691,False
rs12158565,112,12,-0.0580563,0.0967467,False
rs12158565,112,13,-0.0746357,0.0311999,False
rs12158565,112,14,-0.0713114,0.038496,False
rs12158565,112,15,-0.0656727,0.055532,False
rs12158565,112,16,-0.0633757,0.0633926,False
rs12158565,112,17,-0.0645769,0.0569433,False
rs12158565,112,18,-0.0596274,0.0781291,False
rs12158565,112,19,-0.0729576,0.0307494,False
rs12158565,112,20,-0.0500878,0.136587,False
rs12158565,112,21,-0.0748955,0.0261025,False
rs12158565,112,22,-0.0698322,0.0380617,False
rs12158565,112,23,-0.0641661,0.0564489,False
rs12158565,112,24,-0.06734,0.045074,False
rs12158565,112,25,-0.0682675,0.0414849,False
rs12158565,112,26,-0.0636776,0.0578159,False
rs12158565,112,27,-0.0707339,0.0344982,False
rs12158565,112,28,-0.0652261,0.0516123,False
rs12158565,112,29,-0.0724745,0.0305883,False
rs12158565,112,30,-0.0831561,0.0129134,False
rs12158565,112,31,-0.0820648,0.0142521,False
rs12158565,112,32,-0.0770072,0.0215434,False
rs12158565,112,33,-0.0786299,0.0192594,False
rs12158565,112,34,-0.0843352,0.0119955,False
rs12158565,112,35,-0.0758675,0.0239123,False
rs12158565,112,36,-0.0981475,0.00354153,False
rs12158565,112,37,-0.0926634,0.00587913,False
rs12158565,112,38,-0.0834985,0.0132286,False
rs12158565,112,39,-0.10324,0.00220972,False
rs12158565,112,40,-0.102378,0.00251171,False
rs12158565,112,41,-0.0958845,0.00465082,False
rs12158565,112,42,-0.102751,0.00249803,False
rs12158565,112,43,-0.0970768,0.00437207,False
rs12158565,112,44,-0.106181,0.00186748,False
rs12158565,112,45,-0.101297,0.00305561,False
rs12158565,112,46,-0.104967,0.00221315,False
rs12158565,112,47,-0.0987111,0.00412802,False
rs12158565,112,48,-0.114268,0.000927043,False
rs12158565,112,49,-0.105127,0.0023368,False
rs12158565,112,50,-0.101247,0.00351649,False
rs12158565,112,51,-0.0989029,0.00441011,False
rs12158565,112,52,-0.0901703,0.00963136,False
rs12158565,112,53,-0.0954608,0.00609149,False
rs12158565,112,54,-0.102091,0.00352173,False
rs12158565,112,55,-0.0973435,0.00556335,False
rs12158565,112,56,-0.091579,0.00934067,False
rs12158565,112,57,-0.100258,0.00453123,False
rs12158565,112,58,-0.0984337,0.00550139,False
rs12158565,112,59,-0.0977512,0.00603223,False
rs12158565,112,60,-0.0916051,0.0102413,False
rs12158565,112,61,-0.109955,0.00211515,False
rs12158565,112,62,-0.0917328,0.0107001,False
rs12158565,112,63,-0.100308,0.00541975,False
rs12158565,112,64,-0.112801,0.0018499,False
rs12158565,112,65,-0.103838,0.00424228,False
rs12158565,112,66,-0.0971871,0.00757927,False
rs12158565,112,67,-0.0954978,0.00894834,False
rs12158565,112,68,-0.0952742,0.00937552,False
rs12158565,112,69,-0.0903072,0.0140937,False
rs12158565,112,70,-0.100697,0.00631794,False
rs12158565,112,71,-0.0893287,0.015793,False
rs12158565,112,72,-0.0899308,0.0155085,False
rs12158565,112,73,-0.0850048,0.0226145,False
rs12158565,112,74,-0.096092,0.0101162,False
rs12158565,112,75,-0.0846112,0.0240873,False
rs12158565,112,76,-0.0983717,0.00895941,False
rs12158565,112,77,-0.0981486,0.00933681,False
rs12158565,112,78,-0.105649,0.00526431,False
rs12158565,112,79,-0.0903889,0.0174502,False
rs12158565,112,80,-0.0781515,0.0405619,False
rs12158565,112,81,-0.0861378,0.0249962,False
rs12158565,112,82,-0.0963369,0.0124528,False
rs12158565,112,83,-0.0969454,0.0120534,False
rs12158565,112,84,-0.0788616,0.0416256,False
rs12158565,112,85,-0.0885898,0.0224884,False
rs12158565,112,86,-0.0856301,0.0279278,False
rs12158565,112,87,-0.0869175,0.0259146,False
rs12158565,112,88,-0.0754198,0.0539601,False
rs12158565,112,89,-0.087159,0.0262858,False
rs12158565,112,90,-0.082199,0.0369656,False
rs12158565,112,91,-0.0860833,0.0289866,False
rs12158565,112,92,-0.090191,0.0225387,False
rs12158565,112,93,-0.0820179,0.0387305,False
rs12158565,112,94,-0.088204,0.0265051,False
rs12158565,112,95,-0.0927547,0.0202053,False
rs12158565,112,96,-0.101367,0.0111871,False
rs12158565,112,97,-0.0966788,0.0157473,False
rs12158565,112,98,-0.101389,0.0115364,False
rs12158565,112,99,-0.103621,0.00993002,False
rs12158565,112,100,-0.107722,0.0074718,False
rs12158565,112,101,-0.103621,0.0101999,False
rs12158565,112,102,-0.0964068,0.0172301,False
rs12158565,112,103,-0.0932053,0.0214487,False
rs12158565,112,104,-0.102172,0.0118075,False
rs12158565,112,105,-0.0950187,0.0194549,False
rs12158565,112,106,-0.0873354,0.0320782,False
rs12158565,112,107,-0.102881,0.011673,False
rs12158565,112,108,-0.102777,0.0118618,False
rs12158565,112,109,-0.0938838,0.021917,False
rs12158565,112,110,-0.0938493,0.0223226,False
rs12158565,112,111,-0.105927,0.0100301,False
rs12158565,112,112,-0.0953287,0.0207745,False
rs12158565,112,113,-0.116398,0.00484013,False
rs12158565,112,114,-0.120665,0.00354843,False
rs12158565,112,115,-0.117783,0.00453032,False
rs12158565,112,116,-0.106695,0.0101805,False
rs12158565,112,117,-0.118994,0.0041934,False
rs12158565,112,118,-0.111074,0.00760707,False
rs12158565,112,119,-0.104574,0.0120606,False
rs12158565,112,120,-0.117166,0.00499827,False
rs12158565,112,121,-0.129705,0.00188744,False
rs12158565,112,122,-0.1262,0.00253327,False
rs12158565,112,123,-0.135205,0.00124035,False
rs12158565,112,124,-0.11555,0.00592503,False
rs12158565,112,125,-0.133442,0.00151105,False
rs12158565,112,126,-0.12553,0.002859,False
rs12158565,112,127,-0.120861,0.00414677,False
rs12158565,112,128,-0.111493,0.00827828,False
rs12158565,112,129,-0.120423,0.00436424,False
rs12158565,112,130,-0.128787,0.00235119,False
rs12158565,112,131,-0.139863,0.000976665,False
rs12158565,112,132,-0.139862,0.000981543,False
rs12158565,112,133,-0.13982,0.000992393,False
rs12158565,112,134,-0.123233,0.00375451,False
rs12158565,112,135,-0.125452,0.00320514,False
rs12158565,112,136,-0.126746,0.0029657,False
rs12158565,112,137,-0.134272,0.00165124,False
rs12158565,112,138,-0.12696,0.00292008,False
rs12158565,112,139,-0.132514,0.00191413,False
rs12158565,112,140,-0.130925,0.00221381,False
rs12158565,112,141,-0.142486,0.000884585,False
rs12158565,112,142,-0.139358,0.0011547,False
rs12158565,112,143,-0.14281,0.00087387,False
rs12158565,112,144,-0.13247,0.00205063,False
rs12158565,112,145,-0.126623,0.00321764,False
rs12158565,112,146,-0.131466,0.00224352,False
rs12158565,112,147,-0.133196,0.00199265,False
rs12158565,112,148,-0.13333,0.00204541,False
rs12158565,112,149,-0.136361,0.00163254,False
rs12158565,112,150,-0.136935,0.00157632,False
rs12158565,112,151,-0.133488,0.00210259,False
rs12158565,112,152,-0.136597,0.00168475,False
rs12158565,112,153,-0.148546,0.000650084,False
rs12158565,112,154,-0.136692,0.0017473,False
rs12158565,112,155,-0.132152,0.00254806,False
rs12158565,112,156,-0.139788,0.00145137,False
rs12158565,112,157,-0.146571,0.000847488,False
rs12158565,112,158,-0.143298,0.00113441,False
rs12158565,112,159,-0.145624,0.000964523,False
rs12158565,112,160,-0.144247,0.00112961,False
rs12158565,112,161,-0.155219,0.000468733,False
rs12158565,112,162,-0.148819,0.000824278,False
rs12158565,112,163,-0.144496,0.00119379,False
rs12158565,112,164,-0.14642,0.00106239,False
rs12158565,112,165,-0.145543,0.00117763,False
rs12158565,112,166,-0.141104,0.00174796,False
rs12158565,112,167,-0.143035,0.00155055,False
rs12158565,112,168,-0.145679,0.00132268,False
rs12158565,112,169,-0.145483,0.00139568,False
rs12158565,112,170,-0.142959,0.00178129,False
rs12158565,112,171,-0.133297,0.00372835,False
rs12158565,112,172,-0.139815,0.00247375,False
rs12158565,112,173,-0.134451,0.00380179,False
rs12158565,112,174,-0.144391,0.00196101,False
rs12158565,112,175,-0.139693,0.00294222,False
rs12158565,112,176,-0.148697,0.00164658,False
rs12158565,112,177,-0.140814,0.0029993,False
rs12158565,112,178,-0.146045,0.00223259,False
rs12158565,112,179,-0.150822,0.00172091,False
rs12158565,112,180,-0.150243,0.00196963,False
rs12158565,112,181,-0.14732,0.00257271,False
rs12158565,112,182,-0.162728,0.000938383,False
rs12158565,112,183,-0.167023,0.000746335,False
rs12158565,112,184,-0.181425,0.000272123,False
rs12158565,112,185,-0.183389,0.000259585,False
rs12158565,112,186,-0.179625,0.000390317,False
rs12158565,112,187,-0.182709,0.000337374,False
rs12158565,112,188,-0.180234,0.000446905,False
rs12158565,112,189,-0.178529,0.000561582,False
rs12158565,112,190,-0.179851,0.000568365,False
rs12158565,112,191,-0.189716,0.000304557,False
rs12158565,112,192,-0.186195,0.000443849,False
rs12158565,112,193,-0.181663,0.000670108,False
rs12158565,112,194,-0.211884,8.10673e-05,False
rs12158565,112,195,-0.214127,7.7003e-05,False
rs12158565,112,196,-0.215378,7.86156e-05,False
rs12158565,112,197,-0.210801,0.000126131,False
rs12158565,112,198,-0.207,0.000185854,False
rs12158565,112,199,-0.216075,0.000106234,False
rs12158565,112,200,-0.212237,0.000152855,False
rs12158565,112,201,-0.210675,0.000184929,False
rs12158565,112,202,-0.210656,0.000201417,False
rs12158565,112,203,-0.215286,0.000159751,False
rs12158565,112,204,-0.209802,0.000256402,False
rs12158565,112,205,-0.208866,0.000291067,False
rs12158565,112,206,-0.214949,0.000203239,False
rs12158565,112,207,-0.208737,0.000324146,False
rs12158565,112,208,-0.21389,0.00024583,False
rs12158565,112,209,-0.215452,0.000231106,False
rs12158565,112,210,-0.213507,0.00027025,False
rs12158565,112,211,-0.217689,0.000209985,False
rs12158565,112,212,-0.216563,0.000232536,False
rs12158565,112,213,-0.20822,0.000413238,False
rs12158565,112,214,-0.204585,0.000526146,False
rs12158565,112,215,-0.196233,0.000903065,False
rs12158565,112,216,-0.194833,0.000982633,False
rs12158565,112,217,-0.183969,0.00187914,False
rs12158565,112,218,-0.176628,0.0028414,False
rs12158565,112,219,-0.16626,0.00498794,False
rs12158565,112,220,-0.164563,0.00545211,False
rs12158565,112,221,-0.169577,0.00415745,False
rs12158565,112,222,-0.167994,0.00452131,False
rs12158565,112,223,-0.152788,0.0097509,False
rs12158565,112,224,-0.15191,0.0101285,False
rs12158565,112,225,-0.152017,0.0100334,False
rs12158565,112,226,-0.149362,0.0112612,False
rs12158565,112,227,-0.144085,0.0144068,False
rs12158565,112,228,-0.157522,0.00741409,False
rs12158565,112,229,-0.158378,0.00705642,False
rs12158565,112,230,-0.137703,0.0190738,False
rs12158565,112,231,-0.140339,0.0169128,False
rs12158565,112,232,-0.144397,0.0140256,False
rs12158565,112,233,-0.131248,0.0254041,False
rs12158565,112,234,-0.143398,0.0145757,False
rs12158565,112,235,-0.125083,0.033394,False
rs12158565,112,236,-0.132301,0.0246971,False
rs12158565,112,237,-0.114463,0.0524117,False
rs12158565,112,238,-0.124094,0.0356518,False
rs12158565,112,239,-0.128139,0.0304497,False
rs12158565,112,240,-0.105506,0.0757737,False
rs12158565,112,241,-0.111556,0.0613384,False
rs12158565,112,242,-0.114901,0.0546874,False
rs12158565,112,243,-0.115316,0.0554667,False
rs12158565,112,244,-0.0992943,0.100698,False
rs12158565,112,245,-0.103119,0.0898523,False
rs12158565,112,246,-0.106021,0.0839763,False
rs12158565,112,247,-0.103989,0.0928125,False
rs12158565,112,248,-0.09993,0.108924,False
rs12158565,112,249,-0.106552,0.0909977,False
rs12158565,112,250,-0.111414,0.0801313,False
rs12158565,113,9,-0.0515354,0.156282,False
rs12158565,113,10,-0.0802208,0.0259237,False
rs12158565,113,11,-0.0752318,0.0347454,False
rs12158565,113,12,-0.0755312,0.0320994,False
rs12158565,113,13,-0.0717954,0.0399523,False
rs12158565,113,14,-0.0633351,0.0679249,False
rs12158565,113,15,-0.0782641,0.0230243,False
rs12158565,113,16,-0.0708031,0.0392085,False
rs12158565,113,17,-0.0690282,0.0431705,False
rs12158565,113,18,-0.080787,0.0174416,False
rs12158565,113,19,-0.0606728,0.0746403,False
rs12158565,113,20,-0.0646833,0.0563156,False
rs12158565,113,21,-0.0804215,0.017562,False
rs12158565,113,22,-0.0655548,0.0528508,False
rs12158565,113,23,-0.0673935,0.0456386,False
rs12158565,113,24,-0.0815449,0.015611,False
rs12158565,113,25,-0.0658147,0.0506612,False
rs12158565,113,26,-0.0802217,0.0172241,False
rs12158565,113,27,-0.0679812,0.043367,False
rs12158565,113,28,-0.0829202,0.0135733,False
rs12158565,113,29,-0.0759258,0.0238294,False
rs12158565,113,30,-0.0897544,0.00758931,False
rs12158565,113,31,-0.0907647,0.00685491,False
rs12158565,113,32,-0.0913204,0.00654575,False
rs12158565,113,33,-0.0892242,0.00790334,False
rs12158565,113,34,-0.0836264,0.0127453,False
rs12158565,113,35,-0.0915829,0.00652776,False
rs12158565,113,36,-0.104009,0.00199758,False
rs12158565,113,37,-0.0977078,0.0037133,False
rs12158565,113,38,-0.100388,0.00290951,False
rs12158565,113,39,-0.10574,0.00173732,False
rs12158565,113,40,-0.0958522,0.00470393,False
rs12158565,113,41,-0.102864,0.00247373,False
rs12158565,113,42,-0.104767,0.00204844,False
rs12158565,113,43,-0.102933,0.00253034,False
rs12158565,113,44,-0.0948241,0.00545094,False
rs12158565,113,45,-0.105726,0.00202109,False
rs12158565,113,46,-0.103807,0.00251567,False
rs12158565,113,47,-0.112924,0.0010209,False
rs12158565,113,48,-0.104187,0.00252623,False
rs12158565,113,49,-0.102452,0.00305278,False
rs12158565,113,50,-0.111066,0.00134789,False
rs12158565,113,51,-0.105464,0.00238279,False
rs12158565,113,52,-0.104422,0.00273985,False
rs12158565,113,53,-0.093769,0.00731872,False
rs12158565,113,54,-0.0885936,0.0114938,False
rs12158565,113,55,-0.0938616,0.00750133,False
rs12158565,113,56,-0.0957705,0.00653631,False
rs12158565,113,57,-0.103247,0.00345957,False
rs12158565,113,58,-0.0927883,0.00877453,False
rs12158565,113,59,-0.0937536,0.00841514,False
rs12158565,113,60,-0.0940353,0.00827977,False
rs12158565,113,61,-0.0851395,0.0174794,False
rs12158565,113,62,-0.0784923,0.028807,False
rs12158565,113,63,-0.0832965,0.0206905,False
rs12158565,113,64,-0.0924566,0.0105402,False
rs12158565,113,65,-0.113419,0.00176459,False
rs12158565,113,66,-0.0929752,0.0104714,False
rs12158565,113,67,-0.0981997,0.00696956,False
rs12158565,113,68,-0.0988818,0.00687879,False
rs12158565,113,69,-0.095621,0.00917337,False
rs12158565,113,70,-0.102695,0.00533738,False
rs12158565,113,71,-0.0899431,0.0149519,False
rs12158565,113,72,-0.0991066,0.00749893,False
rs12158565,113,73,-0.102819,0.00562424,False
rs12158565,113,74,-0.0915424,0.0142319,False
rs12158565,113,75,-0.0999904,0.0076612,False
rs12158565,113,76,-0.104231,0.00559061,False
rs12158565,113,77,-0.102318,0.00667868,False
rs12158565,113,78,-0.0990088,0.0090172,False
rs12158565,113,79,-0.10422,0.00608797,False
rs12158565,113,80,-0.107948,0.00465247,False
rs12158565,113,81,-0.0993121,0.0093733,False
rs12158565,113,82,-0.102533,0.0075446,False
rs12158565,113,83,-0.0902074,0.0190675,False
rs12158565,113,84,-0.090777,0.0187764,False
rs12158565,113,85,-0.0941846,0.0148755,False
rs12158565,113,86,-0.0798099,0.0393304,False
rs12158565,113,87,-0.092708,0.0171245,False
rs12158565,113,88,-0.0891599,0.0222381,False
rs12158565,113,89,-0.0884612,0.0235805,False
rs12158565,113,90,-0.0831301,0.0338607,False
rs12158565,113,91,-0.0743768,0.0585307,False
rs12158565,113,92,-0.0865464,0.0279435,False
rs12158565,113,93,-0.0956554,0.0153427,False
rs12158565,113,94,-0.0907214,0.0216739,False
rs12158565,113,95,-0.0820553,0.0381523,False
rs12158565,113,96,-0.0970074,0.0144634,False
rs12158565,113,97,-0.102516,0.010038,False
rs12158565,113,98,-0.0932051,0.019601,False
rs12158565,113,99,-0.0916679,0.0221601,False
rs12158565,113,100,-0.0859226,0.0321774,False
rs12158565,113,101,-0.0965976,0.0161389,False
rs12158565,113,102,-0.0973774,0.0156643,False
rs12158565,113,103,-0.0971596,0.0163494,False
rs12158565,113,104,-0.0832796,0.0395564,False
rs12158565,113,105,-0.092743,0.021904,False
rs12158565,113,106,-0.0892029,0.0279865,False
rs12158565,113,107,-0.0988536,0.0150539,False
rs12158565,113,108,-0.102733,0.0116918,False
rs12158565,113,109,-0.0998318,0.0144603,False
rs12158565,113,110,-0.0999665,0.0146608,False
rs12158565,113,111,-0.101521,0.0132,False
rs12158565,113,112,-0.108034,0.00851368,False
rs12158565,113,113,-0.11576,0.00489332,False
rs12158565,113,114,-0.124262,0.00254412,False
rs12158565,113,115,-0.112638,0.00631995,False
rs12158565,113,116,-0.118698,0.00405878,False
rs12158565,113,117,-0.112821,0.00641969,False
rs12158565,113,118,-0.128946,0.00188901,False
rs12158565,113,119,-0.118187,0.00444073,False
rs12158565,113,120,-0.122382,0.00328221,False
rs12158565,113,121,-0.12096,0.00367444,False
rs12158565,113,122,-0.12487,0.00277757,False
rs12158565,113,123,-0.118134,0.00466041,False
rs12158565,113,124,-0.104233,0.0125701,False
rs12158565,113,125,-0.110903,0.00808993,False
rs12158565,113,126,-0.111489,0.00785595,False
rs12158565,113,127,-0.116148,0.00568518,False
rs12158565,113,128,-0.117022,0.00540526,False
rs12158565,113,129,-0.126474,0.00267549,False
rs12158565,113,130,-0.126621,0.00269543,False
rs12158565,113,131,-0.131699,0.00187103,False
rs12158565,113,132,-0.128236,0.00248232,False
rs12158565,113,133,-0.124506,0.00332301,False
rs12158565,113,134,-0.124191,0.00342253,False
rs12158565,113,135,-0.119913,0.0048318,False
rs12158565,113,136,-0.130339,0.00221627,False
rs12158565,113,137,-0.139711,0.00103368,False
rs12158565,113,138,-0.129651,0.00237354,False
rs12158565,113,139,-0.131183,0.00212519,False
rs12158565,113,140,-0.139445,0.00112277,False
rs12158565,113,141,-0.139072,0.00117205,False
rs12158565,113,142,-0.135067,0.0016461,False
rs12158565,113,143,-0.133819,0.00182726,False
rs12158565,113,144,-0.134492,0.00175359,False
rs12158565,113,145,-0.137618,0.00138171,False
rs12158565,113,146,-0.137989,0.00137962,False
rs12158565,113,147,-0.142518,0.000984067,False
rs12158565,113,148,-0.137816,0.00148792,False
rs12158565,113,149,-0.145243,0.000810187,False
rs12158565,113,150,-0.12532,0.00389883,False
rs12158565,113,151,-0.119629,0.00597874,False
rs12158565,113,152,-0.124067,0.00444067,False
rs12158565,113,153,-0.124534,0.00438834,False
rs12158565,113,154,-0.129464,0.00315682,False
rs12158565,113,155,-0.139018,0.00156648,False
rs12158565,113,156,-0.133292,0.00246021,False
rs12158565,113,157,-0.134641,0.00226772,False
rs12158565,113,158,-0.125567,0.00453102,False
rs12158565,113,159,-0.122764,0.00571766,False
rs12158565,113,160,-0.127674,0.00415351,False
rs12158565,113,161,-0.124955,0.00510034,False
rs12158565,113,162,-0.125639,0.00499638,False
rs12158565,113,163,-0.126063,0.00496953,False
rs12158565,113,164,-0.121003,0.00732724,False
rs12158565,113,165,-0.128387,0.00460657,False
rs12158565,113,166,-0.135646,0.00285921,False
rs12158565,113,167,-0.141954,0.00187801,False
rs12158565,113,168,-0.144687,0.0016091,False
rs12158565,113,169,-0.159355,0.000548034,False
rs12158565,113,170,-0.152908,0.000962171,False
rs12158565,113,171,-0.146986,0.0015996,False
rs12158565,113,172,-0.158407,0.000732338,False
rs12158565,113,173,-0.139418,0.0030976,False
rs12158565,113,174,-0.132412,0.00516794,False
rs12158565,113,175,-0.14493,0.00237369,False
rs12158565,113,176,-0.151012,0.00163827,False
rs12158565,113,177,-0.159251,0.00097535,False
rs12158565,113,178,-0.153766,0.00155411,False
rs12158565,113,179,-0.160021,0.00108667,False
rs12158565,113,180,-0.145316,0.00320271,False
rs12158565,113,181,-0.16226,0.00107302,False
rs12158565,113,182,-0.173265,0.00053342,False
rs12158565,113,183,-0.181471,0.000316961,False
rs12158565,113,184,-0.177215,0.000474557,False
rs12158565,113,185,-0.17917,0.00044906,False
rs12158565,113,186,-0.179173,0.000497266,False
rs12158565,113,187,-0.17866,0.000581855,False
rs12158565,113,188,-0.183912,0.000430731,False
rs12158565,113,189,-0.185481,0.000425496,False
rs12158565,113,190,-0.187713,0.000392458,False
rs12158565,113,191,-0.188419,0.000414989,False
rs12158565,113,192,-0.197263,0.000245341,False
rs12158565,113,193,-0.200323,0.000217008,False
rs12158565,113,194,-0.191141,0.00045964,False
rs12158565,113,195,-0.205565,0.00018085,False
rs12158565,113,196,-0.200584,0.000282999,False
rs12158565,113,197,-0.196141,0.000420237,False
rs12158565,113,198,-0.193215,0.000554104,False
rs12158565,113,199,-0.204353,0.000281501,False
rs12158565,113,200,-0.206931,0.000252393,False
rs12158565,113,201,-0.205941,0.000294345,False
rs12158565,113,202,-0.20274,0.00038906,False
rs12158565,113,203,-0.207696,0.000297321,False
rs12158565,113,204,-0.215827,0.000182802,False
rs12158565,113,205,-0.204847,0.000403758,False
rs12158565,113,206,-0.205407,0.000416026,False
rs12158565,113,207,-0.195527,0.0007962,False
rs12158565,113,208,-0.20886,0.000351549,False
rs12158565,113,209,-0.206011,0.000443511,False
rs12158565,113,210,-0.211929,0.000310086,False
rs12158565,113,211,-0.211286,0.000332852,False
rs12158565,113,212,-0.200974,0.00065282,False
rs12158565,113,213,-0.201196,0.000653505,False
rs12158565,113,214,-0.202076,0.000627689,False
rs12158565,113,215,-0.179989,0.00232861,False
rs12158565,113,216,-0.173554,0.00331035,False
rs12158565,113,217,-0.177106,0.00274777,False
rs12158565,113,218,-0.177724,0.00262074,False
rs12158565,113,219,-0.181503,0.00212891,False
rs12158565,113,220,-0.168709,0.00429362,False
rs12158565,113,221,-0.143747,0.0149075,False
rs12158565,113,222,-0.165228,0.00511905,False
rs12158565,113,223,-0.16293,0.00571493,False
rs12158565,113,224,-0.154595,0.00864568,False
rs12158565,113,225,-0.152785,0.00934173,False
rs12158565,113,226,-0.152103,0.00963322,False
rs12158565,113,227,-0.155782,0.00798463,False
rs12158565,113,228,-0.14652,0.0125381,False
rs12158565,113,229,-0.148057,0.0116431,False
rs12158565,113,230,-0.153037,0.00904774,False
rs12158565,113,231,-0.144326,0.0138967,False
rs12158565,113,232,-0.149327,0.0109195,False
rs12158565,113,233,-0.145676,0.0130363,False
rs12158565,113,234,-0.143039,0.014838,False
rs12158565,113,235,-0.13733,0.0194576,False
rs12158565,113,236,-0.139612,0.0175638,False
rs12158565,113,237,-0.137306,0.0199136,False
rs12158565,113,238,-0.133093,0.0243662,False
rs12158565,113,239,-0.12904,0.0295007,False
rs12158565,113,240,-0.115842,0.0516615,False
rs12158565,113,241,-0.108097,0.0706186,False
rs12158565,113,242,-0.11683,0.0520377,False
rs12158565,113,243,-0.116627,0.0533669,False
rs12158565,113,244,-0.11744,0.0530721,False
rs12158565,113,245,-0.107739,0.078101,False
rs12158565,113,246,-0.106106,0.0851791,False
rs12158565,113,247,-0.0976239,0.116352,False
rs12158565,113,248,-0.0961358,0.125482,False
rs12158565,113,249,-0.085696,0.176156,False
rs12158565,113,250,-0.100691,0.115442,False
rs12158565,114,10,-0.0598403,0.100763,False
rs12158565,114,11,-0.0574143,0.110741,False
rs12158565,114,12,-0.069105,0.0527535,False
rs12158565,114,13,-0.0650421,0.0656838,False
rs12158565,114,14,-0.0761792,0.029827,False
rs12158565,114,15,-0.0719459,0.0388784,False
rs12158565,114,16,-0.0735976,0.0337137,False
rs12158565,114,17,-0.0759152,0.027684,False
rs12158565,114,18,-0.0947582,0.00580985,False
rs12158565,114,19,-0.0870543,0.0111098,False
rs12158565,114,20,-0.0821747,0.0163172,False
rs12158565,114,21,-0.0718184,0.035236,False
rs12158565,114,22,-0.0910412,0.00743055,False
rs12158565,114,23,-0.0830539,0.0143474,False
rs12158565,114,24,-0.0831341,0.0141515,False
rs12158565,114,25,-0.0776915,0.0215004,False
rs12158565,114,26,-0.084435,0.0124469,False
rs12158565,114,27,-0.0746109,0.0268561,False
rs12158565,114,28,-0.0883362,0.00870069,False
rs12158565,114,29,-0.0774002,0.0216225,False
rs12158565,114,30,-0.0804386,0.0169914,False
rs12158565,114,31,-0.0861813,0.0104534,False
rs12158565,114,32,-0.093087,0.00571517,False
rs12158565,114,33,-0.0923167,0.0061965,False
rs12158565,114,34,-0.0937933,0.00550397,False
rs12158565,114,35,-0.107238,0.00150323,False
rs12158565,114,36,-0.100664,0.00287638,False
rs12158565,114,37,-0.104032,0.0020537,False
rs12158565,114,38,-0.0994786,0.00332626,False
rs12158565,114,39,-0.0987311,0.00358959,False
rs12158565,114,40,-0.0891454,0.00866222,False
rs12158565,114,41,-0.100563,0.00309386,False
rs12158565,114,42,-0.107548,0.00159449,False
rs12158565,114,43,-0.100587,0.00322811,False
rs12158565,114,44,-0.0973802,0.00446917,False
rs12158565,114,45,-0.108733,0.0015215,False
rs12158565,114,46,-0.105925,0.00204558,False
rs12158565,114,47,-0.0979211,0.00444097,False
rs12158565,114,48,-0.105643,0.0022061,False
rs12158565,114,49,-0.110568,0.00136341,False
rs12158565,114,50,-0.101409,0.00341073,False
rs12158565,114,51,-0.0969979,0.00525384,False
rs12158565,114,52,-0.103636,0.00290833,False
rs12158565,114,53,-0.107319,0.00210411,False
rs12158565,114,54,-0.111998,0.00138967,False
rs12158565,114,55,-0.0990477,0.00476266,False
rs12158565,114,56,-0.0954449,0.00661089,False
rs12158565,114,57,-0.0940847,0.00769756,False
rs12158565,114,58,-0.104306,0.00325104,False
rs12158565,114,59,-0.102045,0.00406177,False
rs12158565,114,60,-0.0897259,0.0117033,False
rs12158565,114,61,-0.100431,0.00496416,False
rs12158565,114,62,-0.10298,0.00402653,False
rs12158565,114,63,-0.106917,0.00292465,False
rs12158565,114,64,-0.0932501,0.00966098,False
rs12158565,114,65,-0.10844,0.00269446,False
rs12158565,114,66,-0.0963498,0.00787126,False
rs12158565,114,67,-0.0894461,0.0138068,False
rs12158565,114,68,-0.100793,0.00574442,False
rs12158565,114,69,-0.100925,0.00576229,False
rs12158565,114,70,-0.0860535,0.0188727,False
rs12158565,114,71,-0.0877972,0.0170867,False
rs12158565,114,72,-0.0928294,0.0121209,False
rs12158565,114,73,-0.0951218,0.0102311,False
rs12158565,114,74,-0.0930362,0.0123619,False
rs12158565,114,75,-0.0855612,0.0219515,False
rs12158565,114,76,-0.0872545,0.0200119,False
rs12158565,114,77,-0.0795569,0.0342123,False
rs12158565,114,78,-0.0709249,0.0596701,False
rs12158565,114,79,-0.0739163,0.050562,False
rs12158565,114,80,-0.0802325,0.0346419,False
rs12158565,114,81,-0.0797936,0.0361969,False
rs12158565,114,82,-0.0849708,0.026112,False
rs12158565,114,83,-0.0867952,0.0236029,False
rs12158565,114,84,-0.0804638,0.0363056,False
rs12158565,114,85,-0.0914757,0.0174179,False
rs12158565,114,86,-0.093715,0.0152325,False
rs12158565,114,87,-0.0890469,0.0216797,False
rs12158565,114,88,-0.0889649,0.0220024,False
rs12158565,114,89,-0.0916499,0.0185698,False
rs12158565,114,90,-0.0941063,0.015918,False
rs12158565,114,91,-0.0879083,0.0246634,False
rs12158565,114,92,-0.0858994,0.0284194,False
rs12158565,114,93,-0.0928687,0.0180457,False
rs12158565,114,94,-0.0846779,0.0313817,False
rs12158565,114,95,-0.0918019,0.0201636,False
rs12158565,114,96,-0.0877224,0.0266878,False
rs12158565,114,97,-0.0929027,0.0192813,False
rs12158565,114,98,-0.0937266,0.0185027,False
rs12158565,114,99,-0.0924858,0.0204275,False
rs12158565,114,100,-0.0913583,0.0222275,False
rs12158565,114,101,-0.0882791,0.0275602,False
rs12158565,114,102,-0.0916949,0.022368,False
rs12158565,114,103,-0.0868418,0.0310824,False
rs12158565,114,104,-0.0862478,0.0327246,False
rs12158565,114,105,-0.0759389,0.0603859,False
rs12158565,114,106,-0.0805824,0.0465877,False
rs12158565,114,107,-0.080079,0.0484927,False
rs12158565,114,108,-0.0916195,0.0240744,False
rs12158565,114,109,-0.0961256,0.0182395,False
rs12158565,114,110,-0.0994699,0.0146512,False
rs12158565,114,111,-0.0916509,0.024907,False
rs12158565,114,112,-0.0934468,0.022457,False
rs12158565,114,113,-0.0982042,0.0165354,False
rs12158565,114,114,-0.0996111,0.0154295,False
rs12158565,114,115,-0.101376,0.013702,False
rs12158565,114,116,-0.101885,0.0134405,False
rs12158565,114,117,-0.106824,0.00962473,False
rs12158565,114,118,-0.111971,0.00676853,False
rs12158565,114,119,-0.116833,0.00485901,False
rs12158565,114,120,-0.112628,0.00663108,False
rs12158565,114,121,-0.120285,0.00376773,False
rs12158565,114,122,-0.128599,0.00196633,False
rs12158565,114,123,-0.113117,0.00655875,False
rs12158565,114,124,-0.113762,0.00638478,False
rs12158565,114,125,-0.112794,0.00692447,False
rs12158565,114,126,-0.124305,0.00298559,False
rs12158565,114,127,-0.116748,0.00532512,False
rs12158565,114,128,-0.119906,0.00428038,False
rs12158565,114,129,-0.112606,0.00749298,False
rs12158565,114,130,-0.127472,0.00248957,False
rs12158565,114,131,-0.116855,0.00567422,False
rs12158565,114,132,-0.115291,0.00635515,False
rs12158565,114,133,-0.117703,0.00547509,False
rs12158565,114,134,-0.110489,0.00912666,False
rs12158565,114,135,-0.109177,0.0101294,False
rs12158565,114,136,-0.109407,0.0101346,False
rs12158565,114,137,-0.124413,0.00345351,False
rs12158565,114,138,-0.127365,0.00279006,False
rs12158565,114,139,-0.129845,0.0023245,False
rs12158565,114,140,-0.121986,0.00430276,False
rs12158565,114,141,-0.117778,0.00590036,False
rs12158565,114,142,-0.112112,0.00895754,False
rs12158565,114,143,-0.114589,0.00763684,False
rs12158565,114,144,-0.124609,0.00379112,False
rs12158565,114,145,-0.127604,0.00307884,False
rs12158565,114,146,-0.126796,0.00333322,False
rs12158565,114,147,-0.130804,0.00250851,False
rs12158565,114,148,-0.126162,0.00364685,False
rs12158565,114,149,-0.121826,0.00506771,False
rs12158565,114,150,-0.12119,0.00545732,False
rs12158565,114,151,-0.125235,0.00413979,False
rs12158565,114,152,-0.129693,0.00303796,False
rs12158565,114,153,-0.123485,0.00488346,False
rs12158565,114,154,-0.133267,0.00244441,False
rs12158565,114,155,-0.12638,0.00419185,False
rs12158565,114,156,-0.118441,0.00745477,False
rs12158565,114,157,-0.114106,0.0102156,False
rs12158565,114,158,-0.130144,0.00351742,False
rs12158565,114,159,-0.131386,0.00338265,False
rs12158565,114,160,-0.139434,0.0018997,False
rs12158565,114,161,-0.138607,0.00208727,False
rs12158565,114,162,-0.144259,0.00142526,False
rs12158565,114,163,-0.139181,0.0021563,False
rs12158565,114,164,-0.138158,0.00245304,False
rs12158565,114,165,-0.14366,0.00170359,False
rs12158565,114,166,-0.144284,0.00170783,False
rs12158565,114,167,-0.145506,0.00162762,False
rs12158565,114,168,-0.148681,0.00137639,False
rs12158565,114,169,-0.154075,0.000966347,False
rs12158565,114,170,-0.159163,0.000698258,False
rs12158565,114,171,-0.156552,0.000910622,False
rs12158565,114,172,-0.15298,0.00130075,False
rs12158565,114,173,-0.163554,0.00063415,False
rs12158565,114,174,-0.168744,0.000452388,False
rs12158565,114,175,-0.164125,0.000709859,False
rs12158565,114,176,-0.164424,0.000750467,False
rs12158565,114,177,-0.169292,0.000563119,False
rs12158565,114,178,-0.165579,0.000809986,False
rs12158565,114,179,-0.163804,0.000989064,False
rs12158565,114,180,-0.164836,0.00099372,False
rs12158565,114,181,-0.175071,0.000516213,False
rs12158565,114,182,-0.164616,0.00117614,False
rs12158565,114,183,-0.166362,0.00113411,False
rs12158565,114,184,-0.154041,0.00275335,False
rs12158565,114,185,-0.163999,0.00155505,False
rs12158565,114,186,-0.17936,0.000589988,False
rs12158565,114,187,-0.178262,0.000692872,False
rs12158565,114,188,-0.167207,0.0016036,False
rs12158565,114,189,-0.172158,0.00125658,False
rs12158565,114,190,-0.182,0.000704946,False
rs12158565,114,191,-0.174111,0.00127649,False
rs12158565,114,192,-0.18161,0.000856622,False
rs12158565,114,193,-0.187588,0.000624109,False
rs12158565,114,194,-0.196675,0.000365054,False
rs12158565,114,195,-0.200703,0.000300179,False
rs12158565,114,196,-0.193264,0.000535468,False
rs12158565,114,197,-0.196582,0.000468797,False
rs12158565,114,198,-0.204656,0.000286741,False
rs12158565,114,199,-0.207265,0.000263195,False
rs12158565,114,200,-0.205599,0.000313998,False
rs12158565,114,201,-0.21619,0.000161239,False
rs12158565,114,202,-0.203935,0.000396448,False
rs12158565,114,203,-0.217844,0.000161577,False
rs12158565,114,204,-0.212269,0.000248838,False
rs12158565,114,205,-0.217423,0.000185024,False
rs12158565,114,206,-0.206866,0.000386686,False
rs12158565,114,207,-0.202068,0.000546956,False
rs12158565,114,208,-0.200023,0.000639141,False
rs12158565,114,209,-0.208173,0.000387357,False
rs12158565,114,210,-0.195826,0.000849241,False
rs12158565,114,211,-0.202375,0.000580348,False
rs12158565,114,212,-0.191439,0.00114293,False
rs12158565,114,213,-0.191278,0.00115161,False
rs12158565,114,214,-0.18764,0.00144965,False
rs12158565,114,215,-0.197083,0.00082083,False
rs12158565,114,216,-0.181655,0.00202835,False
rs12158565,114,217,-0.178745,0.00238959,False
rs12158565,114,218,-0.183488,0.00181385,False
rs12158565,114,219,-0.153791,0.00892875,False
rs12158565,114,220,-0.158212,0.00706734,False
rs12158565,114,221,-0.183851,0.00174841,False
rs12158565,114,222,-0.167516,0.00430988,False
rs12158565,114,223,-0.153706,0.0087285,False
rs12158565,114,224,-0.15363,0.00862763,False
rs12158565,114,225,-0.145942,0.0126377,False
rs12158565,114,226,-0.151732,0.00940705,False
rs12158565,114,227,-0.157062,0.00713758,False
rs12158565,114,228,-0.152418,0.00910052,False
rs12158565,114,229,-0.136309,0.0196013,False
rs12158565,114,230,-0.144627,0.0133194,False
rs12158565,114,231,-0.141037,0.0158084,False
rs12158565,114,232,-0.138404,0.0179049,False
rs12158565,114,233,-0.141942,0.015264,False
rs12158565,114,234,-0.138646,0.0179905,False
rs12158565,114,235,-0.15531,0.00819394,False
rs12158565,114,236,-0.130082,0.0272312,False
rs12158565,114,237,-0.137761,0.0196736,False
rs12158565,114,238,-0.136686,0.0209878,False
rs12158565,114,239,-0.121441,0.0412463,False
rs12158565,114,240,-0.117384,0.04924,False
rs12158565,114,241,-0.120511,0.0443658,False
rs12158565,114,242,-0.115403,0.0556321,False
rs12158565,114,243,-0.123465,0.0417701,False
rs12158565,114,244,-0.114204,0.0614445,False
rs12158565,114,245,-0.117756,0.0553636,False
rs12158565,114,246,-0.10685,0.0844684,False
rs12158565,114,247,-0.108261,0.0835895,False
rs12158565,114,248,-0.106816,0.0913247,False
rs12158565,114,249,-0.10838,0.0904347,False
rs12158565,115,11,-0.0657046,0.0706154,False
rs12158565,115,12,-0.0597742,0.0968965,False
rs12158565,115,13,-0.0852514,0.0167728,False
rs12158565,115,14,-0.0801167,0.0233564,False
rs12158565,115,15,-0.0612577,0.0807215,False
rs12158565,115,16,-0.0655118,0.060367,False
rs12158565,115,17,-0.0755901,0.0294941,False
rs12158565,115,18,-0.0698514,0.0432546,False
rs12158565,115,19,-0.0651066,0.0593452,False
rs12158565,115,20,-0.0684652,0.046565,False
rs12158565,115,21,-0.0868404,0.0114363,False
rs12158565,115,22,-0.0759221,0.0268515,False
rs12158565,115,23,-0.0696754,0.0413798,False
rs12158565,115,24,-0.0826223,0.0152459,False
rs12158565,115,25,-0.0754803,0.0264783,False
rs12158565,115,26,-0.100722,0.00298316,False
rs12158565,115,27,-0.0732539,0.0308538,False
rs12158565,115,28,-0.0826639,0.0147544,False
rs12158565,115,29,-0.0910969,0.00710665,False
rs12158565,115,30,-0.0874218,0.00978877,False
rs12158565,115,31,-0.0917436,0.00667243,False
rs12158565,115,32,-0.0915324,0.00685307,False
rs12158565,115,33,-0.109105,0.00126815,False
rs12158565,115,34,-0.105406,0.00185312,False
rs12158565,115,35,-0.104664,0.00198976,False
rs12158565,115,36,-0.10294,0.0024102,False
rs12158565,115,37,-0.103046,0.00241403,False
rs12158565,115,38,-0.0993779,0.00340085,False
rs12158565,115,39,-0.111365,0.00107649,False
rs12158565,115,40,-0.103218,0.00248096,False
rs12158565,115,41,-0.108517,0.00148283,False
rs12158565,115,42,-0.108743,0.00148794,False
rs12158565,115,43,-0.115137,0.000790114,False
rs12158565,115,44,-0.103963,0.0024475,False
rs12158565,115,45,-0.115917,0.000754498,False
rs12158565,115,46,-0.115758,0.000780356,False
rs12158565,115,47,-0.0988851,0.00421383,False
rs12158565,115,48,-0.113191,0.00105858,False
rs12158565,115,49,-0.0995616,0.00416415,False
rs12158565,115,50,-0.102987,0.00305575,False
rs12158565,115,51,-0.0999409,0.00413172,False
rs12158565,115,52,-0.106918,0.00219513,False
rs12158565,115,53,-0.0928832,0.00784114,False
rs12158565,115,54,-0.0828544,0.0180265,False
rs12158565,115,55,-0.106517,0.00242255,False
rs12158565,115,56,-0.0917964,0.00896331,False
rs12158565,115,57,-0.109011,0.00198697,False
rs12158565,115,58,-0.11312,0.00140246,False
rs12158565,115,59,-0.101934,0.00404905,False
rs12158565,115,60,-0.0930365,0.0089156,False
rs12158565,115,61,-0.0966014,0.00679889,False
rs12158565,115,62,-0.100249,0.00507388,False
rs12158565,115,63,-0.10691,0.00282793,False
rs12158565,115,64,-0.113454,0.00162071,False
rs12158565,115,65,-0.0985819,0.0063546,False
rs12158565,115,66,-0.111846,0.00201744,False
rs12158565,115,67,-0.119083,0.00103572,False
rs12158565,115,68,-0.108507,0.00291295,False
rs12158565,115,69,-0.100627,0.00591725,False
rs12158565,115,70,-0.102694,0.00511493,False
rs12158565,115,71,-0.110862,0.00255702,False
rs12158565,115,72,-0.118524,0.00128419,False
rs12158565,115,73,-0.111579,0.00256393,False
rs12158565,115,74,-0.102656,0.00562922,False
rs12158565,115,75,-0.102107,0.00606134,False
rs12158565,115,76,-0.0999194,0.00753313,False
rs12158565,115,77,-0.118708,0.00154128,False
rs12158565,115,78,-0.0989215,0.00856096,False
rs12158565,115,79,-0.0883326,0.0193809,False
rs12158565,115,80,-0.0831915,0.0278906,False
rs12158565,115,81,-0.0941941,0.013241,False
rs12158565,115,82,-0.092189,0.0159311,False
rs12158565,115,83,-0.0995769,0.00930811,False
rs12158565,115,84,-0.0924837,0.0158679,False
rs12158565,115,85,-0.0927348,0.0158802,False
rs12158565,115,86,-0.0957239,0.013112,False
rs12158565,115,87,-0.112559,0.00366424,False
rs12158565,115,88,-0.118312,0.00227888,False
rs12158565,115,89,-0.102215,0.00857791,False
rs12158565,115,90,-0.0984299,0.0116156,False
rs12158565,115,91,-0.104468,0.00753669,False
rs12158565,115,92,-0.108192,0.00573008,False
rs12158565,115,93,-0.110728,0.00483335,False
rs12158565,115,94,-0.103391,0.00863874,False
rs12158565,115,95,-0.0992696,0.0117835,False
rs12158565,115,96,-0.0889804,0.0244038,False
rs12158565,115,97,-0.0915951,0.0207864,False
rs12158565,115,98,-0.100188,0.0115884,False
rs12158565,115,99,-0.093413,0.0190863,False
rs12158565,115,100,-0.103577,0.00950266,False
rs12158565,115,101,-0.101907,0.0109425,False
rs12158565,115,102,-0.108112,0.0069866,False
rs12158565,115,103,-0.100148,0.0126713,False
rs12158565,115,104,-0.104311,0.00961405,False
rs12158565,115,105,-0.113939,0.00474772,False
rs12158565,115,106,-0.114088,0.00476055,False
rs12158565,115,107,-0.107397,0.00804517,False
rs12158565,115,108,-0.113144,0.00522118,False
rs12158565,115,109,-0.116908,0.00398772,False
rs12158565,115,110,-0.124769,0.00215671,False
rs12158565,115,111,-0.12226,0.00275272,False
rs12158565,115,112,-0.112984,0.00566004,False
rs12158565,115,113,-0.111971,0.00622205,False
rs12158565,115,114,-0.120337,0.00334847,False
rs12158565,115,115,-0.121688,0.00311349,False
rs12158565,115,116,-0.125418,0.00233025,False
rs12158565,115,117,-0.122975,0.00290391,False
rs12158565,115,118,-0.131226,0.00150932,False
rs12158565,115,119,-0.135606,0.00106278,False
rs12158565,115,120,-0.144274,0.00051336,False
rs12158565,115,121,-0.13787,0.000922575,False
rs12158565,115,122,-0.143605,0.000561456,False
rs12158565,115,123,-0.150672,0.000309333,False
rs12158565,115,124,-0.133453,0.0014182,False
rs12158565,115,125,-0.138349,0.000950749,False
rs12158565,115,126,-0.141136,0.000764386,False
rs12158565,115,127,-0.122785,0.00346954,False
rs12158565,115,128,-0.127867,0.00238373,False
rs12158565,115,129,-0.129391,0.00213155,False
rs12158565,115,130,-0.131669,0.00180729,False
rs12158565,115,131,-0.120492,0.00437695,False
rs12158565,115,132,-0.125377,0.00307262,False
rs12158565,115,133,-0.128508,0.00244383,False
rs12158565,115,134,-0.135335,0.00145039,False
rs12158565,115,135,-0.131712,0.0019593,False
rs12158565,115,136,-0.133346,0.00174973,False
rs12158565,115,137,-0.139604,0.00107981,False
rs12158565,115,138,-0.130669,0.00227772,False
rs12158565,115,139,-0.130857,0.00225199,False
rs12158565,115,140,-0.14317,0.000850962,False
rs12158565,115,141,-0.143731,0.000826812,False
rs12158565,115,142,-0.151658,0.000435646,False
rs12158565,115,143,-0.142878,0.000938363,False
rs12158565,115,144,-0.141755,0.00103501,False
rs12158565,115,145,-0.136941,0.00156082,False
rs12158565,115,146,-0.135377,0.0018158,False
rs12158565,115,147,-0.135566,0.00182684,False
rs12158565,115,148,-0.138329,0.0015119,False
rs12158565,115,149,-0.135828,0.00189628,False
rs12158565,115,150,-0.136227,0.00189375,False
rs12158565,115,151,-0.137362,0.00177878,False
rs12158565,115,152,-0.145329,0.000967855,False
rs12158565,115,153,-0.135653,0.00212835,False
rs12158565,115,154,-0.141714,0.00136225,False
rs12158565,115,155,-0.136808,0.00207813,False
rs12158565,115,156,-0.133744,0.00273112,False
rs12158565,115,157,-0.132156,0.00317376,False
rs12158565,115,158,-0.133598,0.00295021,False
rs12158565,115,159,-0.134038,0.00293987,False
rs12158565,115,160,-0.143509,0.00152742,False
rs12158565,115,161,-0.160613,0.000411382,False
rs12158565,115,162,-0.157712,0.000551531,False
rs12158565,115,163,-0.163138,0.000375683,False
rs12158565,115,164,-0.147631,0.00136571,False
rs12158565,115,165,-0.14413,0.00185842,False
rs12158565,115,166,-0.150449,0.00122051,False
rs12158565,115,167,-0.150948,0.00125246,False
rs12158565,115,168,-0.141551,0.00265801,False
rs12158565,115,169,-0.14258,0.00258656,False
rs12158565,115,170,-0.142312,0.00279671,False
rs12158565,115,171,-0.148239,0.00196314,False
rs12158565,115,172,-0.150475,0.00178201,False
rs12158565,115,173,-0.148457,0.00220009,False
rs12158565,115,174,-0.153742,0.00163397,False
rs12158565,115,175,-0.16029,0.00111719,False
rs12158565,115,176,-0.149262,0.00255881,False
rs12158565,115,177,-0.163369,0.0010423,False
rs12158565,115,178,-0.151206,0.00261238,False
rs12158565,115,179,-0.153816,0.00232848,False
rs12158565,115,180,-0.148481,0.00347461,False
rs12158565,115,181,-0.151877,0.00299761,False
rs12158565,115,182,-0.167267,0.00118316,False
rs12158565,115,183,-0.159367,0.0021546,False
rs12158565,115,184,-0.167735,0.00134129,False
rs12158565,115,185,-0.174289,0.000944193,False
rs12158565,115,186,-0.16996,0.00136025,False
rs12158565,115,187,-0.178847,0.000824133,False
rs12158565,115,188,-0.175212,0.00115478,False
rs12158565,115,189,-0.183263,0.000722369,False
rs12158565,115,190,-0.188878,0.000539283,False
rs12158565,115,191,-0.187538,0.000645951,False
rs12158565,115,192,-0.19887,0.000320122,False
rs12158565,115,193,-0.200299,0.000313875,False
rs12158565,115,194,-0.202094,0.000305766,False
rs12158565,115,195,-0.205227,0.000262353,False
rs12158565,115,196,-0.213613,0.000156647,False
rs12158565,115,197,-0.206197,0.000280692,False
rs12158565,115,198,-0.202107,0.000395751,False
rs12158565,115,199,-0.216371,0.000159932,False
rs12158565,115,200,-0.208109,0.000299896,False
rs12158565,115,201,-0.209228,0.000291856,False
rs12158565,115,202,-0.221268,0.000132832,False
rs12158565,115,203,-0.220064,0.000152029,False
rs12158565,115,204,-0.213943,0.000237815,False
rs12158565,115,205,-0.212882,0.000267767,False
rs12158565,115,206,-0.215756,0.000225933,False
rs12158565,115,207,-0.215099,0.000238993,False
rs12158565,115,208,-0.22032,0.000171068,False
rs12158565,115,209,-0.205532,0.000455448,False
rs12158565,115,210,-0.203198,0.000541857,False
rs12158565,115,211,-0.200529,0.00064033,False
rs12158565,115,212,-0.209467,0.000361578,False
rs12158565,115,213,-0.211698,0.000314184,False
rs12158565,115,214,-0.194143,0.000942404,False
rs12158565,115,215,-0.182864,0.00185798,False
rs12158565,115,216,-0.18194,0.00194171,False
rs12158565,115,217,-0.179777,0.00219373,False
rs12158565,115,218,-0.171238,0.0034949,False
rs12158565,115,219,-0.163025,0.00537644,False
rs12158565,115,220,-0.173117,0.00309933,False
rs12158565,115,221,-0.168618,0.00398994,False
rs12158565,115,222,-0.169316,0.00378835,False
rs12158565,115,223,-0.15597,0.00766976,False
rs12158565,115,224,-0.160767,0.00587369,False
rs12158565,115,225,-0.15228,0.00913424,False
rs12158565,115,226,-0.158918,0.00652308,False
rs12158565,115,227,-0.152904,0.00881592,False
rs12158565,115,228,-0.147421,0.0115327,False
rs12158565,115,229,-0.163998,0.0049666,False
rs12158565,115,230,-0.163093,0.0052668,False
rs12158565,115,231,-0.140664,0.0161177,False
rs12158565,115,232,-0.147814,0.0115768,False
rs12158565,115,233,-0.139627,0.0171947,False
rs12158565,115,234,-0.138683,0.0181911,False
rs12158565,115,235,-0.129912,0.0274576,False
rs12158565,115,236,-0.148822,0.011923,False
rs12158565,115,237,-0.130028,0.0282489,False
rs12158565,115,238,-0.117545,0.0481946,False
rs12158565,115,239,-0.141068,0.0181423,False
rs12158565,115,240,-0.126203,0.0355564,False
rs12158565,115,241,-0.121919,0.043242,False
rs12158565,115,242,-0.113466,0.0615694,False
rs12158565,115,243,-0.113182,0.0637334,False
rs12158565,115,244,-0.110973,0.0708994,False
rs12158565,115,245,-0.109891,0.0762176,False
rs12158565,115,246,-0.123993,0.0473517,False
rs12158565,115,247,-0.123775,0.0496115,False
rs12158565,115,248,-0.118325,0.0634256,False
rs12158565,115,249,-0.103281,0.10923,False
rs12158565,116,13,-0.0672877,0.062172,False
rs12158565,116,14,-0.0770852,0.0308982,False
rs12158565,116,15,-0.0681458,0.0549121,False
rs12158565,116,16,-0.0573611,0.103769,False
rs12158565,116,17,-0.0832794,0.017553,False
rs12158565,116,18,-0.0758211,0.029825,False
rs12158565,116,19,-0.0610891,0.0786601,False
rs12158565,116,20,-0.0750093,0.0301761,False
rs12158565,116,21,-0.0789126,0.0226958,False
rs12158565,116,22,-0.0720516,0.0366336,False
rs12158565,116,23,-0.0773877,0.0241636,False
rs12158565,116,24,-0.0844735,0.0138231,False
rs12158565,116,25,-0.087214,0.0107634,False
rs12158565,116,26,-0.0920035,0.00697315,False
rs12158565,116,27,-0.0794851,0.0195995,False
rs12158565,116,28,-0.0771334,0.0235191,False
rs12158565,116,29,-0.0989428,0.00359725,False
rs12158565,116,30,-0.0911092,0.00738663,False
rs12158565,116,31,-0.0917445,0.00688447,False
rs12158565,116,32,-0.107507,0.00154208,False
rs12158565,116,33,-0.0974447,0.00414209,False
rs12158565,116,34,-0.109381,0.00131295,False
rs12158565,116,35,-0.121934,0.00034417,False
rs12158565,116,36,-0.10374,0.00229919,False
rs12158565,116,37,-0.114026,0.000803835,False
rs12158565,116,38,-0.104523,0.00221585,False
rs12158565,116,39,-0.113928,0.000836941,False
rs12158565,116,40,-0.121732,0.000367179,False
rs12158565,116,41,-0.115456,0.000744059,False
rs12158565,116,42,-0.11523,0.000784611,False
rs12158565,116,43,-0.111421,0.00118206,False
rs12158565,116,44,-0.117151,0.000648605,False
rs12158565,116,45,-0.115601,0.000791559,False
rs12158565,116,46,-0.117252,0.000678977,False
rs12158565,116,47,-0.114083,0.000962394,False
rs12158565,116,48,-0.116928,0.000740186,False
rs12158565,116,49,-0.107159,0.00202359,False
rs12158565,116,50,-0.111265,0.00138605,False
rs12158565,116,51,-0.110823,0.00147447,False
rs12158565,116,52,-0.114422,0.0010651,False
rs12158565,116,53,-0.116556,0.000880032,False
rs12158565,116,54,-0.106216,0.00257131,False
rs12158565,116,55,-0.109089,0.00195459,False
rs12158565,116,56,-0.105228,0.00285856,False
rs12158565,116,57,-0.113135,0.00143105,False
rs12158565,116,58,-0.112077,0.00161103,False
rs12158565,116,59,-0.110625,0.00194196,False
rs12158565,116,60,-0.104125,0.00359267,False
rs12158565,116,61,-0.108851,0.00237234,False
rs12158565,116,62,-0.110717,0.002062,False
rs12158565,116,63,-0.109711,0.00232299,False
rs12158565,116,64,-0.113693,0.0016451,False
rs12158565,116,65,-0.11217,0.00193736,False
rs12158565,116,66,-0.115299,0.00151303,False
rs12158565,116,67,-0.111242,0.00225966,False
rs12158565,116,68,-0.113262,0.00190966,False
rs12158565,116,69,-0.114839,0.00172097,False
rs12158565,116,70,-0.117337,0.0014327,False
rs12158565,116,71,-0.119405,0.00120374,False
rs12158565,116,72,-0.110415,0.00279967,False
rs12158565,116,73,-0.121052,0.00108934,False
rs12158565,116,74,-0.116688,0.00168003,False
rs12158565,116,75,-0.126417,0.000703606,False
rs12158565,116,76,-0.114991,0.00212794,False
rs12158565,116,77,-0.103435,0.00584883,False
rs12158565,116,78,-0.11124,0.00309308,False
rs12158565,116,79,-0.116216,0.00208232,False
rs12158565,116,80,-0.117166,0.00197732,False
rs12158565,116,81,-0.101204,0.00768652,False
rs12158565,116,82,-0.108153,0.0045605,False
rs12158565,116,83,-0.113262,0.00304092,False
rs12158565,116,84,-0.120183,0.00169858,False
rs12158565,116,85,-0.110687,0.00398677,False
rs12158565,116,86,-0.11422,0.00305206,False
rs12158565,116,87,-0.125577,0.00114535,False
rs12158565,116,88,-0.13046,0.000758541,False
rs12158565,116,89,-0.128104,0.000980328,False
rs12158565,116,90,-0.130635,0.00081265,False
rs12158565,116,91,-0.132516,0.000704312,False
rs12158565,116,92,-0.121388,0.00196389,False
rs12158565,116,93,-0.120985,0.00207271,False
rs12158565,116,94,-0.128242,0.0011205,False
rs12158565,116,95,-0.119249,0.00254434,False
rs12158565,116,96,-0.118574,0.00273866,False
rs12158565,116,97,-0.119501,0.00259676,False
rs12158565,116,98,-0.113996,0.00414897,False
rs12158565,116,99,-0.110324,0.00571599,False
rs12158565,116,100,-0.112735,0.00481356,False
rs12158565,116,101,-0.115656,0.00385894,False
rs12158565,116,102,-0.116008,0.00384685,False
rs12158565,116,103,-0.102112,0.0110091,False
rs12158565,116,104,-0.102607,0.0110742,False
rs12158565,116,105,-0.117722,0.00360111,False
rs12158565,116,106,-0.109129,0.00712267,False
rs12158565,116,107,-0.105677,0.00931336,False
rs12158565,116,108,-0.111002,0.00636138,False
rs12158565,116,109,-0.119483,0.00336951,False
rs12158565,116,110,-0.112291,0.005955,False
rs12158565,116,111,-0.113916,0.00540184,False
rs12158565,116,112,-0.110708,0.0070072,False
rs12158565,116,113,-0.101853,0.0132698,False
rs12158565,116,114,-0.0982045,0.0172269,False
rs12158565,116,115,-0.117889,0.00435596,False
rs12158565,116,116,-0.131515,0.0014853,False
rs12158565,116,117,-0.123889,0.00280381,False
rs12158565,116,118,-0.126257,0.00235529,False
rs12158565,116,119,-0.124798,0.00270185,False
rs12158565,116,120,-0.123071,0.00314169,False
rs12158565,116,121,-0.130789,0.00172219,False
rs12158565,116,122,-0.131642,0.00164209,False
rs12158565,116,123,-0.138427,0.000960103,False
rs12158565,116,124,-0.132801,0.00156027,False
rs12158565,116,125,-0.132533,0.00162073,False
rs12158565,116,126,-0.134284,0.0014332,False
rs12158565,116,127,-0.123668,0.00334122,False
rs12158565,116,128,-0.124989,0.00309891,False
rs12158565,116,129,-0.122948,0.00373046,False
rs12158565,116,130,-0.131677,0.00194891,False
rs12158565,116,131,-0.131102,0.00208729,False
rs12158565,116,132,-0.122444,0.00407967,False
rs12158565,116,133,-0.124052,0.00363031,False
rs12158565,116,134,-0.123993,0.00371112,False
rs12158565,116,135,-0.123448,0.00395293,False
rs12158565,116,136,-0.119996,0.00517115,False
rs12158565,116,137,-0.130433,0.00237705,False
rs12158565,116,138,-0.111944,0.00920432,False
rs12158565,116,139,-0.111841,0.00951481,False
rs12158565,116,140,-0.116997,0.00684087,False
rs12158565,116,141,-0.12909,0.00285183,False
rs12158565,116,142,-0.12818,0.00313431,False
rs12158565,116,143,-0.130357,0.00269898,False
rs12158565,116,144,-0.118773,0.00638315,False
rs12158565,116,145,-0.12637,0.00380489,False
rs12158565,116,146,-0.138008,0.00161198,False
rs12158565,116,147,-0.136118,0.00190731,False
rs12158565,116,148,-0.140641,0.00137947,False
rs12158565,116,149,-0.144747,0.00102847,False
rs12158565,116,150,-0.148404,0.000789185,False
rs12158565,116,151,-0.15338,0.000533828,False
rs12158565,116,152,-0.146182,0.00101302,False
rs12158565,116,153,-0.14388,0.00125983,False
rs12158565,116,154,-0.14563,0.00113418,False
rs12158565,116,155,-0.154527,0.000580519,False
rs12158565,116,156,-0.159852,0.000392797,False
rs12158565,116,157,-0.15543,0.00059512,False
rs12158565,116,158,-0.153194,0.000751528,False
rs12158565,116,159,-0.156398,0.000599391,False
rs12158565,116,160,-0.154736,0.000735068,False
rs12158565,116,161,-0.149261,0.00118936,False
rs12158565,116,162,-0.14727,0.00145287,False
rs12158565,116,163,-0.150242,0.00123359,False
rs12158565,116,164,-0.163626,0.000469563,False
rs12158565,116,165,-0.163805,0.000498598,False
rs12158565,116,166,-0.173621,0.000240787,False
rs12158565,116,167,-0.155285,0.00108973,False
rs12158565,116,168,-0.159931,0.000830314,False
rs12158565,116,169,-0.177008,0.00023188,False
rs12158565,116,170,-0.179716,0.000202928,False
rs12158565,116,171,-0.178401,0.00024308,False
rs12158565,116,172,-0.177307,0.000291187,False
rs12158565,116,173,-0.178267,0.00029643,False
rs12158565,116,174,-0.18223,0.000237451,False
rs12158565,116,175,-0.172639,0.000542704,False
rs12158565,116,176,-0.16979,0.000719688,False
rs12158565,116,177,-0.18088,0.000344687,False
rs12158565,116,178,-0.174477,0.000613381,False
rs12158565,116,179,-0.170063,0.000891933,False
rs12158565,116,180,-0.172589,0.000825172,False
rs12158565,116,181,-0.182175,0.000462749,False
rs12158565,116,182,-0.176075,0.000772945,False
rs12158565,116,183,-0.168093,0.00144116,False
rs12158565,116,184,-0.183831,0.000538941,False
rs12158565,116,185,-0.194975,0.000265769,False
rs12158565,116,186,-0.189538,0.000430219,False
rs12158565,116,187,-0.196624,0.000284279,False
rs12158565,116,188,-0.192953,0.000407205,False
rs12158565,116,189,-0.197808,0.00031251,False
rs12158565,116,190,-0.19369,0.000454321,False
rs12158565,116,191,-0.200616,0.000305039,False
rs12158565,116,192,-0.202133,0.000294306,False
rs12158565,116,193,-0.199019,0.000397574,False
rs12158565,116,194,-0.218475,0.000109194,False
rs12158565,116,195,-0.211409,0.000193308,False
rs12158565,116,196,-0.199507,0.000465441,False
rs12158565,116,197,-0.199311,0.000490206,False
rs12158565,116,198,-0.207048,0.000304002,False
rs12158565,116,199,-0.209586,0.00027276,False
rs12158565,116,200,-0.199866,0.00054497,False
rs12158565,116,201,-0.205142,0.000405743,False
rs12158565,116,202,-0.193083,0.000896483,False
rs12158565,116,203,-0.202356,0.000514049,False
rs12158565,116,204,-0.207055,0.000382674,False
rs12158565,116,205,-0.210654,0.000309124,False
rs12158565,116,206,-0.21689,0.000211686,False
rs12158565,116,207,-0.195916,0.000824347,False
rs12158565,116,208,-0.19832,0.000728033,False
rs12158565,116,209,-0.180685,0.00209736,False
rs12158565,116,210,-0.180697,0.0020813,False
rs12158565,116,211,-0.187632,0.00139127,False
rs12158565,116,212,-0.195082,0.000887803,False
rs12158565,116,213,-0.191016,0.0011341,False
rs12158565,116,214,-0.183278,0.00179172,False
rs12158565,116,215,-0.179669,0.00217825,False
rs12158565,116,216,-0.179603,0.00219989,False
rs12158565,116,217,-0.169405,0.00383774,False
rs12158565,116,218,-0.176443,0.00260626,False
rs12158565,116,219,-0.173315,0.00310028,False
rs12158565,116,220,-0.175201,0.00275388,False
rs12158565,116,221,-0.167931,0.00405421,False
rs12158565,116,222,-0.165859,0.0045195,False
rs12158565,116,223,-0.15441,0.00824194,False
rs12158565,116,224,-0.153674,0.00854059,False
rs12158565,116,225,-0.162325,0.00546492,False
rs12158565,116,226,-0.154119,0.00831306,False
rs12158565,116,227,-0.150152,0.0101978,False
rs12158565,116,228,-0.153676,0.00857597,False
rs12158565,116,229,-0.149369,0.0107063,False
rs12158565,116,230,-0.153091,0.00894173,False
rs12158565,116,231,-0.136206,0.0202457,False
rs12158565,116,232,-0.151662,0.00989091,False
rs12158565,116,233,-0.146996,0.0126063,False
rs12158565,116,234,-0.145638,0.0137053,False
rs12158565,116,235,-0.144657,0.0146592,False
rs12158565,116,236,-0.145686,0.0142676,False
rs12158565,116,237,-0.141342,0.0180418,False
rs12158565,116,238,-0.145185,0.015445,False
rs12158565,116,239,-0.148953,0.0133548,False
rs12158565,116,240,-0.140833,0.0199453,False
rs12158565,116,241,-0.136896,0.0245735,False
rs12158565,116,242,-0.131292,0.0319861,False
rs12158565,116,243,-0.131126,0.0332911,False
rs12158565,116,244,-0.132384,0.0330159,False
rs12158565,116,245,-0.125072,0.0457001,False
rs12158565,116,246,-0.128095,0.0426745,False
rs12158565,116,247,-0.109565,0.0860281,False
rs12158565,116,248,-0.105875,0.100842,False
rs12158565,117,16,-0.0652035,0.0669794,False
rs12158565,117,17,-0.0664502,0.0600608,False
rs12158565,117,18,-0.0767592,0.0293908,False
rs12158565,117,19,-0.0704785,0.0436447,False
rs12158565,117,20,-0.0875982,0.012117,False
rs12158565,117,21,-0.080731,0.0200374,False
rs12158565,117,22,-0.0899079,0.00942722,False
rs12158565,117,23,-0.0950422,0.00586497,False
rs12158565,117,24,-0.0736668,0.0323273,False
rs12158565,117,25,-0.0850781,0.013278,False
rs12158565,117,26,-0.0942711,0.00597077,False
rs12158565,117,27,-0.0899103,0.00868453,False
rs12158565,117,28,-0.0960939,0.00497773,False
rs12158565,117,29,-0.0765732,0.0250567,False
rs12158565,117,30,-0.0921498,0.00705648,False
rs12158565,117,31,-0.097634,0.00428131,False
rs12158565,117,32,-0.0889129,0.00930224,False
rs12158565,117,33,-0.100943,0.00311327,False
rs12158565,117,34,-0.106513,0.00188652,False
rs12158565,117,35,-0.094446,0.00577632,False
rs12158565,117,36,-0.108378,0.00155291,False
rs12158565,117,37,-0.115825,0.000731003,False
rs12158565,117,38,-0.102556,0.00281003,False
rs12158565,117,39,-0.105983,0.002051,False
rs12158565,117,40,-0.117543,0.000626662,False
rs12158565,117,41,-0.112645,0.00107999,False
rs12158565,117,42,-0.111303,0.00125149,False
rs12158565,117,43,-0.101821,0.00323182,False
rs12158565,117,44,-0.09782,0.00471368,False
rs12158565,117,45,-0.113768,0.00101117,False
rs12158565,117,46,-0.103903,0.00278377,False
rs12158565,117,47,-0.108967,0.00170757,False
rs12158565,117,48,-0.100583,0.00391185,False
rs12158565,117,49,-0.0973862,0.00522935,False
rs12158565,117,50,-0.106166,0.00241115,False
rs12158565,117,51,-0.10887,0.00188331,False
rs12158565,117,52,-0.0927803,0.00820711,False
rs12158565,117,53,-0.0914115,0.00946987,False
rs12158565,117,54,-0.0875182,0.0130444,False
rs12158565,117,55,-0.105843,0.00274102,False
rs12158565,117,56,-0.0987059,0.00538743,False
rs12158565,117,57,-0.0997888,0.00499338,False
rs12158565,117,58,-0.104165,0.00345378,False
rs12158565,117,59,-0.103385,0.00377329,False
rs12158565,117,60,-0.0964472,0.0070997,False
rs12158565,117,61,-0.102553,0.00430454,False
rs12158565,117,62,-0.104438,0.00368205,False
rs12158565,117,63,-0.107776,0.00281861,False
rs12158565,117,64,-0.119083,0.00100986,False
rs12158565,117,65,-0.117153,0.00126336,False
rs12158565,117,66,-0.117868,0.00122404,False
rs12158565,117,67,-0.120499,0.000968245,False
rs12158565,117,68,-0.1235,0.000752304,False
rs12158565,117,69,-0.114376,0.00183933,False
rs12158565,117,70,-0.108445,0.00320587,False
rs12158565,117,71,-0.107839,0.00350416,False
rs12158565,117,72,-0.109181,0.00318895,False
rs12158565,117,73,-0.128689,0.000529413,False
rs12158565,117,74,-0.121414,0.00113512,False
rs12158565,117,75,-0.11344,0.00242655,False
rs12158565,117,76,-0.11161,0.00296553,False
rs12158565,117,77,-0.103794,0.00584843,False
rs12158565,117,78,-0.1219,0.00124393,False
rs12158565,117,79,-0.1183,0.00177752,False
rs12158565,117,80,-0.121195,0.00143411,False
rs12158565,117,81,-0.105952,0.00544714,False
rs12158565,117,82,-0.118772,0.00189021,False
rs12158565,117,83,-0.116018,0.00246801,False
rs12158565,117,84,-0.11485,0.00281101,False
rs12158565,117,85,-0.116774,0.00249604,False
rs12158565,117,86,-0.110592,0.00424226,False
rs12158565,117,87,-0.121647,0.00169336,False
rs12158565,117,88,-0.12933,0.000892338,False
rs12158565,117,89,-0.119316,0.00220357,False
rs12158565,117,90,-0.108119,0.00570358,False
rs12158565,117,91,-0.114945,0.00336804,False
rs12158565,117,92,-0.127071,0.00121479,False
rs12158565,117,93,-0.12518,0.00148521,False
rs12158565,117,94,-0.119088,0.00258158,False
rs12158565,117,95,-0.109669,0.00569725,False
rs12158565,117,96,-0.122024,0.0021369,False
rs12158565,117,97,-0.123632,0.00189776,False
rs12158565,117,98,-0.131117,0.0010037,False
rs12158565,117,99,-0.128761,0.00128287,False
rs12158565,117,100,-0.119239,0.00292736,False
rs12158565,117,101,-0.116993,0.00356891,False
rs12158565,117,102,-0.115889,0.00394179,False
rs12158565,117,103,-0.116254,0.00387968,False
rs12158565,117,104,-0.107588,0.00780883,False
rs12158565,117,105,-0.120886,0.00284875,False
rs12158565,117,106,-0.116082,0.00424763,False
rs12158565,117,107,-0.121943,0.00270457,False
rs12158565,117,108,-0.117351,0.00404175,False
rs12158565,117,109,-0.124721,0.00230341,False
rs12158565,117,110,-0.126031,0.00210359,False
rs12158565,117,111,-0.127638,0.00191438,False
rs12158565,117,112,-0.133571,0.00118164,False
rs12158565,117,113,-0.131676,0.00144308,False
rs12158565,117,114,-0.123766,0.00284672,False
rs12158565,117,115,-0.116851,0.0049456,False
rs12158565,117,116,-0.116051,0.00533903,False
rs12158565,117,117,-0.12547,0.00264966,False
rs12158565,117,118,-0.123816,0.00305093,False
rs12158565,117,119,-0.124939,0.00286894,False
rs12158565,117,120,-0.124349,0.00304471,False
rs12158565,117,121,-0.130225,0.00193592,False
rs12158565,117,122,-0.135879,0.00124363,False
rs12158565,117,123,-0.133643,0.0015369,False
rs12158565,117,124,-0.133469,0.0016051,False
rs12158565,117,125,-0.142258,0.000792639,False
rs12158565,117,126,-0.139174,0.0010412,False
rs12158565,117,127,-0.145166,0.000646819,False
rs12158565,117,128,-0.147424,0.000544769,False
rs12158565,117,129,-0.147485,0.00054099,False
rs12158565,117,130,-0.139715,0.00108284,False
rs12158565,117,131,-0.135668,0.00152894,False
rs12158565,117,132,-0.129518,0.00255338,False
rs12158565,117,133,-0.122782,0.00432881,False
rs12158565,117,134,-0.130617,0.00245633,False
rs12158565,117,135,-0.131823,0.0022523,False
rs12158565,117,136,-0.126042,0.00355981,False
rs12158565,117,137,-0.132843,0.00218272,False
rs12158565,117,138,-0.138243,0.00144632,False
rs12158565,117,139,-0.139458,0.00134207,False
rs12158565,117,140,-0.14202,0.00111981,False
rs12158565,117,141,-0.14031,0.00131215,False
rs12158565,117,142,-0.145391,0.000900579,False
rs12158565,117,143,-0.139182,0.00151822,False
rs12158565,117,144,-0.13789,0.0016931,False
rs12158565,117,145,-0.1269,0.00401642,False
rs12158565,117,146,-0.134104,0.00240512,False
rs12158565,117,147,-0.134962,0.00232032,False
rs12158565,117,148,-0.139864,0.0016217,False
rs12158565,117,149,-0.143044,0.00132274,False
rs12158565,117,150,-0.13575,0.00238157,False
rs12158565,117,151,-0.136708,0.00229877,False
rs12158565,117,152,-0.143296,0.00144594,False
rs12158565,117,153,-0.140795,0.00181305,False
rs12158565,117,154,-0.134259,0.00303694,False
rs12158565,117,155,-0.136627,0.00264869,False
rs12158565,117,156,-0.14846,0.00113998,False
rs12158565,117,157,-0.141837,0.00194818,False
rs12158565,117,158,-0.1431,0.00184504,False
rs12158565,117,159,-0.141078,0.00225609,False
rs12158565,117,160,-0.145913,0.0016497,False
rs12158565,117,161,-0.149653,0.00131563,False
rs12158565,117,162,-0.141897,0.0024601,False
rs12158565,117,163,-0.14394,0.00222625,False
rs12158565,117,164,-0.145321,0.00213753,False
rs12158565,117,165,-0.150846,0.00153458,False
rs12158565,117,166,-0.156463,0.00107743,False
rs12158565,117,167,-0.158098,0.00104922,False
rs12158565,117,168,-0.158078,0.00112264,False
rs12158565,117,169,-0.155561,0.0014312,False
rs12158565,117,170,-0.158961,0.00120293,False
rs12158565,117,171,-0.166779,0.000743448,False
rs12158565,117,172,-0.161286,0.00119426,False
rs12158565,117,173,-0.163703,0.00107698,False
rs12158565,117,174,-0.161322,0.00135168,False
rs12158565,117,175,-0.15498,0.0022312,False
rs12158565,117,176,-0.15686,0.00211948,False
rs12158565,117,177,-0.150858,0.00329794,False
rs12158565,117,178,-0.149323,0.00387654,False
rs12158565,117,179,-0.168695,0.00118862,False
rs12158565,117,180,-0.15533,0.00303862,False
rs12158565,117,181,-0.173267,0.00103533,False
rs12158565,117,182,-0.175495,0.000969694,False
rs12158565,117,183,-0.171577,0.00134585,False
rs12158565,117,184,-0.172918,0.00131903,False
rs12158565,117,185,-0.186678,0.000568648,False
rs12158565,117,186,-0.187342,0.000592562,False
rs12158565,117,187,-0.186521,0.000682314,False
rs12158565,117,188,-0.197702,0.000345992,False
rs12158565,117,189,-0.2048,0.000229617,False
rs12158565,117,190,-0.204086,0.000257886,False
rs12158565,117,191,-0.191,0.000670834,False
rs12158565,117,192,-0.199538,0.000416453,False
rs12158565,117,193,-0.200006,0.000427487,False
rs12158565,117,194,-0.201284,0.000413288,False
rs12158565,117,195,-0.204934,0.000341805,False
rs12158565,117,196,-0.192696,0.000798897,False
rs12158565,117,197,-0.192901,0.000818197,False
rs12158565,117,198,-0.209482,0.000291968,False
rs12158565,117,199,-0.20079,0.000534283,False
rs12158565,117,200,-0.199983,0.00058968,False
rs12158565,117,201,-0.206395,0.000399835,False
rs12158565,117,202,-0.203444,0.000500255,False
rs12158565,117,203,-0.202795,0.000524241,False
rs12158565,117,204,-0.204205,0.000486064,False
rs12158565,117,205,-0.18906,0.00123353,False
rs12158565,117,206,-0.18992,0.00116751,False
rs12158565,117,207,-0.185307,0.00156587,False
rs12158565,117,208,-0.183366,0.00174425,False
rs12158565,117,209,-0.192753,0.00101458,False
rs12158565,117,210,-0.186279,0.00148034,False
rs12158565,117,211,-0.177535,0.00244289,False
rs12158565,117,212,-0.171474,0.00342565,False
rs12158565,117,213,-0.160916,0.00607667,False
rs12158565,117,214,-0.155406,0.00800702,False
rs12158565,117,215,-0.168906,0.00394481,False
rs12158565,117,216,-0.15608,0.00769126,False
rs12158565,117,217,-0.160136,0.00627898,False
rs12158565,117,218,-0.148584,0.0111874,False
rs12158565,117,219,-0.151033,0.00986124,False
rs12158565,117,220,-0.151117,0.00985055,False
rs12158565,117,221,-0.151669,0.00961087,False
rs12158565,117,222,-0.153455,0.00874544,False
rs12158565,117,223,-0.133523,0.0224456,False
rs12158565,117,224,-0.149964,0.010371,False
rs12158565,117,225,-0.153541,0.00868272,False
rs12158565,117,226,-0.149399,0.0107611,False
rs12158565,117,227,-0.138207,0.0183187,False
rs12158565,117,228,-0.14112,0.0161715,False
rs12158565,117,229,-0.141654,0.0158211,False
rs12158565,117,230,-0.13305,0.0236821,False
rs12158565,117,231,-0.143734,0.0147191,False
rs12158565,117,232,-0.148127,0.0123779,False
rs12158565,117,233,-0.131526,0.0264219,False
rs12158565,117,234,-0.125329,0.0350927,False
rs12158565,117,235,-0.121895,0.0412276,False
rs12158565,117,236,-0.125922,0.035759,False
rs12158565,117,237,-0.134864,0.0252271,False
rs12158565,117,238,-0.137217,0.0236269,False
rs12158565,117,239,-0.127969,0.0357076,False
rs12158565,117,240,-0.113415,0.0640653,False
rs12158565,117,241,-0.121737,0.0481978,False
rs12158565,117,242,-0.124607,0.0444209,False
rs12158565,117,243,-0.120139,0.0545788,False
rs12158565,117,244,-0.112431,0.0742671,False
rs12158565,117,245,-0.101076,0.111825,False
rs12158565,117,246,-0.0908998,0.156587,False
rs12158565,117,247,-0.0897893,0.166412,False
rs12158565,118,25,-0.0786439,0.0244857,False
rs12158565,118,26,-0.0916034,0.00870094,False
rs12158565,118,27,-0.0813485,0.0195504,False
rs12158565,118,28,-0.0860855,0.0133224,False
rs12158565,118,29,-0.0983182,0.00465853,False
rs12158565,118,30,-0.0959062,0.00576785,False
rs12158565,118,31,-0.0894057,0.0100411,False
rs12158565,118,32,-0.100996,0.00366249,False
rs12158565,118,33,-0.0923497,0.00789864,False
rs12158565,118,34,-0.100666,0.00374106,False
rs12158565,118,35,-0.108128,0.00184962,False
rs12158565,118,36,-0.0962285,0.00563014,False
rs12158565,118,37,-0.0957141,0.00589998,False
rs12158565,118,38,-0.114056,0.00101983,False
rs12158565,118,39,-0.100468,0.00380322,False
rs12158565,118,40,-0.10124,0.00356285,False
rs12158565,118,41,-0.101976,0.0033363,False
rs12158565,118,42,-0.10969,0.00163931,False
rs12158565,118,43,-0.108779,0.00184301,False
rs12158565,118,44,-0.10435,0.0027514,False
rs12158565,118,45,-0.100976,0.00377572,False
rs12158565,118,46,-0.114102,0.00108743,False
rs12158565,118,47,-0.105984,0.00247367,False
rs12158565,118,48,-0.100077,0.00437608,False
rs12158565,118,49,-0.101913,0.00373601,False
rs12158565,118,50,-0.107798,0.00217494,False
rs12158565,118,51,-0.0912371,0.00979194,False
rs12158565,118,52,-0.0967852,0.00617657,False
rs12158565,118,53,-0.0934427,0.00842211,False
rs12158565,118,54,-0.103346,0.00367169,False
rs12158565,118,55,-0.106668,0.00282218,False
rs12158565,118,56,-0.118631,0.000907383,False
rs12158565,118,57,-0.103051,0.00403533,False
rs12158565,118,58,-0.0980799,0.00638981,False
rs12158565,118,59,-0.104092,0.00390626,False
rs12158565,118,60,-0.106802,0.00314524,False
rs12158565,118,61,-0.101547,0.00510949,False
rs12158565,118,62,-0.108372,0.00288811,False
rs12158565,118,63,-0.104347,0.00427444,False
rs12158565,118,64,-0.108084,0.00312958,False
rs12158565,118,65,-0.108658,0.0030162,False
rs12158565,118,66,-0.112657,0.00218083,False
rs12158565,118,67,-0.0950213,0.00986785,False
rs12158565,118,68,-0.0981243,0.00785013,False
rs12158565,118,69,-0.0978515,0.00817272,False
rs12158565,118,70,-0.0927331,0.0124431,False
rs12158565,118,71,-0.0930834,0.0123293,False
rs12158565,118,72,-0.107242,0.00403193,False
rs12158565,118,73,-0.0936254,0.0124615,False
rs12158565,118,74,-0.0850618,0.0233523,False
rs12158565,118,75,-0.102052,0.00669576,False
rs12158565,118,76,-0.0980992,0.0093832,False
rs12158565,118,77,-0.0909304,0.0165735,False
rs12158565,118,78,-0.101806,0.00738936,False
rs12158565,118,79,-0.106753,0.00516927,False
rs12158565,118,80,-0.120325,0.00168503,False
rs12158565,118,81,-0.116667,0.00238988,False
rs12158565,118,82,-0.115479,0.00267561,False
rs12158565,118,83,-0.125962,0.00109499,False
rs12158565,118,84,-0.100832,0.00912599,False
rs12158565,118,85,-0.115937,0.002826,False
rs12158565,118,86,-0.119223,0.00220961,False
rs12158565,118,87,-0.111306,0.00437499,False
rs12158565,118,88,-0.112422,0.0040746,False
rs12158565,118,89,-0.121254,0.00200307,False
rs12158565,118,90,-0.113189,0.00399912,False
rs12158565,118,91,-0.127159,0.00125452,False
rs12158565,118,92,-0.13097,0.000932565,False
rs12158565,118,93,-0.137279,0.000540033,False
rs12158565,118,94,-0.118693,0.00281855,False
rs12158565,118,95,-0.127342,0.00139152,False
rs12158565,118,96,-0.131563,0.000990582,False
rs12158565,118,97,-0.122367,0.00225224,False
rs12158565,118,98,-0.126143,0.00165047,False
rs12158565,118,99,-0.119122,0.00307881,False
rs12158565,118,100,-0.111892,0.00541589,False
rs12158565,118,101,-0.122559,0.00241724,False
rs12158565,118,102,-0.131405,0.00116548,False
rs12158565,118,103,-0.13575,0.000830942,False
rs12158565,118,104,-0.135789,0.000848615,False
rs12158565,118,105,-0.138013,0.000712111,False
rs12158565,118,106,-0.127163,0.00186745,False
rs12158565,118,107,-0.122811,0.00275135,False
rs12158565,118,108,-0.126551,0.00206039,False
rs12158565,118,109,-0.124069,0.00257821,False
rs12158565,118,110,-0.117779,0.00437562,False
rs12158565,118,111,-0.117054,0.00474684,False
rs12158565,118,112,-0.118319,0.00440695,False
rs12158565,118,113,-0.118381,0.00457264,False
rs12158565,118,114,-0.121776,0.00361364,False
rs12158565,118,115,-0.125364,0.00283726,False
rs12158565,118,116,-0.127994,0.0023325,False
rs12158565,118,117,-0.124794,0.00304184,False
rs12158565,118,118,-0.122875,0.00362515,False
rs12158565,118,119,-0.122594,0.00369282,False
rs12158565,118,120,-0.113151,0.0075601,False
rs12158565,118,121,-0.122553,0.00387548,False
rs12158565,118,122,-0.122513,0.00395409,False
rs12158565,118,123,-0.129703,0.00234228,False
rs12158565,118,124,-0.127883,0.00277071,False
rs12158565,118,125,-0.124758,0.00352244,False
rs12158565,118,126,-0.121396,0.00462718,False
rs12158565,118,127,-0.126052,0.00334463,False
rs12158565,118,128,-0.134536,0.00176941,False
rs12158565,118,129,-0.12895,0.00276828,False
rs12158565,118,130,-0.138254,0.00136823,False
rs12158565,118,131,-0.135617,0.00171468,False
rs12158565,118,132,-0.126833,0.00350036,False
rs12158565,118,133,-0.131644,0.00246097,False
rs12158565,118,134,-0.132232,0.0023953,False
rs12158565,118,135,-0.137153,0.0016871,False
rs12158565,118,136,-0.136269,0.00185943,False
rs12158565,118,137,-0.137276,0.00174568,False
rs12158565,118,138,-0.139634,0.00150607,False
rs12158565,118,139,-0.140906,0.00140349,False
rs12158565,118,140,-0.1382,0.00177317,False
rs12158565,118,141,-0.136868,0.00202121,False
rs12158565,118,142,-0.136107,0.00219337,False
rs12158565,118,143,-0.134044,0.00263133,False
rs12158565,118,144,-0.138148,0.00197741,False
rs12158565,118,145,-0.149979,0.000806959,False
rs12158565,118,146,-0.138955,0.00194599,False
rs12158565,118,147,-0.150671,0.000801286,False
rs12158565,118,148,-0.154206,0.000616965,False
rs12158565,118,149,-0.147655,0.00109555,False
rs12158565,118,150,-0.143119,0.00158894,False
rs12158565,118,151,-0.143481,0.00160226,False
rs12158565,118,152,-0.147636,0.00120936,False
rs12158565,118,153,-0.138514,0.00247867,False
rs12158565,118,154,-0.150201,0.00108739,False
rs12158565,118,155,-0.146954,0.00144655,False
rs12158565,118,156,-0.154789,0.000824053,False
rs12158565,118,157,-0.151918,0.0010892,False
rs12158565,118,158,-0.155936,0.000855923,False
rs12158565,118,159,-0.170556,0.000280311,False
rs12158565,118,160,-0.170932,0.000291679,False
rs12158565,118,161,-0.173218,0.000262302,False
rs12158565,118,162,-0.168869,0.000407531,False
rs12158565,118,163,-0.178536,0.000200458,False
rs12158565,118,164,-0.175066,0.000289361,False
rs12158565,118,165,-0.176443,0.000281103,False
rs12158565,118,166,-0.16631,0.000663582,False
rs12158565,118,167,-0.161206,0.00104345,False
rs12158565,118,168,-0.169008,0.000634943,False
rs12158565,118,169,-0.165402,0.000893847,False
rs12158565,118,170,-0.173089,0.000540854,False
rs12158565,118,171,-0.179745,0.000354991,False
rs12158565,118,172,-0.167594,0.000940092,False
rs12158565,118,173,-0.181909,0.000364131,False
rs12158565,118,174,-0.178655,0.00049888,False
rs12158565,118,175,-0.171482,0.000892389,False
rs12158565,118,176,-0.181605,0.000474962,False
rs12158565,118,177,-0.181427,0.000518956,False
rs12158565,118,178,-0.177812,0.00073061,False
rs12158565,118,179,-0.183402,0.000530054,False
rs12158565,118,180,-0.189444,0.000380405,False
rs12158565,118,181,-0.192059,0.000341214,False
rs12158565,118,182,-0.199374,0.000217245,False
rs12158565,118,183,-0.20836,0.000122378,False
rs12158565,118,184,-0.193908,0.000382529,False
rs12158565,118,185,-0.204772,0.000192153,False
rs12158565,118,186,-0.210472,0.000141923,False
rs12158565,118,187,-0.199512,0.000338444,False
rs12158565,118,188,-0.194582,0.000510776,False
rs12158565,118,189,-0.210562,0.000182761,False
rs12158565,118,190,-0.205346,0.000283684,False
rs12158565,118,191,-0.186301,0.00105159,False
rs12158565,118,192,-0.19544,0.000617134,False
rs12158565,118,193,-0.209517,0.000257111,False
rs12158565,118,194,-0.197246,0.000610565,False
rs12158565,118,195,-0.196595,0.000666912,False
rs12158565,118,196,-0.179259,0.00198041,False
rs12158565,118,197,-0.173876,0.00274242,False
rs12158565,118,198,-0.174009,0.00280093,False
rs12158565,118,199,-0.182264,0.00178656,False
rs12158565,118,200,-0.16919,0.00379387,False
rs12158565,118,201,-0.178741,0.0022703,False
rs12158565,118,202,-0.189553,0.00123279,False
rs12158565,118,203,-0.178554,0.00232543,False
rs12158565,118,204,-0.180757,0.00205912,False
rs12158565,118,205,-0.17454,0.00294775,False
rs12158565,118,206,-0.168294,0.00414092,False
rs12158565,118,207,-0.180906,0.00208058,False
rs12158565,118,208,-0.169535,0.00383361,False
rs12158565,118,209,-0.16225,0.00567516,False
rs12158565,118,210,-0.161812,0.00585809,False
rs12158565,118,211,-0.160732,0.00621366,False
rs12158565,118,212,-0.165528,0.00482711,False
rs12158565,118,213,-0.16815,0.00419147,False
rs12158565,118,214,-0.162266,0.00570301,False
rs12158565,118,215,-0.150493,0.0103594,False
rs12158565,118,216,-0.145396,0.0133051,False
rs12158565,118,217,-0.152373,0.00951644,False
rs12158565,118,218,-0.146705,0.0124665,False
rs12158565,118,219,-0.147914,0.0117718,False
rs12158565,118,220,-0.143956,0.014275,False
rs12158565,118,221,-0.141701,0.0158298,False
rs12158565,118,222,-0.140487,0.0169488,False
rs12158565,118,223,-0.130258,0.0268973,False
rs12158565,118,224,-0.122536,0.0372261,False
rs12158565,118,225,-0.120377,0.0410549,False
rs12158565,118,226,-0.130915,0.0264595,False
rs12158565,118,227,-0.123417,0.0366147,False
rs12158565,118,228,-0.145402,0.0138789,False
rs12158565,118,229,-0.133681,0.0240288,False
rs12158565,118,230,-0.136138,0.0219036,False
rs12158565,118,231,-0.124439,0.0368046,False
rs12158565,118,232,-0.129119,0.0306601,False
rs12158565,118,233,-0.131706,0.0282123,False
rs12158565,118,234,-0.149369,0.0131283,False
rs12158565,118,235,-0.13574,0.0247301,False
rs12158565,118,236,-0.140526,0.0206038,False
rs12158565,118,237,-0.135862,0.0261,False
rs12158565,118,238,-0.139372,0.0232679,False
rs12158565,118,239,-0.143413,0.0201914,False
rs12158565,118,240,-0.129145,0.0376814,False
rs12158565,118,241,-0.139577,0.0255274,False
rs12158565,118,242,-0.12828,0.0415921,False
rs12158565,118,243,-0.124062,0.0506966,False
rs12158565,118,244,-0.124165,0.0524902,False
rs12158565,118,245,-0.12028,0.0626383,False
rs12158565,119,42,-0.100601,0.00438762,False
rs12158565,119,43,-0.105654,0.00274103,False
rs12158565,119,44,-0.107059,0.00247436,False
rs12158565,119,45,-0.100463,0.00449032,False
rs12158565,119,46,-0.107429,0.00241357,False
rs12158565,119,47,-0.107253,0.00249906,False
rs12158565,119,48,-0.0913143,0.0101035,False
rs12158565,119,49,-0.10278,0.00392229,False
rs12158565,119,50,-0.0993738,0.00537581,False
rs12158565,119,51,-0.105315,0.00323979,False
rs12158565,119,52,-0.0955899,0.00768658,False
rs12158565,119,53,-0.0997267,0.00549372,False
rs12158565,119,54,-0.089215,0.0132642,False
rs12158565,119,55,-0.0932366,0.00982815,False
rs12158565,119,56,-0.109208,0.00260142,False
rs12158565,119,57,-0.0895679,0.0137942,False
rs12158565,119,58,-0.0895849,0.0138911,False
rs12158565,119,59,-0.0944794,0.00989833,False
rs12158565,119,60,-0.0914967,0.0126347,False
rs12158565,119,61,-0.0949292,0.0099383,False
rs12158565,119,62,-0.0959146,0.0091876,False
rs12158565,119,63,-0.0942139,0.0106354,False
rs12158565,119,64,-0.0943766,0.010612,False
rs12158565,119,65,-0.0998469,0.00710807,False
rs12158565,119,66,-0.096813,0.00910338,False
rs12158565,119,67,-0.101816,0.00614313,False
rs12158565,119,68,-0.102081,0.00618095,False
rs12158565,119,69,-0.0898571,0.0163277,False
rs12158565,119,70,-0.0928386,0.0132569,False
rs12158565,119,71,-0.0972924,0.00956994,False
rs12158565,119,72,-0.101505,0.00698253,False
rs12158565,119,73,-0.0909599,0.0160186,False
rs12158565,119,74,-0.103921,0.00606684,False
rs12158565,119,75,-0.0965294,0.0110192,False
rs12158565,119,76,-0.0966952,0.0110939,False
rs12158565,119,77,-0.0920672,0.0161134,False
rs12158565,119,78,-0.0987986,0.00996006,False
rs12158565,119,79,-0.0925189,0.0161743,False
rs12158565,119,80,-0.10316,0.00752616,False
rs12158565,119,81,-0.100318,0.00957263,False
rs12158565,119,82,-0.0961952,0.0133047,False
rs12158565,119,83,-0.104776,0.00715713,False
rs12158565,119,84,-0.102653,0.00861362,False
rs12158565,119,85,-0.0985383,0.0120078,False
rs12158565,119,86,-0.105984,0.00698996,False
rs12158565,119,87,-0.103016,0.00890368,False
rs12158565,119,88,-0.0999266,0.0113209,False
rs12158565,119,89,-0.110769,0.00512376,False
rs12158565,119,90,-0.108164,0.00641759,False
rs12158565,119,91,-0.101179,0.0109364,False
rs12158565,119,92,-0.0969551,0.0150573,False
rs12158565,119,93,-0.101352,0.011169,False
rs12158565,119,94,-0.0932853,0.0199095,False
rs12158565,119,95,-0.095299,0.0175337,False
rs12158565,119,96,-0.0887202,0.0274355,False
rs12158565,119,97,-0.0986408,0.0142934,False
rs12158565,119,98,-0.0953938,0.0182026,False
rs12158565,119,99,-0.0913922,0.0239482,False
rs12158565,119,100,-0.105622,0.00928506,False
rs12158565,119,101,-0.120711,0.00301458,False
rs12158565,119,102,-0.112111,0.00606942,False
rs12158565,119,103,-0.103963,0.0111432,False
rs12158565,119,104,-0.102365,0.0125326,False
rs12158565,119,105,-0.101612,0.0135909,False
rs12158565,119,106,-0.09481,0.0218897,False
rs12158565,119,107,-0.109426,0.00823487,False
rs12158565,119,108,-0.115061,0.00556732,False
rs12158565,119,109,-0.117226,0.00493517,False
rs12158565,119,110,-0.127068,0.00240165,False
rs12158565,119,111,-0.1179,0.00495125,False
rs12158565,119,112,-0.115428,0.00609544,False
rs12158565,119,113,-0.118704,0.00496025,False
rs12158565,119,114,-0.125928,0.00293429,False
rs12158565,119,115,-0.115225,0.00668863,False
rs12158565,119,116,-0.133033,0.00179292,False
rs12158565,119,117,-0.136768,0.00137322,False
rs12158565,119,118,-0.128956,0.00257724,False
rs12158565,119,119,-0.11685,0.00639305,False
rs12158565,119,120,-0.111414,0.00954106,False
rs12158565,119,121,-0.112081,0.00921227,False
rs12158565,119,122,-0.117314,0.00656986,False
rs12158565,119,123,-0.108998,0.0117881,False
rs12158565,119,124,-0.112366,0.00956519,False
rs12158565,119,125,-0.126378,0.00364228,False
rs12158565,119,126,-0.11695,0.00715934,False
rs12158565,119,127,-0.120663,0.00559863,False
rs12158565,119,128,-0.121868,0.00526998,False
rs12158565,119,129,-0.133957,0.00220617,False
rs12158565,119,130,-0.131147,0.00278301,False
rs12158565,119,131,-0.138821,0.00158175,False
rs12158565,119,132,-0.126939,0.00396632,False
rs12158565,119,133,-0.137464,0.00186247,False
rs12158565,119,134,-0.141306,0.00141578,False
rs12158565,119,135,-0.144277,0.0011407,False
rs12158565,119,136,-0.149732,0.000746965,False
rs12158565,119,137,-0.158103,0.000388627,False
rs12158565,119,138,-0.157413,0.000420871,False
rs12158565,119,139,-0.16202,0.000290761,False
rs12158565,119,140,-0.167696,0.000182492,False
rs12158565,119,141,-0.162111,0.000310687,False
rs12158565,119,142,-0.161638,0.000335664,False
rs12158565,119,143,-0.159734,0.000405627,False
rs12158565,119,144,-0.154996,0.000622612,False
rs12158565,119,145,-0.150817,0.000898405,False
rs12158565,119,146,-0.141877,0.00181476,False
rs12158565,119,147,-0.139751,0.0021543,False
rs12158565,119,148,-0.14637,0.00134629,False
rs12158565,119,149,-0.14846,0.00118999,False
rs12158565,119,150,-0.154766,0.000761768,False
rs12158565,119,151,-0.158495,0.000588857,False
rs12158565,119,152,-0.156062,0.000751452,False
rs12158565,119,153,-0.157289,0.000713658,False
rs12158565,119,154,-0.158689,0.000680111,False
rs12158565,119,155,-0.150321,0.00136135,False
rs12158565,119,156,-0.157747,0.000828041,False
rs12158565,119,157,-0.159367,0.000764889,False
rs12158565,119,158,-0.165574,0.000503021,False
rs12158565,119,159,-0.170161,0.000377223,False
rs12158565,119,160,-0.159676,0.000906531,False
rs12158565,119,161,-0.163792,0.000709638,False
rs12158565,119,162,-0.169377,0.000511079,False
rs12158565,119,163,-0.16462,0.000786283,False
rs12158565,119,164,-0.169585,0.000581334,False
rs12158565,119,165,-0.167629,0.000729028,False
rs12158565,119,166,-0.172118,0.000568367,False
rs12158565,119,167,-0.184093,0.000249599,False
rs12158565,119,168,-0.191598,0.000152554,False
rs12158565,119,169,-0.19323,0.000146028,False
rs12158565,119,170,-0.185794,0.00028631,False
rs12158565,119,171,-0.182423,0.000394664,False
rs12158565,119,172,-0.17435,0.000765725,False
rs12158565,119,173,-0.183596,0.000422442,False
rs12158565,119,174,-0.183765,0.000451459,False
rs12158565,119,175,-0.182338,0.000538749,False
rs12158565,119,176,-0.196548,0.000208877,False
rs12158565,119,177,-0.203789,0.000131235,False
rs12158565,119,178,-0.192583,0.000330812,False
rs12158565,119,179,-0.184434,0.000627711,False
rs12158565,119,180,-0.195083,0.000324699,False
rs12158565,119,181,-0.18776,0.000584355,False
rs12158565,119,182,-0.194764,0.000386776,False
rs12158565,119,183,-0.181395,0.00101412,False
rs12158565,119,184,-0.182227,0.0010251,False
rs12158565,119,185,-0.181992,0.00110198,False
rs12158565,119,186,-0.18337,0.00107745,False
rs12158565,119,187,-0.189094,0.000797271,False
rs12158565,119,188,-0.192878,0.000670359,False
rs12158565,119,189,-0.189948,0.000855579,False
rs12158565,119,190,-0.185078,0.00122774,False
rs12158565,119,191,-0.170138,0.00308008,False
rs12158565,119,192,-0.172416,0.00282368,False
rs12158565,119,193,-0.1834,0.00153202,False
rs12158565,119,194,-0.164529,0.0045864,False
rs12158565,119,195,-0.165317,0.00451963,False
rs12158565,119,196,-0.159854,0.00619713,False
rs12158565,119,197,-0.155035,0.00807808,False
rs12158565,119,198,-0.157771,0.00710401,False
rs12158565,119,199,-0.159048,0.00670247,False
rs12158565,119,200,-0.158409,0.00697166,False
rs12158565,119,201,-0.151114,0.0100844,False
rs12158565,119,202,-0.163018,0.00552453,False
rs12158565,119,203,-0.14664,0.0125915,False
rs12158565,119,204,-0.154967,0.00833154,False
rs12158565,119,205,-0.144435,0.0139607,False
rs12158565,119,206,-0.148046,0.0118339,False
rs12158565,119,207,-0.158114,0.0071423,False
rs12158565,119,208,-0.14911,0.0111779,False
rs12158565,119,209,-0.158675,0.00696658,False
rs12158565,119,210,-0.151818,0.00985321,False
rs12158565,119,211,-0.156892,0.00761555,False
rs12158565,119,212,-0.141213,0.0162791,False
rs12158565,119,213,-0.146031,0.0130356,False
rs12158565,119,214,-0.147695,0.0120619,False
rs12158565,119,215,-0.149304,0.0112345,False
rs12158565,119,216,-0.153568,0.00921575,False
rs12158565,119,217,-0.13051,0.0268825,False
rs12158565,119,218,-0.134153,0.0229503,False
rs12158565,119,219,-0.132224,0.025056,False
rs12158565,119,220,-0.141873,0.0164923,False
rs12158565,119,221,-0.121174,0.04051,False
rs12158565,119,222,-0.11332,0.0555936,False
rs12158565,119,223,-0.108648,0.0668733,False
rs12158565,119,224,-0.126053,0.0336678,False
rs12158565,119,225,-0.115304,0.0523269,False
rs12158565,119,226,-0.110674,0.0626777,False
rs12158565,119,227,-0.118732,0.0462276,False
rs12158565,119,228,-0.117795,0.0483664,False
rs12158565,119,229,-0.123989,0.0384309,False
rs12158565,119,230,-0.107864,0.0724239,False
rs12158565,119,231,-0.109987,0.0678434,False
rs12158565,119,232,-0.107162,0.0762172,False
rs12158565,119,233,-0.109984,0.069543,False
rs12158565,119,234,-0.120034,0.0489672,False
rs12158565,119,235,-0.114802,0.0610035,False
rs12158565,119,236,-0.111086,0.0716202,False
