snip,slice_num,coord_num,beta,pval,is_bonf
rs5750211,1,39,-0.15227,0.00010448,False
rs5750211,1,40,-0.162272,3.70881e-05,False
rs5750211,1,41,-0.15016,0.000131573,False
rs5750211,1,42,-0.165269,2.60342e-05,False
rs5750211,1,43,-0.179514,5.29949e-06,False
rs5750211,1,44,-0.158814,5.41893e-05,False
rs5750211,1,45,-0.157347,6.49497e-05,False
rs5750211,1,46,-0.150309,0.000139781,False
rs5750211,1,47,-0.164272,3.2245e-05,False
rs5750211,1,48,-0.152109,0.000120995,False
rs5750211,1,49,-0.160112,5.21954e-05,False
rs5750211,1,50,-0.155035,9.12528e-05,False
rs5750211,1,51,-0.147893,0.000197291,False
rs5750211,1,52,-0.152281,0.000126623,False
rs5750211,1,53,-0.160455,5.58448e-05,False
rs5750211,1,54,-0.144259,0.000298958,False
rs5750211,1,55,-0.148007,0.000218989,False
rs5750211,1,56,-0.159451,6.93835e-05,False
rs5750211,1,57,-0.168676,2.61955e-05,False
rs5750211,1,58,-0.157201,9.37389e-05,False
rs5750211,1,59,-0.147759,0.000244824,False
rs5750211,1,60,-0.159078,8.19395e-05,False
rs5750211,1,61,-0.164502,4.78791e-05,False
rs5750211,1,62,-0.170444,2.7159e-05,False
rs5750211,1,63,-0.174029,1.82301e-05,False
rs5750211,1,64,-0.16159,7.21412e-05,False
rs5750211,1,65,-0.159676,9.12932e-05,False
rs5750211,1,66,-0.174806,1.92652e-05,False
rs5750211,1,67,-0.167445,4.33141e-05,False
rs5750211,1,68,-0.184815,6.78985e-06,False
rs5750211,1,69,-0.169002,3.89337e-05,False
rs5750211,1,70,-0.172922,2.71559e-05,False
rs5750211,1,71,-0.168192,4.63354e-05,False
rs5750211,1,72,-0.178251,1.6554e-05,False
rs5750211,1,73,-0.187864,6.08309e-06,False
rs5750211,1,74,-0.191814,3.90604e-06,False
rs5750211,1,75,-0.191238,4.54639e-06,False
rs5750211,1,76,-0.185243,9.63827e-06,False
rs5750211,1,77,-0.186094,9.10244e-06,False
rs5750211,1,78,-0.193045,4.274e-06,False
rs5750211,1,79,-0.194749,3.68044e-06,False
rs5750211,1,80,-0.196825,3.11922e-06,False
rs5750211,1,81,-0.200292,2.26949e-06,False
rs5750211,1,82,-0.192528,5.58315e-06,False
rs5750211,1,83,-0.203783,1.60163e-06,False
rs5750211,1,84,-0.186022,1.28951e-05,False
rs5750211,1,85,-0.193139,6.25751e-06,False
rs5750211,1,86,-0.189624,9.93573e-06,False
rs5750211,1,87,-0.201163,2.93662e-06,False
rs5750211,1,88,-0.20852,1.35667e-06,False
rs5750211,1,89,-0.197025,5.10038e-06,False
rs5750211,1,90,-0.203539,2.569e-06,False
rs5750211,1,91,-0.212476,9.69491e-07,False
rs5750211,1,92,-0.211614,1.1902e-06,False
rs5750211,1,93,-0.206874,2.11529e-06,False
rs5750211,1,94,-0.211526,1.29628e-06,False
rs5750211,1,95,-0.195088,8.8368e-06,False
rs5750211,1,96,-0.210666,1.62446e-06,False
rs5750211,1,97,-0.224161,3.53655e-07,False
rs5750211,1,98,-0.220669,5.56259e-07,False
rs5750211,1,99,-0.220036,6.27286e-07,False
rs5750211,1,100,-0.226737,3.1057e-07,False
rs5750211,1,101,-0.230978,1.95278e-07,False
rs5750211,1,102,-0.217273,1.06691e-06,False
rs5750211,1,103,-0.206487,3.77846e-06,False
rs5750211,1,104,-0.197184,1.05898e-05,False
rs5750211,1,105,-0.200869,7.65942e-06,False
rs5750211,1,106,-0.188989,2.65285e-05,False
rs5750211,1,107,-0.205471,5.28054e-06,False
rs5750211,1,108,-0.190631,2.5017e-05,False
rs5750211,1,109,-0.196341,1.52122e-05,False
rs5750211,1,110,-0.207199,5.20927e-06,False
rs5750211,1,111,-0.193589,2.21147e-05,False
rs5750211,1,112,-0.197348,1.56518e-05,False
rs5750211,1,113,-0.203829,8.73694e-06,False
rs5750211,1,114,-0.199713,1.40187e-05,False
rs5750211,1,115,-0.219167,1.98311e-06,False
rs5750211,1,116,-0.20808,6.67769e-06,False
rs5750211,1,117,-0.201748,1.31188e-05,False
rs5750211,1,118,-0.211252,5.21941e-06,False
rs5750211,1,119,-0.215777,3.45682e-06,False
rs5750211,1,120,-0.204686,1.13991e-05,False
rs5750211,1,121,-0.201032,1.70469e-05,False
rs5750211,1,122,-0.203785,1.32948e-05,False
rs5750211,1,123,-0.200509,1.91546e-05,False
rs5750211,1,124,-0.206977,1.09684e-05,False
rs5750211,1,125,-0.205631,1.26603e-05,False
rs5750211,1,126,-0.216533,4.40994e-06,False
rs5750211,1,127,-0.211188,8.08284e-06,False
rs5750211,1,128,-0.207451,1.22328e-05,False
rs5750211,1,129,-0.215632,5.64546e-06,False
rs5750211,1,130,-0.206627,1.45016e-05,False
rs5750211,1,131,-0.189382,7.21202e-05,False
rs5750211,1,132,-0.191476,6.16236e-05,False
rs5750211,1,133,-0.213059,8.48735e-06,False
rs5750211,1,134,-0.223834,3.04478e-06,False
rs5750211,1,135,-0.228228,2.07472e-06,False
rs5750211,1,136,-0.224984,3.02518e-06,False
rs5750211,1,137,-0.214589,8.90392e-06,False
rs5750211,1,138,-0.217948,6.96676e-06,False
rs5750211,1,139,-0.208568,1.72533e-05,False
rs5750211,1,140,-0.216073,8.61541e-06,False
rs5750211,1,141,-0.21869,6.92696e-06,False
rs5750211,1,142,-0.217906,7.8316e-06,False
rs5750211,1,143,-0.214634,1.15885e-05,False
rs5750211,1,144,-0.22725,3.52848e-06,False
rs5750211,1,145,-0.229215,3.03368e-06,False
rs5750211,1,146,-0.221305,6.91024e-06,False
rs5750211,1,147,-0.225445,4.91957e-06,False
rs5750211,1,148,-0.230542,3.11262e-06,False
rs5750211,1,149,-0.219501,9.38351e-06,False
rs5750211,1,150,-0.218491,1.08004e-05,False
rs5750211,1,151,-0.219307,1.04562e-05,False
rs5750211,1,152,-0.207328,3.23655e-05,False
rs5750211,1,153,-0.208763,3.02599e-05,False
rs5750211,1,154,-0.21198,2.38659e-05,False
rs5750211,1,155,-0.213653,2.14161e-05,False
rs5750211,1,156,-0.193994,0.000118838,False
rs5750211,1,157,-0.187349,0.000209326,False
rs5750211,1,158,-0.195245,0.000119436,False
rs5750211,1,159,-0.200382,8.21347e-05,False
rs5750211,1,160,-0.205178,5.80286e-05,False
rs5750211,1,161,-0.204862,6.31363e-05,False
rs5750211,1,162,-0.196154,0.000136417,False
rs5750211,1,163,-0.207189,5.95046e-05,False
rs5750211,1,164,-0.208472,5.68097e-05,False
rs5750211,1,165,-0.213019,4.16966e-05,False
rs5750211,1,166,-0.205545,8.00103e-05,False
rs5750211,1,167,-0.198969,0.000145017,False
rs5750211,1,168,-0.201318,0.000130019,False
rs5750211,1,169,-0.202183,0.000129549,False
rs5750211,1,170,-0.206103,0.000103257,False
rs5750211,1,171,-0.20605,0.000110727,False
rs5750211,1,172,-0.213554,6.74793e-05,False
rs5750211,1,173,-0.207271,0.000120151,False
rs5750211,1,174,-0.202828,0.000173307,False
rs5750211,1,175,-0.214936,7.65033e-05,False
rs5750211,1,176,-0.209751,0.000120245,False
rs5750211,1,177,-0.214968,8.88825e-05,False
rs5750211,1,178,-0.214828,9.59054e-05,False
rs5750211,1,179,-0.233751,2.42974e-05,False
rs5750211,1,180,-0.229007,3.80406e-05,False
rs5750211,1,181,-0.229134,4.13468e-05,False
rs5750211,1,182,-0.221379,8.1056e-05,False
rs5750211,1,183,-0.221922,8.52613e-05,False
rs5750211,1,184,-0.226527,6.66533e-05,False
rs5750211,1,185,-0.201454,0.000429619,False
rs5750211,1,186,-0.211671,0.000231553,False
rs5750211,1,187,-0.226524,9.03335e-05,False
rs5750211,1,188,-0.222052,0.000134649,False
rs5750211,1,189,-0.22891,9.0493e-05,False
rs5750211,1,190,-0.213673,0.000284615,False
rs5750211,1,191,-0.238144,5.70501e-05,False
rs5750211,1,192,-0.224644,0.000158805,False
rs5750211,1,193,-0.208155,0.000500507,False
rs5750211,1,194,-0.22614,0.000170317,False
rs5750211,1,195,-0.230536,0.000137371,False
rs5750211,1,196,-0.239371,8.00443e-05,False
rs5750211,1,197,-0.255571,2.76108e-05,False
rs5750211,1,198,-0.256048,2.9647e-05,False
rs5750211,1,199,-0.24574,6.64238e-05,False
rs5750211,1,200,-0.255052,3.76975e-05,False
rs5750211,1,201,-0.268453,1.56353e-05,False
rs5750211,1,202,-0.267037,1.85812e-05,False
rs5750211,1,203,-0.255696,4.53314e-05,False
rs5750211,1,204,-0.258539,4.02084e-05,False
rs5750211,1,205,-0.259943,3.917e-05,False
rs5750211,1,206,-0.281594,8.84093e-06,False
rs5750211,1,207,-0.262377,3.82837e-05,False
rs5750211,1,208,-0.258986,5.17756e-05,False
rs5750211,1,209,-0.275033,1.83294e-05,False
rs5750211,1,210,-0.272952,2.26959e-05,False
rs5750211,1,211,-0.265885,3.9541e-05,False
rs5750211,1,212,-0.264969,4.53253e-05,False
rs5750211,1,213,-0.250391,0.000125394,False
rs5750211,1,214,-0.263037,6.06534e-05,False
rs5750211,1,215,-0.265986,5.27777e-05,False
rs5750211,1,216,-0.270561,4.20778e-05,False
rs5750211,1,217,-0.255689,0.000115952,False
rs5750211,1,218,-0.254157,0.000134137,False
rs5750211,1,219,-0.253907,0.000141742,False
rs5750211,1,220,-0.25143,0.000172976,False
rs5750211,1,221,-0.244958,0.000268886,False
rs5750211,1,222,-0.240609,0.000358589,False
rs5750211,1,223,-0.262135,0.000106689,False
rs5750211,1,224,-0.241731,0.000369645,False
rs5750211,2,9,-0.139319,0.000930148,False
rs5750211,2,10,-0.148592,0.000351307,False
rs5750211,2,11,-0.16111,9.0167e-05,False
rs5750211,2,12,-0.16595,4.34019e-05,False
rs5750211,2,13,-0.153584,0.000143423,False
rs5750211,2,14,-0.164853,3.86252e-05,False
rs5750211,2,15,-0.169911,1.95281e-05,False
rs5750211,2,16,-0.180265,5.30095e-06,False
rs5750211,2,17,-0.166936,2.33149e-05,False
rs5750211,2,18,-0.176359,7.50237e-06,False
rs5750211,2,19,-0.184817,2.36805e-06,False
rs5750211,2,20,-0.183151,2.78949e-06,False
rs5750211,2,21,-0.180735,3.70377e-06,False
rs5750211,2,22,-0.168327,1.56216e-05,False
rs5750211,2,23,-0.172095,9.63174e-06,False
rs5750211,2,24,-0.167655,1.52247e-05,False
rs5750211,2,25,-0.180341,3.33964e-06,False
rs5750211,2,26,-0.17143,9.64259e-06,False
rs5750211,2,27,-0.163266,2.42404e-05,False
rs5750211,2,28,-0.158381,4.3172e-05,False
rs5750211,2,29,-0.163871,2.41128e-05,False
rs5750211,2,30,-0.166774,1.62801e-05,False
rs5750211,2,31,-0.163697,2.28532e-05,False
rs5750211,2,32,-0.152075,8.75889e-05,False
rs5750211,2,33,-0.166172,1.73051e-05,False
rs5750211,2,34,-0.162294,2.69181e-05,False
rs5750211,2,35,-0.149856,0.000111943,False
rs5750211,2,36,-0.150784,9.98672e-05,False
rs5750211,2,37,-0.159613,3.71636e-05,False
rs5750211,2,38,-0.168734,1.38748e-05,False
rs5750211,2,39,-0.156426,5.54901e-05,False
rs5750211,2,40,-0.140735,0.000283321,False
rs5750211,2,41,-0.135474,0.000491684,False
rs5750211,2,42,-0.159306,4.43291e-05,False
rs5750211,2,43,-0.14786,0.00015022,False
rs5750211,2,44,-0.157817,5.17417e-05,False
rs5750211,2,45,-0.157279,5.53903e-05,False
rs5750211,2,46,-0.156811,6.09482e-05,False
rs5750211,2,47,-0.156102,6.67455e-05,False
rs5750211,2,48,-0.165154,2.47481e-05,False
rs5750211,2,49,-0.153325,9.07196e-05,False
rs5750211,2,50,-0.173784,9.746e-06,False
rs5750211,2,51,-0.164229,2.99836e-05,False
rs5750211,2,52,-0.166804,2.31348e-05,False
rs5750211,2,53,-0.156468,7.4015e-05,False
rs5750211,2,54,-0.164346,3.23443e-05,False
rs5750211,2,55,-0.177303,7.95715e-06,False
rs5750211,2,56,-0.163602,3.87674e-05,False
rs5750211,2,57,-0.160865,5.42173e-05,False
rs5750211,2,58,-0.165474,3.34888e-05,False
rs5750211,2,59,-0.173889,1.39099e-05,False
rs5750211,2,60,-0.166604,3.17508e-05,False
rs5750211,2,61,-0.170402,2.27023e-05,False
rs5750211,2,62,-0.167963,3.02691e-05,False
rs5750211,2,63,-0.171814,2.0883e-05,False
rs5750211,2,64,-0.153297,0.000151551,False
rs5750211,2,65,-0.165311,4.65951e-05,False
rs5750211,2,66,-0.18902,3.37318e-06,False
rs5750211,2,67,-0.166984,4.18902e-05,False
rs5750211,2,68,-0.179462,1.12016e-05,False
rs5750211,2,69,-0.176711,1.63895e-05,False
rs5750211,2,70,-0.181833,9.32526e-06,False
rs5750211,2,71,-0.177589,1.59316e-05,False
rs5750211,2,72,-0.181463,1.11652e-05,False
rs5750211,2,73,-0.168322,5.05463e-05,False
rs5750211,2,74,-0.169063,4.64156e-05,False
rs5750211,2,75,-0.157969,0.000143101,False
rs5750211,2,76,-0.1666,6.54221e-05,False
rs5750211,2,77,-0.166111,7.15488e-05,False
rs5750211,2,78,-0.180533,1.60964e-05,False
rs5750211,2,79,-0.169908,5.35027e-05,False
rs5750211,2,80,-0.151098,0.000338122,False
rs5750211,2,81,-0.191391,6.03025e-06,False
rs5750211,2,82,-0.173131,4.49513e-05,False
rs5750211,2,83,-0.174758,3.73869e-05,False
rs5750211,2,84,-0.181164,2.0239e-05,False
rs5750211,2,85,-0.183729,1.63548e-05,False
rs5750211,2,86,-0.191103,7.70786e-06,False
rs5750211,2,87,-0.191982,7.30119e-06,False
rs5750211,2,88,-0.193804,6.31124e-06,False
rs5750211,2,89,-0.214476,6.02046e-07,False
rs5750211,2,90,-0.209546,1.15968e-06,False
rs5750211,2,91,-0.209551,1.23252e-06,False
rs5750211,2,92,-0.193583,7.57126e-06,False
rs5750211,2,93,-0.192325,8.96046e-06,False
rs5750211,2,94,-0.208612,1.59212e-06,False
rs5750211,2,95,-0.202272,3.40249e-06,False
rs5750211,2,96,-0.194911,7.90558e-06,False
rs5750211,2,97,-0.20477,2.90793e-06,False
rs5750211,2,98,-0.179694,4.2593e-05,False
rs5750211,2,99,-0.1933,1.11181e-05,False
rs5750211,2,100,-0.186531,2.28973e-05,False
rs5750211,2,101,-0.211126,1.76284e-06,False
rs5750211,2,102,-0.204893,3.75465e-06,False
rs5750211,2,103,-0.17982,5.12714e-05,False
rs5750211,2,104,-0.178784,5.90009e-05,False
rs5750211,2,105,-0.206415,3.62585e-06,False
rs5750211,2,106,-0.191423,1.85698e-05,False
rs5750211,2,107,-0.185847,3.39475e-05,False
rs5750211,2,108,-0.177497,7.84464e-05,False
rs5750211,2,109,-0.176595,9.02522e-05,False
rs5750211,2,110,-0.187653,3.33746e-05,False
rs5750211,2,111,-0.197643,1.30362e-05,False
rs5750211,2,112,-0.20833,4.53703e-06,False
rs5750211,2,113,-0.191956,2.57472e-05,False
rs5750211,2,114,-0.193593,2.27658e-05,False
rs5750211,2,115,-0.194808,2.17113e-05,False
rs5750211,2,116,-0.198277,1.61098e-05,False
rs5750211,2,117,-0.207588,6.56027e-06,False
rs5750211,2,118,-0.200635,1.37479e-05,False
rs5750211,2,119,-0.197448,2.00057e-05,False
rs5750211,2,120,-0.206011,8.8943e-06,False
rs5750211,2,121,-0.19662,2.36682e-05,False
rs5750211,2,122,-0.195003,2.77218e-05,False
rs5750211,2,123,-0.200389,1.71784e-05,False
rs5750211,2,124,-0.210462,6.7793e-06,False
rs5750211,2,125,-0.204917,1.17606e-05,False
rs5750211,2,126,-0.194043,3.49973e-05,False
rs5750211,2,127,-0.20498,1.27509e-05,False
rs5750211,2,128,-0.207898,9.94435e-06,False
rs5750211,2,129,-0.20455,1.41765e-05,False
rs5750211,2,130,-0.201252,2.00151e-05,False
rs5750211,2,131,-0.201498,2.05449e-05,False
rs5750211,2,132,-0.192771,4.86299e-05,False
rs5750211,2,133,-0.206617,1.39713e-05,False
rs5750211,2,134,-0.209249,1.11295e-05,False
rs5750211,2,135,-0.201508,2.43338e-05,False
rs5750211,2,136,-0.207723,1.44043e-05,False
rs5750211,2,137,-0.19876,3.46273e-05,False
rs5750211,2,138,-0.198526,3.64253e-05,False
rs5750211,2,139,-0.203329,2.45711e-05,False
rs5750211,2,140,-0.207995,1.71249e-05,False
rs5750211,2,141,-0.196131,5.16929e-05,False
rs5750211,2,142,-0.207048,2.01394e-05,False
rs5750211,2,143,-0.206424,2.17396e-05,False
rs5750211,2,144,-0.221241,5.48637e-06,False
rs5750211,2,145,-0.213187,1.23901e-05,False
rs5750211,2,146,-0.213542,1.28725e-05,False
rs5750211,2,147,-0.209926,1.85124e-05,False
rs5750211,2,148,-0.215406,1.16285e-05,False
rs5750211,2,149,-0.2139,1.39528e-05,False
rs5750211,2,150,-0.22446,5.24389e-06,False
rs5750211,2,151,-0.21782,1.05974e-05,False
rs5750211,2,152,-0.226249,4.9426e-06,False
rs5750211,2,153,-0.220614,9.00941e-06,False
rs5750211,2,154,-0.208019,2.90776e-05,False
rs5750211,2,155,-0.209907,2.6085e-05,False
rs5750211,2,156,-0.217095,1.45147e-05,False
rs5750211,2,157,-0.215346,1.78803e-05,False
rs5750211,2,158,-0.211318,2.66092e-05,False
rs5750211,2,159,-0.223093,9.88555e-06,False
rs5750211,2,160,-0.216964,1.83301e-05,False
rs5750211,2,161,-0.214531,2.45234e-05,False
rs5750211,2,162,-0.210741,3.58144e-05,False
rs5750211,2,163,-0.228983,7.43501e-06,False
rs5750211,2,164,-0.216065,2.52919e-05,False
rs5750211,2,165,-0.216972,2.48283e-05,False
rs5750211,2,166,-0.216958,2.68777e-05,False
rs5750211,2,167,-0.207524,6.37612e-05,False
rs5750211,2,168,-0.207707,6.67184e-05,False
rs5750211,2,169,-0.218453,2.97072e-05,False
rs5750211,2,170,-0.217519,3.3785e-05,False
rs5750211,2,171,-0.219207,3.18989e-05,False
rs5750211,2,172,-0.225469,2.02113e-05,False
rs5750211,2,173,-0.226223,2.06519e-05,False
rs5750211,2,174,-0.220212,3.69413e-05,False
rs5750211,2,175,-0.2208,3.77862e-05,False
rs5750211,2,176,-0.213149,7.33842e-05,False
rs5750211,2,177,-0.21318,7.94207e-05,False
rs5750211,2,178,-0.212419,9.1675e-05,False
rs5750211,2,179,-0.21213,0.000102529,False
rs5750211,2,180,-0.217849,7.18832e-05,False
rs5750211,2,181,-0.227341,3.78881e-05,False
rs5750211,2,182,-0.217628,8.74308e-05,False
rs5750211,2,183,-0.209263,0.000177675,False
rs5750211,2,184,-0.217589,0.000107376,False
rs5750211,2,185,-0.211594,0.000176394,False
rs5750211,2,186,-0.22234,8.90051e-05,False
rs5750211,2,187,-0.216047,0.000154905,False
rs5750211,2,188,-0.21708,0.000157834,False
rs5750211,2,189,-0.209724,0.000281326,False
rs5750211,2,190,-0.239454,3.73136e-05,False
rs5750211,2,191,-0.221048,0.000155525,False
rs5750211,2,192,-0.223872,0.000139067,False
rs5750211,2,193,-0.220371,0.000194304,False
rs5750211,2,194,-0.215387,0.000284701,False
rs5750211,2,195,-0.215123,0.000318838,False
rs5750211,2,196,-0.228187,0.000147194,False
rs5750211,2,197,-0.239024,7.58197e-05,False
rs5750211,2,198,-0.239679,7.86267e-05,False
rs5750211,2,199,-0.227001,0.000202626,False
rs5750211,2,200,-0.224185,0.000256546,False
rs5750211,2,201,-0.240507,9.62206e-05,False
rs5750211,2,202,-0.228457,0.000223901,False
rs5750211,2,203,-0.229305,0.000228714,False
rs5750211,2,204,-0.260854,3.06194e-05,False
rs5750211,2,205,-0.242125,0.000114047,False
rs5750211,2,206,-0.247849,8.43332e-05,False
rs5750211,2,207,-0.25069,7.58121e-05,False
rs5750211,2,208,-0.253462,6.8165e-05,False
rs5750211,2,209,-0.237039,0.000207998,False
rs5750211,2,210,-0.234534,0.000251768,False
rs5750211,2,211,-0.236726,0.000239471,False
rs5750211,2,212,-0.23404,0.000298987,False
rs5750211,2,213,-0.248197,0.000130468,False
rs5750211,2,214,-0.23343,0.000348264,False
rs5750211,2,215,-0.241958,0.000222542,False
rs5750211,2,216,-0.239028,0.000280269,False
rs5750211,2,217,-0.26085,7.91265e-05,False
rs5750211,2,218,-0.250669,0.000156733,False
rs5750211,2,219,-0.248088,0.000191646,False
rs5750211,2,220,-0.251972,0.000161657,False
rs5750211,2,221,-0.246421,0.000235958,False
rs5750211,2,222,-0.247337,0.000236117,False
rs5750211,2,223,-0.251487,0.000192502,False
rs5750211,2,224,-0.245958,0.000279419,False
rs5750211,2,225,-0.241277,0.000381524,False
rs5750211,2,226,-0.253835,0.000196106,False
rs5750211,2,227,-0.233388,0.000637864,False
rs5750211,2,228,-0.249472,0.000273361,False
rs5750211,2,229,-0.251961,0.000249136,False
rs5750211,2,230,-0.237777,0.000574164,False
rs5750211,2,231,-0.224128,0.00121199,False
rs5750211,2,232,-0.24207,0.000491335,False
rs5750211,2,233,-0.218909,0.00168906,False
rs5750211,2,234,-0.225446,0.00129569,False
rs5750211,2,235,-0.230682,0.001026,False
rs5750211,2,236,-0.216581,0.00217099,False
rs5750211,2,237,-0.196586,0.00559047,False
rs5750211,2,238,-0.221908,0.00186155,False
rs5750211,2,239,-0.21867,0.0022904,False
rs5750211,2,240,-0.217021,0.00262636,False
rs5750211,2,241,-0.212692,0.00336887,False
rs5750211,2,242,-0.212427,0.0037158,False
rs5750211,2,243,-0.211386,0.00413531,False
rs5750211,2,244,-0.23662,0.00146326,False
rs5750211,2,245,-0.21953,0.00345581,False
rs5750211,2,246,-0.221158,0.00354348,False
rs5750211,2,247,-0.224019,0.00346464,False
rs5750211,2,248,-0.233416,0.00261498,False
rs5750211,2,249,-0.202385,0.0100069,False
rs5750211,2,250,-0.208289,0.00901613,False
rs5750211,3,7,-0.135229,0.00148723,False
rs5750211,3,8,-0.147423,0.000448216,False
rs5750211,3,9,-0.142054,0.00061154,False
rs5750211,3,10,-0.142969,0.000479278,False
rs5750211,3,11,-0.152528,0.000169177,False
rs5750211,3,12,-0.148677,0.000211971,False
rs5750211,3,13,-0.150564,0.000150893,False
rs5750211,3,14,-0.169847,1.65848e-05,False
rs5750211,3,15,-0.166864,2.14598e-05,False
rs5750211,3,16,-0.165743,2.24189e-05,False
rs5750211,3,17,-0.17418,7.83163e-06,False
rs5750211,3,18,-0.184126,2.06323e-06,False
rs5750211,3,19,-0.161698,3.04064e-05,False
rs5750211,3,20,-0.189304,1.02989e-06,False
rs5750211,3,21,-0.204288,1.18475e-07,False
rs5750211,3,22,-0.177662,4.163e-06,False
rs5750211,3,23,-0.199211,2.277e-07,False
rs5750211,3,24,-0.177121,4.36003e-06,False
rs5750211,3,25,-0.198188,2.63593e-07,False
rs5750211,3,26,-0.175476,5.29714e-06,False
rs5750211,3,27,-0.196566,3.27651e-07,False
rs5750211,3,28,-0.19919,2.24799e-07,False
rs5750211,3,29,-0.189281,8.71781e-07,False
rs5750211,3,30,-0.182235,2.10856e-06,False
rs5750211,3,31,-0.199269,2.20284e-07,False
rs5750211,3,32,-0.181742,2.26216e-06,False
rs5750211,3,33,-0.183091,1.82758e-06,False
rs5750211,3,34,-0.180048,2.86173e-06,False
rs5750211,3,35,-0.172942,6.81184e-06,False
rs5750211,3,36,-0.179062,3.1763e-06,False
rs5750211,3,37,-0.151383,8.36455e-05,False
rs5750211,3,38,-0.174011,5.9568e-06,False
rs5750211,3,39,-0.181442,2.50469e-06,False
rs5750211,3,40,-0.174156,6.15345e-06,False
rs5750211,3,41,-0.158565,3.74564e-05,False
rs5750211,3,42,-0.163564,2.25874e-05,False
rs5750211,3,43,-0.171653,8.67927e-06,False
rs5750211,3,44,-0.156517,5.28888e-05,False
rs5750211,3,45,-0.170781,1.03883e-05,False
rs5750211,3,46,-0.16676,1.77054e-05,False
rs5750211,3,47,-0.176204,5.88404e-06,False
rs5750211,3,48,-0.16682,1.8013e-05,False
rs5750211,3,49,-0.171633,1.08278e-05,False
rs5750211,3,50,-0.186318,1.95407e-06,False
rs5750211,3,51,-0.176005,6.98905e-06,False
rs5750211,3,52,-0.171301,1.23791e-05,False
rs5750211,3,53,-0.168001,1.91465e-05,False
rs5750211,3,54,-0.17749,6.78738e-06,False
rs5750211,3,55,-0.190181,1.52131e-06,False
rs5750211,3,56,-0.175621,9.24077e-06,False
rs5750211,3,57,-0.177805,7.41112e-06,False
rs5750211,3,58,-0.180139,6.0776e-06,False
rs5750211,3,59,-0.176252,1.00457e-05,False
rs5750211,3,60,-0.170131,2.15408e-05,False
rs5750211,3,61,-0.18832,2.67338e-06,False
rs5750211,3,62,-0.166745,3.23245e-05,False
rs5750211,3,63,-0.178551,9.60487e-06,False
rs5750211,3,64,-0.175965,1.30813e-05,False
rs5750211,3,65,-0.168387,3.21119e-05,False
rs5750211,3,66,-0.15812,9.65721e-05,False
rs5750211,3,67,-0.178793,1.12634e-05,False
rs5750211,3,68,-0.173825,2.06287e-05,False
rs5750211,3,69,-0.170491,3.09231e-05,False
rs5750211,3,70,-0.18711,5.04785e-06,False
rs5750211,3,71,-0.166521,5.00762e-05,False
rs5750211,3,72,-0.159874,0.00010441,False
rs5750211,3,73,-0.179952,1.35067e-05,False
rs5750211,3,74,-0.171314,3.52326e-05,False
rs5750211,3,75,-0.174961,2.56371e-05,False
rs5750211,3,76,-0.17635,2.29869e-05,False
rs5750211,3,77,-0.177463,2.10382e-05,False
rs5750211,3,78,-0.168755,5.49144e-05,False
rs5750211,3,79,-0.167328,6.64851e-05,False
rs5750211,3,80,-0.168119,6.51717e-05,False
rs5750211,3,81,-0.173688,3.86785e-05,False
rs5750211,3,82,-0.188523,8.18081e-06,False
rs5750211,3,83,-0.176917,2.93446e-05,False
rs5750211,3,84,-0.189218,8.23391e-06,False
rs5750211,3,85,-0.185098,1.35516e-05,False
rs5750211,3,86,-0.189908,8.40235e-06,False
rs5750211,3,87,-0.200882,2.58713e-06,False
rs5750211,3,88,-0.206664,1.40872e-06,False
rs5750211,3,89,-0.203535,2.20328e-06,False
rs5750211,3,90,-0.190239,9.789e-06,False
rs5750211,3,91,-0.201555,2.96618e-06,False
rs5750211,3,92,-0.19963,3.925e-06,False
rs5750211,3,93,-0.207634,1.67388e-06,False
rs5750211,3,94,-0.21647,6.22309e-07,False
rs5750211,3,95,-0.215233,7.56984e-07,False
rs5750211,3,96,-0.192969,1.00142e-05,False
rs5750211,3,97,-0.20351,3.30072e-06,False
rs5750211,3,98,-0.206293,2.46605e-06,False
rs5750211,3,99,-0.19834,6.16071e-06,False
rs5750211,3,100,-0.197644,7.03817e-06,False
rs5750211,3,101,-0.194467,1.03756e-05,False
rs5750211,3,102,-0.204857,3.48903e-06,False
rs5750211,3,103,-0.196747,8.63294e-06,False
rs5750211,3,104,-0.197961,8.12052e-06,False
rs5750211,3,105,-0.191018,1.70974e-05,False
rs5750211,3,106,-0.192645,1.51033e-05,False
rs5750211,3,107,-0.197389,9.98131e-06,False
rs5750211,3,108,-0.207816,3.44652e-06,False
rs5750211,3,109,-0.206779,4.14478e-06,False
rs5750211,3,110,-0.212883,2.25468e-06,False
rs5750211,3,111,-0.201926,7.70221e-06,False
rs5750211,3,112,-0.197161,1.2787e-05,False
rs5750211,3,113,-0.194234,1.80315e-05,False
rs5750211,3,114,-0.201508,9.12397e-06,False
rs5750211,3,115,-0.198534,1.29013e-05,False
rs5750211,3,116,-0.183257,6.03572e-05,False
rs5750211,3,117,-0.200039,1.29488e-05,False
rs5750211,3,118,-0.204589,8.22851e-06,False
rs5750211,3,119,-0.190853,3.37278e-05,False
rs5750211,3,120,-0.191798,3.13517e-05,False
rs5750211,3,121,-0.195267,2.37087e-05,False
rs5750211,3,122,-0.198838,1.78556e-05,False
rs5750211,3,123,-0.198085,1.92398e-05,False
rs5750211,3,124,-0.210072,6.11812e-06,False
rs5750211,3,125,-0.203554,1.25218e-05,False
rs5750211,3,126,-0.205831,1.05617e-05,False
rs5750211,3,127,-0.203443,1.32962e-05,False
rs5750211,3,128,-0.202527,1.52471e-05,False
rs5750211,3,129,-0.201996,1.68231e-05,False
rs5750211,3,130,-0.215878,4.41629e-06,False
rs5750211,3,131,-0.203919,1.52317e-05,False
rs5750211,3,132,-0.226929,1.56353e-06,False
rs5750211,3,133,-0.218102,4.12657e-06,False
rs5750211,3,134,-0.222567,2.6349e-06,False
rs5750211,3,135,-0.217502,4.66766e-06,False
rs5750211,3,136,-0.21372,7.07022e-06,False
rs5750211,3,137,-0.214566,6.89399e-06,False
rs5750211,3,138,-0.212643,8.5923e-06,False
rs5750211,3,139,-0.217776,5.42353e-06,False
rs5750211,3,140,-0.219614,4.91056e-06,False
rs5750211,3,141,-0.218892,5.44549e-06,False
rs5750211,3,142,-0.226257,2.7428e-06,False
rs5750211,3,143,-0.230076,1.90125e-06,False
rs5750211,3,144,-0.231785,1.66877e-06,False
rs5750211,3,145,-0.221531,4.97593e-06,False
rs5750211,3,146,-0.222313,4.90566e-06,False
rs5750211,3,147,-0.216782,8.78352e-06,False
rs5750211,3,148,-0.221365,5.98927e-06,False
rs5750211,3,149,-0.219359,7.47177e-06,False
rs5750211,3,150,-0.219211,8.18348e-06,False
rs5750211,3,151,-0.206746,2.64944e-05,False
rs5750211,3,152,-0.212446,1.66448e-05,False
rs5750211,3,153,-0.208882,2.38436e-05,False
rs5750211,3,154,-0.214294,1.51632e-05,False
rs5750211,3,155,-0.203691,4.09488e-05,False
rs5750211,3,156,-0.189511,0.000140092,False
rs5750211,3,157,-0.199063,6.60818e-05,False
rs5750211,3,158,-0.199618,6.43353e-05,False
rs5750211,3,159,-0.212889,2.15459e-05,False
rs5750211,3,160,-0.204044,4.83549e-05,False
rs5750211,3,161,-0.202897,5.70075e-05,False
rs5750211,3,162,-0.207136,4.07307e-05,False
rs5750211,3,163,-0.205725,4.87555e-05,False
rs5750211,3,164,-0.204669,5.5417e-05,False
rs5750211,3,165,-0.219604,1.62415e-05,False
rs5750211,3,166,-0.214361,2.69032e-05,False
rs5750211,3,167,-0.213678,3.01762e-05,False
rs5750211,3,168,-0.206795,5.7518e-05,False
rs5750211,3,169,-0.225742,1.23004e-05,False
rs5750211,3,170,-0.222288,1.76701e-05,False
rs5750211,3,171,-0.214221,3.7695e-05,False
rs5750211,3,172,-0.218649,2.91441e-05,False
rs5750211,3,173,-0.203228,0.000106371,False
rs5750211,3,174,-0.213251,5.16541e-05,False
rs5750211,3,175,-0.212734,5.89425e-05,False
rs5750211,3,176,-0.206783,9.99333e-05,False
rs5750211,3,177,-0.204143,0.000130908,False
rs5750211,3,178,-0.216135,5.68644e-05,False
rs5750211,3,179,-0.223989,3.33651e-05,False
rs5750211,3,180,-0.219995,5.10332e-05,False
rs5750211,3,181,-0.218728,6.18474e-05,False
rs5750211,3,182,-0.227308,3.49887e-05,False
rs5750211,3,183,-0.226206,4.23537e-05,False
rs5750211,3,184,-0.21045,0.000149733,False
rs5750211,3,185,-0.197593,0.000405396,False
rs5750211,3,186,-0.195786,0.000497285,False
rs5750211,3,187,-0.208864,0.000221271,False
rs5750211,3,188,-0.211678,0.00019572,False
rs5750211,3,189,-0.210931,0.000222607,False
rs5750211,3,190,-0.207221,0.000318554,False
rs5750211,3,191,-0.203362,0.000445565,False
rs5750211,3,192,-0.195557,0.000788933,False
rs5750211,3,193,-0.198069,0.00071584,False
rs5750211,3,194,-0.204428,0.000521355,False
rs5750211,3,195,-0.214872,0.000282565,False
rs5750211,3,196,-0.219672,0.000222088,False
rs5750211,3,197,-0.222564,0.000200805,False
rs5750211,3,198,-0.229875,0.000132421,False
rs5750211,3,199,-0.227724,0.000164868,False
rs5750211,3,200,-0.214353,0.000424828,False
rs5750211,3,201,-0.226785,0.000209171,False
rs5750211,3,202,-0.226293,0.000229452,False
rs5750211,3,203,-0.24673,6.58065e-05,False
rs5750211,3,204,-0.261989,2.44092e-05,False
rs5750211,3,205,-0.253021,5.08407e-05,False
rs5750211,3,206,-0.238661,0.000142514,False
rs5750211,3,207,-0.252351,6.35773e-05,False
rs5750211,3,208,-0.24323,0.000123795,False
rs5750211,3,209,-0.254224,6.40057e-05,False
rs5750211,3,210,-0.248918,9.91206e-05,False
rs5750211,3,211,-0.245632,0.000129393,False
rs5750211,3,212,-0.251428,9.70077e-05,False
rs5750211,3,213,-0.256659,7.36619e-05,False
rs5750211,3,214,-0.235622,0.000294707,False
rs5750211,3,215,-0.256494,8.82937e-05,False
rs5750211,3,216,-0.247905,0.000157377,False
rs5750211,3,217,-0.265834,5.37207e-05,False
rs5750211,3,218,-0.257033,0.00010196,False
rs5750211,3,219,-0.261453,8.25657e-05,False
rs5750211,3,220,-0.243401,0.000259351,False
rs5750211,3,221,-0.251564,0.000170209,False
rs5750211,3,222,-0.263623,8.79751e-05,False
rs5750211,3,223,-0.268413,6.66224e-05,False
rs5750211,3,224,-0.246548,0.000263332,False
rs5750211,3,225,-0.240619,0.000396343,False
rs5750211,3,226,-0.253308,0.000197936,False
rs5750211,3,227,-0.238858,0.000471417,False
rs5750211,3,228,-0.239314,0.00047708,False
rs5750211,3,229,-0.237143,0.00056666,False
rs5750211,3,230,-0.232382,0.000761133,False
rs5750211,3,231,-0.237159,0.000611122,False
rs5750211,3,232,-0.224389,0.00122861,False
rs5750211,3,233,-0.229428,0.000996003,False
rs5750211,3,234,-0.229451,0.00103537,False
rs5750211,3,235,-0.225557,0.0013128,False
rs5750211,3,236,-0.225443,0.00137476,False
rs5750211,3,237,-0.217825,0.00209837,False
rs5750211,3,238,-0.22681,0.00142272,False
rs5750211,3,239,-0.217401,0.00233151,False
rs5750211,3,240,-0.22731,0.00155502,False
rs5750211,3,241,-0.205104,0.00450447,False
rs5750211,3,242,-0.233999,0.00127608,False
rs5750211,3,243,-0.210995,0.00394434,False
rs5750211,3,244,-0.208148,0.00482686,False
rs5750211,3,245,-0.220894,0.0029926,False
rs5750211,3,246,-0.208824,0.00539865,False
rs5750211,3,247,-0.215331,0.00450964,False
rs5750211,3,248,-0.205594,0.00729205,False
rs5750211,3,249,-0.204078,0.00846004,False
rs5750211,3,250,-0.224207,0.00423048,False
rs5750211,4,7,-0.144788,0.00057182,False
rs5750211,4,8,-0.129586,0.00181885,False
rs5750211,4,9,-0.146694,0.000350293,False
rs5750211,4,10,-0.143624,0.000404061,False
rs5750211,4,11,-0.160186,6.81933e-05,False
rs5750211,4,12,-0.147639,0.000213649,False
rs5750211,4,13,-0.155645,8.20923e-05,False
rs5750211,4,14,-0.181537,3.93267e-06,False
rs5750211,4,15,-0.170289,1.2689e-05,False
rs5750211,4,16,-0.158937,4.46079e-05,False
rs5750211,4,17,-0.189312,1.00297e-06,False
rs5750211,4,18,-0.170264,1.09186e-05,False
rs5750211,4,19,-0.163473,2.17198e-05,False
rs5750211,4,20,-0.174322,5.48286e-06,False
rs5750211,4,21,-0.181458,2.26415e-06,False
rs5750211,4,22,-0.170763,8.31037e-06,False
rs5750211,4,23,-0.162849,2.16136e-05,False
rs5750211,4,24,-0.153183,6.09338e-05,False
rs5750211,4,25,-0.167549,1.16205e-05,False
rs5750211,4,26,-0.149296,9.61727e-05,False
rs5750211,4,27,-0.167915,1.11379e-05,False
rs5750211,4,28,-0.153121,6.31659e-05,False
rs5750211,4,29,-0.155228,4.90812e-05,False
rs5750211,4,30,-0.161972,2.25251e-05,False
rs5750211,4,31,-0.156807,4.15986e-05,False
rs5750211,4,32,-0.17066,8.14089e-06,False
rs5750211,4,33,-0.163206,2.03835e-05,False
rs5750211,4,34,-0.180614,2.31295e-06,False
rs5750211,4,35,-0.154625,5.41087e-05,False
rs5750211,4,36,-0.172897,6.6926e-06,False
rs5750211,4,37,-0.160824,2.74863e-05,False
rs5750211,4,38,-0.162984,2.2377e-05,False
rs5750211,4,39,-0.17494,5.20054e-06,False
rs5750211,4,40,-0.179495,3.0699e-06,False
rs5750211,4,41,-0.165712,1.65025e-05,False
rs5750211,4,42,-0.16133,2.85458e-05,False
rs5750211,4,43,-0.172651,7.94348e-06,False
rs5750211,4,44,-0.161568,2.95397e-05,False
rs5750211,4,45,-0.182413,2.41856e-06,False
rs5750211,4,46,-0.165395,2.06792e-05,False
rs5750211,4,47,-0.168401,1.47031e-05,False
rs5750211,4,48,-0.169212,1.37643e-05,False
rs5750211,4,49,-0.170962,1.15232e-05,False
rs5750211,4,50,-0.16905,1.48753e-05,False
rs5750211,4,51,-0.181094,3.60138e-06,False
rs5750211,4,52,-0.179557,4.72574e-06,False
rs5750211,4,53,-0.171205,1.37245e-05,False
rs5750211,4,54,-0.182511,3.7136e-06,False
rs5750211,4,55,-0.169331,1.74642e-05,False
rs5750211,4,56,-0.165128,3.01709e-05,False
rs5750211,4,57,-0.170128,1.78059e-05,False
rs5750211,4,58,-0.182348,4.4288e-06,False
rs5750211,4,59,-0.195393,9.1012e-07,False
rs5750211,4,60,-0.17072,1.95247e-05,False
rs5750211,4,61,-0.169627,2.26585e-05,False
rs5750211,4,62,-0.172255,1.70423e-05,False
rs5750211,4,63,-0.166471,3.45937e-05,False
rs5750211,4,64,-0.17581,1.28241e-05,False
rs5750211,4,65,-0.176513,1.25987e-05,False
rs5750211,4,66,-0.187025,3.82889e-06,False
rs5750211,4,67,-0.185636,4.78736e-06,False
rs5750211,4,68,-0.187623,3.87891e-06,False
rs5750211,4,69,-0.194388,1.89195e-06,False
rs5750211,4,70,-0.19995,1.03439e-06,False
rs5750211,4,71,-0.19511,1.93476e-06,False
rs5750211,4,72,-0.181577,1.01643e-05,False
rs5750211,4,73,-0.175184,2.08393e-05,False
rs5750211,4,74,-0.194942,2.44531e-06,False
rs5750211,4,75,-0.177857,1.76928e-05,False
rs5750211,4,76,-0.170333,4.21797e-05,False
rs5750211,4,77,-0.184943,9.15406e-06,False
rs5750211,4,78,-0.168881,5.29306e-05,False
rs5750211,4,79,-0.175431,2.80535e-05,False
rs5750211,4,80,-0.175965,2.75577e-05,False
rs5750211,4,81,-0.176866,2.62175e-05,False
rs5750211,4,82,-0.19608,3.22084e-06,False
rs5750211,4,83,-0.179311,2.12379e-05,False
rs5750211,4,84,-0.187864,9.04289e-06,False
rs5750211,4,85,-0.194303,4.69984e-06,False
rs5750211,4,86,-0.195246,4.40518e-06,False
rs5750211,4,87,-0.192396,6.39092e-06,False
rs5750211,4,88,-0.207809,1.08699e-06,False
rs5750211,4,89,-0.210857,8.35859e-07,False
rs5750211,4,90,-0.198928,3.539e-06,False
rs5750211,4,91,-0.18898,1.13285e-05,False
rs5750211,4,92,-0.204428,2.17859e-06,False
rs5750211,4,93,-0.222146,2.70717e-07,False
rs5750211,4,94,-0.208293,1.47842e-06,False
rs5750211,4,95,-0.193692,8.1759e-06,False
rs5750211,4,96,-0.216117,6.81573e-07,False
rs5750211,4,97,-0.2027,3.33728e-06,False
rs5750211,4,98,-0.20987,1.53644e-06,False
rs5750211,4,99,-0.220396,5.04667e-07,False
rs5750211,4,100,-0.21981,5.72028e-07,False
rs5750211,4,101,-0.207512,2.48813e-06,False
rs5750211,4,102,-0.205386,3.41406e-06,False
rs5750211,4,103,-0.207519,2.81037e-06,False
rs5750211,4,104,-0.214285,1.38747e-06,False
rs5750211,4,105,-0.212125,1.78296e-06,False
rs5750211,4,106,-0.222053,6.25128e-07,False
rs5750211,4,107,-0.212223,1.95668e-06,False
rs5750211,4,108,-0.210743,2.44626e-06,False
rs5750211,4,109,-0.209301,2.95553e-06,False
rs5750211,4,110,-0.215548,1.64222e-06,False
rs5750211,4,111,-0.214004,2.07034e-06,False
rs5750211,4,112,-0.195532,1.49112e-05,False
rs5750211,4,113,-0.206321,5.03185e-06,False
rs5750211,4,114,-0.195936,1.50947e-05,False
rs5750211,4,115,-0.199616,1.11802e-05,False
rs5750211,4,116,-0.214052,2.64805e-06,False
rs5750211,4,117,-0.214483,2.70799e-06,False
rs5750211,4,118,-0.198128,1.52259e-05,False
rs5750211,4,119,-0.214177,3.0016e-06,False
rs5750211,4,120,-0.201165,1.21209e-05,False
rs5750211,4,121,-0.202551,1.09893e-05,False
rs5750211,4,122,-0.215855,2.91278e-06,False
rs5750211,4,123,-0.210826,5.24269e-06,False
rs5750211,4,124,-0.207191,8.03873e-06,False
rs5750211,4,125,-0.213192,4.50288e-06,False
rs5750211,4,126,-0.222743,1.74904e-06,False
rs5750211,4,127,-0.210238,6.53163e-06,False
rs5750211,4,128,-0.221782,2.13912e-06,False
rs5750211,4,129,-0.215215,4.4004e-06,False
rs5750211,4,130,-0.211891,6.23634e-06,False
rs5750211,4,131,-0.212113,6.17305e-06,False
rs5750211,4,132,-0.213239,5.8466e-06,False
rs5750211,4,133,-0.221108,2.8471e-06,False
rs5750211,4,134,-0.222668,2.52561e-06,False
rs5750211,4,135,-0.231987,9.48501e-07,False
rs5750211,4,136,-0.223238,2.50479e-06,False
rs5750211,4,137,-0.210651,9.451e-06,False
rs5750211,4,138,-0.213045,7.97886e-06,False
rs5750211,4,139,-0.212107,8.85672e-06,False
rs5750211,4,140,-0.214493,7.26639e-06,False
rs5750211,4,141,-0.214539,7.56333e-06,False
rs5750211,4,142,-0.2107,1.14088e-05,False
rs5750211,4,143,-0.196587,4.38937e-05,False
rs5750211,4,144,-0.200471,3.16869e-05,False
rs5750211,4,145,-0.213333,1.00198e-05,False
rs5750211,4,146,-0.213087,1.06654e-05,False
rs5750211,4,147,-0.220712,5.38138e-06,False
rs5750211,4,148,-0.218724,6.66204e-06,False
rs5750211,4,149,-0.213306,1.16983e-05,False
rs5750211,4,150,-0.216756,8.81733e-06,False
rs5750211,4,151,-0.223428,4.84818e-06,False
rs5750211,4,152,-0.224974,4.39005e-06,False
rs5750211,4,153,-0.213626,1.35737e-05,False
rs5750211,4,154,-0.215754,1.17076e-05,False
rs5750211,4,155,-0.215405,1.28595e-05,False
rs5750211,4,156,-0.205556,3.19789e-05,False
rs5750211,4,157,-0.212099,1.82688e-05,False
rs5750211,4,158,-0.215435,1.4423e-05,False
rs5750211,4,159,-0.211748,2.06662e-05,False
rs5750211,4,160,-0.209504,2.70522e-05,False
rs5750211,4,161,-0.215401,1.71302e-05,False
rs5750211,4,162,-0.214853,1.85987e-05,False
rs5750211,4,163,-0.209133,3.14886e-05,False
rs5750211,4,164,-0.229416,5.31495e-06,False
rs5750211,4,165,-0.215741,1.96738e-05,False
rs5750211,4,166,-0.205003,5.1967e-05,False
rs5750211,4,167,-0.208397,4.1994e-05,False
rs5750211,4,168,-0.209693,4.00794e-05,False
rs5750211,4,169,-0.211008,3.79619e-05,False
rs5750211,4,170,-0.216594,2.49042e-05,False
rs5750211,4,171,-0.227899,1.00954e-05,False
rs5750211,4,172,-0.214291,3.56823e-05,False
rs5750211,4,173,-0.217316,2.89824e-05,False
rs5750211,4,174,-0.21174,4.95039e-05,False
rs5750211,4,175,-0.202681,0.000111887,False
rs5750211,4,176,-0.198774,0.00016349,False
rs5750211,4,177,-0.194324,0.000245763,False
rs5750211,4,178,-0.205846,0.000109354,False
rs5750211,4,179,-0.212807,6.80718e-05,False
rs5750211,4,180,-0.223507,3.21514e-05,False
rs5750211,4,181,-0.22043,4.47564e-05,False
rs5750211,4,182,-0.209646,0.00011116,False
rs5750211,4,183,-0.204819,0.000177281,False
rs5750211,4,184,-0.207576,0.000159307,False
rs5750211,4,185,-0.221373,6.25419e-05,False
rs5750211,4,186,-0.21373,0.000118573,False
rs5750211,4,187,-0.211186,0.000158215,False
rs5750211,4,188,-0.211766,0.000167472,False
rs5750211,4,189,-0.207079,0.000249961,False
rs5750211,4,190,-0.211602,0.000204066,False
rs5750211,4,191,-0.205769,0.000331467,False
rs5750211,4,192,-0.218907,0.00014446,False
rs5750211,4,193,-0.20997,0.000289773,False
rs5750211,4,194,-0.209968,0.000318519,False
rs5750211,4,195,-0.232776,7.19732e-05,False
rs5750211,4,196,-0.232829,7.93904e-05,False
rs5750211,4,197,-0.217282,0.000253167,False
rs5750211,4,198,-0.227248,0.000139139,False
rs5750211,4,199,-0.23828,7.04042e-05,False
rs5750211,4,200,-0.237145,8.39272e-05,False
rs5750211,4,201,-0.244696,5.43715e-05,False
rs5750211,4,202,-0.247853,4.74008e-05,False
rs5750211,4,203,-0.263807,1.68215e-05,False
rs5750211,4,204,-0.264123,1.80961e-05,False
rs5750211,4,205,-0.247311,6.49207e-05,False
rs5750211,4,206,-0.258396,3.33023e-05,False
rs5750211,4,207,-0.262072,2.76332e-05,False
rs5750211,4,208,-0.258897,3.83113e-05,False
rs5750211,4,209,-0.262015,3.40643e-05,False
rs5750211,4,210,-0.279338,1.08633e-05,False
rs5750211,4,211,-0.273912,1.74214e-05,False
rs5750211,4,212,-0.265351,3.56561e-05,False
rs5750211,4,213,-0.2855,9.65133e-06,False
rs5750211,4,214,-0.258062,6.86857e-05,False
rs5750211,4,215,-0.265207,4.59499e-05,False
rs5750211,4,216,-0.277259,2.29227e-05,False
rs5750211,4,217,-0.259259,8.01021e-05,False
rs5750211,4,218,-0.251243,0.000140989,False
rs5750211,4,219,-0.264465,6.63567e-05,False
rs5750211,4,220,-0.25312,0.000145184,False
rs5750211,4,221,-0.268223,6.08311e-05,False
rs5750211,4,222,-0.248523,0.000214382,False
rs5750211,4,223,-0.26898,6.69143e-05,False
rs5750211,4,224,-0.270359,6.56576e-05,False
rs5750211,4,225,-0.277235,4.41009e-05,False
rs5750211,4,226,-0.25767,0.00015594,False
rs5750211,4,227,-0.262713,0.00012585,False
rs5750211,4,228,-0.25978,0.000154877,False
rs5750211,4,229,-0.255007,0.000214996,False
rs5750211,4,230,-0.261623,0.000153152,False
rs5750211,4,231,-0.259856,0.000181554,False
rs5750211,4,232,-0.258988,0.000199647,False
rs5750211,4,233,-0.259956,0.000198733,False
rs5750211,4,234,-0.254516,0.000282918,False
rs5750211,4,235,-0.250399,0.000369901,False
rs5750211,4,236,-0.253606,0.000327682,False
rs5750211,4,237,-0.263408,0.000205372,False
rs5750211,4,238,-0.250817,0.000429399,False
rs5750211,4,239,-0.247818,0.000527087,False
rs5750211,4,240,-0.250924,0.000479899,False
rs5750211,4,241,-0.250868,0.000519665,False
rs5750211,4,242,-0.243385,0.000804458,False
rs5750211,4,243,-0.264861,0.000292197,False
rs5750211,4,244,-0.254202,0.000556446,False
rs5750211,4,245,-0.252432,0.000663843,False
rs5750211,4,246,-0.244285,0.00108974,False
rs5750211,4,247,-0.231671,0.0021551,False
rs5750211,4,248,-0.248226,0.00113683,False
rs5750211,4,249,-0.237175,0.0020767,False
rs5750211,4,250,-0.250784,0.00127301,False
rs5750211,4,251,-0.233227,0.00302953,False
rs5750211,5,7,-0.154949,0.000199946,False
rs5750211,5,8,-0.151691,0.000232647,False
rs5750211,5,9,-0.167368,4.13183e-05,False
rs5750211,5,10,-0.15001,0.000205387,False
rs5750211,5,11,-0.158544,7.37497e-05,False
rs5750211,5,12,-0.173615,1.17465e-05,False
rs5750211,5,13,-0.16801,1.91693e-05,False
rs5750211,5,14,-0.153412,8.77136e-05,False
rs5750211,5,15,-0.175034,6.90698e-06,False
rs5750211,5,16,-0.158447,4.21653e-05,False
rs5750211,5,17,-0.164517,2.08585e-05,False
rs5750211,5,18,-0.168323,1.23059e-05,False
rs5750211,5,19,-0.163109,2.20473e-05,False
rs5750211,5,20,-0.161834,2.41694e-05,False
rs5750211,5,21,-0.177769,3.27485e-06,False
rs5750211,5,22,-0.161773,2.38567e-05,False
rs5750211,5,23,-0.172328,6.68864e-06,False
rs5750211,5,24,-0.14737,0.000119955,False
rs5750211,5,25,-0.180106,2.32041e-06,False
rs5750211,5,26,-0.163006,2.04952e-05,False
rs5750211,5,27,-0.165425,1.48533e-05,False
rs5750211,5,28,-0.167925,1.09176e-05,False
rs5750211,5,29,-0.16296,1.99813e-05,False
rs5750211,5,30,-0.170583,7.79008e-06,False
rs5750211,5,31,-0.181234,2.02051e-06,False
rs5750211,5,32,-0.178674,2.9293e-06,False
rs5750211,5,33,-0.173958,5.44058e-06,False
rs5750211,5,34,-0.174197,5.20279e-06,False
rs5750211,5,35,-0.182217,1.79483e-06,False
rs5750211,5,36,-0.177311,3.45466e-06,False
rs5750211,5,37,-0.175178,4.78326e-06,False
rs5750211,5,38,-0.165401,1.58624e-05,False
rs5750211,5,39,-0.173589,5.97522e-06,False
rs5750211,5,40,-0.174659,5.43424e-06,False
rs5750211,5,41,-0.182347,2.01115e-06,False
rs5750211,5,42,-0.165856,1.61591e-05,False
rs5750211,5,43,-0.182214,2.28587e-06,False
rs5750211,5,44,-0.188974,9.69594e-07,False
rs5750211,5,45,-0.186441,1.41777e-06,False
rs5750211,5,46,-0.165496,1.85917e-05,False
rs5750211,5,47,-0.182248,2.57442e-06,False
rs5750211,5,48,-0.181417,3.07121e-06,False
rs5750211,5,49,-0.157816,4.94744e-05,False
rs5750211,5,50,-0.149741,0.000122959,False
rs5750211,5,51,-0.164242,2.6075e-05,False
rs5750211,5,52,-0.180153,4.20232e-06,False
rs5750211,5,53,-0.159467,4.70975e-05,False
rs5750211,5,54,-0.165278,2.53733e-05,False
rs5750211,5,55,-0.162756,3.57534e-05,False
rs5750211,5,56,-0.154587,9.18954e-05,False
rs5750211,5,57,-0.147739,0.000184043,False
rs5750211,5,58,-0.172848,1.25287e-05,False
rs5750211,5,59,-0.167174,2.52832e-05,False
rs5750211,5,60,-0.160953,5.3365e-05,False
rs5750211,5,61,-0.177385,8.40224e-06,False
rs5750211,5,62,-0.173057,1.47746e-05,False
rs5750211,5,63,-0.161577,5.43263e-05,False
rs5750211,5,64,-0.178327,9.0836e-06,False
rs5750211,5,65,-0.174793,1.43152e-05,False
rs5750211,5,66,-0.166616,3.75258e-05,False
rs5750211,5,67,-0.182408,6.71093e-06,False
rs5750211,5,68,-0.172131,2.20698e-05,False
rs5750211,5,69,-0.171536,2.53792e-05,False
rs5750211,5,70,-0.166819,4.46947e-05,False
rs5750211,5,71,-0.172546,2.61563e-05,False
rs5750211,5,72,-0.179335,1.27827e-05,False
rs5750211,5,73,-0.174662,2.23201e-05,False
rs5750211,5,74,-0.173155,2.71835e-05,False
rs5750211,5,75,-0.168665,4.66082e-05,False
rs5750211,5,76,-0.18242,1.13831e-05,False
rs5750211,5,77,-0.173128,3.23398e-05,False
rs5750211,5,78,-0.151489,0.000285589,False
rs5750211,5,79,-0.19126,4.74411e-06,False
rs5750211,5,80,-0.198793,2.09741e-06,False
rs5750211,5,81,-0.180707,1.689e-05,False
rs5750211,5,82,-0.179457,2.005e-05,False
rs5750211,5,83,-0.171318,5.0159e-05,False
rs5750211,5,84,-0.187341,9.78582e-06,False
rs5750211,5,85,-0.193761,4.84041e-06,False
rs5750211,5,86,-0.189973,7.7298e-06,False
rs5750211,5,87,-0.185194,1.35297e-05,False
rs5750211,5,88,-0.20623,1.38702e-06,False
rs5750211,5,89,-0.21081,8.43603e-07,False
rs5750211,5,90,-0.209134,1.0933e-06,False
rs5750211,5,91,-0.19961,3.59674e-06,False
rs5750211,5,92,-0.201821,2.98594e-06,False
rs5750211,5,93,-0.208308,1.37206e-06,False
rs5750211,5,94,-0.214562,7.27262e-07,False
rs5750211,5,95,-0.225854,1.93261e-07,False
rs5750211,5,96,-0.227196,1.74966e-07,False
rs5750211,5,97,-0.215724,7.62581e-07,False
rs5750211,5,98,-0.216545,7.24338e-07,False
rs5750211,5,99,-0.205085,2.68674e-06,False
rs5750211,5,100,-0.199847,5.08499e-06,False
rs5750211,5,101,-0.197733,6.72351e-06,False
rs5750211,5,102,-0.194232,1.0328e-05,False
rs5750211,5,103,-0.223119,4.44199e-07,False
rs5750211,5,104,-0.215145,1.17288e-06,False
rs5750211,5,105,-0.208828,2.62205e-06,False
rs5750211,5,106,-0.199017,7.78799e-06,False
rs5750211,5,107,-0.221243,6.89239e-07,False
rs5750211,5,108,-0.220864,7.65089e-07,False
rs5750211,5,109,-0.192307,1.78065e-05,False
rs5750211,5,110,-0.202586,6.41372e-06,False
rs5750211,5,111,-0.195073,1.46603e-05,False
rs5750211,5,112,-0.199257,9.93068e-06,False
rs5750211,5,113,-0.195531,1.51013e-05,False
rs5750211,5,114,-0.199214,1.10865e-05,False
rs5750211,5,115,-0.200673,9.7997e-06,False
rs5750211,5,116,-0.191866,2.49744e-05,False
rs5750211,5,117,-0.208085,5.06361e-06,False
rs5750211,5,118,-0.190188,3.16967e-05,False
rs5750211,5,119,-0.21691,2.15528e-06,False
rs5750211,5,120,-0.194516,2.20312e-05,False
rs5750211,5,121,-0.198765,1.52792e-05,False
rs5750211,5,122,-0.205078,8.48744e-06,False
rs5750211,5,123,-0.196655,2.03845e-05,False
rs5750211,5,124,-0.210043,5.58295e-06,False
rs5750211,5,125,-0.208091,6.96311e-06,False
rs5750211,5,126,-0.215315,3.41069e-06,False
rs5750211,5,127,-0.195701,2.51654e-05,False
rs5750211,5,128,-0.21517,3.79045e-06,False
rs5750211,5,129,-0.216359,3.63179e-06,False
rs5750211,5,130,-0.215416,4.15325e-06,False
rs5750211,5,131,-0.213641,5.12014e-06,False
rs5750211,5,132,-0.203884,1.41661e-05,False
rs5750211,5,133,-0.200677,2.01057e-05,False
rs5750211,5,134,-0.213031,6.115e-06,False
rs5750211,5,135,-0.209218,9.01417e-06,False
rs5750211,5,136,-0.208671,9.85357e-06,False
rs5750211,5,137,-0.216602,4.49992e-06,False
rs5750211,5,138,-0.222953,2.44705e-06,False
rs5750211,5,139,-0.204484,1.71356e-05,False
rs5750211,5,140,-0.207279,1.3534e-05,False
rs5750211,5,141,-0.223713,2.63465e-06,False
rs5750211,5,142,-0.203219,2.01946e-05,False
rs5750211,5,143,-0.206634,1.53379e-05,False
rs5750211,5,144,-0.216439,6.14145e-06,False
rs5750211,5,145,-0.209021,1.32666e-05,False
rs5750211,5,146,-0.21354,8.756e-06,False
rs5750211,5,147,-0.202759,2.51497e-05,False
rs5750211,5,148,-0.190631,7.7821e-05,False
rs5750211,5,149,-0.210991,1.26687e-05,False
rs5750211,5,150,-0.19909,3.95868e-05,False
rs5750211,5,151,-0.190325,8.62571e-05,False
rs5750211,5,152,-0.196066,5.48659e-05,False
rs5750211,5,153,-0.187435,0.000117322,False
rs5750211,5,154,-0.188827,0.000106561,False
rs5750211,5,155,-0.209111,1.83623e-05,False
rs5750211,5,156,-0.210469,1.67826e-05,False
rs5750211,5,157,-0.225125,4.36587e-06,False
rs5750211,5,158,-0.216449,1.03099e-05,False
rs5750211,5,159,-0.204576,3.2446e-05,False
rs5750211,5,160,-0.204359,3.5352e-05,False
rs5750211,5,161,-0.195972,7.47946e-05,False
rs5750211,5,162,-0.190035,0.000127788,False
rs5750211,5,163,-0.203569,4.36009e-05,False
rs5750211,5,164,-0.199449,6.46684e-05,False
rs5750211,5,165,-0.204103,4.49993e-05,False
rs5750211,5,166,-0.200534,6.48701e-05,False
rs5750211,5,167,-0.208865,3.32897e-05,False
rs5750211,5,168,-0.206906,4.18079e-05,False
rs5750211,5,169,-0.211394,3.0574e-05,False
rs5750211,5,170,-0.198009,9.95197e-05,False
rs5750211,5,171,-0.191694,0.000172675,False
rs5750211,5,172,-0.201256,8.58053e-05,False
rs5750211,5,173,-0.20229,8.42283e-05,False
rs5750211,5,174,-0.20296,8.42648e-05,False
rs5750211,5,175,-0.201532,0.000100369,False
rs5750211,5,176,-0.214228,3.83544e-05,False
rs5750211,5,177,-0.197512,0.000156738,False
rs5750211,5,178,-0.209899,6.49805e-05,False
rs5750211,5,179,-0.207384,8.8281e-05,False
rs5750211,5,180,-0.204097,0.000121898,False
rs5750211,5,181,-0.211607,7.27295e-05,False
rs5750211,5,182,-0.22397,3.02174e-05,False
rs5750211,5,183,-0.208909,0.000108199,False
rs5750211,5,184,-0.220235,4.94572e-05,False
rs5750211,5,185,-0.212723,9.63275e-05,False
rs5750211,5,186,-0.219022,6.7172e-05,False
rs5750211,5,187,-0.217713,8.20493e-05,False
rs5750211,5,188,-0.207535,0.000188134,False
rs5750211,5,189,-0.195066,0.000493809,False
rs5750211,5,190,-0.201763,0.000344953,False
rs5750211,5,191,-0.217232,0.000126294,False
rs5750211,5,192,-0.210976,0.000214104,False
rs5750211,5,193,-0.213584,0.000197132,False
rs5750211,5,194,-0.20595,0.00036357,False
rs5750211,5,195,-0.220383,0.000151168,False
rs5750211,5,196,-0.224211,0.000123568,False
rs5750211,5,197,-0.229373,9.61037e-05,False
rs5750211,5,198,-0.244159,3.64438e-05,False
rs5750211,5,199,-0.227612,0.000130045,False
rs5750211,5,200,-0.246503,3.7128e-05,False
rs5750211,5,201,-0.23732,7.79537e-05,False
rs5750211,5,202,-0.249406,3.6855e-05,False
rs5750211,5,203,-0.251113,3.55913e-05,False
rs5750211,5,204,-0.243693,6.75157e-05,False
rs5750211,5,205,-0.245136,6.64827e-05,False
rs5750211,5,206,-0.234055,0.000152536,False
rs5750211,5,207,-0.242205,9.66146e-05,False
rs5750211,5,208,-0.238445,0.00013521,False
rs5750211,5,209,-0.259311,3.70475e-05,False
rs5750211,5,210,-0.256263,5.04112e-05,False
rs5750211,5,211,-0.255622,5.75812e-05,False
rs5750211,5,212,-0.244776,0.000125263,False
rs5750211,5,213,-0.255987,6.60804e-05,False
rs5750211,5,214,-0.250889,0.000102573,False
rs5750211,5,215,-0.235833,0.000281392,False
rs5750211,5,216,-0.266529,4.37969e-05,False
rs5750211,5,217,-0.246245,0.000174385,False
rs5750211,5,218,-0.234292,0.000380352,False
rs5750211,5,219,-0.25568,0.000111702,False
rs5750211,5,220,-0.255943,0.000118138,False
rs5750211,5,221,-0.24402,0.000258912,False
rs5750211,5,222,-0.260895,0.000102622,False
rs5750211,5,223,-0.269993,6.18324e-05,False
rs5750211,5,224,-0.26258,0.000104033,False
rs5750211,5,225,-0.247377,0.000270802,False
rs5750211,5,226,-0.254454,0.00019478,False
rs5750211,5,227,-0.260388,0.000143333,False
rs5750211,5,228,-0.244478,0.000377478,False
rs5750211,5,229,-0.247381,0.000334301,False
rs5750211,5,230,-0.250156,0.000303842,False
rs5750211,5,231,-0.25278,0.000274157,False
rs5750211,5,232,-0.243831,0.000465746,False
rs5750211,5,233,-0.250629,0.000339028,False
rs5750211,5,234,-0.266813,0.000140729,False
rs5750211,5,235,-0.255961,0.00027958,False
rs5750211,5,236,-0.25028,0.000401751,False
rs5750211,5,237,-0.257001,0.000291436,False
rs5750211,5,238,-0.263509,0.000217178,False
rs5750211,5,239,-0.246995,0.000558134,False
rs5750211,5,240,-0.268016,0.00019286,False
rs5750211,5,241,-0.25167,0.000493523,False
rs5750211,5,242,-0.27066,0.000191711,False
rs5750211,5,243,-0.253293,0.000524052,False
rs5750211,5,244,-0.263871,0.00033222,False
rs5750211,5,245,-0.271405,0.000250902,False
rs5750211,5,246,-0.250673,0.000778586,False
rs5750211,5,247,-0.273103,0.0002854,False
rs5750211,5,248,-0.256552,0.000728827,False
rs5750211,5,249,-0.259818,0.000704585,False
rs5750211,5,250,-0.247288,0.00141384,False
rs5750211,5,251,-0.247989,0.00152133,False
rs5750211,6,7,-0.125659,0.00252346,False
rs5750211,6,8,-0.156896,0.000143956,False
rs5750211,6,9,-0.138262,0.000659764,False
rs5750211,6,10,-0.146323,0.000279063,False
rs5750211,6,11,-0.159321,6.29285e-05,False
rs5750211,6,12,-0.160942,4.61087e-05,False
rs5750211,6,13,-0.142135,0.000285629,False
rs5750211,6,14,-0.158068,4.98851e-05,False
rs5750211,6,15,-0.157558,4.74387e-05,False
rs5750211,6,16,-0.161592,2.78884e-05,False
rs5750211,6,17,-0.157107,4.3737e-05,False
rs5750211,6,18,-0.161341,2.58163e-05,False
rs5750211,6,19,-0.164372,1.79661e-05,False
rs5750211,6,20,-0.161645,2.2555e-05,False
rs5750211,6,21,-0.154308,5.41469e-05,False
rs5750211,6,22,-0.160502,2.66755e-05,False
rs5750211,6,23,-0.152371,6.53979e-05,False
rs5750211,6,24,-0.160935,2.43207e-05,False
rs5750211,6,25,-0.155,4.81012e-05,False
rs5750211,6,26,-0.156766,4.02361e-05,False
rs5750211,6,27,-0.169388,9.05264e-06,False
rs5750211,6,28,-0.146681,0.000117663,False
rs5750211,6,29,-0.160559,2.48702e-05,False
rs5750211,6,30,-0.167245,1.14883e-05,False
rs5750211,6,31,-0.163367,1.81559e-05,False
rs5750211,6,32,-0.150773,7.88616e-05,False
rs5750211,6,33,-0.166061,1.34137e-05,False
rs5750211,6,34,-0.146703,0.000123006,False
rs5750211,6,35,-0.169008,9.61546e-06,False
rs5750211,6,36,-0.145405,0.000144572,False
rs5750211,6,37,-0.150304,8.63181e-05,False
rs5750211,6,38,-0.178814,3.04998e-06,False
rs5750211,6,39,-0.158165,3.77816e-05,False
rs5750211,6,40,-0.163467,2.08969e-05,False
rs5750211,6,41,-0.159397,3.43208e-05,False
rs5750211,6,42,-0.1649,1.84158e-05,False
rs5750211,6,43,-0.1661,1.71565e-05,False
rs5750211,6,44,-0.144022,0.000194375,False
rs5750211,6,45,-0.156669,5.22387e-05,False
rs5750211,6,46,-0.172879,8.26497e-06,False
rs5750211,6,47,-0.163346,2.61173e-05,False
rs5750211,6,48,-0.157294,5.29339e-05,False
rs5750211,6,49,-0.15742,5.38578e-05,False
rs5750211,6,50,-0.171828,1.05767e-05,False
rs5750211,6,51,-0.14515,0.00020168,False
rs5750211,6,52,-0.179561,4.54467e-06,False
rs5750211,6,53,-0.171544,1.18185e-05,False
rs5750211,6,54,-0.155143,7.64919e-05,False
rs5750211,6,55,-0.161271,4.15763e-05,False
rs5750211,6,56,-0.165296,2.63747e-05,False
rs5750211,6,57,-0.150479,0.000137308,False
rs5750211,6,58,-0.15236,0.000115594,False
rs5750211,6,59,-0.151655,0.000128406,False
rs5750211,6,60,-0.145164,0.000252243,False
rs5750211,6,61,-0.156207,8.59038e-05,False
rs5750211,6,62,-0.144382,0.000290336,False
rs5750211,6,63,-0.144504,0.000295438,False
rs5750211,6,64,-0.149569,0.000189393,False
rs5750211,6,65,-0.155319,0.000111767,False
rs5750211,6,66,-0.159373,7.377e-05,False
rs5750211,6,67,-0.159703,7.59663e-05,False
rs5750211,6,68,-0.158924,8.89495e-05,False
rs5750211,6,69,-0.157681,0.000102938,False
rs5750211,6,70,-0.154796,0.000141737,False
rs5750211,6,71,-0.164877,5.5201e-05,False
rs5750211,6,72,-0.158394,0.000115359,False
rs5750211,6,73,-0.178799,1.29975e-05,False
rs5750211,6,74,-0.183947,8.14078e-06,False
rs5750211,6,75,-0.157846,0.000134939,False
rs5750211,6,76,-0.149151,0.000323159,False
rs5750211,6,77,-0.170218,4.18619e-05,False
rs5750211,6,78,-0.179752,1.57114e-05,False
rs5750211,6,79,-0.168728,5.30326e-05,False
rs5750211,6,80,-0.165153,8.06671e-05,False
rs5750211,6,81,-0.168322,6.06957e-05,False
rs5750211,6,82,-0.179366,2.09866e-05,False
rs5750211,6,83,-0.173184,4.1536e-05,False
rs5750211,6,84,-0.172851,4.47978e-05,False
rs5750211,6,85,-0.180157,2.19345e-05,False
rs5750211,6,86,-0.180475,2.20682e-05,False
rs5750211,6,87,-0.188718,9.70106e-06,False
rs5750211,6,88,-0.203467,1.85367e-06,False
rs5750211,6,89,-0.180795,2.50239e-05,False
rs5750211,6,90,-0.17291,5.82495e-05,False
rs5750211,6,91,-0.185938,1.53481e-05,False
rs5750211,6,92,-0.181113,2.6875e-05,False
rs5750211,6,93,-0.201198,3.32019e-06,False
rs5750211,6,94,-0.191295,1.00967e-05,False
rs5750211,6,95,-0.201216,3.60383e-06,False
rs5750211,6,96,-0.210249,1.43368e-06,False
rs5750211,6,97,-0.218217,5.65543e-07,False
rs5750211,6,98,-0.219329,5.4102e-07,False
rs5750211,6,99,-0.213537,1.12418e-06,False
rs5750211,6,100,-0.205002,3.01539e-06,False
rs5750211,6,101,-0.212207,1.46071e-06,False
rs5750211,6,102,-0.217537,8.50725e-07,False
rs5750211,6,103,-0.230046,1.99935e-07,False
rs5750211,6,104,-0.219883,7.13774e-07,False
rs5750211,6,105,-0.215096,1.2881e-06,False
rs5750211,6,106,-0.208893,2.84797e-06,False
rs5750211,6,107,-0.205441,4.33467e-06,False
rs5750211,6,108,-0.213444,1.90807e-06,False
rs5750211,6,109,-0.209144,3.19503e-06,False
rs5750211,6,110,-0.208996,3.44551e-06,False
rs5750211,6,111,-0.199572,9.9269e-06,False
rs5750211,6,112,-0.1851,4.28903e-05,False
rs5750211,6,113,-0.191118,2.49175e-05,False
rs5750211,6,114,-0.20847,4.31422e-06,False
rs5750211,6,115,-0.217768,1.74561e-06,False
rs5750211,6,116,-0.200341,1.1296e-05,False
rs5750211,6,117,-0.193755,2.25104e-05,False
rs5750211,6,118,-0.178962,9.4185e-05,False
rs5750211,6,119,-0.18787,4.22853e-05,False
rs5750211,6,120,-0.186393,4.94837e-05,False
rs5750211,6,121,-0.174457,0.000152593,False
rs5750211,6,122,-0.186294,5.4077e-05,False
rs5750211,6,123,-0.191503,3.43548e-05,False
rs5750211,6,124,-0.197995,1.88717e-05,False
rs5750211,6,125,-0.189926,4.22169e-05,False
rs5750211,6,126,-0.19687,2.29133e-05,False
rs5750211,6,127,-0.191118,4.01386e-05,False
rs5750211,6,128,-0.203319,1.28019e-05,False
rs5750211,6,129,-0.204904,1.125e-05,False
rs5750211,6,130,-0.185383,7.15341e-05,False
rs5750211,6,131,-0.188433,5.64204e-05,False
rs5750211,6,132,-0.192196,4.19047e-05,False
rs5750211,6,133,-0.191207,4.79592e-05,False
rs5750211,6,134,-0.190731,5.07014e-05,False
rs5750211,6,135,-0.207085,1.12786e-05,False
rs5750211,6,136,-0.204363,1.53189e-05,False
rs5750211,6,137,-0.201894,2.00848e-05,False
rs5750211,6,138,-0.212812,7.26835e-06,False
rs5750211,6,139,-0.214059,6.57743e-06,False
rs5750211,6,140,-0.20833,1.17337e-05,False
rs5750211,6,141,-0.218831,4.42146e-06,False
rs5750211,6,142,-0.198104,3.33453e-05,False
rs5750211,6,143,-0.200224,2.76887e-05,False
rs5750211,6,144,-0.204567,1.94728e-05,False
rs5750211,6,145,-0.204295,2.07312e-05,False
rs5750211,6,146,-0.202778,2.43243e-05,False
rs5750211,6,147,-0.205095,2.01541e-05,False
rs5750211,6,148,-0.203122,2.55874e-05,False
rs5750211,6,149,-0.202704,2.68323e-05,False
rs5750211,6,150,-0.195745,5.10543e-05,False
rs5750211,6,151,-0.192297,7.12376e-05,False
rs5750211,6,152,-0.206079,2.04892e-05,False
rs5750211,6,153,-0.202693,2.89342e-05,False
rs5750211,6,154,-0.191007,8.39381e-05,False
rs5750211,6,155,-0.199296,4.18509e-05,False
rs5750211,6,156,-0.19678,5.49243e-05,False
rs5750211,6,157,-0.19559,6.42996e-05,False
rs5750211,6,158,-0.200394,4.33665e-05,False
rs5750211,6,159,-0.20059,4.43408e-05,False
rs5750211,6,160,-0.193301,8.5581e-05,False
rs5750211,6,161,-0.187272,0.000146705,False
rs5750211,6,162,-0.197144,6.68017e-05,False
rs5750211,6,163,-0.204418,3.75197e-05,False
rs5750211,6,164,-0.202088,4.84964e-05,False
rs5750211,6,165,-0.195297,9.02627e-05,False
rs5750211,6,166,-0.2034,4.73754e-05,False
rs5750211,6,167,-0.217297,1.46677e-05,False
rs5750211,6,168,-0.207742,3.69222e-05,False
rs5750211,6,169,-0.204236,5.19495e-05,False
rs5750211,6,170,-0.210604,3.25182e-05,False
rs5750211,6,171,-0.222121,1.25592e-05,False
rs5750211,6,172,-0.209795,3.93112e-05,False
rs5750211,6,173,-0.217772,2.05676e-05,False
rs5750211,6,174,-0.214895,2.83141e-05,False
rs5750211,6,175,-0.219035,2.19367e-05,False
rs5750211,6,176,-0.219258,2.31909e-05,False
rs5750211,6,177,-0.224507,1.55417e-05,False
rs5750211,6,178,-0.21999,2.53622e-05,False
rs5750211,6,179,-0.218673,3.10893e-05,False
rs5750211,6,180,-0.221324,2.70114e-05,False
rs5750211,6,181,-0.219595,3.43975e-05,False
rs5750211,6,182,-0.204052,0.000125628,False
rs5750211,6,183,-0.192801,0.000316328,False
rs5750211,6,184,-0.196848,0.000248319,False
rs5750211,6,185,-0.201052,0.00019813,False
rs5750211,6,186,-0.223892,3.80146e-05,False
rs5750211,6,187,-0.212446,0.000103446,False
rs5750211,6,188,-0.214046,9.88034e-05,False
rs5750211,6,189,-0.208129,0.000165655,False
rs5750211,6,190,-0.206894,0.000200432,False
rs5750211,6,191,-0.21094,0.000163252,False
rs5750211,6,192,-0.220091,9.11645e-05,False
rs5750211,6,193,-0.228198,5.79891e-05,False
rs5750211,6,194,-0.226995,6.81922e-05,False
rs5750211,6,195,-0.244417,2.09687e-05,False
rs5750211,6,196,-0.244833,2.22468e-05,False
rs5750211,6,197,-0.234942,5.29752e-05,False
rs5750211,6,198,-0.250289,1.86738e-05,False
rs5750211,6,199,-0.240417,4.34846e-05,False
rs5750211,6,200,-0.250104,2.38093e-05,False
rs5750211,6,201,-0.249408,2.83012e-05,False
rs5750211,6,202,-0.241336,5.55345e-05,False
rs5750211,6,203,-0.247855,3.87469e-05,False
rs5750211,6,204,-0.255147,2.56875e-05,False
rs5750211,6,205,-0.247931,4.78166e-05,False
rs5750211,6,206,-0.24665,5.97064e-05,False
rs5750211,6,207,-0.243205,8.33464e-05,False
rs5750211,6,208,-0.24132,0.00010224,False
rs5750211,6,209,-0.245508,8.35857e-05,False
rs5750211,6,210,-0.245129,9.53904e-05,False
rs5750211,6,211,-0.244329,0.000110139,False
rs5750211,6,212,-0.258915,4.67631e-05,False
rs5750211,6,213,-0.241541,0.000155875,False
rs5750211,6,214,-0.248388,0.000112694,False
rs5750211,6,215,-0.25389,8.6717e-05,False
rs5750211,6,216,-0.251318,0.000111537,False
rs5750211,6,217,-0.255738,9.42993e-05,False
rs5750211,6,218,-0.251259,0.000135267,False
rs5750211,6,219,-0.267019,5.36911e-05,False
rs5750211,6,220,-0.266037,6.37612e-05,False
rs5750211,6,221,-0.262117,8.70908e-05,False
rs5750211,6,222,-0.266091,7.37865e-05,False
rs5750211,6,223,-0.278001,3.86664e-05,False
rs5750211,6,224,-0.26787,7.79704e-05,False
rs5750211,6,225,-0.261052,0.000128777,False
rs5750211,6,226,-0.273517,6.22611e-05,False
rs5750211,6,227,-0.266118,0.000105342,False
rs5750211,6,228,-0.272218,7.84826e-05,False
rs5750211,6,229,-0.26152,0.000156003,False
rs5750211,6,230,-0.257237,0.000211946,False
rs5750211,6,231,-0.262357,0.000163915,False
rs5750211,6,232,-0.263614,0.000164596,False
rs5750211,6,233,-0.259228,0.000221952,False
rs5750211,6,234,-0.258616,0.000241275,False
rs5750211,6,235,-0.255918,0.000294751,False
rs5750211,6,236,-0.262072,0.000221688,False
rs5750211,6,237,-0.256852,0.000309743,False
rs5750211,6,238,-0.273614,0.000129547,False
rs5750211,6,239,-0.258351,0.000321693,False
rs5750211,6,240,-0.240154,0.000869982,False
rs5750211,6,241,-0.268237,0.000215142,False
rs5750211,6,242,-0.261709,0.000327964,False
rs5750211,6,243,-0.253026,0.000552988,False
rs5750211,6,244,-0.244356,0.000923349,False
rs5750211,6,245,-0.255877,0.000556705,False
rs5750211,6,246,-0.256514,0.000592403,False
rs5750211,6,247,-0.241694,0.00132825,False
rs5750211,6,248,-0.246883,0.00115513,False
rs5750211,6,249,-0.254825,0.000882071,False
rs5750211,6,250,-0.223098,0.00392409,False
rs5750211,6,251,-0.219677,0.00491204,False
rs5750211,7,7,-0.159716,0.000100298,False
rs5750211,7,8,-0.154371,0.00014629,False
rs5750211,7,9,-0.175805,1.23677e-05,False
rs5750211,7,10,-0.161275,5.31628e-05,False
rs5750211,7,11,-0.165786,2.74923e-05,False
rs5750211,7,12,-0.173483,9.76414e-06,False
rs5750211,7,13,-0.156302,6.28468e-05,False
rs5750211,7,14,-0.157872,4.56932e-05,False
rs5750211,7,15,-0.156162,5.07635e-05,False
rs5750211,7,16,-0.161545,2.66528e-05,False
rs5750211,7,17,-0.144928,0.000148972,False
rs5750211,7,18,-0.167189,1.23759e-05,False
rs5750211,7,19,-0.144209,0.000156251,False
rs5750211,7,20,-0.170552,7.64655e-06,False
rs5750211,7,21,-0.158155,3.28601e-05,False
rs5750211,7,22,-0.147406,0.000103185,False
rs5750211,7,23,-0.168438,9.04216e-06,False
rs5750211,7,24,-0.15165,6.59348e-05,False
rs5750211,7,25,-0.157431,3.24254e-05,False
rs5750211,7,26,-0.166386,1.08391e-05,False
rs5750211,7,27,-0.177673,2.71078e-06,False
rs5750211,7,28,-0.177382,2.90424e-06,False
rs5750211,7,29,-0.161373,2.08013e-05,False
rs5750211,7,30,-0.176216,3.36464e-06,False
rs5750211,7,31,-0.168657,8.55572e-06,False
rs5750211,7,32,-0.170356,7.04898e-06,False
rs5750211,7,33,-0.177642,2.87807e-06,False
rs5750211,7,34,-0.185695,9.83951e-07,False
rs5750211,7,35,-0.171363,6.56784e-06,False
rs5750211,7,36,-0.174032,4.7636e-06,False
rs5750211,7,37,-0.180498,2.16023e-06,False
rs5750211,7,38,-0.166917,1.23084e-05,False
rs5750211,7,39,-0.170367,8.83829e-06,False
rs5750211,7,40,-0.169116,1.03327e-05,False
rs5750211,7,41,-0.174452,5.50073e-06,False
rs5750211,7,42,-0.166606,1.47203e-05,False
rs5750211,7,43,-0.165978,1.69046e-05,False
rs5750211,7,44,-0.163116,2.29541e-05,False
rs5750211,7,45,-0.162522,2.60482e-05,False
rs5750211,7,46,-0.16422,2.14074e-05,False
rs5750211,7,47,-0.159319,3.95704e-05,False
rs5750211,7,48,-0.152,9.48498e-05,False
rs5750211,7,49,-0.161386,3.33579e-05,False
rs5750211,7,50,-0.161412,3.53991e-05,False
rs5750211,7,51,-0.158425,4.94573e-05,False
rs5750211,7,52,-0.15597,6.69671e-05,False
rs5750211,7,53,-0.146996,0.000178493,False
rs5750211,7,54,-0.156542,6.84819e-05,False
rs5750211,7,55,-0.159521,5.09917e-05,False
rs5750211,7,56,-0.153558,0.000104536,False
rs5750211,7,57,-0.165259,2.95859e-05,False
rs5750211,7,58,-0.15622,8.22328e-05,False
rs5750211,7,59,-0.169164,2.04476e-05,False
rs5750211,7,60,-0.173876,1.25016e-05,False
rs5750211,7,61,-0.161883,4.88631e-05,False
rs5750211,7,62,-0.174213,1.30422e-05,False
rs5750211,7,63,-0.175474,1.15222e-05,False
rs5750211,7,64,-0.188552,2.74987e-06,False
rs5750211,7,65,-0.183236,5.3303e-06,False
rs5750211,7,66,-0.177402,1.11106e-05,False
rs5750211,7,67,-0.200816,7.0105e-07,False
rs5750211,7,68,-0.186106,4.53847e-06,False
rs5750211,7,69,-0.18744,4.01577e-06,False
rs5750211,7,70,-0.209316,2.75751e-07,False
rs5750211,7,71,-0.189239,3.58441e-06,False
rs5750211,7,72,-0.185341,6.00661e-06,False
rs5750211,7,73,-0.183369,8.10758e-06,False
rs5750211,7,74,-0.18794,4.85366e-06,False
rs5750211,7,75,-0.195769,2.13606e-06,False
rs5750211,7,76,-0.201128,1.18719e-06,False
rs5750211,7,77,-0.196794,2.13986e-06,False
rs5750211,7,78,-0.192469,3.74514e-06,False
rs5750211,7,79,-0.206924,7.24823e-07,False
rs5750211,7,80,-0.206151,8.30836e-07,False
rs5750211,7,81,-0.192236,4.56554e-06,False
rs5750211,7,82,-0.200819,1.81193e-06,False
rs5750211,7,83,-0.201107,1.85905e-06,False
rs5750211,7,84,-0.203362,1.43897e-06,False
rs5750211,7,85,-0.215558,3.63019e-07,False
rs5750211,7,86,-0.207386,1.08567e-06,False
rs5750211,7,87,-0.223813,1.52688e-07,False
rs5750211,7,88,-0.222217,1.92193e-07,False
rs5750211,7,89,-0.21336,6.23221e-07,False
rs5750211,7,90,-0.209601,1.05107e-06,False
rs5750211,7,91,-0.21686,4.56273e-07,False
rs5750211,7,92,-0.235527,4.94423e-08,False
rs5750211,7,93,-0.220283,3.32649e-07,False
rs5750211,7,94,-0.210289,1.13008e-06,False
rs5750211,7,95,-0.206946,1.87207e-06,False
rs5750211,7,96,-0.216487,6.4871e-07,False
rs5750211,7,97,-0.219851,4.65118e-07,False
rs5750211,7,98,-0.226923,2.19234e-07,False
rs5750211,7,99,-0.20702,2.38605e-06,False
rs5750211,7,100,-0.215545,9.19963e-07,False
rs5750211,7,101,-0.219739,6.00887e-07,False
rs5750211,7,102,-0.224808,3.67997e-07,False
rs5750211,7,103,-0.225106,3.68115e-07,False
rs5750211,7,104,-0.21902,8.05646e-07,False
rs5750211,7,105,-0.21395,1.49329e-06,False
rs5750211,7,106,-0.213771,1.62532e-06,False
rs5750211,7,107,-0.193378,1.51911e-05,False
rs5750211,7,108,-0.196033,1.22692e-05,False
rs5750211,7,109,-0.200565,7.8305e-06,False
rs5750211,7,110,-0.199593,9.00149e-06,False
rs5750211,7,111,-0.21296,2.30512e-06,False
rs5750211,7,112,-0.198363,1.12582e-05,False
rs5750211,7,113,-0.198161,1.22296e-05,False
rs5750211,7,114,-0.188355,3.30376e-05,False
rs5750211,7,115,-0.19954,1.12626e-05,False
rs5750211,7,116,-0.202059,9.04856e-06,False
rs5750211,7,117,-0.202854,8.58101e-06,False
rs5750211,7,118,-0.212278,3.44444e-06,False
rs5750211,7,119,-0.207561,5.81364e-06,False
rs5750211,7,120,-0.205654,7.49562e-06,False
rs5750211,7,121,-0.199113,1.48485e-05,False
rs5750211,7,122,-0.209615,5.23115e-06,False
rs5750211,7,123,-0.21884,2.05767e-06,False
rs5750211,7,124,-0.209702,5.57482e-06,False
rs5750211,7,125,-0.213314,4.02243e-06,False
rs5750211,7,126,-0.210423,5.77345e-06,False
rs5750211,7,127,-0.20758,7.96033e-06,False
rs5750211,7,128,-0.216562,3.23714e-06,False
rs5750211,7,129,-0.217666,3.05326e-06,False
rs5750211,7,130,-0.218394,2.89145e-06,False
rs5750211,7,131,-0.230489,8.39898e-07,False
rs5750211,7,132,-0.206954,9.68081e-06,False
rs5750211,7,133,-0.222941,2.00706e-06,False
rs5750211,7,134,-0.235014,5.71083e-07,False
rs5750211,7,135,-0.228961,1.15454e-06,False
rs5750211,7,136,-0.227256,1.43307e-06,False
rs5750211,7,137,-0.237019,4.96801e-07,False
rs5750211,7,138,-0.230468,1.06489e-06,False
rs5750211,7,139,-0.233213,8.42154e-07,False
rs5750211,7,140,-0.228728,1.42745e-06,False
rs5750211,7,141,-0.224549,2.33589e-06,False
rs5750211,7,142,-0.222396,3.00731e-06,False
rs5750211,7,143,-0.23841,5.82667e-07,False
rs5750211,7,144,-0.235976,7.6798e-07,False
rs5750211,7,145,-0.226711,2.10804e-06,False
rs5750211,7,146,-0.22503,2.61278e-06,False
rs5750211,7,147,-0.212133,9.7944e-06,False
rs5750211,7,148,-0.214095,8.31822e-06,False
rs5750211,7,149,-0.202833,2.44447e-05,False
rs5750211,7,150,-0.197348,4.1857e-05,False
rs5750211,7,151,-0.197628,4.07431e-05,False
rs5750211,7,152,-0.201125,3.16485e-05,False
rs5750211,7,153,-0.193749,6.10229e-05,False
rs5750211,7,154,-0.202458,2.84832e-05,False
rs5750211,7,155,-0.214259,9.62247e-06,False
rs5750211,7,156,-0.218128,6.96746e-06,False
rs5750211,7,157,-0.227477,2.95779e-06,False
rs5750211,7,158,-0.220215,6.38381e-06,False
rs5750211,7,159,-0.221521,5.86156e-06,False
rs5750211,7,160,-0.21919,7.78228e-06,False
rs5750211,7,161,-0.214823,1.1957e-05,False
rs5750211,7,162,-0.220736,7.01637e-06,False
rs5750211,7,163,-0.214485,1.32783e-05,False
rs5750211,7,164,-0.219358,8.87172e-06,False
rs5750211,7,165,-0.216323,1.23173e-05,False
rs5750211,7,166,-0.223139,6.80854e-06,False
rs5750211,7,167,-0.222079,8.14519e-06,False
rs5750211,7,168,-0.226998,5.49615e-06,False
rs5750211,7,169,-0.241915,1.35992e-06,False
rs5750211,7,170,-0.237823,2.17096e-06,False
rs5750211,7,171,-0.24181,1.56877e-06,False
rs5750211,7,172,-0.237462,2.62824e-06,False
rs5750211,7,173,-0.244037,1.49642e-06,False
rs5750211,7,174,-0.245989,1.36573e-06,False
rs5750211,7,175,-0.23833,3.05968e-06,False
rs5750211,7,176,-0.23587,4.2333e-06,False
rs5750211,7,177,-0.215006,3.04161e-05,False
rs5750211,7,178,-0.235279,5.32975e-06,False
rs5750211,7,179,-0.238101,4.59289e-06,False
rs5750211,7,180,-0.231338,9.31115e-06,False
rs5750211,7,181,-0.22301,2.15361e-05,False
rs5750211,7,182,-0.223187,2.30239e-05,False
rs5750211,7,183,-0.231379,1.21463e-05,False
rs5750211,7,184,-0.220236,3.43167e-05,False
rs5750211,7,185,-0.237874,8.5965e-06,False
rs5750211,7,186,-0.224387,3.02607e-05,False
rs5750211,7,187,-0.238319,1.04457e-05,False
rs5750211,7,188,-0.236712,1.34982e-05,False
rs5750211,7,189,-0.238196,1.34576e-05,False
rs5750211,7,190,-0.221476,5.8512e-05,False
rs5750211,7,191,-0.244301,1.05174e-05,False
rs5750211,7,192,-0.243041,1.32785e-05,False
rs5750211,7,193,-0.226814,5.34324e-05,False
rs5750211,7,194,-0.231657,4.13113e-05,False
rs5750211,7,195,-0.233899,3.83013e-05,False
rs5750211,7,196,-0.24087,2.52867e-05,False
rs5750211,7,197,-0.257188,7.90396e-06,False
rs5750211,7,198,-0.246081,2.13841e-05,False
rs5750211,7,199,-0.254078,1.28729e-05,False
rs5750211,7,200,-0.256033,1.25035e-05,False
rs5750211,7,201,-0.265245,6.78544e-06,False
rs5750211,7,202,-0.273881,3.93967e-06,False
rs5750211,7,203,-0.276229,3.84702e-06,False
rs5750211,7,204,-0.265691,1.02197e-05,False
rs5750211,7,205,-0.27068,7.83715e-06,False
rs5750211,7,206,-0.269393,9.52995e-06,False
rs5750211,7,207,-0.274801,7.21386e-06,False
rs5750211,7,208,-0.281877,4.85548e-06,False
rs5750211,7,209,-0.27955,6.56004e-06,False
rs5750211,7,210,-0.278719,7.95576e-06,False
rs5750211,7,211,-0.278576,9.00638e-06,False
rs5750211,7,212,-0.286973,5.72534e-06,False
rs5750211,7,213,-0.290764,4.82596e-06,False
rs5750211,7,214,-0.282052,1.03355e-05,False
rs5750211,7,215,-0.292387,5.73433e-06,False
rs5750211,7,216,-0.286777,9.4773e-06,False
rs5750211,7,217,-0.275605,2.3321e-05,False
rs5750211,7,218,-0.280743,1.81709e-05,False
rs5750211,7,219,-0.298248,5.9447e-06,False
rs5750211,7,220,-0.268023,5.23539e-05,False
rs5750211,7,221,-0.272481,4.21548e-05,False
rs5750211,7,222,-0.280619,2.80915e-05,False
rs5750211,7,223,-0.2737,4.71474e-05,False
rs5750211,7,224,-0.286222,2.29594e-05,False
rs5750211,7,225,-0.282458,3.18859e-05,False
rs5750211,7,226,-0.265002,0.000103302,False
rs5750211,7,227,-0.280747,4.21439e-05,False
rs5750211,7,228,-0.259271,0.000166154,False
rs5750211,7,229,-0.254147,0.000238931,False
rs5750211,7,230,-0.242588,0.000474621,False
rs5750211,7,231,-0.249827,0.000343672,False
rs5750211,7,232,-0.256229,0.000251292,False
rs5750211,7,233,-0.235284,0.000814289,False
rs5750211,7,234,-0.251035,0.000377084,False
rs5750211,7,235,-0.243091,0.000598029,False
rs5750211,7,236,-0.243435,0.000610365,False
rs5750211,7,237,-0.251105,0.000428525,False
rs5750211,7,238,-0.241863,0.000749822,False
rs5750211,7,239,-0.264274,0.000238046,False
rs5750211,7,240,-0.254511,0.000426558,False
rs5750211,7,241,-0.252953,0.000491997,False
rs5750211,7,242,-0.259816,0.000372308,False
rs5750211,7,243,-0.269594,0.000235223,False
rs5750211,7,244,-0.268443,0.000277002,False
rs5750211,7,245,-0.276328,0.000197083,False
rs5750211,7,246,-0.2685,0.00033093,False
rs5750211,7,247,-0.256234,0.000672483,False
rs5750211,7,248,-0.255501,0.000768174,False
rs5750211,7,249,-0.277557,0.000286101,False
rs5750211,7,250,-0.257538,0.00085197,False
rs5750211,7,251,-0.245746,0.00160786,False
rs5750211,8,7,-0.168713,3.57972e-05,False
rs5750211,8,8,-0.150599,0.000198359,False
rs5750211,8,9,-0.152846,0.000137422,False
rs5750211,8,10,-0.132974,0.000806941,False
rs5750211,8,11,-0.157733,6.32044e-05,False
rs5750211,8,12,-0.173333,9.64217e-06,False
rs5750211,8,13,-0.156011,6.0043e-05,False
rs5750211,8,14,-0.159172,3.90515e-05,False
rs5750211,8,15,-0.157282,4.41506e-05,False
rs5750211,8,16,-0.177492,3.80608e-06,False
rs5750211,8,17,-0.16743,1.25373e-05,False
rs5750211,8,18,-0.186525,1.06913e-06,False
rs5750211,8,19,-0.171902,6.57284e-06,False
rs5750211,8,20,-0.164166,1.68649e-05,False
rs5750211,8,21,-0.168025,1.02466e-05,False
rs5750211,8,22,-0.174069,4.71673e-06,False
rs5750211,8,23,-0.172061,5.9967e-06,False
rs5750211,8,24,-0.150892,7.30392e-05,False
rs5750211,8,25,-0.170068,7.88357e-06,False
rs5750211,8,26,-0.155518,4.30774e-05,False
rs5750211,8,27,-0.152568,5.91087e-05,False
rs5750211,8,28,-0.146869,0.00011352,False
rs5750211,8,29,-0.165616,1.3196e-05,False
rs5750211,8,30,-0.1629,1.73807e-05,False
rs5750211,8,31,-0.145922,0.000123658,False
rs5750211,8,32,-0.147801,0.000101858,False
rs5750211,8,33,-0.160321,2.49195e-05,False
rs5750211,8,34,-0.168617,9.58597e-06,False
rs5750211,8,35,-0.149233,9.17027e-05,False
rs5750211,8,36,-0.144491,0.000158085,False
rs5750211,8,37,-0.158219,3.47468e-05,False
rs5750211,8,38,-0.153937,5.87098e-05,False
rs5750211,8,39,-0.169876,9.43414e-06,False
rs5750211,8,40,-0.171578,8.00411e-06,False
rs5750211,8,41,-0.17922,3.3042e-06,False
rs5750211,8,42,-0.173522,6.74265e-06,False
rs5750211,8,43,-0.178177,4.01959e-06,False
rs5750211,8,44,-0.17592,5.61424e-06,False
rs5750211,8,45,-0.162888,2.71903e-05,False
rs5750211,8,46,-0.169957,1.16436e-05,False
rs5750211,8,47,-0.172125,9.87905e-06,False
rs5750211,8,48,-0.167365,1.77588e-05,False
rs5750211,8,49,-0.171542,1.08675e-05,False
rs5750211,8,50,-0.157038,5.94506e-05,False
rs5750211,8,51,-0.157231,6.04333e-05,False
rs5750211,8,52,-0.148548,0.000151185,False
rs5750211,8,53,-0.157019,6.58965e-05,False
rs5750211,8,54,-0.163039,3.53287e-05,False
rs5750211,8,55,-0.159146,5.693e-05,False
rs5750211,8,56,-0.139669,0.000414493,False
rs5750211,8,57,-0.154336,9.8876e-05,False
rs5750211,8,58,-0.151364,0.000139651,False
rs5750211,8,59,-0.153017,0.00012376,False
rs5750211,8,60,-0.176185,1.0346e-05,False
rs5750211,8,61,-0.178302,8.36163e-06,False
rs5750211,8,62,-0.162657,5.07358e-05,False
rs5750211,8,63,-0.162505,5.39082e-05,False
rs5750211,8,64,-0.187146,3.44351e-06,False
rs5750211,8,65,-0.17606,1.28822e-05,False
rs5750211,8,66,-0.18249,6.59585e-06,False
rs5750211,8,67,-0.182075,7.1735e-06,False
rs5750211,8,68,-0.185393,5.26593e-06,False
rs5750211,8,69,-0.181413,8.76886e-06,False
rs5750211,8,70,-0.182621,7.77469e-06,False
rs5750211,8,71,-0.184739,6.7935e-06,False
rs5750211,8,72,-0.193057,2.66857e-06,False
rs5750211,8,73,-0.183626,8.39178e-06,False
rs5750211,8,74,-0.190836,3.6712e-06,False
rs5750211,8,75,-0.186252,6.69241e-06,False
rs5750211,8,76,-0.201876,1.08736e-06,False
rs5750211,8,77,-0.172208,3.50767e-05,False
rs5750211,8,78,-0.191043,4.61005e-06,False
rs5750211,8,79,-0.189792,5.59114e-06,False
rs5750211,8,80,-0.19536,3.17525e-06,False
rs5750211,8,81,-0.182534,1.38733e-05,False
rs5750211,8,82,-0.19147,5.48136e-06,False
rs5750211,8,83,-0.193916,4.50838e-06,False
rs5750211,8,84,-0.176315,3.19154e-05,False
rs5750211,8,85,-0.197614,3.32461e-06,False
rs5750211,8,86,-0.202978,1.88697e-06,False
rs5750211,8,87,-0.205964,1.44515e-06,False
rs5750211,8,88,-0.209945,9.13269e-07,False
rs5750211,8,89,-0.20719,1.34036e-06,False
rs5750211,8,90,-0.21196,8.64587e-07,False
rs5750211,8,91,-0.21065,1.05575e-06,False
rs5750211,8,92,-0.218869,4.17844e-07,False
rs5750211,8,93,-0.223072,2.70431e-07,False
rs5750211,8,94,-0.223853,2.61018e-07,False
rs5750211,8,95,-0.231365,1.10683e-07,False
rs5750211,8,96,-0.226721,2.09782e-07,False
rs5750211,8,97,-0.209246,1.75512e-06,False
rs5750211,8,98,-0.225803,2.66497e-07,False
rs5750211,8,99,-0.232539,1.21492e-07,False
rs5750211,8,100,-0.217826,7.76079e-07,False
rs5750211,8,101,-0.230446,1.90273e-07,False
rs5750211,8,102,-0.230234,2.05909e-07,False
rs5750211,8,103,-0.205798,3.71041e-06,False
rs5750211,8,104,-0.210284,2.31944e-06,False
rs5750211,8,105,-0.224985,4.60255e-07,False
rs5750211,8,106,-0.223055,5.97719e-07,False
rs5750211,8,107,-0.21097,2.37976e-06,False
rs5750211,8,108,-0.209725,2.98245e-06,False
rs5750211,8,109,-0.201754,7.31077e-06,False
rs5750211,8,110,-0.208239,3.87392e-06,False
rs5750211,8,111,-0.209847,3.33858e-06,False
rs5750211,8,112,-0.217716,1.47378e-06,False
rs5750211,8,113,-0.207226,4.74155e-06,False
rs5750211,8,114,-0.209556,3.86049e-06,False
rs5750211,8,115,-0.218317,1.63113e-06,False
rs5750211,8,116,-0.23096,4.37243e-07,False
rs5750211,8,117,-0.216429,2.22677e-06,False
rs5750211,8,118,-0.210375,4.39474e-06,False
rs5750211,8,119,-0.218182,2.03693e-06,False
rs5750211,8,120,-0.218219,2.08729e-06,False
rs5750211,8,121,-0.204417,9.28609e-06,False
rs5750211,8,122,-0.21094,4.86214e-06,False
rs5750211,8,123,-0.210039,5.57283e-06,False
rs5750211,8,124,-0.197883,1.92932e-05,False
rs5750211,8,125,-0.200269,1.58283e-05,False
rs5750211,8,126,-0.22229,1.69401e-06,False
rs5750211,8,127,-0.221115,2.00963e-06,False
rs5750211,8,128,-0.213496,4.54547e-06,False
rs5750211,8,129,-0.218947,2.66316e-06,False
rs5750211,8,130,-0.211153,6.30671e-06,False
rs5750211,8,131,-0.213109,5.3691e-06,False
rs5750211,8,132,-0.21564,4.08777e-06,False
rs5750211,8,133,-0.211495,6.56939e-06,False
rs5750211,8,134,-0.217709,3.69677e-06,False
rs5750211,8,135,-0.217269,3.93286e-06,False
rs5750211,8,136,-0.219558,3.29565e-06,False
rs5750211,8,137,-0.221484,2.86367e-06,False
rs5750211,8,138,-0.208793,1.05337e-05,False
rs5750211,8,139,-0.212996,7.02423e-06,False
rs5750211,8,140,-0.223244,2.59578e-06,False
rs5750211,8,141,-0.2189,4.11173e-06,False
rs5750211,8,142,-0.218142,4.6403e-06,False
rs5750211,8,143,-0.228222,1.72721e-06,False
rs5750211,8,144,-0.227547,1.88769e-06,False
rs5750211,8,145,-0.22699,2.05344e-06,False
rs5750211,8,146,-0.223577,2.86817e-06,False
rs5750211,8,147,-0.227173,2.14223e-06,False
rs5750211,8,148,-0.22195,3.76527e-06,False
rs5750211,8,149,-0.223216,3.42728e-06,False
rs5750211,8,150,-0.216713,6.73716e-06,False
rs5750211,8,151,-0.216022,7.53111e-06,False
rs5750211,8,152,-0.216114,7.53969e-06,False
rs5750211,8,153,-0.222103,4.27383e-06,False
rs5750211,8,154,-0.224628,3.53336e-06,False
rs5750211,8,155,-0.238927,8.15023e-07,False
rs5750211,8,156,-0.241609,6.5333e-07,False
rs5750211,8,157,-0.227421,2.99071e-06,False
rs5750211,8,158,-0.215706,9.54794e-06,False
rs5750211,8,159,-0.231739,2.07617e-06,False
rs5750211,8,160,-0.236179,1.38737e-06,False
rs5750211,8,161,-0.235599,1.51267e-06,False
rs5750211,8,162,-0.240613,9.13505e-07,False
rs5750211,8,163,-0.234204,1.89874e-06,False
rs5750211,8,164,-0.230674,2.84424e-06,False
rs5750211,8,165,-0.246967,5.9284e-07,False
rs5750211,8,166,-0.243457,8.45342e-07,False
rs5750211,8,167,-0.230791,3.20917e-06,False
rs5750211,8,168,-0.246526,6.96121e-07,False
rs5750211,8,169,-0.244778,8.89779e-07,False
rs5750211,8,170,-0.243866,1.06697e-06,False
rs5750211,8,171,-0.252029,4.86574e-07,False
rs5750211,8,172,-0.239966,1.72212e-06,False
rs5750211,8,173,-0.237435,2.45235e-06,False
rs5750211,8,174,-0.236435,2.89282e-06,False
rs5750211,8,175,-0.23205,4.55711e-06,False
rs5750211,8,176,-0.228465,6.94075e-06,False
rs5750211,8,177,-0.241297,2.27751e-06,False
rs5750211,8,178,-0.23909,3.05757e-06,False
rs5750211,8,179,-0.241311,2.66792e-06,False
rs5750211,8,180,-0.230681,8.12705e-06,False
rs5750211,8,181,-0.221668,2.02765e-05,False
rs5750211,8,182,-0.223031,1.96791e-05,False
rs5750211,8,183,-0.234811,7.44688e-06,False
rs5750211,8,184,-0.233143,9.83487e-06,False
rs5750211,8,185,-0.241016,5.40783e-06,False
rs5750211,8,186,-0.249474,2.8041e-06,False
rs5750211,8,187,-0.23554,1.07126e-05,False
rs5750211,8,188,-0.251864,2.93116e-06,False
rs5750211,8,189,-0.252183,3.35253e-06,False
rs5750211,8,190,-0.247967,5.41348e-06,False
rs5750211,8,191,-0.247121,6.58259e-06,False
rs5750211,8,192,-0.241798,1.16847e-05,False
rs5750211,8,193,-0.250923,6.21474e-06,False
rs5750211,8,194,-0.263223,2.4518e-06,False
rs5750211,8,195,-0.257981,4.44883e-06,False
rs5750211,8,196,-0.243024,1.73187e-05,False
rs5750211,8,197,-0.262867,3.90868e-06,False
rs5750211,8,198,-0.247453,1.56808e-05,False
rs5750211,8,199,-0.263641,4.74471e-06,False
rs5750211,8,200,-0.268763,3.64637e-06,False
rs5750211,8,201,-0.27733,2.06917e-06,False
rs5750211,8,202,-0.265354,6.5013e-06,False
rs5750211,8,203,-0.263194,8.50285e-06,False
rs5750211,8,204,-0.274567,4.10665e-06,False
rs5750211,8,205,-0.290658,1.26812e-06,False
rs5750211,8,206,-0.281198,3.29496e-06,False
rs5750211,8,207,-0.283283,3.13463e-06,False
rs5750211,8,208,-0.283089,3.67132e-06,False
rs5750211,8,209,-0.279298,5.76206e-06,False
rs5750211,8,210,-0.287934,3.29089e-06,False
rs5750211,8,211,-0.279824,7.08636e-06,False
rs5750211,8,212,-0.288301,4.3265e-06,False
rs5750211,8,213,-0.293935,3.26781e-06,False
rs5750211,8,214,-0.289921,5.21081e-06,False
rs5750211,8,215,-0.282685,1.01898e-05,False
rs5750211,8,216,-0.283429,1.11383e-05,False
rs5750211,8,217,-0.290241,7.61211e-06,False
rs5750211,8,218,-0.291053,8.25388e-06,False
rs5750211,8,219,-0.301162,4.59315e-06,False
rs5750211,8,220,-0.297191,6.90643e-06,False
rs5750211,8,221,-0.281462,2.313e-05,False
rs5750211,8,222,-0.283502,2.23399e-05,False
rs5750211,8,223,-0.276342,3.97942e-05,False
rs5750211,8,224,-0.288189,1.99372e-05,False
rs5750211,8,225,-0.267849,7.97643e-05,False
rs5750211,8,226,-0.274452,5.82595e-05,False
rs5750211,8,227,-0.286816,2.9409e-05,False
rs5750211,8,228,-0.275393,6.49723e-05,False
rs5750211,8,229,-0.29398,2.19466e-05,False
rs5750211,8,230,-0.274175,8.06998e-05,False
rs5750211,8,231,-0.281067,5.60916e-05,False
rs5750211,8,232,-0.27079,0.000114703,False
rs5750211,8,233,-0.282647,5.97787e-05,False
rs5750211,8,234,-0.269091,0.00013951,False
rs5750211,8,235,-0.278501,8.77053e-05,False
rs5750211,8,236,-0.264728,0.000204914,False
rs5750211,8,237,-0.273196,0.00013793,False
rs5750211,8,238,-0.288952,5.94214e-05,False
rs5750211,8,239,-0.260013,0.000317924,False
rs5750211,8,240,-0.268043,0.000223132,False
rs5750211,8,241,-0.268075,0.000234709,False
rs5750211,8,242,-0.278149,0.000145745,False
rs5750211,8,243,-0.261718,0.000375244,False
rs5750211,8,244,-0.264095,0.000361493,False
rs5750211,8,245,-0.247543,0.000911783,False
rs5750211,8,246,-0.253313,0.000737417,False
rs5750211,8,247,-0.262587,0.000515398,False
rs5750211,8,248,-0.251465,0.000964882,False
rs5750211,8,249,-0.253893,0.000946601,False
rs5750211,8,250,-0.258812,0.00082627,False
rs5750211,8,251,-0.268512,0.000579046,False
rs5750211,9,7,-0.146365,0.000314802,False
rs5750211,9,8,-0.154748,0.000124123,False
rs5750211,9,9,-0.160567,5.65045e-05,False
rs5750211,9,10,-0.166099,2.75373e-05,False
rs5750211,9,11,-0.142718,0.000277648,False
rs5750211,9,12,-0.170465,1.1985e-05,False
rs5750211,9,13,-0.146502,0.000155952,False
rs5750211,9,14,-0.16386,2.12841e-05,False
rs5750211,9,15,-0.166345,1.52802e-05,False
rs5750211,9,16,-0.164705,1.68508e-05,False
rs5750211,9,17,-0.185864,1.10706e-06,False
rs5750211,9,18,-0.154018,5.44034e-05,False
rs5750211,9,19,-0.172518,5.88402e-06,False
rs5750211,9,20,-0.164971,1.49185e-05,False
rs5750211,9,21,-0.168881,9.28569e-06,False
rs5750211,9,22,-0.169303,8.36547e-06,False
rs5750211,9,23,-0.162473,1.88444e-05,False
rs5750211,9,24,-0.157127,3.53661e-05,False
rs5750211,9,25,-0.162931,1.83702e-05,False
rs5750211,9,26,-0.158693,2.86993e-05,False
rs5750211,9,27,-0.16426,1.56497e-05,False
rs5750211,9,28,-0.146052,0.000121591,False
rs5750211,9,29,-0.172873,5.34674e-06,False
rs5750211,9,30,-0.173705,5.00235e-06,False
rs5750211,9,31,-0.172144,5.7373e-06,False
rs5750211,9,32,-0.159725,2.63804e-05,False
rs5750211,9,33,-0.168602,9.39716e-06,False
rs5750211,9,34,-0.181636,1.84575e-06,False
rs5750211,9,35,-0.16402,1.69248e-05,False
rs5750211,9,36,-0.160503,2.57381e-05,False
rs5750211,9,37,-0.160985,2.40299e-05,False
rs5750211,9,38,-0.161978,2.23447e-05,False
rs5750211,9,39,-0.159766,3.11632e-05,False
rs5750211,9,40,-0.15897,3.34224e-05,False
rs5750211,9,41,-0.14834,0.000113345,False
rs5750211,9,42,-0.153439,6.63002e-05,False
rs5750211,9,43,-0.14737,0.000134072,False
rs5750211,9,44,-0.150489,9.7355e-05,False
rs5750211,9,45,-0.161188,3.13841e-05,False
rs5750211,9,46,-0.14448,0.000191774,False
rs5750211,9,47,-0.14014,0.000302737,False
rs5750211,9,48,-0.152828,8.48623e-05,False
rs5750211,9,49,-0.136331,0.000472259,False
rs5750211,9,50,-0.136637,0.000467633,False
rs5750211,9,51,-0.14455,0.000221033,False
rs5750211,9,52,-0.154324,8.26806e-05,False
rs5750211,9,53,-0.160983,4.05317e-05,False
rs5750211,9,54,-0.158933,5.3786e-05,False
rs5750211,9,55,-0.141915,0.000319882,False
rs5750211,9,56,-0.157572,6.40319e-05,False
rs5750211,9,57,-0.160108,5.06346e-05,False
rs5750211,9,58,-0.161987,4.50609e-05,False
rs5750211,9,59,-0.176029,9.66737e-06,False
rs5750211,9,60,-0.175032,1.10075e-05,False
rs5750211,9,61,-0.163011,4.51358e-05,False
rs5750211,9,62,-0.162642,4.85392e-05,False
rs5750211,9,63,-0.16201,5.66156e-05,False
rs5750211,9,64,-0.179076,8.37222e-06,False
rs5750211,9,65,-0.182513,6.0734e-06,False
rs5750211,9,66,-0.176217,1.28305e-05,False
rs5750211,9,67,-0.179008,1.01609e-05,False
rs5750211,9,68,-0.185637,5.07889e-06,False
rs5750211,9,69,-0.174555,1.85162e-05,False
rs5750211,9,70,-0.174131,2.03006e-05,False
rs5750211,9,71,-0.204472,6.23412e-07,False
rs5750211,9,72,-0.18707,5.21744e-06,False
rs5750211,9,73,-0.193461,2.6488e-06,False
rs5750211,9,74,-0.199654,1.37969e-06,False
rs5750211,9,75,-0.205601,6.79413e-07,False
rs5750211,9,76,-0.19164,3.97057e-06,False
rs5750211,9,77,-0.196085,2.48338e-06,False
rs5750211,9,78,-0.199885,1.76473e-06,False
rs5750211,9,79,-0.201819,1.46436e-06,False
rs5750211,9,80,-0.205801,9.80827e-07,False
rs5750211,9,81,-0.177652,2.59511e-05,False
rs5750211,9,82,-0.190175,7.10338e-06,False
rs5750211,9,83,-0.203478,1.57968e-06,False
rs5750211,9,84,-0.198608,3.03322e-06,False
rs5750211,9,85,-0.199558,2.90651e-06,False
rs5750211,9,86,-0.194851,5.17197e-06,False
rs5750211,9,87,-0.191915,7.45051e-06,False
rs5750211,9,88,-0.187516,1.27972e-05,False
rs5750211,9,89,-0.180152,2.87389e-05,False
rs5750211,9,90,-0.1895,1.15069e-05,False
rs5750211,9,91,-0.199901,3.98707e-06,False
rs5750211,9,92,-0.202771,3.06379e-06,False
rs5750211,9,93,-0.210027,1.38249e-06,False
rs5750211,9,94,-0.20847,1.78607e-06,False
rs5750211,9,95,-0.215763,8.15464e-07,False
rs5750211,9,96,-0.22584,2.50833e-07,False
rs5750211,9,97,-0.21707,7.94823e-07,False
rs5750211,9,98,-0.20742,2.49373e-06,False
rs5750211,9,99,-0.212246,1.51639e-06,False
rs5750211,9,100,-0.201375,5.23044e-06,False
rs5750211,9,101,-0.200606,6.07878e-06,False
rs5750211,9,102,-0.196526,9.6453e-06,False
rs5750211,9,103,-0.215327,1.34104e-06,False
rs5750211,9,104,-0.217045,1.16453e-06,False
rs5750211,9,105,-0.207429,3.59265e-06,False
rs5750211,9,106,-0.205075,4.77399e-06,False
rs5750211,9,107,-0.197218,1.12552e-05,False
rs5750211,9,108,-0.212727,2.3338e-06,False
rs5750211,9,109,-0.21079,2.97761e-06,False
rs5750211,9,110,-0.211189,3.06131e-06,False
rs5750211,9,111,-0.204777,6.3236e-06,False
rs5750211,9,112,-0.200399,1.03255e-05,False
rs5750211,9,113,-0.199162,1.22737e-05,False
rs5750211,9,114,-0.201367,1.01484e-05,False
rs5750211,9,115,-0.203548,8.33074e-06,False
rs5750211,9,116,-0.215342,2.57094e-06,False
rs5750211,9,117,-0.196498,1.91525e-05,False
rs5750211,9,118,-0.201842,1.14864e-05,False
rs5750211,9,119,-0.203787,9.588e-06,False
rs5750211,9,120,-0.216317,2.82848e-06,False
rs5750211,9,121,-0.217619,2.53146e-06,False
rs5750211,9,122,-0.217618,2.5327e-06,False
rs5750211,9,123,-0.20195,1.28726e-05,False
rs5750211,9,124,-0.207818,7.80792e-06,False
rs5750211,9,125,-0.22164,1.91216e-06,False
rs5750211,9,126,-0.226565,1.15178e-06,False
rs5750211,9,127,-0.227764,1.03326e-06,False
rs5750211,9,128,-0.224517,1.47911e-06,False
rs5750211,9,129,-0.230579,8.17209e-07,False
rs5750211,9,130,-0.211139,6.51573e-06,False
rs5750211,9,131,-0.223465,1.95155e-06,False
rs5750211,9,132,-0.214099,5.1773e-06,False
rs5750211,9,133,-0.214476,5.24885e-06,False
rs5750211,9,134,-0.209576,8.86826e-06,False
rs5750211,9,135,-0.228654,1.30003e-06,False
rs5750211,9,136,-0.229864,1.12013e-06,False
rs5750211,9,137,-0.236288,5.82901e-07,False
rs5750211,9,138,-0.219066,3.86327e-06,False
rs5750211,9,139,-0.209705,9.90242e-06,False
rs5750211,9,140,-0.22368,2.60545e-06,False
rs5750211,9,141,-0.226504,1.9194e-06,False
rs5750211,9,142,-0.227219,1.85784e-06,False
rs5750211,9,143,-0.226144,2.13587e-06,False
rs5750211,9,144,-0.226219,2.15274e-06,False
rs5750211,9,145,-0.223594,2.98949e-06,False
rs5750211,9,146,-0.22799,1.99978e-06,False
rs5750211,9,147,-0.227264,2.19413e-06,False
rs5750211,9,148,-0.229935,1.63933e-06,False
rs5750211,9,149,-0.255536,1.04165e-07,False
rs5750211,9,150,-0.253431,1.33729e-07,False
rs5750211,9,151,-0.258442,8.12091e-08,False
rs5750211,9,152,-0.25896,8.09034e-08,False
rs5750211,9,153,-0.248005,2.77923e-07,False
rs5750211,9,154,-0.24255,5.10107e-07,False
rs5750211,9,155,-0.244996,4.11094e-07,False
rs5750211,9,156,-0.236223,1.06953e-06,False
rs5750211,9,157,-0.239972,7.35767e-07,False
rs5750211,9,158,-0.245467,4.19997e-07,False
rs5750211,9,159,-0.229229,2.41297e-06,False
rs5750211,9,160,-0.237821,1.01265e-06,False
rs5750211,9,161,-0.231043,2.06698e-06,False
rs5750211,9,162,-0.221481,5.74155e-06,False
rs5750211,9,163,-0.218882,7.49137e-06,False
rs5750211,9,164,-0.231465,2.22037e-06,False
rs5750211,9,165,-0.238501,1.15832e-06,False
rs5750211,9,166,-0.226373,4.0757e-06,False
rs5750211,9,167,-0.238379,1.31336e-06,False
rs5750211,9,168,-0.236114,1.77127e-06,False
rs5750211,9,169,-0.253768,2.99165e-07,False
rs5750211,9,170,-0.248356,5.59705e-07,False
rs5750211,9,171,-0.229871,3.84803e-06,False
rs5750211,9,172,-0.230214,3.86989e-06,False
rs5750211,9,173,-0.226209,6.19242e-06,False
rs5750211,9,174,-0.215401,1.75236e-05,False
rs5750211,9,175,-0.23152,4.1957e-06,False
rs5750211,9,176,-0.239619,2.08942e-06,False
rs5750211,9,177,-0.236756,2.99189e-06,False
rs5750211,9,178,-0.241207,2.09166e-06,False
rs5750211,9,179,-0.251549,8.2275e-07,False
rs5750211,9,180,-0.237589,3.45406e-06,False
rs5750211,9,181,-0.221396,1.71149e-05,False
rs5750211,9,182,-0.231168,7.60185e-06,False
rs5750211,9,183,-0.225755,1.34393e-05,False
rs5750211,9,184,-0.22474,1.66022e-05,False
rs5750211,9,185,-0.216097,3.78571e-05,False
rs5750211,9,186,-0.207703,8.15859e-05,False
rs5750211,9,187,-0.218213,3.75824e-05,False
rs5750211,9,188,-0.21472,5.41163e-05,False
rs5750211,9,189,-0.234584,1.20162e-05,False
rs5750211,9,190,-0.214832,6.58822e-05,False
rs5750211,9,191,-0.235949,1.34117e-05,False
rs5750211,9,192,-0.236471,1.44573e-05,False
rs5750211,9,193,-0.24757,6.42384e-06,False
rs5750211,9,194,-0.252311,4.77053e-06,False
rs5750211,9,195,-0.247914,8.16273e-06,False
rs5750211,9,196,-0.263981,2.27584e-06,False
rs5750211,9,197,-0.268287,1.83521e-06,False
rs5750211,9,198,-0.26471,2.96726e-06,False
rs5750211,9,199,-0.273851,1.53703e-06,False
rs5750211,9,200,-0.277559,1.29493e-06,False
rs5750211,9,201,-0.277951,1.48718e-06,False
rs5750211,9,202,-0.294835,3.80703e-07,False
rs5750211,9,203,-0.293237,5.38074e-07,False
rs5750211,9,204,-0.281723,1.7567e-06,False
rs5750211,9,205,-0.289733,1.06798e-06,False
rs5750211,9,206,-0.297903,6.06805e-07,False
rs5750211,9,207,-0.286855,1.85716e-06,False
rs5750211,9,208,-0.280971,3.46182e-06,False
rs5750211,9,209,-0.283102,3.44578e-06,False
rs5750211,9,210,-0.289424,2.44726e-06,False
rs5750211,9,211,-0.27966,6.3144e-06,False
rs5750211,9,212,-0.288924,3.46989e-06,False
rs5750211,9,213,-0.278704,8.77364e-06,False
rs5750211,9,214,-0.293416,3.47208e-06,False
rs5750211,9,215,-0.283379,8.26335e-06,False
rs5750211,9,216,-0.296326,3.64727e-06,False
rs5750211,9,217,-0.279779,1.41947e-05,False
rs5750211,9,218,-0.30691,2.2278e-06,False
rs5750211,9,219,-0.298055,5.02874e-06,False
rs5750211,9,220,-0.285813,1.39618e-05,False
rs5750211,9,221,-0.282127,1.95089e-05,False
rs5750211,9,222,-0.282445,2.17644e-05,False
rs5750211,9,223,-0.289719,1.51088e-05,False
rs5750211,9,224,-0.300606,8.01806e-06,False
rs5750211,9,225,-0.286496,2.32668e-05,False
rs5750211,9,226,-0.296127,1.373e-05,False
rs5750211,9,227,-0.300399,1.15824e-05,False
rs5750211,9,228,-0.291331,2.25688e-05,False
rs5750211,9,229,-0.293642,2.16253e-05,False
rs5750211,9,230,-0.271349,9.34333e-05,False
rs5750211,9,231,-0.298929,1.82768e-05,False
rs5750211,9,232,-0.259825,0.000211179,False
rs5750211,9,233,-0.287313,4.43804e-05,False
rs5750211,9,234,-0.270126,0.000133661,False
rs5750211,9,235,-0.278101,9.05573e-05,False
rs5750211,9,236,-0.27156,0.00014164,False
rs5750211,9,237,-0.259888,0.000281189,False
rs5750211,9,238,-0.261189,0.000286099,False
rs5750211,9,239,-0.247475,0.000618846,False
rs5750211,9,240,-0.248286,0.000626706,False
rs5750211,9,241,-0.242103,0.000899878,False
rs5750211,9,242,-0.248225,0.00070516,False
rs5750211,9,243,-0.268006,0.00027647,False
rs5750211,9,244,-0.250281,0.000726759,False
rs5750211,9,245,-0.263817,0.000401624,False
rs5750211,9,246,-0.243851,0.00116311,False
rs5750211,9,247,-0.242994,0.0013028,False
rs5750211,9,248,-0.239616,0.00165146,False
rs5750211,9,249,-0.22903,0.00283266,False
rs5750211,9,250,-0.230682,0.00278885,False
rs5750211,9,251,-0.239605,0.00206916,False
rs5750211,10,7,-0.155783,0.000117799,False
rs5750211,10,8,-0.155299,0.000102641,False
rs5750211,10,9,-0.150908,0.000143,False
rs5750211,10,10,-0.1533,9.70078e-05,False
rs5750211,10,11,-0.147405,0.000159761,False
rs5750211,10,12,-0.150515,0.00010477,False
rs5750211,10,13,-0.144499,0.000181799,False
rs5750211,10,14,-0.168011,1.16132e-05,False
rs5750211,10,15,-0.127038,0.000902315,False
rs5750211,10,16,-0.141883,0.000200885,False
rs5750211,10,17,-0.142836,0.000176844,False
rs5750211,10,18,-0.150563,7.614e-05,False
rs5750211,10,19,-0.14474,0.000138367,False
rs5750211,10,20,-0.144817,0.000135963,False
rs5750211,10,21,-0.140322,0.000222306,False
rs5750211,10,22,-0.155662,4.14776e-05,False
rs5750211,10,23,-0.157476,3.29613e-05,False
rs5750211,10,24,-0.150917,6.80166e-05,False
rs5750211,10,25,-0.129877,0.000617937,False
rs5750211,10,26,-0.15062,7.14306e-05,False
rs5750211,10,27,-0.158103,3.12307e-05,False
rs5750211,10,28,-0.154957,4.41961e-05,False
rs5750211,10,29,-0.158151,3.20301e-05,False
rs5750211,10,30,-0.167625,1.04611e-05,False
rs5750211,10,31,-0.184295,1.19215e-06,False
rs5750211,10,32,-0.159398,2.7242e-05,False
rs5750211,10,33,-0.165956,1.24206e-05,False
rs5750211,10,34,-0.168068,1.01134e-05,False
rs5750211,10,35,-0.171207,7.08918e-06,False
rs5750211,10,36,-0.173506,5.42255e-06,False
rs5750211,10,37,-0.16151,2.28819e-05,False
rs5750211,10,38,-0.168496,1.03908e-05,False
rs5750211,10,39,-0.167059,1.29405e-05,False
rs5750211,10,40,-0.159696,3.13802e-05,False
rs5750211,10,41,-0.15571,5.12536e-05,False
rs5750211,10,42,-0.155059,5.6972e-05,False
rs5750211,10,43,-0.164587,1.96848e-05,False
rs5750211,10,44,-0.13819,0.000350713,False
rs5750211,10,45,-0.162746,2.66187e-05,False
rs5750211,10,46,-0.141931,0.00024921,False
rs5750211,10,47,-0.14605,0.000169955,False
rs5750211,10,48,-0.15517,6.7385e-05,False
rs5750211,10,49,-0.172084,1.01313e-05,False
rs5750211,10,50,-0.168622,1.62814e-05,False
rs5750211,10,51,-0.147489,0.000161997,False
rs5750211,10,52,-0.163228,3.10386e-05,False
rs5750211,10,53,-0.159437,4.96658e-05,False
rs5750211,10,54,-0.169606,1.65077e-05,False
rs5750211,10,55,-0.170517,1.57944e-05,False
rs5750211,10,56,-0.172607,1.29551e-05,False
rs5750211,10,57,-0.160919,4.81914e-05,False
rs5750211,10,58,-0.154198,0.000102255,False
rs5750211,10,59,-0.189898,1.83427e-06,False
rs5750211,10,60,-0.183497,4.14766e-06,False
rs5750211,10,61,-0.165027,3.79397e-05,False
rs5750211,10,62,-0.17131,1.87354e-05,False
rs5750211,10,63,-0.166137,3.60917e-05,False
rs5750211,10,64,-0.181382,6.84942e-06,False
rs5750211,10,65,-0.190851,2.26742e-06,False
rs5750211,10,66,-0.191054,2.3413e-06,False
rs5750211,10,67,-0.189645,3.06691e-06,False
rs5750211,10,68,-0.193354,2.12084e-06,False
rs5750211,10,69,-0.199678,1.00918e-06,False
rs5750211,10,70,-0.186083,5.54035e-06,False
rs5750211,10,71,-0.20299,7.5985e-07,False
rs5750211,10,72,-0.189132,4.45702e-06,False
rs5750211,10,73,-0.192659,3.07598e-06,False
rs5750211,10,74,-0.19503,2.48039e-06,False
rs5750211,10,75,-0.202172,1.10312e-06,False
rs5750211,10,76,-0.203976,9.51782e-07,False
rs5750211,10,77,-0.207571,6.58789e-07,False
rs5750211,10,78,-0.198691,2.1079e-06,False
rs5750211,10,79,-0.186015,9.39837e-06,False
rs5750211,10,80,-0.201471,1.70385e-06,False
rs5750211,10,81,-0.199378,2.3379e-06,False
rs5750211,10,82,-0.201046,2.02791e-06,False
rs5750211,10,83,-0.189923,7.68304e-06,False
rs5750211,10,84,-0.209995,7.93266e-07,False
rs5750211,10,85,-0.209121,9.16483e-07,False
rs5750211,10,86,-0.193308,6.22657e-06,False
rs5750211,10,87,-0.196521,4.75048e-06,False
rs5750211,10,88,-0.210126,1.04601e-06,False
rs5750211,10,89,-0.212311,8.50563e-07,False
rs5750211,10,90,-0.222612,2.69132e-07,False
rs5750211,10,91,-0.216976,5.49633e-07,False
rs5750211,10,92,-0.201902,3.34318e-06,False
rs5750211,10,93,-0.2102,1.39525e-06,False
rs5750211,10,94,-0.213707,9.86541e-07,False
rs5750211,10,95,-0.208508,1.90984e-06,False
rs5750211,10,96,-0.202354,3.98016e-06,False
rs5750211,10,97,-0.221716,4.87751e-07,False
rs5750211,10,98,-0.216162,9.72831e-07,False
rs5750211,10,99,-0.201903,5.0533e-06,False
rs5750211,10,100,-0.220843,6.23068e-07,False
rs5750211,10,101,-0.222761,5.1785e-07,False
rs5750211,10,102,-0.218649,9.17586e-07,False
rs5750211,10,103,-0.21477,1.42775e-06,False
rs5750211,10,104,-0.2285,3.1747e-07,False
rs5750211,10,105,-0.229034,3.13351e-07,False
rs5750211,10,106,-0.221016,8.37835e-07,False
rs5750211,10,107,-0.216917,1.44954e-06,False
rs5750211,10,108,-0.223651,7.16331e-07,False
rs5750211,10,109,-0.211574,2.91497e-06,False
rs5750211,10,110,-0.214974,2.09331e-06,False
rs5750211,10,111,-0.219398,1.31843e-06,False
rs5750211,10,112,-0.212192,3.04273e-06,False
rs5750211,10,113,-0.196239,1.69712e-05,False
rs5750211,10,114,-0.195676,1.84464e-05,False
rs5750211,10,115,-0.214438,2.77234e-06,False
rs5750211,10,116,-0.209075,5.14951e-06,False
rs5750211,10,117,-0.210732,4.51445e-06,False
rs5750211,10,118,-0.206581,7.28572e-06,False
rs5750211,10,119,-0.200943,1.31119e-05,False
rs5750211,10,120,-0.213852,3.60011e-06,False
rs5750211,10,121,-0.217841,2.45659e-06,False
rs5750211,10,122,-0.227474,9.05113e-07,False
rs5750211,10,123,-0.214636,3.75582e-06,False
rs5750211,10,124,-0.22025,2.22659e-06,False
rs5750211,10,125,-0.220621,2.17565e-06,False
rs5750211,10,126,-0.20671,9.37495e-06,False
rs5750211,10,127,-0.223495,1.70782e-06,False
rs5750211,10,128,-0.230445,8.59205e-07,False
rs5750211,10,129,-0.222221,2.11851e-06,False
rs5750211,10,130,-0.23304,6.79499e-07,False
rs5750211,10,131,-0.236434,4.77771e-07,False
rs5750211,10,132,-0.224971,1.75635e-06,False
rs5750211,10,133,-0.215471,4.84652e-06,False
rs5750211,10,134,-0.21718,4.31514e-06,False
rs5750211,10,135,-0.212168,7.27956e-06,False
rs5750211,10,136,-0.208118,1.13088e-05,False
rs5750211,10,137,-0.214166,6.2863e-06,False
rs5750211,10,138,-0.220928,3.25758e-06,False
rs5750211,10,139,-0.221911,3.11831e-06,False
rs5750211,10,140,-0.226244,2.05582e-06,False
rs5750211,10,141,-0.243561,3.34923e-07,False
rs5750211,10,142,-0.235179,8.44087e-07,False
rs5750211,10,143,-0.235194,8.64575e-07,False
rs5750211,10,144,-0.232769,1.11065e-06,False
rs5750211,10,145,-0.238337,6.51e-07,False
rs5750211,10,146,-0.227584,2.06871e-06,False
rs5750211,10,147,-0.239305,6.06114e-07,False
rs5750211,10,148,-0.231015,1.53567e-06,False
rs5750211,10,149,-0.235162,1.03318e-06,False
rs5750211,10,150,-0.240198,6.13648e-07,False
rs5750211,10,151,-0.229138,1.96736e-06,False
rs5750211,10,152,-0.233382,1.30558e-06,False
rs5750211,10,153,-0.22905,2.07587e-06,False
rs5750211,10,154,-0.240486,6.40119e-07,False
rs5750211,10,155,-0.228956,2.217e-06,False
rs5750211,10,156,-0.235017,1.1912e-06,False
rs5750211,10,157,-0.231719,1.70374e-06,False
rs5750211,10,158,-0.233581,1.48082e-06,False
rs5750211,10,159,-0.227355,2.83068e-06,False
rs5750211,10,160,-0.234106,1.48553e-06,False
rs5750211,10,161,-0.227344,3.00398e-06,False
rs5750211,10,162,-0.222479,4.92355e-06,False
rs5750211,10,163,-0.217492,8.15066e-06,False
rs5750211,10,164,-0.23362,1.73427e-06,False
rs5750211,10,165,-0.240388,8.90627e-07,False
rs5750211,10,166,-0.235932,1.4977e-06,False
rs5750211,10,167,-0.219471,7.88364e-06,False
rs5750211,10,168,-0.227025,3.91689e-06,False
rs5750211,10,169,-0.224599,5.19543e-06,False
rs5750211,10,170,-0.217134,1.1391e-05,False
rs5750211,10,171,-0.216159,1.30874e-05,False
rs5750211,10,172,-0.216436,1.30747e-05,False
rs5750211,10,173,-0.212705,1.90611e-05,False
rs5750211,10,174,-0.222541,7.86976e-06,False
rs5750211,10,175,-0.21685,1.43362e-05,False
rs5750211,10,176,-0.22191,9.60567e-06,False
rs5750211,10,177,-0.217236,1.58582e-05,False
rs5750211,10,178,-0.226665,6.99295e-06,False
rs5750211,10,179,-0.230221,5.5395e-06,False
rs5750211,10,180,-0.211963,3.13413e-05,False
rs5750211,10,181,-0.208702,4.3657e-05,False
rs5750211,10,182,-0.233411,5.28887e-06,False
rs5750211,10,183,-0.238464,3.54274e-06,False
rs5750211,10,184,-0.224302,1.45323e-05,False
rs5750211,10,185,-0.232399,7.6273e-06,False
rs5750211,10,186,-0.225952,1.51038e-05,False
rs5750211,10,187,-0.236834,6.16851e-06,False
rs5750211,10,188,-0.236649,7.1181e-06,False
rs5750211,10,189,-0.23328,1.10659e-05,False
rs5750211,10,190,-0.24552,4.08572e-06,False
rs5750211,10,191,-0.229602,1.83197e-05,False
rs5750211,10,192,-0.250845,3.21857e-06,False
rs5750211,10,193,-0.245292,6.12561e-06,False
rs5750211,10,194,-0.238229,1.282e-05,False
rs5750211,10,195,-0.247828,6.49828e-06,False
rs5750211,10,196,-0.249961,6.17927e-06,False
rs5750211,10,197,-0.245442,1.00355e-05,False
rs5750211,10,198,-0.250349,7.8091e-06,False
rs5750211,10,199,-0.254758,6.15332e-06,False
rs5750211,10,200,-0.270567,1.8295e-06,False
rs5750211,10,201,-0.271132,2.02745e-06,False
rs5750211,10,202,-0.27475,1.79677e-06,False
rs5750211,10,203,-0.28275,1.04348e-06,False
rs5750211,10,204,-0.280081,1.52731e-06,False
rs5750211,10,205,-0.275405,2.64021e-06,False
rs5750211,10,206,-0.272797,3.90054e-06,False
rs5750211,10,207,-0.26766,6.92222e-06,False
rs5750211,10,208,-0.278682,3.32386e-06,False
rs5750211,10,209,-0.281798,3.05362e-06,False
rs5750211,10,210,-0.292747,1.50172e-06,False
rs5750211,10,211,-0.298526,1.11799e-06,False
rs5750211,10,212,-0.285462,3.71507e-06,False
rs5750211,10,213,-0.277974,7.63202e-06,False
rs5750211,10,214,-0.275946,1.04866e-05,False
rs5750211,10,215,-0.285313,6.08422e-06,False
rs5750211,10,216,-0.307923,1.26279e-06,False
rs5750211,10,217,-0.295487,3.94923e-06,False
rs5750211,10,218,-0.298585,3.64044e-06,False
rs5750211,10,219,-0.293286,6.56791e-06,False
rs5750211,10,220,-0.30961,2.26109e-06,False
rs5750211,10,221,-0.298663,5.67139e-06,False
rs5750211,10,222,-0.293854,9.38897e-06,False
rs5750211,10,223,-0.288294,1.54302e-05,False
rs5750211,10,224,-0.302703,6.39066e-06,False
rs5750211,10,225,-0.295341,1.19336e-05,False
rs5750211,10,226,-0.287703,2.28101e-05,False
rs5750211,10,227,-0.309993,5.72653e-06,False
rs5750211,10,228,-0.273582,6.84709e-05,False
rs5750211,10,229,-0.282048,4.35448e-05,False
rs5750211,10,230,-0.278539,5.95826e-05,False
rs5750211,10,231,-0.285906,4.14467e-05,False
rs5750211,10,232,-0.28,6.47898e-05,False
rs5750211,10,233,-0.249318,0.000399736,False
rs5750211,10,234,-0.265749,0.000173032,False
rs5750211,10,235,-0.265753,0.000184484,False
rs5750211,10,236,-0.244163,0.000636527,False
rs5750211,10,237,-0.255382,0.000369982,False
rs5750211,10,238,-0.261445,0.000285896,False
rs5750211,10,239,-0.253614,0.000462534,False
rs5750211,10,240,-0.236274,0.00114536,False
rs5750211,10,241,-0.264971,0.000283203,False
rs5750211,10,242,-0.242751,0.000948414,False
rs5750211,10,243,-0.251,0.000678338,False
rs5750211,10,244,-0.246111,0.00090666,False
rs5750211,10,245,-0.238661,0.00138555,False
rs5750211,10,246,-0.221358,0.00321296,False
rs5750211,10,247,-0.230279,0.00232588,False
rs5750211,10,248,-0.212182,0.00530354,False
rs5750211,10,249,-0.216903,0.00468524,False
rs5750211,10,250,-0.218187,0.00475209,False
rs5750211,10,251,-0.217547,0.00515137,False
rs5750211,11,7,-0.13493,0.000879483,False
rs5750211,11,8,-0.163912,4.60848e-05,False
rs5750211,11,9,-0.156001,8.85286e-05,False
rs5750211,11,10,-0.148263,0.000167841,False
rs5750211,11,11,-0.145774,0.000193998,False
rs5750211,11,12,-0.144315,0.000201879,False
rs5750211,11,13,-0.168069,1.3884e-05,False
rs5750211,11,14,-0.15321,6.65051e-05,False
rs5750211,11,15,-0.158793,3.34884e-05,False
rs5750211,11,16,-0.163526,1.85335e-05,False
rs5750211,11,17,-0.155584,4.50157e-05,False
rs5750211,11,18,-0.166644,1.20657e-05,False
rs5750211,11,19,-0.175772,3.65387e-06,False
rs5750211,11,20,-0.167495,1.00799e-05,False
rs5750211,11,21,-0.150922,7.09249e-05,False
rs5750211,11,22,-0.188301,6.88132e-07,False
rs5750211,11,23,-0.143634,0.000148488,False
rs5750211,11,24,-0.173307,4.88068e-06,False
rs5750211,11,25,-0.17629,3.27443e-06,False
rs5750211,11,26,-0.153866,4.97291e-05,False
rs5750211,11,27,-0.164599,1.42674e-05,False
rs5750211,11,28,-0.168077,9.12416e-06,False
rs5750211,11,29,-0.149356,8.38366e-05,False
rs5750211,11,30,-0.150025,7.7303e-05,False
rs5750211,11,31,-0.169979,7.63098e-06,False
rs5750211,11,32,-0.161927,2.10482e-05,False
rs5750211,11,33,-0.152085,6.54345e-05,False
rs5750211,11,34,-0.166003,1.31323e-05,False
rs5750211,11,35,-0.145458,0.000134597,False
rs5750211,11,36,-0.176817,3.7512e-06,False
rs5750211,11,37,-0.172876,6.45823e-06,False
rs5750211,11,38,-0.164571,1.72803e-05,False
rs5750211,11,39,-0.168344,1.18623e-05,False
rs5750211,11,40,-0.166469,1.44614e-05,False
rs5750211,11,41,-0.153124,6.78505e-05,False
rs5750211,11,42,-0.159091,3.68651e-05,False
rs5750211,11,43,-0.164733,1.99486e-05,False
rs5750211,11,44,-0.155219,5.91604e-05,False
rs5750211,11,45,-0.158904,4.13275e-05,False
rs5750211,11,46,-0.153304,7.88929e-05,False
rs5750211,11,47,-0.153543,7.85821e-05,False
rs5750211,11,48,-0.152394,9.01075e-05,False
rs5750211,11,49,-0.148076,0.000145021,False
rs5750211,11,50,-0.150316,0.000122356,False
rs5750211,11,51,-0.154495,8.17538e-05,False
rs5750211,11,52,-0.151584,0.000113742,False
rs5750211,11,53,-0.158586,5.71993e-05,False
rs5750211,11,54,-0.151332,0.000124186,False
rs5750211,11,55,-0.153383,0.000104383,False
rs5750211,11,56,-0.156712,7.72597e-05,False
rs5750211,11,57,-0.157404,7.24094e-05,False
rs5750211,11,58,-0.160237,5.55979e-05,False
rs5750211,11,59,-0.143508,0.00031704,False
rs5750211,11,60,-0.166988,2.93072e-05,False
rs5750211,11,61,-0.171575,1.79469e-05,False
rs5750211,11,62,-0.143354,0.000357613,False
rs5750211,11,63,-0.149096,0.00021918,False
rs5750211,11,64,-0.170169,2.59244e-05,False
rs5750211,11,65,-0.157301,0.000102586,False
rs5750211,11,66,-0.14187,0.000468578,False
rs5750211,11,67,-0.163939,5.442e-05,False
rs5750211,11,68,-0.157166,0.000121688,False
rs5750211,11,69,-0.144973,0.000392582,False
rs5750211,11,70,-0.148535,0.000294274,False
rs5750211,11,71,-0.145935,0.000387109,False
rs5750211,11,72,-0.137784,0.000844111,False
rs5750211,11,73,-0.159454,0.000113441,False
rs5750211,11,74,-0.178887,1.63354e-05,False
rs5750211,11,75,-0.149825,0.0003181,False
rs5750211,11,76,-0.173479,3.25416e-05,False
rs5750211,11,77,-0.162354,0.000106001,False
rs5750211,11,78,-0.175923,2.85134e-05,False
rs5750211,11,79,-0.190427,6.09582e-06,False
rs5750211,11,80,-0.187802,8.56174e-06,False
rs5750211,11,81,-0.191104,6.41685e-06,False
rs5750211,11,82,-0.188425,9.04537e-06,False
rs5750211,11,83,-0.20242,1.98067e-06,False
rs5750211,11,84,-0.193101,5.85872e-06,False
rs5750211,11,85,-0.196262,4.42124e-06,False
rs5750211,11,86,-0.198531,3.75465e-06,False
rs5750211,11,87,-0.215479,5.52897e-07,False
rs5750211,11,88,-0.214816,6.32475e-07,False
rs5750211,11,89,-0.205867,1.88348e-06,False
rs5750211,11,90,-0.21123,1.13171e-06,False
rs5750211,11,91,-0.210268,1.35152e-06,False
rs5750211,11,92,-0.213467,9.87856e-07,False
rs5750211,11,93,-0.213541,1.05216e-06,False
rs5750211,11,94,-0.209427,1.78131e-06,False
rs5750211,11,95,-0.210441,1.64339e-06,False
rs5750211,11,96,-0.214809,1.03663e-06,False
rs5750211,11,97,-0.210128,1.84805e-06,False
rs5750211,11,98,-0.200924,5.44662e-06,False
rs5750211,11,99,-0.214247,1.37445e-06,False
rs5750211,11,100,-0.210689,2.16547e-06,False
rs5750211,11,101,-0.216124,1.24117e-06,False
rs5750211,11,102,-0.22254,6.45978e-07,False
rs5750211,11,103,-0.212194,2.11106e-06,False
rs5750211,11,104,-0.205731,4.38126e-06,False
rs5750211,11,105,-0.188557,2.72799e-05,False
rs5750211,11,106,-0.205904,4.90732e-06,False
rs5750211,11,107,-0.211466,2.85274e-06,False
rs5750211,11,108,-0.218557,1.36067e-06,False
rs5750211,11,109,-0.210283,3.47169e-06,False
rs5750211,11,110,-0.217336,1.72577e-06,False
rs5750211,11,111,-0.207807,5.01268e-06,False
rs5750211,11,112,-0.199343,1.25495e-05,False
rs5750211,11,113,-0.229365,5.10184e-07,False
rs5750211,11,114,-0.221638,1.31667e-06,False
rs5750211,11,115,-0.211012,4.45364e-06,False
rs5750211,11,116,-0.203116,1.02168e-05,False
rs5750211,11,117,-0.211627,4.37227e-06,False
rs5750211,11,118,-0.229991,6.39327e-07,False
rs5750211,11,119,-0.229488,7.08972e-07,False
rs5750211,11,120,-0.230159,6.78576e-07,False
rs5750211,11,121,-0.235368,3.93232e-07,False
rs5750211,11,122,-0.235429,4.12998e-07,False
rs5750211,11,123,-0.234794,4.63468e-07,False
rs5750211,11,124,-0.239581,2.87621e-07,False
rs5750211,11,125,-0.242025,2.33963e-07,False
rs5750211,11,126,-0.242543,2.26197e-07,False
rs5750211,11,127,-0.258216,3.74802e-08,False
rs5750211,11,128,-0.241319,2.80808e-07,False
rs5750211,11,129,-0.237165,4.63911e-07,False
rs5750211,11,130,-0.236086,5.33845e-07,False
rs5750211,11,131,-0.240524,3.36466e-07,False
rs5750211,11,132,-0.237818,4.88791e-07,False
rs5750211,11,133,-0.243484,2.75423e-07,False
rs5750211,11,134,-0.22938,1.30541e-06,False
rs5750211,11,135,-0.236662,6.11654e-07,False
rs5750211,11,136,-0.22849,1.55458e-06,False
rs5750211,11,137,-0.233317,9.28318e-07,False
rs5750211,11,138,-0.221458,3.3411e-06,False
rs5750211,11,139,-0.236393,7.34678e-07,False
rs5750211,11,140,-0.229499,1.53456e-06,False
rs5750211,11,141,-0.234195,9.8737e-07,False
rs5750211,11,142,-0.228023,1.93525e-06,False
rs5750211,11,143,-0.231843,1.29027e-06,False
rs5750211,11,144,-0.230737,1.47348e-06,False
rs5750211,11,145,-0.23635,8.1566e-07,False
rs5750211,11,146,-0.241424,4.85716e-07,False
rs5750211,11,147,-0.237847,7.53661e-07,False
rs5750211,11,148,-0.241095,5.304e-07,False
rs5750211,11,149,-0.240458,6.02022e-07,False
rs5750211,11,150,-0.230777,1.65578e-06,False
rs5750211,11,151,-0.216273,7.35068e-06,False
rs5750211,11,152,-0.215311,8.15115e-06,False
rs5750211,11,153,-0.209573,1.42036e-05,False
rs5750211,11,154,-0.20662,1.87103e-05,False
rs5750211,11,155,-0.222236,4.30618e-06,False
rs5750211,11,156,-0.215029,8.97402e-06,False
rs5750211,11,157,-0.215232,8.91349e-06,False
rs5750211,11,158,-0.208206,1.74319e-05,False
rs5750211,11,159,-0.218218,6.71951e-06,False
rs5750211,11,160,-0.234976,1.24478e-06,False
rs5750211,11,161,-0.233009,1.62047e-06,False
rs5750211,11,162,-0.225739,3.48488e-06,False
rs5750211,11,163,-0.220603,5.84238e-06,False
rs5750211,11,164,-0.240554,7.93166e-07,False
rs5750211,11,165,-0.234074,1.64264e-06,False
rs5750211,11,166,-0.238513,1.08681e-06,False
rs5750211,11,167,-0.249838,3.51115e-07,False
rs5750211,11,168,-0.239717,1.0277e-06,False
rs5750211,11,169,-0.235456,1.66333e-06,False
rs5750211,11,170,-0.223659,5.49699e-06,False
rs5750211,11,171,-0.232094,2.53519e-06,False
rs5750211,11,172,-0.242977,8.93847e-07,False
rs5750211,11,173,-0.251993,3.72116e-07,False
rs5750211,11,174,-0.25225,3.89525e-07,False
rs5750211,11,175,-0.242276,1.1968e-06,False
rs5750211,11,176,-0.24385,1.07536e-06,False
rs5750211,11,177,-0.230301,4.36934e-06,False
rs5750211,11,178,-0.222165,1.00661e-05,False
rs5750211,11,179,-0.219241,1.37791e-05,False
rs5750211,11,180,-0.218283,1.55852e-05,False
rs5750211,11,181,-0.221954,1.21777e-05,False
rs5750211,11,182,-0.230415,6.18076e-06,False
rs5750211,11,183,-0.226605,9.33955e-06,False
rs5750211,11,184,-0.220163,1.75517e-05,False
rs5750211,11,185,-0.218779,2.23525e-05,False
rs5750211,11,186,-0.220806,2.01827e-05,False
rs5750211,11,187,-0.240621,3.72494e-06,False
rs5750211,11,188,-0.241121,4.0129e-06,False
rs5750211,11,189,-0.240275,4.73051e-06,False
rs5750211,11,190,-0.241647,4.66681e-06,False
rs5750211,11,191,-0.23914,6.73882e-06,False
rs5750211,11,192,-0.25369,1.99809e-06,False
rs5750211,11,193,-0.252608,2.58743e-06,False
rs5750211,11,194,-0.24881,4.05574e-06,False
rs5750211,11,195,-0.262677,1.35629e-06,False
rs5750211,11,196,-0.242266,9.52026e-06,False
rs5750211,11,197,-0.263612,1.69713e-06,False
rs5750211,11,198,-0.243464,1.10318e-05,False
rs5750211,11,199,-0.259621,3.24613e-06,False
rs5750211,11,200,-0.263912,2.48052e-06,False
rs5750211,11,201,-0.269037,1.84452e-06,False
rs5750211,11,202,-0.263911,3.43735e-06,False
rs5750211,11,203,-0.275213,1.49189e-06,False
rs5750211,11,204,-0.281568,1.00839e-06,False
rs5750211,11,205,-0.284569,9.33591e-07,False
rs5750211,11,206,-0.274215,2.59461e-06,False
rs5750211,11,207,-0.280926,1.78029e-06,False
rs5750211,11,208,-0.293526,7.19105e-07,False
rs5750211,11,209,-0.281227,2.40727e-06,False
rs5750211,11,210,-0.293215,1.08452e-06,False
rs5750211,11,211,-0.283195,2.91066e-06,False
rs5750211,11,212,-0.296,1.23707e-06,False
rs5750211,11,213,-0.285021,3.57932e-06,False
rs5750211,11,214,-0.280827,6.04247e-06,False
rs5750211,11,215,-0.280826,6.82885e-06,False
rs5750211,11,216,-0.281115,8.21858e-06,False
rs5750211,11,217,-0.295779,3.19722e-06,False
rs5750211,11,218,-0.291773,5.14594e-06,False
rs5750211,11,219,-0.289163,7.25173e-06,False
rs5750211,11,220,-0.295115,5.58317e-06,False
rs5750211,11,221,-0.282225,1.62697e-05,False
rs5750211,11,222,-0.293345,8.6538e-06,False
rs5750211,11,223,-0.301976,5.38865e-06,False
rs5750211,11,224,-0.28428,2.10518e-05,False
rs5750211,11,225,-0.279741,3.21993e-05,False
rs5750211,11,226,-0.282418,3.01324e-05,False
rs5750211,11,227,-0.288027,2.3421e-05,False
rs5750211,11,228,-0.293139,1.8585e-05,False
rs5750211,11,229,-0.290712,2.46332e-05,False
rs5750211,11,230,-0.272332,8.57584e-05,False
rs5750211,11,231,-0.282322,5.08899e-05,False
rs5750211,11,232,-0.293397,2.7899e-05,False
rs5750211,11,233,-0.279178,7.45967e-05,False
rs5750211,11,234,-0.259413,0.000244409,False
rs5750211,11,235,-0.267783,0.000162957,False
rs5750211,11,236,-0.268967,0.000170351,False
rs5750211,11,237,-0.27289,0.000144511,False
rs5750211,11,238,-0.245992,0.000656319,False
rs5750211,11,239,-0.246899,0.000668968,False
rs5750211,11,240,-0.242312,0.000889372,False
rs5750211,11,241,-0.264042,0.000318198,False
rs5750211,11,242,-0.242457,0.000993486,False
rs5750211,11,243,-0.264595,0.00035658,False
rs5750211,11,244,-0.248179,0.000873805,False
rs5750211,11,245,-0.251832,0.00078018,False
rs5750211,11,246,-0.231071,0.00221346,False
rs5750211,11,247,-0.220502,0.00367844,False
rs5750211,11,248,-0.217277,0.0045271,False
rs5750211,11,249,-0.229387,0.00289912,False
rs5750211,11,250,-0.215933,0.00541109,False
rs5750211,11,251,-0.205007,0.00875016,False
rs5750211,12,7,-0.160808,6.95714e-05,False
rs5750211,12,8,-0.152597,0.000141223,False
rs5750211,12,9,-0.168628,2.2404e-05,False
rs5750211,12,10,-0.138352,0.000439333,False
rs5750211,12,11,-0.132826,0.00069227,False
rs5750211,12,12,-0.17287,8.12539e-06,False
rs5750211,12,13,-0.14706,0.000138894,False
rs5750211,12,14,-0.159147,3.39558e-05,False
rs5750211,12,15,-0.175347,4.75506e-06,False
rs5750211,12,16,-0.151611,6.91432e-05,False
rs5750211,12,17,-0.154674,4.79625e-05,False
rs5750211,12,18,-0.184895,1.14359e-06,False
rs5750211,12,19,-0.17513,4.11213e-06,False
rs5750211,12,20,-0.163379,1.65567e-05,False
rs5750211,12,21,-0.171209,6.2792e-06,False
rs5750211,12,22,-0.169365,7.71427e-06,False
rs5750211,12,23,-0.178791,2.40826e-06,False
rs5750211,12,24,-0.174509,4.13163e-06,False
rs5750211,12,25,-0.180486,1.89686e-06,False
rs5750211,12,26,-0.164203,1.48403e-05,False
rs5750211,12,27,-0.170087,7.28841e-06,False
rs5750211,12,28,-0.175573,3.57062e-06,False
rs5750211,12,29,-0.173649,4.7372e-06,False
rs5750211,12,30,-0.157804,3.19406e-05,False
rs5750211,12,31,-0.16533,1.3503e-05,False
rs5750211,12,32,-0.170886,7.15302e-06,False
rs5750211,12,33,-0.150915,7.24472e-05,False
rs5750211,12,34,-0.160906,2.32139e-05,False
rs5750211,12,35,-0.149174,9.48277e-05,False
rs5750211,12,36,-0.161329,2.43382e-05,False
rs5750211,12,37,-0.159493,2.99448e-05,False
rs5750211,12,38,-0.150607,8.24292e-05,False
rs5750211,12,39,-0.155788,4.90896e-05,False
rs5750211,12,40,-0.153396,6.44984e-05,False
rs5750211,12,41,-0.157853,4.17362e-05,False
rs5750211,12,42,-0.165403,1.81584e-05,False
rs5750211,12,43,-0.150546,9.47689e-05,False
rs5750211,12,44,-0.140264,0.000286941,False
rs5750211,12,45,-0.17287,8.07231e-06,False
rs5750211,12,46,-0.157608,4.7199e-05,False
rs5750211,12,47,-0.174095,7.85038e-06,False
rs5750211,12,48,-0.154113,7.66774e-05,False
rs5750211,12,49,-0.153739,8.35976e-05,False
rs5750211,12,50,-0.16398,2.79435e-05,False
rs5750211,12,51,-0.147327,0.000173492,False
rs5750211,12,52,-0.16461,2.79964e-05,False
rs5750211,12,53,-0.165066,2.8553e-05,False
rs5750211,12,54,-0.163182,3.57124e-05,False
rs5750211,12,55,-0.153483,0.000107957,False
rs5750211,12,56,-0.157108,7.59128e-05,False
rs5750211,12,57,-0.150493,0.000151679,False
rs5750211,12,58,-0.159496,6.15424e-05,False
rs5750211,12,59,-0.165399,3.44047e-05,False
rs5750211,12,60,-0.16592,3.38386e-05,False
rs5750211,12,61,-0.166548,3.43209e-05,False
rs5750211,12,62,-0.174619,1.38923e-05,False
rs5750211,12,63,-0.165957,3.78665e-05,False
rs5750211,12,64,-0.15952,8.00907e-05,False
rs5750211,12,65,-0.189813,2.95197e-06,False
rs5750211,12,66,-0.176623,1.4063e-05,False
rs5750211,12,67,-0.176774,1.43011e-05,False
rs5750211,12,68,-0.173562,2.17844e-05,False
rs5750211,12,69,-0.166386,5.01652e-05,False
rs5750211,12,70,-0.166787,4.92575e-05,False
rs5750211,12,71,-0.174341,2.38522e-05,False
rs5750211,12,72,-0.170641,3.7339e-05,False
rs5750211,12,73,-0.171504,3.60194e-05,False
rs5750211,12,74,-0.187419,6.66212e-06,False
rs5750211,12,75,-0.189257,5.74885e-06,False
rs5750211,12,76,-0.199536,1.85653e-06,False
rs5750211,12,77,-0.195992,2.99447e-06,False
rs5750211,12,78,-0.176128,2.78298e-05,False
rs5750211,12,79,-0.201259,1.89337e-06,False
rs5750211,12,80,-0.190117,7.00698e-06,False
rs5750211,12,81,-0.213978,4.69704e-07,False
rs5750211,12,82,-0.192024,6.48692e-06,False
rs5750211,12,83,-0.196502,4.21599e-06,False
rs5750211,12,84,-0.198076,3.80074e-06,False
rs5750211,12,85,-0.195972,4.92116e-06,False
rs5750211,12,86,-0.182422,2.2723e-05,False
rs5750211,12,87,-0.186585,1.55997e-05,False
rs5750211,12,88,-0.193833,7.58905e-06,False
rs5750211,12,89,-0.194936,7.4025e-06,False
rs5750211,12,90,-0.187535,1.73901e-05,False
rs5750211,12,91,-0.201786,3.79593e-06,False
rs5750211,12,92,-0.208884,1.79174e-06,False
rs5750211,12,93,-0.19962,5.34228e-06,False
rs5750211,12,94,-0.204976,3.14887e-06,False
rs5750211,12,95,-0.202735,4.41072e-06,False
rs5750211,12,96,-0.206177,3.11454e-06,False
rs5750211,12,97,-0.200958,5.85053e-06,False
rs5750211,12,98,-0.202258,5.42093e-06,False
rs5750211,12,99,-0.212788,1.8225e-06,False
rs5750211,12,100,-0.230197,2.48022e-07,False
rs5750211,12,101,-0.208419,3.14929e-06,False
rs5750211,12,102,-0.213692,1.88987e-06,False
rs5750211,12,103,-0.207011,4.16757e-06,False
rs5750211,12,104,-0.212618,2.29968e-06,False
rs5750211,12,105,-0.202459,7.01112e-06,False
rs5750211,12,106,-0.216687,1.5819e-06,False
rs5750211,12,107,-0.212423,2.66549e-06,False
rs5750211,12,108,-0.201126,9.05951e-06,False
rs5750211,12,109,-0.210201,3.74795e-06,False
rs5750211,12,110,-0.20722,5.28681e-06,False
rs5750211,12,111,-0.208978,4.46822e-06,False
rs5750211,12,112,-0.215051,2.61869e-06,False
rs5750211,12,113,-0.218588,1.81917e-06,False
rs5750211,12,114,-0.202295,1.04858e-05,False
rs5750211,12,115,-0.220134,1.74719e-06,False
rs5750211,12,116,-0.217139,2.5721e-06,False
rs5750211,12,117,-0.217651,2.49471e-06,False
rs5750211,12,118,-0.219127,2.20644e-06,False
rs5750211,12,119,-0.214678,3.63814e-06,False
rs5750211,12,120,-0.230824,6.69809e-07,False
rs5750211,12,121,-0.227408,1.04639e-06,False
rs5750211,12,122,-0.22646,1.22876e-06,False
rs5750211,12,123,-0.223028,1.87793e-06,False
rs5750211,12,124,-0.224625,1.63347e-06,False
rs5750211,12,125,-0.234903,5.39711e-07,False
rs5750211,12,126,-0.229713,9.94533e-07,False
rs5750211,12,127,-0.228284,1.18055e-06,False
rs5750211,12,128,-0.222681,2.21918e-06,False
rs5750211,12,129,-0.232276,8.33183e-07,False
rs5750211,12,130,-0.212734,6.59283e-06,False
rs5750211,12,131,-0.206421,1.27733e-05,False
rs5750211,12,132,-0.213399,6.70205e-06,False
rs5750211,12,133,-0.205666,1.44649e-05,False
rs5750211,12,134,-0.208433,1.11942e-05,False
rs5750211,12,135,-0.201443,2.29111e-05,False
rs5750211,12,136,-0.202284,2.18844e-05,False
rs5750211,12,137,-0.216341,5.74532e-06,False
rs5750211,12,138,-0.224372,2.50409e-06,False
rs5750211,12,139,-0.228275,1.72103e-06,False
rs5750211,12,140,-0.235681,8.39012e-07,False
rs5750211,12,141,-0.230667,1.5127e-06,False
rs5750211,12,142,-0.242386,4.52756e-07,False
rs5750211,12,143,-0.241005,5.25741e-07,False
rs5750211,12,144,-0.252341,1.49385e-07,False
rs5750211,12,145,-0.237259,7.93352e-07,False
rs5750211,12,146,-0.243346,4.4886e-07,False
rs5750211,12,147,-0.245176,3.6996e-07,False
rs5750211,12,148,-0.245025,3.80763e-07,False
rs5750211,12,149,-0.243518,4.44963e-07,False
rs5750211,12,150,-0.247181,3.00931e-07,False
rs5750211,12,151,-0.242158,5.21952e-07,False
rs5750211,12,152,-0.239917,6.85707e-07,False
rs5750211,12,153,-0.232724,1.46914e-06,False
rs5750211,12,154,-0.221821,4.42957e-06,False
rs5750211,12,155,-0.221558,4.48281e-06,False
rs5750211,12,156,-0.227617,2.51266e-06,False
rs5750211,12,157,-0.240826,6.3086e-07,False
rs5750211,12,158,-0.254467,1.4291e-07,False
rs5750211,12,159,-0.247738,3.09519e-07,False
rs5750211,12,160,-0.253735,1.65558e-07,False
rs5750211,12,161,-0.248922,2.88536e-07,False
rs5750211,12,162,-0.238839,8.49947e-07,False
rs5750211,12,163,-0.239936,7.85666e-07,False
rs5750211,12,164,-0.244661,4.8199e-07,False
rs5750211,12,165,-0.250728,2.59354e-07,False
rs5750211,12,166,-0.246779,4.20254e-07,False
rs5750211,12,167,-0.250532,2.93762e-07,False
rs5750211,12,168,-0.24273,6.89597e-07,False
rs5750211,12,169,-0.232114,2.22442e-06,False
rs5750211,12,170,-0.244645,6.40864e-07,False
rs5750211,12,171,-0.239734,1.1242e-06,False
rs5750211,12,172,-0.252473,3.11731e-07,False
rs5750211,12,173,-0.246245,6.3236e-07,False
rs5750211,12,174,-0.254361,2.75024e-07,False
rs5750211,12,175,-0.256127,2.36404e-07,False
rs5750211,12,176,-0.262966,1.18193e-07,False
rs5750211,12,177,-0.266608,8.61443e-08,False
rs5750211,12,178,-0.258153,2.3689e-07,False
rs5750211,12,179,-0.248748,6.842e-07,False
rs5750211,12,180,-0.25782,2.90299e-07,False
rs5750211,12,181,-0.25675,3.48916e-07,False
rs5750211,12,182,-0.259501,2.77488e-07,False
rs5750211,12,183,-0.252005,6.68252e-07,False
rs5750211,12,184,-0.255236,5.41678e-07,False
rs5750211,12,185,-0.253554,7.42292e-07,False
rs5750211,12,186,-0.252403,8.91372e-07,False
rs5750211,12,187,-0.242716,2.64993e-06,False
rs5750211,12,188,-0.242708,2.95367e-06,False
rs5750211,12,189,-0.231865,8.76294e-06,False
rs5750211,12,190,-0.23222,9.44302e-06,False
rs5750211,12,191,-0.245421,3.13416e-06,False
rs5750211,12,192,-0.244082,3.99191e-06,False
rs5750211,12,193,-0.249726,2.73164e-06,False
rs5750211,12,194,-0.254881,1.88052e-06,False
rs5750211,12,195,-0.25168,2.92781e-06,False
rs5750211,12,196,-0.252892,2.91293e-06,False
rs5750211,12,197,-0.259146,1.92078e-06,False
rs5750211,12,198,-0.252454,4.03896e-06,False
rs5750211,12,199,-0.268944,1.07848e-06,False
rs5750211,12,200,-0.263046,2.12852e-06,False
rs5750211,12,201,-0.270751,1.27579e-06,False
rs5750211,12,202,-0.281021,5.72508e-07,False
rs5750211,12,203,-0.270544,1.7336e-06,False
rs5750211,12,204,-0.280193,8.5806e-07,False
rs5750211,12,205,-0.270601,2.35889e-06,False
rs5750211,12,206,-0.276931,1.57281e-06,False
rs5750211,12,207,-0.274307,2.35773e-06,False
rs5750211,12,208,-0.284096,1.22975e-06,False
rs5750211,12,209,-0.278066,2.44435e-06,False
rs5750211,12,210,-0.29157,9.54233e-07,False
rs5750211,12,211,-0.282782,2.33107e-06,False
rs5750211,12,212,-0.289955,1.56574e-06,False
rs5750211,12,213,-0.29798,1.01752e-06,False
rs5750211,12,214,-0.297406,1.27145e-06,False
rs5750211,12,215,-0.301502,1.08024e-06,False
rs5750211,12,216,-0.300406,1.44467e-06,False
rs5750211,12,217,-0.277332,1.00706e-05,False
rs5750211,12,218,-0.302939,1.73793e-06,False
rs5750211,12,219,-0.308927,1.30092e-06,False
rs5750211,12,220,-0.281397,1.21837e-05,False
rs5750211,12,221,-0.291165,7.23549e-06,False
rs5750211,12,222,-0.291356,8.22615e-06,False
rs5750211,12,223,-0.297955,6.14638e-06,False
rs5750211,12,224,-0.300963,5.75305e-06,False
rs5750211,12,225,-0.302684,5.90503e-06,False
rs5750211,12,226,-0.305774,5.37001e-06,False
rs5750211,12,227,-0.311433,4.35577e-06,False
rs5750211,12,228,-0.289968,2.06612e-05,False
rs5750211,12,229,-0.297575,1.44301e-05,False
rs5750211,12,230,-0.30014,1.36615e-05,False
rs5750211,12,231,-0.292453,2.51849e-05,False
rs5750211,12,232,-0.2677,0.000127127,False
rs5750211,12,233,-0.282039,5.94709e-05,False
rs5750211,12,234,-0.29186,3.60864e-05,False
rs5750211,12,235,-0.26409,0.000199739,False
rs5750211,12,236,-0.264396,0.000215531,False
rs5750211,12,237,-0.26331,0.000247052,False
rs5750211,12,238,-0.263567,0.000263741,False
rs5750211,12,239,-0.236466,0.00112235,False
rs5750211,12,240,-0.247686,0.000690336,False
rs5750211,12,241,-0.243085,0.000930554,False
rs5750211,12,242,-0.250947,0.00067533,False
rs5750211,12,243,-0.248297,0.000820263,False
rs5750211,12,244,-0.240148,0.00129998,False
rs5750211,12,245,-0.234119,0.00184143,False
rs5750211,12,246,-0.232826,0.00209943,False
rs5750211,12,247,-0.222867,0.00345019,False
rs5750211,12,248,-0.219112,0.00428618,False
rs5750211,12,249,-0.212717,0.00589308,False
rs5750211,12,250,-0.217831,0.00514618,False
rs5750211,12,251,-0.20732,0.00810918,False
rs5750211,13,6,-0.15737,0.000108657,False
rs5750211,13,7,-0.164441,4.60093e-05,False
rs5750211,13,8,-0.144053,0.000317415,False
rs5750211,13,9,-0.152858,0.000116473,False
rs5750211,13,10,-0.148683,0.000158164,False
rs5750211,13,11,-0.165477,2.36438e-05,False
rs5750211,13,12,-0.166664,1.79029e-05,False
rs5750211,13,13,-0.161616,2.79059e-05,False
rs5750211,13,14,-0.165529,1.73393e-05,False
rs5750211,13,15,-0.168042,1.20578e-05,False
rs5750211,13,16,-0.168971,9.69761e-06,False
rs5750211,13,17,-0.162798,1.95163e-05,False
rs5750211,13,18,-0.165534,1.33221e-05,False
rs5750211,13,19,-0.157969,3.2347e-05,False
rs5750211,13,20,-0.178328,2.65925e-06,False
rs5750211,13,21,-0.180761,1.8311e-06,False
rs5750211,13,22,-0.161044,2.15916e-05,False
rs5750211,13,23,-0.168203,9.33974e-06,False
rs5750211,13,24,-0.16809,9.21645e-06,False
rs5750211,13,25,-0.179365,2.22979e-06,False
rs5750211,13,26,-0.170935,6.39705e-06,False
rs5750211,13,27,-0.169362,8.03902e-06,False
rs5750211,13,28,-0.162788,1.69445e-05,False
rs5750211,13,29,-0.167707,9.89249e-06,False
rs5750211,13,30,-0.173314,4.94779e-06,False
rs5750211,13,31,-0.160607,2.32258e-05,False
rs5750211,13,32,-0.166779,1.07947e-05,False
rs5750211,13,33,-0.161754,2.06816e-05,False
rs5750211,13,34,-0.165604,1.39026e-05,False
rs5750211,13,35,-0.16042,2.48704e-05,False
rs5750211,13,36,-0.171593,6.63214e-06,False
rs5750211,13,37,-0.149038,9.73838e-05,False
rs5750211,13,38,-0.143817,0.000168816,False
rs5750211,13,39,-0.150808,8.07809e-05,False
rs5750211,13,40,-0.156826,4.31337e-05,False
rs5750211,13,41,-0.14716,0.000125056,False
rs5750211,13,42,-0.141893,0.000222422,False
rs5750211,13,43,-0.150166,9.67859e-05,False
rs5750211,13,44,-0.155471,5.58925e-05,False
rs5750211,13,45,-0.149397,0.000112539,False
rs5750211,13,46,-0.154837,6.53829e-05,False
rs5750211,13,47,-0.145758,0.000172772,False
rs5750211,13,48,-0.139428,0.000347983,False
rs5750211,13,49,-0.144311,0.000215824,False
rs5750211,13,50,-0.156234,6.41229e-05,False
rs5750211,13,51,-0.169,1.59725e-05,False
rs5750211,13,52,-0.158002,6.01987e-05,False
rs5750211,13,53,-0.150121,0.000142671,False
rs5750211,13,54,-0.149922,0.000149599,False
rs5750211,13,55,-0.171126,1.57657e-05,False
rs5750211,13,56,-0.156561,8.24386e-05,False
rs5750211,13,57,-0.14367,0.000312679,False
rs5750211,13,58,-0.170571,1.93286e-05,False
rs5750211,13,59,-0.181793,5.26579e-06,False
rs5750211,13,60,-0.167489,2.91054e-05,False
rs5750211,13,61,-0.159314,7.52566e-05,False
rs5750211,13,62,-0.156793,0.000100037,False
rs5750211,13,63,-0.169513,2.68604e-05,False
rs5750211,13,64,-0.169595,2.76993e-05,False
rs5750211,13,65,-0.164324,5.2177e-05,False
rs5750211,13,66,-0.170184,2.98111e-05,False
rs5750211,13,67,-0.160123,8.76494e-05,False
rs5750211,13,68,-0.151121,0.000224754,False
rs5750211,13,69,-0.170017,3.48562e-05,False
rs5750211,13,70,-0.167067,4.8592e-05,False
rs5750211,13,71,-0.183265,8.9031e-06,False
rs5750211,13,72,-0.169855,3.98088e-05,False
rs5750211,13,73,-0.18092,1.31533e-05,False
rs5750211,13,74,-0.169706,4.51235e-05,False
rs5750211,13,75,-0.173017,3.31907e-05,False
rs5750211,13,76,-0.187611,7.36794e-06,False
rs5750211,13,77,-0.204206,1.15181e-06,False
rs5750211,13,78,-0.191209,5.54832e-06,False
rs5750211,13,79,-0.195215,3.73656e-06,False
rs5750211,13,80,-0.203323,1.62744e-06,False
rs5750211,13,81,-0.191584,6.791e-06,False
rs5750211,13,82,-0.199955,2.65239e-06,False
rs5750211,13,83,-0.198018,3.66834e-06,False
rs5750211,13,84,-0.193948,6.21134e-06,False
rs5750211,13,85,-0.198058,4.08009e-06,False
rs5750211,13,86,-0.215445,5.77531e-07,False
rs5750211,13,87,-0.204421,2.2937e-06,False
rs5750211,13,88,-0.19628,6.21041e-06,False
rs5750211,13,89,-0.210274,1.38244e-06,False
rs5750211,13,90,-0.209142,1.71352e-06,False
rs5750211,13,91,-0.212225,1.2831e-06,False
rs5750211,13,92,-0.199928,5.19344e-06,False
rs5750211,13,93,-0.205579,2.99158e-06,False
rs5750211,13,94,-0.214457,1.17373e-06,False
rs5750211,13,95,-0.206603,3.14842e-06,False
rs5750211,13,96,-0.217622,9.39942e-07,False
rs5750211,13,97,-0.229822,2.37537e-07,False
rs5750211,13,98,-0.23706,1.11391e-07,False
rs5750211,13,99,-0.227116,3.94828e-07,False
rs5750211,13,100,-0.206061,4.24028e-06,False
rs5750211,13,101,-0.215807,1.53187e-06,False
rs5750211,13,102,-0.207766,3.95935e-06,False
rs5750211,13,103,-0.220453,1.05868e-06,False
rs5750211,13,104,-0.223157,7.89028e-07,False
rs5750211,13,105,-0.21647,1.77287e-06,False
rs5750211,13,106,-0.221649,1.07479e-06,False
rs5750211,13,107,-0.21921,1.47563e-06,False
rs5750211,13,108,-0.205734,6.38675e-06,False
rs5750211,13,109,-0.231658,4.01901e-07,False
rs5750211,13,110,-0.221906,1.27774e-06,False
rs5750211,13,111,-0.226802,7.74177e-07,False
rs5750211,13,112,-0.221257,1.51027e-06,False
rs5750211,13,113,-0.219413,1.9796e-06,False
rs5750211,13,114,-0.204907,9.30264e-06,False
rs5750211,13,115,-0.221524,1.69565e-06,False
rs5750211,13,116,-0.215897,3.28241e-06,False
rs5750211,13,117,-0.215147,3.72704e-06,False
rs5750211,13,118,-0.228092,9.99789e-07,False
rs5750211,13,119,-0.221028,2.21935e-06,False
rs5750211,13,120,-0.207611,8.65858e-06,False
rs5750211,13,121,-0.210891,6.51538e-06,False
rs5750211,13,122,-0.22154,2.31325e-06,False
rs5750211,13,123,-0.227681,1.23722e-06,False
rs5750211,13,124,-0.231989,7.96642e-07,False
rs5750211,13,125,-0.234977,6.08169e-07,False
rs5750211,13,126,-0.236975,5.08794e-07,False
rs5750211,13,127,-0.231892,9.37954e-07,False
rs5750211,13,128,-0.239551,4.0574e-07,False
rs5750211,13,129,-0.229446,1.2388e-06,False
rs5750211,13,130,-0.233963,8.14614e-07,False
rs5750211,13,131,-0.225639,2.10486e-06,False
rs5750211,13,132,-0.234478,8.5993e-07,False
rs5750211,13,133,-0.237864,5.9816e-07,False
rs5750211,13,134,-0.238441,5.77378e-07,False
rs5750211,13,135,-0.228257,1.72745e-06,False
rs5750211,13,136,-0.232372,1.12742e-06,False
rs5750211,13,137,-0.237295,7.01288e-07,False
rs5750211,13,138,-0.235736,8.3406e-07,False
rs5750211,13,139,-0.234581,9.79847e-07,False
rs5750211,13,140,-0.255772,9.32561e-08,False
rs5750211,13,141,-0.260432,5.97621e-08,False
rs5750211,13,142,-0.265799,3.21405e-08,False
rs5750211,13,143,-0.257258,8.88079e-08,False
rs5750211,13,144,-0.255704,1.08102e-07,False
rs5750211,13,145,-0.237843,7.99658e-07,False
rs5750211,13,146,-0.240257,6.05095e-07,False
rs5750211,13,147,-0.251084,1.85624e-07,False
rs5750211,13,148,-0.251114,1.86855e-07,False
rs5750211,13,149,-0.248522,2.55705e-07,False
rs5750211,13,150,-0.236055,9.84341e-07,False
rs5750211,13,151,-0.23211,1.52588e-06,False
rs5750211,13,152,-0.236847,9.36925e-07,False
rs5750211,13,153,-0.243787,4.48186e-07,False
rs5750211,13,154,-0.249252,2.50613e-07,False
rs5750211,13,155,-0.232881,1.47118e-06,False
rs5750211,13,156,-0.237902,8.76469e-07,False
rs5750211,13,157,-0.228108,2.45826e-06,False
rs5750211,13,158,-0.231346,1.7792e-06,False
rs5750211,13,159,-0.239635,7.50075e-07,False
rs5750211,13,160,-0.2372,9.90971e-07,False
rs5750211,13,161,-0.233178,1.50444e-06,False
rs5750211,13,162,-0.24018,7.22769e-07,False
rs5750211,13,163,-0.246125,3.99096e-07,False
rs5750211,13,164,-0.239325,8.34228e-07,False
rs5750211,13,165,-0.231179,2.01668e-06,False
rs5750211,13,166,-0.236702,1.13799e-06,False
rs5750211,13,167,-0.23214,1.8741e-06,False
rs5750211,13,168,-0.242494,6.92746e-07,False
rs5750211,13,169,-0.239413,9.67463e-07,False
rs5750211,13,170,-0.221746,6.02022e-06,False
rs5750211,13,171,-0.240114,9.87292e-07,False
rs5750211,13,172,-0.24907,3.9289e-07,False
rs5750211,13,173,-0.261307,1.10457e-07,False
rs5750211,13,174,-0.251331,3.49249e-07,False
rs5750211,13,175,-0.244326,7.73766e-07,False
rs5750211,13,176,-0.24888,5.1703e-07,False
rs5750211,13,177,-0.240512,1.30104e-06,False
rs5750211,13,178,-0.251947,4.21376e-07,False
rs5750211,13,179,-0.241022,1.36636e-06,False
rs5750211,13,180,-0.245093,9.43301e-07,False
rs5750211,13,181,-0.242447,1.31911e-06,False
rs5750211,13,182,-0.242599,1.36653e-06,False
rs5750211,13,183,-0.256507,3.63968e-07,False
rs5750211,13,184,-0.256642,3.86978e-07,False
rs5750211,13,185,-0.263868,1.98359e-07,False
rs5750211,13,186,-0.251781,7.857e-07,False
rs5750211,13,187,-0.252785,7.92514e-07,False
rs5750211,13,188,-0.254743,7.12527e-07,False
rs5750211,13,189,-0.238812,3.79399e-06,False
rs5750211,13,190,-0.245338,2.2558e-06,False
rs5750211,13,191,-0.246933,2.16557e-06,False
rs5750211,13,192,-0.246737,2.47145e-06,False
rs5750211,13,193,-0.265385,4.75106e-07,False
rs5750211,13,194,-0.257498,1.16158e-06,False
rs5750211,13,195,-0.255408,1.56742e-06,False
rs5750211,13,196,-0.273283,3.24631e-07,False
rs5750211,13,197,-0.263154,9.94828e-07,False
rs5750211,13,198,-0.249795,3.96437e-06,False
rs5750211,13,199,-0.273184,5.39568e-07,False
rs5750211,13,200,-0.270518,7.91587e-07,False
rs5750211,13,201,-0.282397,3.01744e-07,False
rs5750211,13,202,-0.273291,8.4236e-07,False
rs5750211,13,203,-0.261662,2.86326e-06,False
rs5750211,13,204,-0.273705,1.14803e-06,False
rs5750211,13,205,-0.277101,1.01903e-06,False
rs5750211,13,206,-0.285095,5.70228e-07,False
rs5750211,13,207,-0.284342,7.47986e-07,False
rs5750211,13,208,-0.289034,5.92426e-07,False
rs5750211,13,209,-0.299291,2.94325e-07,False
rs5750211,13,210,-0.286752,1.07772e-06,False
rs5750211,13,211,-0.289783,1.01361e-06,False
rs5750211,13,212,-0.289775,1.1799e-06,False
rs5750211,13,213,-0.296809,8.26228e-07,False
rs5750211,13,214,-0.292495,1.436e-06,False
rs5750211,13,215,-0.293425,1.56455e-06,False
rs5750211,13,216,-0.301227,1.05169e-06,False
rs5750211,13,217,-0.295386,2.0656e-06,False
rs5750211,13,218,-0.294361,2.72324e-06,False
rs5750211,13,219,-0.301016,1.87739e-06,False
rs5750211,13,220,-0.287197,6.63491e-06,False
rs5750211,13,221,-0.300801,2.85861e-06,False
rs5750211,13,222,-0.28838,8.52913e-06,False
rs5750211,13,223,-0.291722,7.81681e-06,False
rs5750211,13,224,-0.29093,9.87246e-06,False
rs5750211,13,225,-0.290964,1.15993e-05,False
rs5750211,13,226,-0.289071,1.50948e-05,False
rs5750211,13,227,-0.290007,1.6291e-05,False
rs5750211,13,228,-0.291185,1.71512e-05,False
rs5750211,13,229,-0.29016,2.06034e-05,False
rs5750211,13,230,-0.293975,1.8337e-05,False
rs5750211,13,231,-0.268078,0.000106235,False
rs5750211,13,232,-0.27333,8.3404e-05,False
rs5750211,13,233,-0.265597,0.000149305,False
rs5750211,13,234,-0.272375,0.000111204,False
rs5750211,13,235,-0.272125,0.000124303,False
rs5750211,13,236,-0.26517,0.000202312,False
rs5750211,13,237,-0.263622,0.000238107,False
rs5750211,13,238,-0.264183,0.000253229,False
rs5750211,13,239,-0.254611,0.000452893,False
rs5750211,13,240,-0.240534,0.000984111,False
rs5750211,13,241,-0.244292,0.000891826,False
rs5750211,13,242,-0.238738,0.00124433,False
rs5750211,13,243,-0.233153,0.0017341,False
rs5750211,13,244,-0.238799,0.0014388,False
rs5750211,13,245,-0.213914,0.00458085,False
rs5750211,13,246,-0.220445,0.00371085,False
rs5750211,13,247,-0.204699,0.00758373,False
rs5750211,13,248,-0.197193,0.0106609,False
rs5750211,13,249,-0.202198,0.00932295,False
rs5750211,13,250,-0.198473,0.0113389,False
rs5750211,13,251,-0.206197,0.00892108,False
rs5750211,14,6,-0.183969,5.75529e-06,False
rs5750211,14,7,-0.178206,9.3544e-06,False
rs5750211,14,8,-0.164811,3.66755e-05,False
rs5750211,14,9,-0.1563,7.90917e-05,False
rs5750211,14,10,-0.161531,3.77503e-05,False
rs5750211,14,11,-0.162746,2.88358e-05,False
rs5750211,14,12,-0.153021,7.29777e-05,False
rs5750211,14,13,-0.149482,0.000100815,False
rs5750211,14,14,-0.144152,0.00016629,False
rs5750211,14,15,-0.15574,4.52264e-05,False
rs5750211,14,16,-0.135617,0.000363317,False
rs5750211,14,17,-0.158286,3.10979e-05,False
rs5750211,14,18,-0.142417,0.000180699,False
rs5750211,14,19,-0.157026,3.42693e-05,False
rs5750211,14,20,-0.150882,6.60629e-05,False
rs5750211,14,21,-0.158265,2.82215e-05,False
rs5750211,14,22,-0.152633,5.57165e-05,False
rs5750211,14,23,-0.16108,1.99671e-05,False
rs5750211,14,24,-0.163387,1.54229e-05,False
rs5750211,14,25,-0.159255,2.57705e-05,False
rs5750211,14,26,-0.167708,8.83356e-06,False
rs5750211,14,27,-0.164026,1.42886e-05,False
rs5750211,14,28,-0.165355,1.20445e-05,False
rs5750211,14,29,-0.171808,5.65535e-06,False
rs5750211,14,30,-0.141303,0.000188731,False
rs5750211,14,31,-0.167743,9.67003e-06,False
rs5750211,14,32,-0.171271,6.26699e-06,False
rs5750211,14,33,-0.162737,1.77008e-05,False
rs5750211,14,34,-0.162253,2.03219e-05,False
rs5750211,14,35,-0.152839,6.03989e-05,False
rs5750211,14,36,-0.181864,1.77461e-06,False
rs5750211,14,37,-0.158903,3.21222e-05,False
rs5750211,14,38,-0.164298,1.705e-05,False
rs5750211,14,39,-0.153867,5.90052e-05,False
rs5750211,14,40,-0.19021,6.60944e-07,False
rs5750211,14,41,-0.164574,1.83968e-05,False
rs5750211,14,42,-0.153189,6.74753e-05,False
rs5750211,14,43,-0.170761,9.20392e-06,False
rs5750211,14,44,-0.185622,1.60654e-06,False
rs5750211,14,45,-0.160581,3.38984e-05,False
rs5750211,14,46,-0.161309,3.20837e-05,False
rs5750211,14,47,-0.157775,4.77695e-05,False
rs5750211,14,48,-0.163176,2.78673e-05,False
rs5750211,14,49,-0.161902,3.25106e-05,False
rs5750211,14,50,-0.174449,8.2879e-06,False
rs5750211,14,51,-0.167879,1.86781e-05,False
rs5750211,14,52,-0.156722,6.31263e-05,False
rs5750211,14,53,-0.172385,1.23853e-05,False
rs5750211,14,54,-0.177293,6.96241e-06,False
rs5750211,14,55,-0.175689,9.20486e-06,False
rs5750211,14,56,-0.166681,2.68459e-05,False
rs5750211,14,57,-0.170012,1.93159e-05,False
rs5750211,14,58,-0.174992,1.18334e-05,False
rs5750211,14,59,-0.172206,1.67714e-05,False
rs5750211,14,60,-0.174242,1.40003e-05,False
rs5750211,14,61,-0.157179,8.93681e-05,False
rs5750211,14,62,-0.172657,1.8049e-05,False
rs5750211,14,63,-0.179743,8.46741e-06,False
rs5750211,14,64,-0.17848,1.03404e-05,False
rs5750211,14,65,-0.172421,2.12606e-05,False
rs5750211,14,66,-0.177238,1.35999e-05,False
rs5750211,14,67,-0.149538,0.000245455,False
rs5750211,14,68,-0.178853,1.24007e-05,False
rs5750211,14,69,-0.183871,7.34587e-06,False
rs5750211,14,70,-0.179335,1.29795e-05,False
rs5750211,14,71,-0.174344,2.35606e-05,False
rs5750211,14,72,-0.169744,4.24952e-05,False
rs5750211,14,73,-0.182899,1.03247e-05,False
rs5750211,14,74,-0.186506,7.42152e-06,False
rs5750211,14,75,-0.175272,2.75046e-05,False
rs5750211,14,76,-0.192242,4.4671e-06,False
rs5750211,14,77,-0.199374,2.07568e-06,False
rs5750211,14,78,-0.176601,2.79553e-05,False
rs5750211,14,79,-0.177314,2.81757e-05,False
rs5750211,14,80,-0.191037,6.70763e-06,False
rs5750211,14,81,-0.201127,2.22159e-06,False
rs5750211,14,82,-0.197555,3.71128e-06,False
rs5750211,14,83,-0.196117,4.74214e-06,False
rs5750211,14,84,-0.200425,3.10308e-06,False
rs5750211,14,85,-0.19568,5.65161e-06,False
rs5750211,14,86,-0.199662,3.83366e-06,False
rs5750211,14,87,-0.189944,1.17455e-05,False
rs5750211,14,88,-0.200719,3.87208e-06,False
rs5750211,14,89,-0.19536,7.24296e-06,False
rs5750211,14,90,-0.212764,1.09405e-06,False
rs5750211,14,91,-0.198117,6.23247e-06,False
rs5750211,14,92,-0.205494,2.97932e-06,False
rs5750211,14,93,-0.223805,3.75015e-07,False
rs5750211,14,94,-0.20619,2.97815e-06,False
rs5750211,14,95,-0.218221,8.23795e-07,False
rs5750211,14,96,-0.217552,9.50727e-07,False
rs5750211,14,97,-0.228418,2.84957e-07,False
rs5750211,14,98,-0.221016,7.58527e-07,False
rs5750211,14,99,-0.232081,2.19631e-07,False
rs5750211,14,100,-0.225221,5.20584e-07,False
rs5750211,14,101,-0.215477,1.66874e-06,False
rs5750211,14,102,-0.228909,3.97393e-07,False
rs5750211,14,103,-0.223006,8.23116e-07,False
rs5750211,14,104,-0.221221,1.07351e-06,False
rs5750211,14,105,-0.210113,3.82131e-06,False
rs5750211,14,106,-0.228524,5.50201e-07,False
rs5750211,14,107,-0.235179,2.71281e-07,False
rs5750211,14,108,-0.229597,5.48728e-07,False
rs5750211,14,109,-0.2315,4.6493e-07,False
rs5750211,14,110,-0.224444,1.11525e-06,False
rs5750211,14,111,-0.236067,3.26797e-07,False
rs5750211,14,112,-0.221778,1.65954e-06,False
rs5750211,14,113,-0.228552,8.27279e-07,False
rs5750211,14,114,-0.236522,3.68537e-07,False
rs5750211,14,115,-0.222666,1.75742e-06,False
rs5750211,14,116,-0.230877,7.55406e-07,False
rs5750211,14,117,-0.225288,1.43372e-06,False
rs5750211,14,118,-0.224001,1.67956e-06,False
rs5750211,14,119,-0.214451,4.53929e-06,False
rs5750211,14,120,-0.215508,4.27489e-06,False
rs5750211,14,121,-0.22503,1.67229e-06,False
rs5750211,14,122,-0.231379,9.20881e-07,False
rs5750211,14,123,-0.223022,2.3643e-06,False
rs5750211,14,124,-0.223662,2.22367e-06,False
rs5750211,14,125,-0.208593,1.03602e-05,False
rs5750211,14,126,-0.227723,1.51345e-06,False
rs5750211,14,127,-0.221353,3.09831e-06,False
rs5750211,14,128,-0.244239,2.71314e-07,False
rs5750211,14,129,-0.248873,1.7495e-07,False
rs5750211,14,130,-0.233019,1.05491e-06,False
rs5750211,14,131,-0.224009,2.77295e-06,False
rs5750211,14,132,-0.239438,5.66129e-07,False
rs5750211,14,133,-0.242428,4.21444e-07,False
rs5750211,14,134,-0.235968,8.52781e-07,False
rs5750211,14,135,-0.224625,2.83876e-06,False
rs5750211,14,136,-0.236055,8.32703e-07,False
rs5750211,14,137,-0.241585,4.82892e-07,False
rs5750211,14,138,-0.236039,8.87186e-07,False
rs5750211,14,139,-0.227889,2.07052e-06,False
rs5750211,14,140,-0.231121,1.59801e-06,False
rs5750211,14,141,-0.232648,1.39127e-06,False
rs5750211,14,142,-0.246785,3.10349e-07,False
rs5750211,14,143,-0.245362,3.62636e-07,False
rs5750211,14,144,-0.24525,3.76033e-07,False
rs5750211,14,145,-0.257027,1.03458e-07,False
rs5750211,14,146,-0.254887,1.36246e-07,False
rs5750211,14,147,-0.248472,2.83527e-07,False
rs5750211,14,148,-0.234914,1.22759e-06,False
rs5750211,14,149,-0.221708,4.5653e-06,False
rs5750211,14,150,-0.221154,4.78701e-06,False
rs5750211,14,151,-0.229898,2.03733e-06,False
rs5750211,14,152,-0.248981,2.7353e-07,False
rs5750211,14,153,-0.238809,8.53883e-07,False
rs5750211,14,154,-0.245036,4.4446e-07,False
rs5750211,14,155,-0.234673,1.30064e-06,False
rs5750211,14,156,-0.232293,1.64749e-06,False
rs5750211,14,157,-0.238935,8.11537e-07,False
rs5750211,14,158,-0.249885,2.55744e-07,False
rs5750211,14,159,-0.248583,2.89468e-07,False
rs5750211,14,160,-0.243188,5.36948e-07,False
rs5750211,14,161,-0.243275,5.27234e-07,False
rs5750211,14,162,-0.228714,2.48717e-06,False
rs5750211,14,163,-0.22742,2.8956e-06,False
rs5750211,14,164,-0.235837,1.21574e-06,False
rs5750211,14,165,-0.234989,1.35616e-06,False
rs5750211,14,166,-0.254713,1.68905e-07,False
rs5750211,14,167,-0.239144,9.0913e-07,False
rs5750211,14,168,-0.239757,8.69808e-07,False
rs5750211,14,169,-0.22939,2.52773e-06,False
rs5750211,14,170,-0.224469,4.30202e-06,False
rs5750211,14,171,-0.234925,1.57874e-06,False
rs5750211,14,172,-0.224335,4.86158e-06,False
rs5750211,14,173,-0.237667,1.32122e-06,False
rs5750211,14,174,-0.23979,1.07911e-06,False
rs5750211,14,175,-0.253095,2.70149e-07,False
rs5750211,14,176,-0.254402,2.50537e-07,False
rs5750211,14,177,-0.249517,4.47731e-07,False
rs5750211,14,178,-0.242778,9.73406e-07,False
rs5750211,14,179,-0.238366,1.61698e-06,False
rs5750211,14,180,-0.238363,1.75174e-06,False
rs5750211,14,181,-0.249361,5.88219e-07,False
rs5750211,14,182,-0.260249,1.95002e-07,False
rs5750211,14,183,-0.243935,1.13402e-06,False
rs5750211,14,184,-0.25292,4.93317e-07,False
rs5750211,14,185,-0.244869,1.20446e-06,False
rs5750211,14,186,-0.238816,2.39129e-06,False
rs5750211,14,187,-0.238365,2.79024e-06,False
rs5750211,14,188,-0.238908,2.79247e-06,False
rs5750211,14,189,-0.246092,1.60444e-06,False
rs5750211,14,190,-0.240681,2.94051e-06,False
rs5750211,14,191,-0.232249,7.04951e-06,False
rs5750211,14,192,-0.243089,2.87139e-06,False
rs5750211,14,193,-0.24388,3.00657e-06,False
rs5750211,14,194,-0.259344,7.53428e-07,False
rs5750211,14,195,-0.250193,2.06476e-06,False
rs5750211,14,196,-0.247035,3.04505e-06,False
rs5750211,14,197,-0.268049,4.6489e-07,False
rs5750211,14,198,-0.259498,1.32366e-06,False
rs5750211,14,199,-0.258605,1.58058e-06,False
rs5750211,14,200,-0.273746,4.37447e-07,False
rs5750211,14,201,-0.268274,8.83462e-07,False
rs5750211,14,202,-0.263589,1.55044e-06,False
rs5750211,14,203,-0.284681,2.44172e-07,False
rs5750211,14,204,-0.284539,3.08935e-07,False
rs5750211,14,205,-0.287918,2.79568e-07,False
rs5750211,14,206,-0.271443,1.49219e-06,False
rs5750211,14,207,-0.275196,1.25561e-06,False
rs5750211,14,208,-0.290191,3.89284e-07,False
rs5750211,14,209,-0.292795,3.77038e-07,False
rs5750211,14,210,-0.290975,5.46583e-07,False
rs5750211,14,211,-0.279275,1.86305e-06,False
rs5750211,14,212,-0.283928,1.47119e-06,False
rs5750211,14,213,-0.288758,1.24127e-06,False
rs5750211,14,214,-0.279902,3.06548e-06,False
rs5750211,14,215,-0.294738,1.09843e-06,False
rs5750211,14,216,-0.290795,1.8159e-06,False
rs5750211,14,217,-0.296228,1.42644e-06,False
rs5750211,14,218,-0.297877,1.52426e-06,False
rs5750211,14,219,-0.27544,1.04042e-05,False
rs5750211,14,220,-0.292246,3.58436e-06,False
rs5750211,14,221,-0.285962,6.86119e-06,False
rs5750211,14,222,-0.298752,3.06933e-06,False
rs5750211,14,223,-0.278858,1.57476e-05,False
rs5750211,14,224,-0.285214,1.17298e-05,False
rs5750211,14,225,-0.285151,1.39405e-05,False
rs5750211,14,226,-0.293619,9.0605e-06,False
rs5750211,14,227,-0.259295,0.000101956,False
rs5750211,14,228,-0.270745,5.64339e-05,False
rs5750211,14,229,-0.275716,4.766e-05,False
rs5750211,14,230,-0.287515,2.53536e-05,False
rs5750211,14,231,-0.275444,6.25405e-05,False
rs5750211,14,232,-0.259332,0.00018313,False
rs5750211,14,233,-0.268568,0.000119152,False
rs5750211,14,234,-0.277386,7.93608e-05,False
rs5750211,14,235,-0.267678,0.000155075,False
rs5750211,14,236,-0.262151,0.000232775,False
rs5750211,14,237,-0.249998,0.000487579,False
rs5750211,14,238,-0.255287,0.000409433,False
rs5750211,14,239,-0.25072,0.000563886,False
rs5750211,14,240,-0.263725,0.000309364,False
rs5750211,14,241,-0.256104,0.000502136,False
rs5750211,14,242,-0.258687,0.000489641,False
rs5750211,14,243,-0.26002,0.000497619,False
rs5750211,14,244,-0.246493,0.00104102,False
rs5750211,14,245,-0.282746,0.000191811,False
rs5750211,14,246,-0.252,0.00096219,False
rs5750211,14,247,-0.243299,0.00154633,False
rs5750211,14,248,-0.264787,0.000636916,False
rs5750211,14,249,-0.24295,0.00186425,False
rs5750211,14,250,-0.240748,0.00220499,False
rs5750211,14,251,-0.221821,0.00507413,False
rs5750211,15,6,-0.172931,2.07528e-05,False
rs5750211,15,7,-0.155166,0.000118033,False
rs5750211,15,8,-0.167918,2.59668e-05,False
rs5750211,15,9,-0.149654,0.000159274,False
rs5750211,15,10,-0.161515,3.98508e-05,False
rs5750211,15,11,-0.152797,9.11351e-05,False
rs5750211,15,12,-0.143507,0.000226621,False
rs5750211,15,13,-0.155058,5.92438e-05,False
rs5750211,15,14,-0.143061,0.000198522,False
rs5750211,15,15,-0.149672,9.78276e-05,False
rs5750211,15,16,-0.142783,0.000191791,False
rs5750211,15,17,-0.16003,2.71877e-05,False
rs5750211,15,18,-0.155192,4.52916e-05,False
rs5750211,15,19,-0.154819,4.58007e-05,False
rs5750211,15,20,-0.15135,6.71234e-05,False
rs5750211,15,21,-0.167036,1.08567e-05,False
rs5750211,15,22,-0.155377,4.2953e-05,False
rs5750211,15,23,-0.166148,1.18768e-05,False
rs5750211,15,24,-0.169441,7.72486e-06,False
rs5750211,15,25,-0.151264,6.38515e-05,False
rs5750211,15,26,-0.170386,6.90007e-06,False
rs5750211,15,27,-0.163396,1.60025e-05,False
rs5750211,15,28,-0.162119,1.87068e-05,False
rs5750211,15,29,-0.177593,2.95852e-06,False
rs5750211,15,30,-0.176343,3.39056e-06,False
rs5750211,15,31,-0.177162,3.13063e-06,False
rs5750211,15,32,-0.178807,2.52886e-06,False
rs5750211,15,33,-0.169585,8.36445e-06,False
rs5750211,15,34,-0.174617,4.76283e-06,False
rs5750211,15,35,-0.191961,4.98105e-07,False
rs5750211,15,36,-0.181534,2.08968e-06,False
rs5750211,15,37,-0.182212,2.02911e-06,False
rs5750211,15,38,-0.172353,7.30262e-06,False
rs5750211,15,39,-0.170705,9.08708e-06,False
rs5750211,15,40,-0.184354,1.63805e-06,False
rs5750211,15,41,-0.170199,1.04425e-05,False
rs5750211,15,42,-0.160031,3.33355e-05,False
rs5750211,15,43,-0.164998,1.99596e-05,False
rs5750211,15,44,-0.186022,1.57447e-06,False
rs5750211,15,45,-0.173731,7.40104e-06,False
rs5750211,15,46,-0.159418,4.10777e-05,False
rs5750211,15,47,-0.183637,2.43455e-06,False
rs5750211,15,48,-0.169149,1.45942e-05,False
rs5750211,15,49,-0.173369,9.45952e-06,False
rs5750211,15,50,-0.170006,1.51004e-05,False
rs5750211,15,51,-0.169329,1.65498e-05,False
rs5750211,15,52,-0.167072,2.31027e-05,False
rs5750211,15,53,-0.170977,1.54548e-05,False
rs5750211,15,54,-0.189098,1.84264e-06,False
rs5750211,15,55,-0.18793,2.29022e-06,False
rs5750211,15,56,-0.154653,0.000100636,False
rs5750211,15,57,-0.160681,5.53502e-05,False
rs5750211,15,58,-0.180001,6.68638e-06,False
rs5750211,15,59,-0.164773,3.7484e-05,False
rs5750211,15,60,-0.176454,1.10378e-05,False
rs5750211,15,61,-0.157509,9.27943e-05,False
rs5750211,15,62,-0.1569,0.000103238,False
rs5750211,15,63,-0.166135,4.00171e-05,False
rs5750211,15,64,-0.181278,7.78891e-06,False
rs5750211,15,65,-0.162246,6.77484e-05,False
rs5750211,15,66,-0.163734,6.24434e-05,False
rs5750211,15,67,-0.167708,4.1777e-05,False
rs5750211,15,68,-0.161774,8.43454e-05,False
rs5750211,15,69,-0.179496,1.337e-05,False
rs5750211,15,70,-0.160795,0.000101022,False
rs5750211,15,71,-0.179237,1.58039e-05,False
rs5750211,15,72,-0.184877,9.15435e-06,False
rs5750211,15,73,-0.179733,1.62196e-05,False
rs5750211,15,74,-0.184746,1.01067e-05,False
rs5750211,15,75,-0.196691,2.76464e-06,False
rs5750211,15,76,-0.17267,4.13318e-05,False
rs5750211,15,77,-0.174157,3.65831e-05,False
rs5750211,15,78,-0.17377,4.03085e-05,False
rs5750211,15,79,-0.191611,6.44866e-06,False
rs5750211,15,80,-0.203683,1.75278e-06,False
rs5750211,15,81,-0.189751,8.77767e-06,False
rs5750211,15,82,-0.192988,6.67657e-06,False
rs5750211,15,83,-0.194568,5.88835e-06,False
rs5750211,15,84,-0.193699,7.02261e-06,False
rs5750211,15,85,-0.199123,4.04632e-06,False
rs5750211,15,86,-0.216358,5.7961e-07,False
rs5750211,15,87,-0.202177,3.21438e-06,False
rs5750211,15,88,-0.201479,3.82049e-06,False
rs5750211,15,89,-0.189117,1.53594e-05,False
rs5750211,15,90,-0.219305,5.76496e-07,False
rs5750211,15,91,-0.211367,1.56752e-06,False
rs5750211,15,92,-0.212147,1.49083e-06,False
rs5750211,15,93,-0.221154,5.90176e-07,False
rs5750211,15,94,-0.204065,4.27773e-06,False
rs5750211,15,95,-0.223568,5.15988e-07,False
rs5750211,15,96,-0.222168,6.68453e-07,False
rs5750211,15,97,-0.227175,4.06891e-07,False
rs5750211,15,98,-0.230508,2.95982e-07,False
rs5750211,15,99,-0.229509,3.42376e-07,False
rs5750211,15,100,-0.230856,3.175e-07,False
rs5750211,15,101,-0.225255,6.53918e-07,False
rs5750211,15,102,-0.235387,2.21711e-07,False
rs5750211,15,103,-0.216394,2.03915e-06,False
rs5750211,15,104,-0.223669,9.70931e-07,False
rs5750211,15,105,-0.247072,6.81156e-08,False
rs5750211,15,106,-0.24395,1.08018e-07,False
rs5750211,15,107,-0.236137,3.03267e-07,False
rs5750211,15,108,-0.242685,1.4057e-07,False
rs5750211,15,109,-0.24321,1.43779e-07,False
rs5750211,15,110,-0.230809,6.52452e-07,False
rs5750211,15,111,-0.233811,4.94096e-07,False
rs5750211,15,112,-0.231447,6.94034e-07,False
rs5750211,15,113,-0.235691,4.43376e-07,False
rs5750211,15,114,-0.237378,3.79533e-07,False
rs5750211,15,115,-0.243356,2.058e-07,False
rs5750211,15,116,-0.25893,3.38581e-08,False
rs5750211,15,117,-0.249923,1.0712e-07,False
rs5750211,15,118,-0.239078,3.7266e-07,False
rs5750211,15,119,-0.239819,3.74999e-07,False
rs5750211,15,120,-0.245445,2.02753e-07,False
rs5750211,15,121,-0.23787,5.1862e-07,False
rs5750211,15,122,-0.227138,1.66019e-06,False
rs5750211,15,123,-0.229642,1.3429e-06,False
rs5750211,15,124,-0.231869,1.12639e-06,False
rs5750211,15,125,-0.232932,1.02613e-06,False
rs5750211,15,126,-0.237584,6.46422e-07,False
rs5750211,15,127,-0.242091,4.00738e-07,False
rs5750211,15,128,-0.238413,6.20719e-07,False
rs5750211,15,129,-0.228808,1.78751e-06,False
rs5750211,15,130,-0.24075,5.32987e-07,False
rs5750211,15,131,-0.230438,1.66884e-06,False
rs5750211,15,132,-0.231249,1.6123e-06,False
rs5750211,15,133,-0.242379,4.96289e-07,False
rs5750211,15,134,-0.231453,1.56601e-06,False
rs5750211,15,135,-0.228102,2.23951e-06,False
rs5750211,15,136,-0.23367,1.34859e-06,False
rs5750211,15,137,-0.24358,4.61363e-07,False
rs5750211,15,138,-0.245526,3.77535e-07,False
rs5750211,15,139,-0.240344,6.68651e-07,False
rs5750211,15,140,-0.238337,8.42517e-07,False
rs5750211,15,141,-0.251152,2.08368e-07,False
rs5750211,15,142,-0.258249,1.01662e-07,False
rs5750211,15,143,-0.271252,2.25662e-08,False
rs5750211,15,144,-0.262037,6.60207e-08,False
rs5750211,15,145,-0.256547,1.28851e-07,False
rs5750211,15,146,-0.262876,6.22422e-08,False
rs5750211,15,147,-0.259567,9.13698e-08,False
rs5750211,15,148,-0.267052,3.95706e-08,False
rs5750211,15,149,-0.275235,1.5354e-08,False
rs5750211,15,150,-0.272193,2.17469e-08,False
rs5750211,15,151,-0.261899,7.27148e-08,False
rs5750211,15,152,-0.261043,8.09769e-08,False
rs5750211,15,153,-0.25468,1.69495e-07,False
rs5750211,15,154,-0.263554,6.13002e-08,False
rs5750211,15,155,-0.256495,1.40129e-07,False
rs5750211,15,156,-0.243194,5.90383e-07,False
rs5750211,15,157,-0.248982,3.26264e-07,False
rs5750211,15,158,-0.237911,1.04622e-06,False
rs5750211,15,159,-0.243635,5.86195e-07,False
rs5750211,15,160,-0.25784,1.2598e-07,False
rs5750211,15,161,-0.246587,4.40389e-07,False
rs5750211,15,162,-0.228773,2.78875e-06,False
rs5750211,15,163,-0.228122,3.02328e-06,False
rs5750211,15,164,-0.234852,1.50638e-06,False
rs5750211,15,165,-0.233021,1.80395e-06,False
rs5750211,15,166,-0.230141,2.57437e-06,False
rs5750211,15,167,-0.227573,3.25304e-06,False
rs5750211,15,168,-0.24147,8.13876e-07,False
rs5750211,15,169,-0.244235,6.11144e-07,False
rs5750211,15,170,-0.230731,2.45147e-06,False
rs5750211,15,171,-0.242617,7.43674e-07,False
rs5750211,15,172,-0.242573,7.71512e-07,False
rs5750211,15,173,-0.241831,8.58063e-07,False
rs5750211,15,174,-0.238066,1.36939e-06,False
rs5750211,15,175,-0.228657,3.53099e-06,False
rs5750211,15,176,-0.227639,3.9261e-06,False
rs5750211,15,177,-0.218119,9.82907e-06,False
rs5750211,15,178,-0.23007,3.24449e-06,False
rs5750211,15,179,-0.242512,9.6402e-07,False
rs5750211,15,180,-0.231955,3.00574e-06,False
rs5750211,15,181,-0.25234,3.89088e-07,False
rs5750211,15,182,-0.25771,2.25555e-07,False
rs5750211,15,183,-0.242884,1.18243e-06,False
rs5750211,15,184,-0.236037,2.50071e-06,False
rs5750211,15,185,-0.242978,1.32592e-06,False
rs5750211,15,186,-0.24865,8.12632e-07,False
rs5750211,15,187,-0.247776,9.62344e-07,False
rs5750211,15,188,-0.247971,1.02789e-06,False
rs5750211,15,189,-0.248645,1.10106e-06,False
rs5750211,15,190,-0.251314,8.80516e-07,False
rs5750211,15,191,-0.253292,8.36582e-07,False
rs5750211,15,192,-0.251098,1.1353e-06,False
rs5750211,15,193,-0.252888,1.07168e-06,False
rs5750211,15,194,-0.249684,1.70183e-06,False
rs5750211,15,195,-0.25682,9.64016e-07,False
rs5750211,15,196,-0.249096,2.16185e-06,False
rs5750211,15,197,-0.245166,3.5684e-06,False
rs5750211,15,198,-0.256709,1.39353e-06,False
rs5750211,15,199,-0.253774,2.13812e-06,False
rs5750211,15,200,-0.245324,5.0307e-06,False
rs5750211,15,201,-0.249211,4.07149e-06,False
rs5750211,15,202,-0.256241,2.47487e-06,False
rs5750211,15,203,-0.250688,4.72915e-06,False
rs5750211,15,204,-0.26533,1.48325e-06,False
rs5750211,15,205,-0.244859,1.01841e-05,False
rs5750211,15,206,-0.238881,1.85292e-05,False
rs5750211,15,207,-0.24732,1.07271e-05,False
rs5750211,15,208,-0.266842,2.34968e-06,False
rs5750211,15,209,-0.250797,1.10588e-05,False
rs5750211,15,210,-0.263835,4.21266e-06,False
rs5750211,15,211,-0.258485,7.83149e-06,False
rs5750211,15,212,-0.266883,4.63156e-06,False
rs5750211,15,213,-0.251736,1.81301e-05,False
rs5750211,15,214,-0.255718,1.57871e-05,False
rs5750211,15,215,-0.257951,1.52675e-05,False
rs5750211,15,216,-0.266124,9.76565e-06,False
rs5750211,15,217,-0.232589,0.000127687,False
rs5750211,15,218,-0.250388,4.35737e-05,False
rs5750211,15,219,-0.253414,4.04984e-05,False
rs5750211,15,220,-0.256203,3.86187e-05,False
rs5750211,15,221,-0.274079,1.27952e-05,False
rs5750211,15,222,-0.268103,2.33365e-05,False
rs5750211,15,223,-0.260686,4.53214e-05,False
rs5750211,15,224,-0.25724,6.66571e-05,False
rs5750211,15,225,-0.281948,1.44756e-05,False
rs5750211,15,226,-0.277436,2.32028e-05,False
rs5750211,15,227,-0.263414,6.79425e-05,False
rs5750211,15,228,-0.260172,9.6121e-05,False
rs5750211,15,229,-0.284589,2.29361e-05,False
rs5750211,15,230,-0.273972,5.32587e-05,False
rs5750211,15,231,-0.265416,0.000101456,False
rs5750211,15,232,-0.265769,0.000111994,False
rs5750211,15,233,-0.27033,9.71121e-05,False
rs5750211,15,234,-0.255162,0.00026031,False
rs5750211,15,235,-0.27135,0.000118313,False
rs5750211,15,236,-0.261587,0.000227911,False
rs5750211,15,237,-0.267236,0.000184772,False
rs5750211,15,238,-0.256217,0.00038293,False
rs5750211,15,239,-0.259,0.000362532,False
rs5750211,15,240,-0.266695,0.000265859,False
rs5750211,15,241,-0.26117,0.000392221,False
rs5750211,15,242,-0.27124,0.000257838,False
rs5750211,15,243,-0.251377,0.000777422,False
rs5750211,15,244,-0.262066,0.000507154,False
rs5750211,15,245,-0.25184,0.000930271,False
rs5750211,15,246,-0.239993,0.00172178,False
rs5750211,15,247,-0.236032,0.00224481,False
rs5750211,15,248,-0.265339,0.000650769,False
rs5750211,15,249,-0.248013,0.00157372,False
rs5750211,15,250,-0.2323,0.0033138,False
rs5750211,15,251,-0.219176,0.00585149,False
rs5750211,16,6,-0.215982,9.22422e-08,False
rs5750211,16,7,-0.217232,6.52994e-08,False
rs5750211,16,8,-0.205919,2.34129e-07,False
rs5750211,16,9,-0.178612,6.20662e-06,False
rs5750211,16,10,-0.199543,3.75386e-07,False
rs5750211,16,11,-0.178808,4.20008e-06,False
rs5750211,16,12,-0.18441,1.84735e-06,False
rs5750211,16,13,-0.197015,2.99087e-07,False
rs5750211,16,14,-0.188769,8.03813e-07,False
rs5750211,16,15,-0.19998,1.45219e-07,False
rs5750211,16,16,-0.184533,1.21341e-06,False
rs5750211,16,17,-0.198387,1.74372e-07,False
rs5750211,16,18,-0.177944,2.75088e-06,False
rs5750211,16,19,-0.194604,2.80984e-07,False
rs5750211,16,20,-0.178433,2.53001e-06,False
rs5750211,16,21,-0.180956,1.74397e-06,False
rs5750211,16,22,-0.178154,2.56435e-06,False
rs5750211,16,23,-0.171537,5.97377e-06,False
rs5750211,16,24,-0.161788,1.98699e-05,False
rs5750211,16,25,-0.169769,7.61795e-06,False
rs5750211,16,26,-0.167687,9.75977e-06,False
rs5750211,16,27,-0.186261,9.19433e-07,False
rs5750211,16,28,-0.145317,0.000125155,False
rs5750211,16,29,-0.180432,2.00485e-06,False
rs5750211,16,30,-0.166479,1.14408e-05,False
rs5750211,16,31,-0.159565,2.63123e-05,False
rs5750211,16,32,-0.169727,8.00542e-06,False
rs5750211,16,33,-0.152159,6.42293e-05,False
rs5750211,16,34,-0.159495,2.88423e-05,False
rs5750211,16,35,-0.15653,4.03147e-05,False
rs5750211,16,36,-0.178056,3.07543e-06,False
rs5750211,16,37,-0.164714,1.64965e-05,False
rs5750211,16,38,-0.167258,1.24979e-05,False
rs5750211,16,39,-0.157357,4.15428e-05,False
rs5750211,16,40,-0.16044,3.00837e-05,False
rs5750211,16,41,-0.178116,3.73887e-06,False
rs5750211,16,42,-0.163875,2.1962e-05,False
rs5750211,16,43,-0.169239,1.2081e-05,False
rs5750211,16,44,-0.168325,1.43344e-05,False
rs5750211,16,45,-0.160621,3.58427e-05,False
rs5750211,16,46,-0.165588,2.17473e-05,False
rs5750211,16,47,-0.185176,2.12919e-06,False
rs5750211,16,48,-0.175745,7.18232e-06,False
rs5750211,16,49,-0.169642,1.50169e-05,False
rs5750211,16,50,-0.168858,1.75077e-05,False
rs5750211,16,51,-0.158791,5.62089e-05,False
rs5750211,16,52,-0.166521,2.42901e-05,False
rs5750211,16,53,-0.167375,2.28049e-05,False
rs5750211,16,54,-0.176905,8.01636e-06,False
rs5750211,16,55,-0.160732,5.13102e-05,False
rs5750211,16,56,-0.167916,2.5381e-05,False
rs5750211,16,57,-0.17857,7.78283e-06,False
rs5750211,16,58,-0.182145,5.22349e-06,False
rs5750211,16,59,-0.158568,7.91627e-05,False
rs5750211,16,60,-0.169792,2.44847e-05,False
rs5750211,16,61,-0.171295,2.17358e-05,False
rs5750211,16,62,-0.16798,3.37021e-05,False
rs5750211,16,63,-0.187899,3.58915e-06,False
rs5750211,16,64,-0.178347,1.18988e-05,False
rs5750211,16,65,-0.181035,9.34899e-06,False
rs5750211,16,66,-0.178426,1.36377e-05,False
rs5750211,16,67,-0.173484,2.52159e-05,False
rs5750211,16,68,-0.175179,2.17002e-05,False
rs5750211,16,69,-0.1909,3.86034e-06,False
rs5750211,16,70,-0.180233,1.38059e-05,False
rs5750211,16,71,-0.182404,1.17627e-05,False
rs5750211,16,72,-0.185146,8.93645e-06,False
rs5750211,16,73,-0.188773,6.47774e-06,False
rs5750211,16,74,-0.1918,5.0105e-06,False
rs5750211,16,75,-0.188736,7.44313e-06,False
rs5750211,16,76,-0.183982,1.38509e-05,False
rs5750211,16,77,-0.177289,3.02923e-05,False
rs5750211,16,78,-0.185587,1.28478e-05,False
rs5750211,16,79,-0.185216,1.44937e-05,False
rs5750211,16,80,-0.181712,2.27189e-05,False
rs5750211,16,81,-0.190372,9.31471e-06,False
rs5750211,16,82,-0.193209,7.36552e-06,False
rs5750211,16,83,-0.189719,1.13479e-05,False
rs5750211,16,84,-0.183171,2.365e-05,False
rs5750211,16,85,-0.191552,1.06539e-05,False
rs5750211,16,86,-0.20963,1.50843e-06,False
rs5750211,16,87,-0.213464,1.05576e-06,False
rs5750211,16,88,-0.20251,3.77817e-06,False
rs5750211,16,89,-0.193023,1.13165e-05,False
rs5750211,16,90,-0.193165,1.17909e-05,False
rs5750211,16,91,-0.198956,7.03599e-06,False
rs5750211,16,92,-0.218486,8.93024e-07,False
rs5750211,16,93,-0.212727,1.86122e-06,False
rs5750211,16,94,-0.212921,1.96341e-06,False
rs5750211,16,95,-0.203127,5.85464e-06,False
rs5750211,16,96,-0.200843,7.97663e-06,False
rs5750211,16,97,-0.208639,3.8442e-06,False
rs5750211,16,98,-0.215679,1.98792e-06,False
rs5750211,16,99,-0.218396,1.51648e-06,False
rs5750211,16,100,-0.208743,4.65633e-06,False
rs5750211,16,101,-0.203582,7.99485e-06,False
rs5750211,16,102,-0.219665,1.64075e-06,False
rs5750211,16,103,-0.219694,1.7008e-06,False
rs5750211,16,104,-0.222098,1.32877e-06,False
rs5750211,16,105,-0.223073,1.2403e-06,False
rs5750211,16,106,-0.226577,9.13656e-07,False
rs5750211,16,107,-0.211425,4.87411e-06,False
rs5750211,16,108,-0.223257,1.47335e-06,False
rs5750211,16,109,-0.236537,3.56309e-07,False
rs5750211,16,110,-0.226528,1.15803e-06,False
rs5750211,16,111,-0.219261,2.69678e-06,False
rs5750211,16,112,-0.235836,4.86864e-07,False
rs5750211,16,113,-0.238505,3.72604e-07,False
rs5750211,16,114,-0.239022,3.79541e-07,False
rs5750211,16,115,-0.239644,3.62256e-07,False
rs5750211,16,116,-0.231425,9.55747e-07,False
rs5750211,16,117,-0.236035,6.19377e-07,False
rs5750211,16,118,-0.231948,9.95578e-07,False
rs5750211,16,119,-0.225394,2.08481e-06,False
rs5750211,16,120,-0.231801,1.12263e-06,False
rs5750211,16,121,-0.242177,3.88821e-07,False
rs5750211,16,122,-0.233426,1.01087e-06,False
rs5750211,16,123,-0.233769,1.01048e-06,False
rs5750211,16,124,-0.240078,5.35078e-07,False
rs5750211,16,125,-0.225441,2.59691e-06,False
rs5750211,16,126,-0.242422,4.58787e-07,False
rs5750211,16,127,-0.257585,8.86271e-08,False
rs5750211,16,128,-0.242321,5.12066e-07,False
rs5750211,16,129,-0.23182,1.6902e-06,False
rs5750211,16,130,-0.230941,1.84905e-06,False
rs5750211,16,131,-0.231738,1.74729e-06,False
rs5750211,16,132,-0.236751,1.03023e-06,False
rs5750211,16,133,-0.235631,1.22929e-06,False
rs5750211,16,134,-0.223984,4.12725e-06,False
rs5750211,16,135,-0.21887,6.84856e-06,False
rs5750211,16,136,-0.237539,1.0531e-06,False
rs5750211,16,137,-0.237842,1.05284e-06,False
rs5750211,16,138,-0.239467,8.77923e-07,False
rs5750211,16,139,-0.233604,1.62086e-06,False
rs5750211,16,140,-0.247511,3.87317e-07,False
rs5750211,16,141,-0.257184,1.32422e-07,False
rs5750211,16,142,-0.255865,1.54306e-07,False
rs5750211,16,143,-0.245793,4.66842e-07,False
rs5750211,16,144,-0.248293,3.60308e-07,False
rs5750211,16,145,-0.260204,9.9008e-08,False
rs5750211,16,146,-0.268725,3.7279e-08,False
rs5750211,16,147,-0.27766,1.25313e-08,False
rs5750211,16,148,-0.263625,6.98776e-08,False
rs5750211,16,149,-0.269666,3.33678e-08,False
rs5750211,16,150,-0.259569,1.08335e-07,False
rs5750211,16,151,-0.257041,1.40606e-07,False
rs5750211,16,152,-0.25925,1.11601e-07,False
rs5750211,16,153,-0.262756,7.82201e-08,False
rs5750211,16,154,-0.255974,1.6339e-07,False
rs5750211,16,155,-0.262302,8.14123e-08,False
rs5750211,16,156,-0.265618,5.51022e-08,False
rs5750211,16,157,-0.267217,4.71405e-08,False
rs5750211,16,158,-0.262307,8.13383e-08,False
rs5750211,16,159,-0.263905,6.77371e-08,False
rs5750211,16,160,-0.263773,6.98122e-08,False
rs5750211,16,161,-0.250524,3.05232e-07,False
rs5750211,16,162,-0.258661,1.1783e-07,False
rs5750211,16,163,-0.247395,4.15678e-07,False
rs5750211,16,164,-0.24254,7.01944e-07,False
rs5750211,16,165,-0.235656,1.43902e-06,False
rs5750211,16,166,-0.244477,6.19954e-07,False
rs5750211,16,167,-0.241399,8.48944e-07,False
rs5750211,16,168,-0.2142,1.26222e-05,False
rs5750211,16,169,-0.230359,2.57194e-06,False
rs5750211,16,170,-0.239161,1.05411e-06,False
rs5750211,16,171,-0.240934,9.29521e-07,False
rs5750211,16,172,-0.228457,3.29085e-06,False
rs5750211,16,173,-0.233225,2.12934e-06,False
rs5750211,16,174,-0.217407,1.00172e-05,False
rs5750211,16,175,-0.222843,6.15358e-06,False
rs5750211,16,176,-0.245614,6.22817e-07,False
rs5750211,16,177,-0.245335,6.9539e-07,False
rs5750211,16,178,-0.244611,7.49169e-07,False
rs5750211,16,179,-0.243789,8.63467e-07,False
rs5750211,16,180,-0.250592,4.21661e-07,False
rs5750211,16,181,-0.253412,3.22432e-07,False
rs5750211,16,182,-0.242104,1.10792e-06,False
rs5750211,16,183,-0.250542,4.86613e-07,False
rs5750211,16,184,-0.251587,4.62455e-07,False
rs5750211,16,185,-0.252997,4.16117e-07,False
rs5750211,16,186,-0.251328,5.59781e-07,False
rs5750211,16,187,-0.246837,9.13332e-07,False
rs5750211,16,188,-0.249479,7.75686e-07,False
rs5750211,16,189,-0.242154,1.79452e-06,False
rs5750211,16,190,-0.2397,2.43437e-06,False
rs5750211,16,191,-0.258885,3.75504e-07,False
rs5750211,16,192,-0.251572,8.93934e-07,False
rs5750211,16,193,-0.249395,1.22008e-06,False
rs5750211,16,194,-0.259385,5.07612e-07,False
rs5750211,16,195,-0.244161,2.53095e-06,False
rs5750211,16,196,-0.241727,3.59823e-06,False
rs5750211,16,197,-0.241814,3.94313e-06,False
rs5750211,16,198,-0.257574,1.04022e-06,False
rs5750211,16,199,-0.258842,1.0427e-06,False
rs5750211,16,200,-0.241201,6.14803e-06,False
rs5750211,16,201,-0.246847,4.21845e-06,False
rs5750211,16,202,-0.270471,5.18638e-07,False
rs5750211,16,203,-0.255359,2.48039e-06,False
rs5750211,16,204,-0.265177,1.19558e-06,False
rs5750211,16,205,-0.252,4.4856e-06,False
rs5750211,16,206,-0.252587,5.00157e-06,False
rs5750211,16,207,-0.262341,2.51532e-06,False
rs5750211,16,208,-0.265226,2.30583e-06,False
rs5750211,16,209,-0.267375,2.19257e-06,False
rs5750211,16,210,-0.262577,3.82189e-06,False
rs5750211,16,211,-0.239665,2.87905e-05,False
rs5750211,16,212,-0.2624,5.39869e-06,False
rs5750211,16,213,-0.254625,1.2136e-05,False
rs5750211,16,214,-0.255101,1.36202e-05,False
rs5750211,16,215,-0.2514,2.12114e-05,False
rs5750211,16,216,-0.269848,5.91098e-06,False
rs5750211,16,217,-0.275757,4.53196e-06,False
rs5750211,16,218,-0.264902,1.24748e-05,False
rs5750211,16,219,-0.280095,4.53943e-06,False
rs5750211,16,220,-0.267447,1.43362e-05,False
rs5750211,16,221,-0.26989,1.44353e-05,False
rs5750211,16,222,-0.282808,6.77246e-06,False
rs5750211,16,223,-0.290155,4.6273e-06,False
rs5750211,16,224,-0.281803,1.01738e-05,False
rs5750211,16,225,-0.263855,4.30477e-05,False
rs5750211,16,226,-0.284893,1.17507e-05,False
rs5750211,16,227,-0.278008,2.23111e-05,False
rs5750211,16,228,-0.287846,1.35341e-05,False
rs5750211,16,229,-0.296895,8.65254e-06,False
rs5750211,16,230,-0.266644,7.37289e-05,False
rs5750211,16,231,-0.282803,3.12511e-05,False
rs5750211,16,232,-0.273123,6.50698e-05,False
rs5750211,16,233,-0.274038,7.08455e-05,False
rs5750211,16,234,-0.268198,0.000114994,False
rs5750211,16,235,-0.273076,9.92835e-05,False
rs5750211,16,236,-0.277875,8.65255e-05,False
rs5750211,16,237,-0.264268,0.000208756,False
rs5750211,16,238,-0.253947,0.000408059,False
rs5750211,16,239,-0.252517,0.000485694,False
rs5750211,16,240,-0.231827,0.00149866,False
rs5750211,16,241,-0.262365,0.000367174,False
rs5750211,16,242,-0.241996,0.00110354,False
rs5750211,16,243,-0.23541,0.00164191,False
rs5750211,16,244,-0.227367,0.00258449,False
rs5750211,16,245,-0.215449,0.00459356,False
rs5750211,16,246,-0.219701,0.00420502,False
rs5750211,16,247,-0.218417,0.00473106,False
rs5750211,16,248,-0.21139,0.00674068,False
rs5750211,16,249,-0.195027,0.013248,False
rs5750211,16,250,-0.216177,0.00643768,False
rs5750211,16,251,-0.190602,0.0171069,False
rs5750211,17,6,-0.165082,4.08431e-05,False
rs5750211,17,7,-0.16344,4.07131e-05,False
rs5750211,17,8,-0.161544,4.47423e-05,False
rs5750211,17,9,-0.162578,3.516e-05,False
rs5750211,17,10,-0.166378,1.95052e-05,False
rs5750211,17,11,-0.154177,6.88137e-05,False
rs5750211,17,12,-0.164534,1.95818e-05,False
rs5750211,17,13,-0.154426,5.43673e-05,False
rs5750211,17,14,-0.150832,7.7903e-05,False
rs5750211,17,15,-0.158985,2.891e-05,False
rs5750211,17,16,-0.167279,1.08706e-05,False
rs5750211,17,17,-0.16442,1.44601e-05,False
rs5750211,17,18,-0.165039,1.38291e-05,False
rs5750211,17,19,-0.173367,4.61644e-06,False
rs5750211,17,20,-0.15631,3.65879e-05,False
rs5750211,17,21,-0.155366,4.09672e-05,False
rs5750211,17,22,-0.163529,1.55376e-05,False
rs5750211,17,23,-0.152385,5.80409e-05,False
rs5750211,17,24,-0.153997,4.98741e-05,False
rs5750211,17,25,-0.168065,8.7836e-06,False
rs5750211,17,26,-0.167427,1.01587e-05,False
rs5750211,17,27,-0.162855,1.78726e-05,False
rs5750211,17,28,-0.174184,4.27637e-06,False
rs5750211,17,29,-0.166426,1.1557e-05,False
rs5750211,17,30,-0.15182,6.50399e-05,False
rs5750211,17,31,-0.165569,1.27083e-05,False
rs5750211,17,32,-0.163534,1.71397e-05,False
rs5750211,17,33,-0.162854,1.86338e-05,False
rs5750211,17,34,-0.167643,1.09131e-05,False
rs5750211,17,35,-0.148466,9.96841e-05,False
rs5750211,17,36,-0.16952,9.31297e-06,False
rs5750211,17,37,-0.164837,1.58542e-05,False
rs5750211,17,38,-0.148061,0.000111047,False
rs5750211,17,39,-0.163133,2.13991e-05,False
rs5750211,17,40,-0.149871,9.78643e-05,False
rs5750211,17,41,-0.159167,3.6443e-05,False
rs5750211,17,42,-0.157268,4.57743e-05,False
rs5750211,17,43,-0.149989,0.000104516,False
rs5750211,17,44,-0.163722,2.45288e-05,False
rs5750211,17,45,-0.162966,2.75552e-05,False
rs5750211,17,46,-0.156984,5.52618e-05,False
rs5750211,17,47,-0.173102,9.88153e-06,False
rs5750211,17,48,-0.173491,9.47437e-06,False
rs5750211,17,49,-0.175319,7.8891e-06,False
rs5750211,17,50,-0.154743,8.31049e-05,False
rs5750211,17,51,-0.170893,1.49593e-05,False
rs5750211,17,52,-0.193411,1.04545e-06,False
rs5750211,17,53,-0.17612,9.19337e-06,False
rs5750211,17,54,-0.167148,2.69383e-05,False
rs5750211,17,55,-0.168073,2.5722e-05,False
rs5750211,17,56,-0.165506,3.62288e-05,False
rs5750211,17,57,-0.167437,3.14776e-05,False
rs5750211,17,58,-0.186978,3.49848e-06,False
rs5750211,17,59,-0.171832,2.09378e-05,False
rs5750211,17,60,-0.188826,3.0629e-06,False
rs5750211,17,61,-0.181635,7.49686e-06,False
rs5750211,17,62,-0.170032,2.90807e-05,False
rs5750211,17,63,-0.176326,1.56798e-05,False
rs5750211,17,64,-0.174195,2.09283e-05,False
rs5750211,17,65,-0.17526,2.02686e-05,False
rs5750211,17,66,-0.193397,2.65524e-06,False
rs5750211,17,67,-0.18832,5.12623e-06,False
rs5750211,17,68,-0.170182,4.05185e-05,False
rs5750211,17,69,-0.168546,5.07325e-05,False
rs5750211,17,70,-0.171814,3.84988e-05,False
rs5750211,17,71,-0.180768,1.59662e-05,False
rs5750211,17,72,-0.179757,1.80025e-05,False
rs5750211,17,73,-0.178866,2.13469e-05,False
rs5750211,17,74,-0.18256,1.58386e-05,False
rs5750211,17,75,-0.18815,9.02679e-06,False
rs5750211,17,76,-0.197684,3.21538e-06,False
rs5750211,17,77,-0.194299,5.12503e-06,False
rs5750211,17,78,-0.191916,7.13151e-06,False
rs5750211,17,79,-0.175864,4.15504e-05,False
rs5750211,17,80,-0.187532,1.32254e-05,False
rs5750211,17,81,-0.183424,2.15447e-05,False
rs5750211,17,82,-0.191996,9.13808e-06,False
rs5750211,17,83,-0.191972,9.54702e-06,False
rs5750211,17,84,-0.20176,3.60209e-06,False
rs5750211,17,85,-0.194485,8.42337e-06,False
rs5750211,17,86,-0.216085,7.97315e-07,False
rs5750211,17,87,-0.201107,4.60902e-06,False
rs5750211,17,88,-0.205165,3.25618e-06,False
rs5750211,17,89,-0.206273,2.93086e-06,False
rs5750211,17,90,-0.200905,5.61132e-06,False
rs5750211,17,91,-0.211756,1.8433e-06,False
rs5750211,17,92,-0.216294,1.19291e-06,False
rs5750211,17,93,-0.219777,8.48718e-07,False
rs5750211,17,94,-0.214936,1.64904e-06,False
rs5750211,17,95,-0.231906,2.51281e-07,False
rs5750211,17,96,-0.220303,1.05101e-06,False
rs5750211,17,97,-0.21991,1.22674e-06,False
rs5750211,17,98,-0.206318,5.74361e-06,False
rs5750211,17,99,-0.220669,1.25092e-06,False
rs5750211,17,100,-0.223689,9.69287e-07,False
rs5750211,17,101,-0.22167,1.30461e-06,False
rs5750211,17,102,-0.21185,3.84499e-06,False
rs5750211,17,103,-0.221082,1.52121e-06,False
rs5750211,17,104,-0.227283,8.56997e-07,False
rs5750211,17,105,-0.231404,5.77322e-07,False
rs5750211,17,106,-0.228574,8.50647e-07,False
rs5750211,17,107,-0.235462,4.24557e-07,False
rs5750211,17,108,-0.248757,9.86327e-08,False
rs5750211,17,109,-0.238034,3.57002e-07,False
rs5750211,17,110,-0.230856,8.51898e-07,False
rs5750211,17,111,-0.244246,2.01856e-07,False
rs5750211,17,112,-0.247996,1.41319e-07,False
rs5750211,17,113,-0.259721,3.69111e-08,False
rs5750211,17,114,-0.249951,1.26866e-07,False
rs5750211,17,115,-0.26143,3.56452e-08,False
rs5750211,17,116,-0.262162,3.59747e-08,False
rs5750211,17,117,-0.266658,2.09597e-08,False
rs5750211,17,118,-0.261293,4.26255e-08,False
rs5750211,17,119,-0.259571,5.68939e-08,False
rs5750211,17,120,-0.262352,4.26553e-08,False
rs5750211,17,121,-0.263579,3.99129e-08,False
rs5750211,17,122,-0.256436,9.5961e-08,False
rs5750211,17,123,-0.264069,4.04769e-08,False
rs5750211,17,124,-0.282778,4.43811e-09,False
rs5750211,17,125,-0.259474,7.8298e-08,False
rs5750211,17,126,-0.263451,5.32771e-08,False
rs5750211,17,127,-0.270964,2.2488e-08,False
rs5750211,17,128,-0.271798,2.16746e-08,False
rs5750211,17,129,-0.274604,1.6203e-08,False
rs5750211,17,130,-0.265822,4.60117e-08,False
rs5750211,17,131,-0.24769,3.65299e-07,False
rs5750211,17,132,-0.250785,2.66978e-07,False
rs5750211,17,133,-0.252832,2.29111e-07,False
rs5750211,17,134,-0.260277,1.01682e-07,False
rs5750211,17,135,-0.247538,4.208e-07,False
rs5750211,17,136,-0.254934,1.86815e-07,False
rs5750211,17,137,-0.272357,2.67294e-08,False
rs5750211,17,138,-0.264455,6.68391e-08,False
rs5750211,17,139,-0.264387,7.0241e-08,False
rs5750211,17,140,-0.260227,1.15263e-07,False
rs5750211,17,141,-0.267433,5.15985e-08,False
rs5750211,17,142,-0.27312,2.72576e-08,False
rs5750211,17,143,-0.262704,8.52014e-08,False
rs5750211,17,144,-0.253745,2.30983e-07,False
rs5750211,17,145,-0.264151,7.46042e-08,False
rs5750211,17,146,-0.26637,5.89723e-08,False
rs5750211,17,147,-0.275128,2.06769e-08,False
rs5750211,17,148,-0.266942,5.51487e-08,False
rs5750211,17,149,-0.257013,1.71731e-07,False
rs5750211,17,150,-0.24209,8.28708e-07,False
rs5750211,17,151,-0.247196,5.00003e-07,False
rs5750211,17,152,-0.240208,1.01423e-06,False
rs5750211,17,153,-0.238678,1.19249e-06,False
rs5750211,17,154,-0.22954,2.95726e-06,False
rs5750211,17,155,-0.249113,3.94092e-07,False
rs5750211,17,156,-0.248877,4.13568e-07,False
rs5750211,17,157,-0.245215,6.06752e-07,False
rs5750211,17,158,-0.251095,3.19233e-07,False
rs5750211,17,159,-0.248266,4.25326e-07,False
rs5750211,17,160,-0.256654,1.72615e-07,False
rs5750211,17,161,-0.242805,7.71527e-07,False
rs5750211,17,162,-0.229886,2.87094e-06,False
rs5750211,17,163,-0.238387,1.20525e-06,False
rs5750211,17,164,-0.240705,9.49979e-07,False
rs5750211,17,165,-0.238209,1.23533e-06,False
rs5750211,17,166,-0.239758,1.02971e-06,False
rs5750211,17,167,-0.236555,1.48079e-06,False
rs5750211,17,168,-0.231414,2.40467e-06,False
rs5750211,17,169,-0.235024,1.68211e-06,False
rs5750211,17,170,-0.240517,9.2771e-07,False
rs5750211,17,171,-0.247683,4.56172e-07,False
rs5750211,17,172,-0.241162,9.12304e-07,False
rs5750211,17,173,-0.247161,4.95634e-07,False
rs5750211,17,174,-0.253805,2.46675e-07,False
rs5750211,17,175,-0.237336,1.42594e-06,False
rs5750211,17,176,-0.250829,3.57186e-07,False
rs5750211,17,177,-0.251589,3.44368e-07,False
rs5750211,17,178,-0.243932,7.80699e-07,False
rs5750211,17,179,-0.233945,2.19664e-06,False
rs5750211,17,180,-0.257698,1.94188e-07,False
rs5750211,17,181,-0.262703,1.12562e-07,False
rs5750211,17,182,-0.254748,2.77883e-07,False
rs5750211,17,183,-0.244293,9.04415e-07,False
rs5750211,17,184,-0.238809,1.60419e-06,False
rs5750211,17,185,-0.219652,1.09524e-05,False
rs5750211,17,186,-0.229377,4.57437e-06,False
rs5750211,17,187,-0.238752,1.87454e-06,False
rs5750211,17,188,-0.219087,1.27431e-05,False
rs5750211,17,189,-0.230976,4.57238e-06,False
rs5750211,17,190,-0.238785,2.28156e-06,False
rs5750211,17,191,-0.244275,1.36956e-06,False
rs5750211,17,192,-0.239155,2.49195e-06,False
rs5750211,17,193,-0.227315,8.31208e-06,False
rs5750211,17,194,-0.234804,4.6307e-06,False
rs5750211,17,195,-0.225242,1.23918e-05,False
rs5750211,17,196,-0.223718,1.50505e-05,False
rs5750211,17,197,-0.231561,8.23284e-06,False
rs5750211,17,198,-0.23699,5.74723e-06,False
rs5750211,17,199,-0.218866,3.0185e-05,False
rs5750211,17,200,-0.235154,8.13532e-06,False
rs5750211,17,201,-0.234518,9.66677e-06,False
rs5750211,17,202,-0.234691,1.0823e-05,False
rs5750211,17,203,-0.230282,1.77789e-05,False
rs5750211,17,204,-0.22719,2.63719e-05,False
rs5750211,17,205,-0.235717,1.45379e-05,False
rs5750211,17,206,-0.25885,2.18696e-06,False
rs5750211,17,207,-0.249511,5.75372e-06,False
rs5750211,17,208,-0.254658,4.31527e-06,False
rs5750211,17,209,-0.262494,2.49591e-06,False
rs5750211,17,210,-0.251577,7.28453e-06,False
rs5750211,17,211,-0.236322,2.9668e-05,False
rs5750211,17,212,-0.260811,4.63987e-06,False
rs5750211,17,213,-0.273086,1.91392e-06,False
rs5750211,17,214,-0.278042,1.55882e-06,False
rs5750211,17,215,-0.265737,5.21224e-06,False
rs5750211,17,216,-0.281694,1.67298e-06,False
rs5750211,17,217,-0.273881,3.90652e-06,False
rs5750211,17,218,-0.27074,6.15079e-06,False
rs5750211,17,219,-0.267969,9.30392e-06,False
rs5750211,17,220,-0.275343,6.38237e-06,False
rs5750211,17,221,-0.283821,4.05617e-06,False
rs5750211,17,222,-0.275245,9.49262e-06,False
rs5750211,17,223,-0.28431,5.62471e-06,False
rs5750211,17,224,-0.260791,3.65671e-05,False
rs5750211,17,225,-0.272677,1.93279e-05,False
rs5750211,17,226,-0.267941,3.22051e-05,False
rs5750211,17,227,-0.279755,1.70773e-05,False
rs5750211,17,228,-0.278728,2.19944e-05,False
rs5750211,17,229,-0.269434,4.69365e-05,False
rs5750211,17,230,-0.283919,2.09963e-05,False
rs5750211,17,231,-0.268776,6.67514e-05,False
rs5750211,17,232,-0.268385,8.02122e-05,False
rs5750211,17,233,-0.26657,0.000103593,False
rs5750211,17,234,-0.282252,4.45066e-05,False
rs5750211,17,235,-0.285827,4.24891e-05,False
rs5750211,17,236,-0.267963,0.000141975,False
rs5750211,17,237,-0.26154,0.000231101,False
rs5750211,17,238,-0.246551,0.000579405,False
rs5750211,17,239,-0.257487,0.000363551,False
rs5750211,17,240,-0.260485,0.000355826,False
rs5750211,17,241,-0.24638,0.000804327,False
rs5750211,17,242,-0.251247,0.000698308,False
rs5750211,17,243,-0.263413,0.0004315,False
rs5750211,17,244,-0.252624,0.000809296,False
rs5750211,17,245,-0.244737,0.00130201,False
rs5750211,17,246,-0.263536,0.000600218,False
rs5750211,17,247,-0.248383,0.00135212,False
rs5750211,17,248,-0.240858,0.00203729,False
rs5750211,17,249,-0.2409,0.00222478,False
rs5750211,17,250,-0.222422,0.00506172,False
rs5750211,17,251,-0.223867,0.00513327,False
rs5750211,18,6,-0.151602,0.000185391,False
rs5750211,18,7,-0.152987,0.000145903,False
rs5750211,18,8,-0.166484,3.19979e-05,False
rs5750211,18,9,-0.163121,3.85842e-05,False
rs5750211,18,10,-0.14723,0.000183719,False
rs5750211,18,11,-0.154027,7.91483e-05,False
rs5750211,18,12,-0.171712,9.95833e-06,False
rs5750211,18,13,-0.16675,1.52902e-05,False
rs5750211,18,14,-0.172756,6.81174e-06,False
rs5750211,18,15,-0.168385,1.06746e-05,False
rs5750211,18,16,-0.163489,1.76213e-05,False
rs5750211,18,17,-0.147285,0.000109559,False
rs5750211,18,18,-0.165435,1.28182e-05,False
rs5750211,18,19,-0.162709,1.746e-05,False
rs5750211,18,20,-0.145982,0.000115235,False
rs5750211,18,21,-0.146687,0.00010822,False
rs5750211,18,22,-0.164795,1.29549e-05,False
rs5750211,18,23,-0.148946,8.33144e-05,False
rs5750211,18,24,-0.16324,1.66585e-05,False
rs5750211,18,25,-0.149251,8.22476e-05,False
rs5750211,18,26,-0.148119,9.15449e-05,False
rs5750211,18,27,-0.148662,9.07096e-05,False
rs5750211,18,28,-0.148316,9.26474e-05,False
rs5750211,18,29,-0.149855,8.0808e-05,False
rs5750211,18,30,-0.154785,4.65622e-05,False
rs5750211,18,31,-0.14591,0.00012791,False
rs5750211,18,32,-0.173876,5.12217e-06,False
rs5750211,18,33,-0.151554,7.0022e-05,False
rs5750211,18,34,-0.153291,5.92415e-05,False
rs5750211,18,35,-0.149876,8.70528e-05,False
rs5750211,18,36,-0.159464,3.17201e-05,False
rs5750211,18,37,-0.151186,7.97002e-05,False
rs5750211,18,38,-0.165449,1.60528e-05,False
rs5750211,18,39,-0.140333,0.000263961,False
rs5750211,18,40,-0.160441,3.05784e-05,False
rs5750211,18,41,-0.158746,3.97196e-05,False
rs5750211,18,42,-0.156325,5.26427e-05,False
rs5750211,18,43,-0.162201,2.8082e-05,False
rs5750211,18,44,-0.153816,7.6008e-05,False
rs5750211,18,45,-0.162422,3.03188e-05,False
rs5750211,18,46,-0.177103,5.90437e-06,False
rs5750211,18,47,-0.162605,3.28954e-05,False
rs5750211,18,48,-0.166167,2.26613e-05,False
rs5750211,18,49,-0.161515,4.15837e-05,False
rs5750211,18,50,-0.173147,1.15225e-05,False
rs5750211,18,51,-0.171679,1.49826e-05,False
rs5750211,18,52,-0.157382,7.3121e-05,False
rs5750211,18,53,-0.159337,6.21271e-05,False
rs5750211,18,54,-0.172623,1.50583e-05,False
rs5750211,18,55,-0.167868,2.6517e-05,False
rs5750211,18,56,-0.155521,0.000103048,False
rs5750211,18,57,-0.173852,1.5185e-05,False
rs5750211,18,58,-0.158331,8.20001e-05,False
rs5750211,18,59,-0.179205,9.0069e-06,False
rs5750211,18,60,-0.183724,5.86216e-06,False
rs5750211,18,61,-0.181427,7.73452e-06,False
rs5750211,18,62,-0.17354,1.99154e-05,False
rs5750211,18,63,-0.193556,2.19861e-06,False
rs5750211,18,64,-0.176433,1.65081e-05,False
rs5750211,18,65,-0.180763,1.11361e-05,False
rs5750211,18,66,-0.184733,7.48728e-06,False
rs5750211,18,67,-0.184721,7.97747e-06,False
rs5750211,18,68,-0.186669,6.80441e-06,False
rs5750211,18,69,-0.194308,3.10627e-06,False
rs5750211,18,70,-0.179332,1.74793e-05,False
rs5750211,18,71,-0.198045,2.27534e-06,False
rs5750211,18,72,-0.181244,1.6102e-05,False
rs5750211,18,73,-0.184237,1.25377e-05,False
rs5750211,18,74,-0.185578,1.11851e-05,False
rs5750211,18,75,-0.186597,1.06751e-05,False
rs5750211,18,76,-0.199803,2.64931e-06,False
rs5750211,18,77,-0.197103,3.81309e-06,False
rs5750211,18,78,-0.186715,1.27395e-05,False
rs5750211,18,79,-0.181619,2.34812e-05,False
rs5750211,18,80,-0.203363,2.40244e-06,False
rs5750211,18,81,-0.195929,5.7948e-06,False
rs5750211,18,82,-0.199923,4.04007e-06,False
rs5750211,18,83,-0.205469,2.28868e-06,False
rs5750211,18,84,-0.212253,1.10448e-06,False
rs5750211,18,85,-0.236434,6.44654e-08,False
rs5750211,18,86,-0.213794,1.10955e-06,False
rs5750211,18,87,-0.219103,6.40977e-07,False
rs5750211,18,88,-0.230482,1.87531e-07,False
rs5750211,18,89,-0.214986,1.2472e-06,False
rs5750211,18,90,-0.233464,1.53311e-07,False
rs5750211,18,91,-0.239524,8.42145e-08,False
rs5750211,18,92,-0.234195,1.80399e-07,False
rs5750211,18,93,-0.229097,3.4711e-07,False
rs5750211,18,94,-0.222266,7.96498e-07,False
rs5750211,18,95,-0.234438,2.05942e-07,False
rs5750211,18,96,-0.23077,3.71457e-07,False
rs5750211,18,97,-0.217361,1.781e-06,False
rs5750211,18,98,-0.223942,8.98173e-07,False
rs5750211,18,99,-0.22248,1.18744e-06,False
rs5750211,18,100,-0.228151,6.92755e-07,False
rs5750211,18,101,-0.228102,7.2549e-07,False
rs5750211,18,102,-0.223481,1.34834e-06,False
rs5750211,18,103,-0.219078,2.28334e-06,False
rs5750211,18,104,-0.22956,7.82764e-07,False
rs5750211,18,105,-0.2374,3.52403e-07,False
rs5750211,18,106,-0.233701,5.85469e-07,False
rs5750211,18,107,-0.246079,1.57739e-07,False
rs5750211,18,108,-0.259404,3.43136e-08,False
rs5750211,18,109,-0.243666,2.33383e-07,False
rs5750211,18,110,-0.259456,4.20034e-08,False
rs5750211,18,111,-0.255097,7.4456e-08,False
rs5750211,18,112,-0.254144,8.82406e-08,False
rs5750211,18,113,-0.245363,2.52449e-07,False
rs5750211,18,114,-0.240006,4.94181e-07,False
rs5750211,18,115,-0.245659,2.6803e-07,False
rs5750211,18,116,-0.24804,2.23666e-07,False
rs5750211,18,117,-0.237695,7.32458e-07,False
rs5750211,18,118,-0.244713,3.61798e-07,False
rs5750211,18,119,-0.248737,2.42284e-07,False
rs5750211,18,120,-0.25873,8.37938e-08,False
rs5750211,18,121,-0.260845,7.07972e-08,False
rs5750211,18,122,-0.264941,4.74741e-08,False
rs5750211,18,123,-0.255277,1.47568e-07,False
rs5750211,18,124,-0.249841,2.76321e-07,False
rs5750211,18,125,-0.262384,7.06957e-08,False
rs5750211,18,126,-0.25606,1.50228e-07,False
rs5750211,18,127,-0.255858,1.58778e-07,False
rs5750211,18,128,-0.255437,1.72254e-07,False
rs5750211,18,129,-0.265568,5.72414e-08,False
rs5750211,18,130,-0.264074,7.11284e-08,False
rs5750211,18,131,-0.275013,2.0673e-08,False
rs5750211,18,132,-0.274218,2.29018e-08,False
rs5750211,18,133,-0.267527,5.15274e-08,False
rs5750211,18,134,-0.26581,6.52305e-08,False
rs5750211,18,135,-0.264679,7.85519e-08,False
rs5750211,18,136,-0.278121,1.682e-08,False
rs5750211,18,137,-0.260258,1.36916e-07,False
rs5750211,18,138,-0.25726,1.88127e-07,False
rs5750211,18,139,-0.256997,1.88683e-07,False
rs5750211,18,140,-0.263246,1.01736e-07,False
rs5750211,18,141,-0.256738,2.05381e-07,False
rs5750211,18,142,-0.265972,7.4704e-08,False
rs5750211,18,143,-0.261754,1.20483e-07,False
rs5750211,18,144,-0.262414,1.08721e-07,False
rs5750211,18,145,-0.258047,1.81953e-07,False
rs5750211,18,146,-0.260036,1.45212e-07,False
rs5750211,18,147,-0.260341,1.42735e-07,False
rs5750211,18,148,-0.258946,1.6472e-07,False
rs5750211,18,149,-0.257074,2.0841e-07,False
rs5750211,18,150,-0.266698,7.16326e-08,False
rs5750211,18,151,-0.266311,7.29791e-08,False
rs5750211,18,152,-0.252368,3.42967e-07,False
rs5750211,18,153,-0.26396,9.77167e-08,False
rs5750211,18,154,-0.264041,9.6232e-08,False
rs5750211,18,155,-0.263795,9.54131e-08,False
rs5750211,18,156,-0.253423,2.94423e-07,False
rs5750211,18,157,-0.257913,1.84901e-07,False
rs5750211,18,158,-0.257001,1.93848e-07,False
rs5750211,18,159,-0.256742,2.08692e-07,False
rs5750211,18,160,-0.26339,9.70686e-08,False
rs5750211,18,161,-0.279649,1.53116e-08,False
rs5750211,18,162,-0.284373,8.32025e-09,False
rs5750211,18,163,-0.271261,3.91957e-08,False
rs5750211,18,164,-0.275698,2.47572e-08,False
rs5750211,18,165,-0.275096,2.59932e-08,False
rs5750211,18,166,-0.263813,9.23295e-08,False
rs5750211,18,167,-0.256189,2.14424e-07,False
rs5750211,18,168,-0.261127,1.1812e-07,False
rs5750211,18,169,-0.255942,2.17801e-07,False
rs5750211,18,170,-0.262393,1.06068e-07,False
rs5750211,18,171,-0.262873,1.01545e-07,False
rs5750211,18,172,-0.268571,5.42015e-08,False
rs5750211,18,173,-0.260997,1.23823e-07,False
rs5750211,18,174,-0.260644,1.33203e-07,False
rs5750211,18,175,-0.259853,1.45702e-07,False
rs5750211,18,176,-0.258734,1.69578e-07,False
rs5750211,18,177,-0.248419,5.10347e-07,False
rs5750211,18,178,-0.249064,4.61686e-07,False
rs5750211,18,179,-0.246938,5.93648e-07,False
rs5750211,18,180,-0.259316,1.62256e-07,False
rs5750211,18,181,-0.263384,1.12437e-07,False
rs5750211,18,182,-0.258474,1.91383e-07,False
rs5750211,18,183,-0.271946,4.41498e-08,False
rs5750211,18,184,-0.260858,1.60705e-07,False
rs5750211,18,185,-0.244968,8.69149e-07,False
rs5750211,18,186,-0.259862,1.94283e-07,False
rs5750211,18,187,-0.248464,6.86616e-07,False
rs5750211,18,188,-0.243963,1.13879e-06,False
rs5750211,18,189,-0.251342,5.86423e-07,False
rs5750211,18,190,-0.257011,3.45865e-07,False
rs5750211,18,191,-0.251796,6.36739e-07,False
rs5750211,18,192,-0.243799,1.54644e-06,False
rs5750211,18,193,-0.238926,2.63082e-06,False
rs5750211,18,194,-0.257426,4.69492e-07,False
rs5750211,18,195,-0.247295,1.40627e-06,False
rs5750211,18,196,-0.226014,1.11459e-05,False
rs5750211,18,197,-0.23644,4.65457e-06,False
rs5750211,18,198,-0.246801,1.87786e-06,False
rs5750211,18,199,-0.233143,7.67481e-06,False
rs5750211,18,200,-0.234692,7.18398e-06,False
rs5750211,18,201,-0.230117,1.17919e-05,False
rs5750211,18,202,-0.23403,9.38018e-06,False
rs5750211,18,203,-0.234951,9.85485e-06,False
rs5750211,18,204,-0.241968,5.76873e-06,False
rs5750211,18,205,-0.240772,7.31994e-06,False
rs5750211,18,206,-0.230868,1.90782e-05,False
rs5750211,18,207,-0.224468,3.68003e-05,False
rs5750211,18,208,-0.227721,3.26324e-05,False
rs5750211,18,209,-0.217411,8.01518e-05,False
rs5750211,18,210,-0.232036,2.96794e-05,False
rs5750211,18,211,-0.246954,1.00115e-05,False
rs5750211,18,212,-0.220559,8.90408e-05,False
rs5750211,18,213,-0.251985,9.07496e-06,False
rs5750211,18,214,-0.235854,3.73382e-05,False
rs5750211,18,215,-0.248921,1.56478e-05,False
rs5750211,18,216,-0.242829,2.88943e-05,False
rs5750211,18,217,-0.247988,2.32532e-05,False
rs5750211,18,218,-0.232155,8.71582e-05,False
rs5750211,18,219,-0.250452,2.74697e-05,False
rs5750211,18,220,-0.251603,2.9131e-05,False
rs5750211,18,221,-0.242219,6.6163e-05,False
rs5750211,18,222,-0.260952,2.056e-05,False
rs5750211,18,223,-0.25368,4.10868e-05,False
rs5750211,18,224,-0.265329,2.16558e-05,False
rs5750211,18,225,-0.250942,6.88458e-05,False
rs5750211,18,226,-0.263112,3.55789e-05,False
rs5750211,18,227,-0.268002,3.0285e-05,False
rs5750211,18,228,-0.267164,3.84794e-05,False
rs5750211,18,229,-0.26157,6.40794e-05,False
rs5750211,18,230,-0.275276,3.06453e-05,False
rs5750211,18,231,-0.263055,8.03208e-05,False
rs5750211,18,232,-0.27549,4.28518e-05,False
rs5750211,18,233,-0.259541,0.000133746,False
rs5750211,18,234,-0.283108,3.63916e-05,False
rs5750211,18,235,-0.285452,3.74955e-05,False
rs5750211,18,236,-0.262519,0.000173515,False
rs5750211,18,237,-0.264266,0.000181387,False
rs5750211,18,238,-0.260586,0.000252437,False
rs5750211,18,239,-0.25442,0.000402192,False
rs5750211,18,240,-0.258031,0.000369777,False
rs5750211,18,241,-0.255394,0.000482275,False
rs5750211,18,242,-0.266261,0.000318494,False
rs5750211,18,243,-0.262039,0.000439699,False
rs5750211,18,244,-0.267517,0.000374427,False
rs5750211,18,245,-0.251764,0.000916311,False
rs5750211,18,246,-0.242139,0.00159196,False
rs5750211,18,247,-0.242316,0.0017377,False
rs5750211,18,248,-0.244803,0.0017166,False
rs5750211,18,249,-0.242726,0.00206548,False
rs5750211,18,250,-0.254965,0.00132508,False
rs5750211,18,251,-0.245515,0.00217629,False
rs5750211,19,6,-0.148266,0.0002589,False
rs5750211,19,7,-0.167275,3.14513e-05,False
rs5750211,19,8,-0.167767,2.64188e-05,False
rs5750211,19,9,-0.16071,4.85239e-05,False
rs5750211,19,10,-0.153908,8.79965e-05,False
rs5750211,19,11,-0.170167,1.26419e-05,False
rs5750211,19,12,-0.164637,2.07569e-05,False
rs5750211,19,13,-0.174475,5.69947e-06,False
rs5750211,19,14,-0.161998,2.29528e-05,False
rs5750211,19,15,-0.166447,1.25771e-05,False
rs5750211,19,16,-0.16901,8.42858e-06,False
rs5750211,19,17,-0.162414,1.90074e-05,False
rs5750211,19,18,-0.154606,4.49754e-05,False
rs5750211,19,19,-0.172216,5.29614e-06,False
rs5750211,19,20,-0.164806,1.39548e-05,False
rs5750211,19,21,-0.143423,0.000148446,False
rs5750211,19,22,-0.157877,3.0759e-05,False
rs5750211,19,23,-0.157437,3.19868e-05,False
rs5750211,19,24,-0.160475,2.3138e-05,False
rs5750211,19,25,-0.145693,0.00012246,False
rs5750211,19,26,-0.136203,0.000332655,False
rs5750211,19,27,-0.155748,4.0617e-05,False
rs5750211,19,28,-0.15895,2.79888e-05,False
rs5750211,19,29,-0.124221,0.00109242,False
rs5750211,19,30,-0.129944,0.000646671,False
rs5750211,19,31,-0.142255,0.000185897,False
rs5750211,19,32,-0.142925,0.000184112,False
rs5750211,19,33,-0.150275,8.31087e-05,False
rs5750211,19,34,-0.135726,0.000386969,False
rs5750211,19,35,-0.156009,4.79407e-05,False
rs5750211,19,36,-0.148245,0.00011171,False
rs5750211,19,37,-0.141124,0.000250751,False
rs5750211,19,38,-0.154624,5.90758e-05,False
rs5750211,19,39,-0.164779,1.87574e-05,False
rs5750211,19,40,-0.142124,0.000235384,False
rs5750211,19,41,-0.142372,0.000241079,False
rs5750211,19,42,-0.14885,0.000126877,False
rs5750211,19,43,-0.142991,0.000242659,False
rs5750211,19,44,-0.147166,0.000157592,False
rs5750211,19,45,-0.157326,5.67112e-05,False
rs5750211,19,46,-0.153022,9.65133e-05,False
rs5750211,19,47,-0.149841,0.000136794,False
rs5750211,19,48,-0.164937,2.82078e-05,False
rs5750211,19,49,-0.134177,0.000688071,False
rs5750211,19,50,-0.143939,0.000276864,False
rs5750211,19,51,-0.151823,0.000132976,False
rs5750211,19,52,-0.169565,2.06647e-05,False
rs5750211,19,53,-0.145965,0.000256272,False
rs5750211,19,54,-0.165393,3.63823e-05,False
rs5750211,19,55,-0.156984,9.26022e-05,False
rs5750211,19,56,-0.163096,5.16841e-05,False
rs5750211,19,57,-0.146417,0.000281093,False
rs5750211,19,58,-0.175858,1.37359e-05,False
rs5750211,19,59,-0.163056,5.74261e-05,False
rs5750211,19,60,-0.164847,4.89246e-05,False
rs5750211,19,61,-0.180027,1.04155e-05,False
rs5750211,19,62,-0.165195,5.47222e-05,False
rs5750211,19,63,-0.173652,2.28214e-05,False
rs5750211,19,64,-0.162222,8.10077e-05,False
rs5750211,19,65,-0.170098,3.72461e-05,False
rs5750211,19,66,-0.179721,1.40483e-05,False
rs5750211,19,67,-0.167587,5.36198e-05,False
rs5750211,19,68,-0.171407,3.89262e-05,False
rs5750211,19,69,-0.187693,6.7565e-06,False
rs5750211,19,70,-0.182013,1.42562e-05,False
rs5750211,19,71,-0.175164,3.05723e-05,False
rs5750211,19,72,-0.182513,1.5132e-05,False
rs5750211,19,73,-0.188653,8.06288e-06,False
rs5750211,19,74,-0.190176,7.36809e-06,False
rs5750211,19,75,-0.179598,2.51677e-05,False
rs5750211,19,76,-0.184811,1.54362e-05,False
rs5750211,19,77,-0.196109,4.84831e-06,False
rs5750211,19,78,-0.194668,6.06798e-06,False
rs5750211,19,79,-0.208934,1.33363e-06,False
rs5750211,19,80,-0.200882,3.49901e-06,False
rs5750211,19,81,-0.204986,2.44776e-06,False
rs5750211,19,82,-0.207393,2.02905e-06,False
rs5750211,19,83,-0.201016,4.44119e-06,False
rs5750211,19,84,-0.202089,4.17903e-06,False
rs5750211,19,85,-0.198749,6.67976e-06,False
rs5750211,19,86,-0.203915,4.08924e-06,False
rs5750211,19,87,-0.207958,2.82449e-06,False
rs5750211,19,88,-0.20267,5.33054e-06,False
rs5750211,19,89,-0.191567,1.79999e-05,False
rs5750211,19,90,-0.194965,1.34425e-05,False
rs5750211,19,91,-0.205519,4.67827e-06,False
rs5750211,19,92,-0.209787,3.15434e-06,False
rs5750211,19,93,-0.209426,3.60172e-06,False
rs5750211,19,94,-0.202907,7.75514e-06,False
rs5750211,19,95,-0.195366,1.81263e-05,False
rs5750211,19,96,-0.212994,3.20392e-06,False
rs5750211,19,97,-0.229578,5.51223e-07,False
rs5750211,19,98,-0.224281,1.07877e-06,False
rs5750211,19,99,-0.212699,4.02527e-06,False
rs5750211,19,100,-0.207757,7.29507e-06,False
rs5750211,19,101,-0.226637,1.04217e-06,False
rs5750211,19,102,-0.21785,2.99537e-06,False
rs5750211,19,103,-0.209687,7.30614e-06,False
rs5750211,19,104,-0.221966,2.15423e-06,False
rs5750211,19,105,-0.217057,3.91353e-06,False
rs5750211,19,106,-0.220706,2.79516e-06,False
rs5750211,19,107,-0.229624,1.22374e-06,False
rs5750211,19,108,-0.233353,8.45275e-07,False
rs5750211,19,109,-0.224417,2.33898e-06,False
rs5750211,19,110,-0.224512,2.36528e-06,False
rs5750211,19,111,-0.236305,7.56357e-07,False
rs5750211,19,112,-0.238065,6.81154e-07,False
rs5750211,19,113,-0.246353,2.89952e-07,False
rs5750211,19,114,-0.229572,1.88751e-06,False
rs5750211,19,115,-0.239869,6.55834e-07,False
rs5750211,19,116,-0.24147,5.7618e-07,False
rs5750211,19,117,-0.237286,9.62055e-07,False
rs5750211,19,118,-0.255992,1.31851e-07,False
rs5750211,19,119,-0.252828,1.9841e-07,False
rs5750211,19,120,-0.251188,2.48499e-07,False
rs5750211,19,121,-0.2576,1.30109e-07,False
rs5750211,19,122,-0.25324,2.24928e-07,False
rs5750211,19,123,-0.261512,9.40629e-08,False
rs5750211,19,124,-0.25154,2.94854e-07,False
rs5750211,19,125,-0.25546,2.06905e-07,False
rs5750211,19,126,-0.261105,1.19967e-07,False
rs5750211,19,127,-0.256213,2.0511e-07,False
rs5750211,19,128,-0.260926,1.30621e-07,False
rs5750211,19,129,-0.269214,5.25422e-08,False
rs5750211,19,130,-0.251032,4.02859e-07,False
rs5750211,19,131,-0.247756,5.72806e-07,False
rs5750211,19,132,-0.253585,3.21587e-07,False
rs5750211,19,133,-0.252555,3.60241e-07,False
rs5750211,19,134,-0.256858,2.41324e-07,False
rs5750211,19,135,-0.256288,2.55509e-07,False
rs5750211,19,136,-0.260425,1.63887e-07,False
rs5750211,19,137,-0.259592,1.84854e-07,False
rs5750211,19,138,-0.26737,7.97516e-08,False
rs5750211,19,139,-0.250953,4.80136e-07,False
rs5750211,19,140,-0.267689,7.82165e-08,False
rs5750211,19,141,-0.265904,9.71307e-08,False
rs5750211,19,142,-0.261659,1.60618e-07,False
rs5750211,19,143,-0.272989,4.44022e-08,False
rs5750211,19,144,-0.272068,4.9423e-08,False
rs5750211,19,145,-0.27052,6.00151e-08,False
rs5750211,19,146,-0.266381,9.21671e-08,False
rs5750211,19,147,-0.264787,1.0981e-07,False
rs5750211,19,148,-0.265502,1.07598e-07,False
rs5750211,19,149,-0.257067,2.64804e-07,False
rs5750211,19,150,-0.243917,1.03207e-06,False
rs5750211,19,151,-0.251126,4.78626e-07,False
rs5750211,19,152,-0.259858,1.84497e-07,False
rs5750211,19,153,-0.261505,1.55704e-07,False
rs5750211,19,154,-0.249051,5.81691e-07,False
rs5750211,19,155,-0.2533,3.57168e-07,False
rs5750211,19,156,-0.251913,4.04236e-07,False
rs5750211,19,157,-0.25931,1.79843e-07,False
rs5750211,19,158,-0.253004,3.5549e-07,False
rs5750211,19,159,-0.247374,6.60548e-07,False
rs5750211,19,160,-0.250664,4.52043e-07,False
rs5750211,19,161,-0.24345,9.45753e-07,False
rs5750211,19,162,-0.241365,1.14534e-06,False
rs5750211,19,163,-0.241573,1.13305e-06,False
rs5750211,19,164,-0.243747,8.75838e-07,False
rs5750211,19,165,-0.243628,8.66681e-07,False
rs5750211,19,166,-0.246547,6.49303e-07,False
rs5750211,19,167,-0.243827,8.66972e-07,False
rs5750211,19,168,-0.236215,1.85122e-06,False
rs5750211,19,169,-0.237199,1.65873e-06,False
rs5750211,19,170,-0.234142,2.21043e-06,False
rs5750211,19,171,-0.241514,1.05402e-06,False
rs5750211,19,172,-0.220176,8.70877e-06,False
rs5750211,19,173,-0.219741,8.73354e-06,False
rs5750211,19,174,-0.209963,2.16531e-05,False
rs5750211,19,175,-0.229108,3.61198e-06,False
rs5750211,19,176,-0.218631,9.85915e-06,False
rs5750211,19,177,-0.228693,3.92595e-06,False
rs5750211,19,178,-0.224832,5.63915e-06,False
rs5750211,19,179,-0.240154,1.27726e-06,False
rs5750211,19,180,-0.251581,4.0384e-07,False
rs5750211,19,181,-0.241908,1.11364e-06,False
rs5750211,19,182,-0.23917,1.49688e-06,False
rs5750211,19,183,-0.251995,4.02785e-07,False
rs5750211,19,184,-0.240184,1.37202e-06,False
rs5750211,19,185,-0.246116,7.93403e-07,False
rs5750211,19,186,-0.247932,6.8244e-07,False
rs5750211,19,187,-0.249929,5.92867e-07,False
rs5750211,19,188,-0.236113,2.42183e-06,False
rs5750211,19,189,-0.240849,1.54999e-06,False
rs5750211,19,190,-0.2471,9.04504e-07,False
rs5750211,19,191,-0.240478,1.85063e-06,False
rs5750211,19,192,-0.243805,1.44775e-06,False
rs5750211,19,193,-0.225562,8.35306e-06,False
rs5750211,19,194,-0.235768,3.46602e-06,False
rs5750211,19,195,-0.22205,1.3052e-05,False
rs5750211,19,196,-0.217819,2.08897e-05,False
rs5750211,19,197,-0.203264,7.61624e-05,False
rs5750211,19,198,-0.212619,3.67712e-05,False
rs5750211,19,199,-0.220153,2.15664e-05,False
rs5750211,19,200,-0.207676,6.56882e-05,False
rs5750211,19,201,-0.225339,1.58632e-05,False
rs5750211,19,202,-0.221281,2.49664e-05,False
rs5750211,19,203,-0.243615,3.7925e-06,False
rs5750211,19,204,-0.227685,1.74772e-05,False
rs5750211,19,205,-0.24351,4.87029e-06,False
rs5750211,19,206,-0.224477,2.85156e-05,False
rs5750211,19,207,-0.223515,3.36218e-05,False
rs5750211,19,208,-0.2453,6.04725e-06,False
rs5750211,19,209,-0.24154,9.88478e-06,False
rs5750211,19,210,-0.242431,1.01098e-05,False
rs5750211,19,211,-0.242732,1.17799e-05,False
rs5750211,19,212,-0.230483,3.66449e-05,False
rs5750211,19,213,-0.257292,4.57335e-06,False
rs5750211,19,214,-0.234332,3.35312e-05,False
rs5750211,19,215,-0.247178,1.45056e-05,False
rs5750211,19,216,-0.234097,4.64236e-05,False
rs5750211,19,217,-0.221399,0.000132488,False
rs5750211,19,218,-0.241227,3.6751e-05,False
rs5750211,19,219,-0.246478,2.91745e-05,False
rs5750211,19,220,-0.239239,5.79626e-05,False
rs5750211,19,221,-0.244961,4.57619e-05,False
rs5750211,19,222,-0.227735,0.000169105,False
rs5750211,19,223,-0.248651,4.75092e-05,False
rs5750211,19,224,-0.24208,8.92652e-05,False
rs5750211,19,225,-0.22915,0.000236159,False
rs5750211,19,226,-0.239956,0.000136384,False
rs5750211,19,227,-0.243986,0.000121137,False
rs5750211,19,228,-0.236208,0.000235,False
rs5750211,19,229,-0.246446,0.000145463,False
rs5750211,19,230,-0.24896,0.000145492,False
rs5750211,19,231,-0.255531,0.000112439,False
rs5750211,19,232,-0.263005,8.45727e-05,False
rs5750211,19,233,-0.266067,8.21009e-05,False
rs5750211,19,234,-0.250748,0.000237622,False
rs5750211,19,235,-0.277941,5.4257e-05,False
rs5750211,19,236,-0.242308,0.000492167,False
rs5750211,19,237,-0.256977,0.000252609,False
rs5750211,19,238,-0.254218,0.00034167,False
rs5750211,19,239,-0.250417,0.000477254,False
rs5750211,19,240,-0.242043,0.000816282,False
rs5750211,19,241,-0.244274,0.000816097,False
rs5750211,19,242,-0.245227,0.000893701,False
rs5750211,19,243,-0.248492,0.000857744,False
rs5750211,19,244,-0.2496,0.00091579,False
rs5750211,19,245,-0.243148,0.00137833,False
rs5750211,19,246,-0.253168,0.000980657,False
rs5750211,19,247,-0.237717,0.00215342,False
rs5750211,19,248,-0.245828,0.00168642,False
rs5750211,19,249,-0.237303,0.00266533,False
rs5750211,19,250,-0.231004,0.00372455,False
rs5750211,19,251,-0.2411,0.00271476,False
rs5750211,20,6,-0.166948,3.93795e-05,False
rs5750211,20,7,-0.156291,0.000105619,False
rs5750211,20,8,-0.152093,0.000143761,False
rs5750211,20,9,-0.160484,5.20246e-05,False
rs5750211,20,10,-0.15356,9.49465e-05,False
rs5750211,20,11,-0.139183,0.000367617,False
rs5750211,20,12,-0.149541,0.000118783,False
rs5750211,20,13,-0.154354,6.2815e-05,False
rs5750211,20,14,-0.165952,1.53663e-05,False
rs5750211,20,15,-0.158794,3.30362e-05,False
rs5750211,20,16,-0.139135,0.000261184,False
rs5750211,20,17,-0.156582,3.82465e-05,False
rs5750211,20,18,-0.16008,2.55067e-05,False
rs5750211,20,19,-0.153185,5.52883e-05,False
rs5750211,20,20,-0.162553,1.87328e-05,False
rs5750211,20,21,-0.160731,2.29454e-05,False
rs5750211,20,22,-0.159069,2.75438e-05,False
rs5750211,20,23,-0.161966,1.90768e-05,False
rs5750211,20,24,-0.156101,3.79143e-05,False
rs5750211,20,25,-0.173662,5.04082e-06,False
rs5750211,20,26,-0.175877,3.57783e-06,False
rs5750211,20,27,-0.156608,3.85063e-05,False
rs5750211,20,28,-0.168125,1.01032e-05,False
rs5750211,20,29,-0.176865,3.44442e-06,False
rs5750211,20,30,-0.156529,4.17341e-05,False
rs5750211,20,31,-0.159649,2.80191e-05,False
rs5750211,20,32,-0.169379,9.50903e-06,False
rs5750211,20,33,-0.176359,4.11128e-06,False
rs5750211,20,34,-0.171947,7.52043e-06,False
rs5750211,20,35,-0.174953,5.24696e-06,False
rs5750211,20,36,-0.175397,5.15013e-06,False
rs5750211,20,37,-0.158413,4.11228e-05,False
rs5750211,20,38,-0.186332,1.37529e-06,False
rs5750211,20,39,-0.172402,8.71138e-06,False
rs5750211,20,40,-0.168542,1.40445e-05,False
rs5750211,20,41,-0.173626,8.24326e-06,False
rs5750211,20,42,-0.171791,1.03955e-05,False
rs5750211,20,43,-0.166349,2.16051e-05,False
rs5750211,20,44,-0.175433,7.91164e-06,False
rs5750211,20,45,-0.160092,4.72088e-05,False
rs5750211,20,46,-0.163762,3.27423e-05,False
rs5750211,20,47,-0.165293,2.89018e-05,False
rs5750211,20,48,-0.171053,1.61914e-05,False
rs5750211,20,49,-0.168876,2.15781e-05,False
rs5750211,20,50,-0.167213,2.62773e-05,False
rs5750211,20,51,-0.162585,4.55295e-05,False
rs5750211,20,52,-0.165923,3.41155e-05,False
rs5750211,20,53,-0.17032,2.16e-05,False
rs5750211,20,54,-0.148627,0.000215113,False
rs5750211,20,55,-0.159129,7.72137e-05,False
rs5750211,20,56,-0.162894,5.57359e-05,False
rs5750211,20,57,-0.177995,1.11531e-05,False
rs5750211,20,58,-0.172423,2.27536e-05,False
rs5750211,20,59,-0.168752,3.44322e-05,False
rs5750211,20,60,-0.161749,7.24565e-05,False
rs5750211,20,61,-0.181398,9.53549e-06,False
rs5750211,20,62,-0.166996,4.75824e-05,False
rs5750211,20,63,-0.176876,1.725e-05,False
rs5750211,20,64,-0.176194,1.91097e-05,False
rs5750211,20,65,-0.170368,3.8156e-05,False
rs5750211,20,66,-0.187533,6.29738e-06,False
rs5750211,20,67,-0.18361,1.05021e-05,False
rs5750211,20,68,-0.189366,5.7731e-06,False
rs5750211,20,69,-0.177823,2.18521e-05,False
rs5750211,20,70,-0.180475,1.79298e-05,False
rs5750211,20,71,-0.201625,1.75944e-06,False
rs5750211,20,72,-0.190114,7.2629e-06,False
rs5750211,20,73,-0.185454,1.2679e-05,False
rs5750211,20,74,-0.186709,1.2006e-05,False
rs5750211,20,75,-0.200792,2.77589e-06,False
rs5750211,20,76,-0.195302,5.42699e-06,False
rs5750211,20,77,-0.203674,2.34716e-06,False
rs5750211,20,78,-0.196451,5.68803e-06,False
rs5750211,20,79,-0.206229,2.10644e-06,False
rs5750211,20,80,-0.211118,1.26911e-06,False
rs5750211,20,81,-0.209374,1.68476e-06,False
rs5750211,20,82,-0.209705,1.85801e-06,False
rs5750211,20,83,-0.203192,3.92864e-06,False
rs5750211,20,84,-0.207428,2.6609e-06,False
rs5750211,20,85,-0.216081,1.09019e-06,False
rs5750211,20,86,-0.209273,2.56877e-06,False
rs5750211,20,87,-0.212123,2.06363e-06,False
rs5750211,20,88,-0.207298,3.64073e-06,False
rs5750211,20,89,-0.222339,7.30888e-07,False
rs5750211,20,90,-0.230303,3.12742e-07,False
rs5750211,20,91,-0.231586,2.97132e-07,False
rs5750211,20,92,-0.239141,1.27002e-07,False
rs5750211,20,93,-0.237536,1.72965e-07,False
rs5750211,20,94,-0.225248,8.02072e-07,False
rs5750211,20,95,-0.237578,2.22337e-07,False
rs5750211,20,96,-0.227693,7.4581e-07,False
rs5750211,20,97,-0.225451,1.04199e-06,False
rs5750211,20,98,-0.224215,1.24351e-06,False
rs5750211,20,99,-0.225972,1.15263e-06,False
rs5750211,20,100,-0.226508,1.19043e-06,False
rs5750211,20,101,-0.226132,1.32383e-06,False
rs5750211,20,102,-0.22831,1.14519e-06,False
rs5750211,20,103,-0.227074,1.39147e-06,False
rs5750211,20,104,-0.234533,6.84652e-07,False
rs5750211,20,105,-0.229005,1.33229e-06,False
rs5750211,20,106,-0.227405,1.70812e-06,False
rs5750211,20,107,-0.21943,4.09492e-06,False
rs5750211,20,108,-0.248215,2.12804e-07,False
rs5750211,20,109,-0.239617,5.73761e-07,False
rs5750211,20,110,-0.241558,4.92359e-07,False
rs5750211,20,111,-0.236671,8.85689e-07,False
rs5750211,20,112,-0.244487,4.15185e-07,False
rs5750211,20,113,-0.24973,2.54511e-07,False
rs5750211,20,114,-0.250565,2.57818e-07,False
rs5750211,20,115,-0.26146,7.93607e-08,False
rs5750211,20,116,-0.262733,7.43354e-08,False
rs5750211,20,117,-0.265637,5.78706e-08,False
rs5750211,20,118,-0.263339,7.86735e-08,False
rs5750211,20,119,-0.264911,6.86208e-08,False
rs5750211,20,120,-0.258304,1.49496e-07,False
rs5750211,20,121,-0.254205,2.57327e-07,False
rs5750211,20,122,-0.258348,1.64608e-07,False
rs5750211,20,123,-0.265511,8.2164e-08,False
rs5750211,20,124,-0.263879,1.06382e-07,False
rs5750211,20,125,-0.256202,2.49534e-07,False
rs5750211,20,126,-0.256482,2.47729e-07,False
rs5750211,20,127,-0.261179,1.61048e-07,False
rs5750211,20,128,-0.253002,4.16088e-07,False
rs5750211,20,129,-0.2664,1.0153e-07,False
rs5750211,20,130,-0.266425,1.00586e-07,False
rs5750211,20,131,-0.262595,1.53294e-07,False
rs5750211,20,132,-0.250211,5.82276e-07,False
rs5750211,20,133,-0.249433,6.53641e-07,False
rs5750211,20,134,-0.252095,5.1636e-07,False
rs5750211,20,135,-0.253677,4.50515e-07,False
rs5750211,20,136,-0.250829,5.87632e-07,False
rs5750211,20,137,-0.265655,1.26581e-07,False
rs5750211,20,138,-0.266896,1.13087e-07,False
rs5750211,20,139,-0.256758,3.36076e-07,False
rs5750211,20,140,-0.269563,8.36527e-08,False
rs5750211,20,141,-0.259908,2.44266e-07,False
rs5750211,20,142,-0.261386,2.1262e-07,False
rs5750211,20,143,-0.263122,1.7747e-07,False
rs5750211,20,144,-0.267559,1.13424e-07,False
rs5750211,20,145,-0.266773,1.23771e-07,False
rs5750211,20,146,-0.263233,1.75439e-07,False
rs5750211,20,147,-0.260241,2.3774e-07,False
rs5750211,20,148,-0.253774,4.7007e-07,False
rs5750211,20,149,-0.248714,7.83755e-07,False
rs5750211,20,150,-0.262052,1.92456e-07,False
rs5750211,20,151,-0.261885,1.87235e-07,False
rs5750211,20,152,-0.264047,1.49297e-07,False
rs5750211,20,153,-0.257107,3.07725e-07,False
rs5750211,20,154,-0.244565,1.10281e-06,False
rs5750211,20,155,-0.244151,1.12157e-06,False
rs5750211,20,156,-0.249323,6.48897e-07,False
rs5750211,20,157,-0.248354,7.09357e-07,False
rs5750211,20,158,-0.254964,3.55964e-07,False
rs5750211,20,159,-0.228649,4.83569e-06,False
rs5750211,20,160,-0.222429,8.61217e-06,False
rs5750211,20,161,-0.225568,6.46265e-06,False
rs5750211,20,162,-0.240901,1.41287e-06,False
rs5750211,20,163,-0.257392,2.50172e-07,False
rs5750211,20,164,-0.246343,7.85375e-07,False
rs5750211,20,165,-0.243726,1.007e-06,False
rs5750211,20,166,-0.253942,3.46105e-07,False
rs5750211,20,167,-0.255835,2.76326e-07,False
rs5750211,20,168,-0.252709,3.81892e-07,False
rs5750211,20,169,-0.24643,7.40773e-07,False
rs5750211,20,170,-0.245617,7.93184e-07,False
rs5750211,20,171,-0.248258,5.93112e-07,False
rs5750211,20,172,-0.237552,1.73476e-06,False
rs5750211,20,173,-0.245187,8.17517e-07,False
rs5750211,20,174,-0.229995,3.83e-06,False
rs5750211,20,175,-0.244478,8.58921e-07,False
rs5750211,20,176,-0.246501,7.02245e-07,False
rs5750211,20,177,-0.256461,2.43134e-07,False
rs5750211,20,178,-0.235024,2.23332e-06,False
rs5750211,20,179,-0.239038,1.49604e-06,False
rs5750211,20,180,-0.256687,2.37016e-07,False
rs5750211,20,181,-0.254336,3.06024e-07,False
rs5750211,20,182,-0.256912,2.40153e-07,False
rs5750211,20,183,-0.252353,4.00368e-07,False
rs5750211,20,184,-0.235407,2.26527e-06,False
rs5750211,20,185,-0.244018,9.87895e-07,False
rs5750211,20,186,-0.240571,1.44143e-06,False
rs5750211,20,187,-0.25594,3.04881e-07,False
rs5750211,20,188,-0.237249,2.15133e-06,False
rs5750211,20,189,-0.223395,8.57602e-06,False
rs5750211,20,190,-0.234802,2.96584e-06,False
rs5750211,20,191,-0.23874,2.17248e-06,False
rs5750211,20,192,-0.229027,5.61458e-06,False
rs5750211,20,193,-0.257452,3.517e-07,False
rs5750211,20,194,-0.2439,1.48017e-06,False
rs5750211,20,195,-0.233874,4.27573e-06,False
rs5750211,20,196,-0.249299,1.00573e-06,False
rs5750211,20,197,-0.247095,1.36221e-06,False
rs5750211,20,198,-0.235683,4.54975e-06,False
rs5750211,20,199,-0.227445,1.04742e-05,False
rs5750211,20,200,-0.23244,7.19375e-06,False
rs5750211,20,201,-0.2295,1.0377e-05,False
rs5750211,20,202,-0.23935,4.63965e-06,False
rs5750211,20,203,-0.239554,5.04346e-06,False
rs5750211,20,204,-0.23836,6.26005e-06,False
rs5750211,20,205,-0.232462,1.15886e-05,False
rs5750211,20,206,-0.258207,1.27838e-06,False
rs5750211,20,207,-0.262543,9.73504e-07,False
rs5750211,20,208,-0.252242,2.93835e-06,False
rs5750211,20,209,-0.236006,1.36209e-05,False
rs5750211,20,210,-0.251689,4.12239e-06,False
rs5750211,20,211,-0.260447,2.10349e-06,False
rs5750211,20,212,-0.256292,3.43701e-06,False
rs5750211,20,213,-0.266624,1.66632e-06,False
rs5750211,20,214,-0.265951,2.06362e-06,False
rs5750211,20,215,-0.264142,2.82e-06,False
rs5750211,20,216,-0.258091,5.59308e-06,False
rs5750211,20,217,-0.258989,6.18533e-06,False
rs5750211,20,218,-0.248288,1.74558e-05,False
rs5750211,20,219,-0.259241,8.55321e-06,False
rs5750211,20,220,-0.276909,2.47637e-06,False
rs5750211,20,221,-0.254976,1.73999e-05,False
rs5750211,20,222,-0.271977,5.56761e-06,False
rs5750211,20,223,-0.27216,6.67323e-06,False
rs5750211,20,224,-0.265419,1.3824e-05,False
rs5750211,20,225,-0.259766,2.53084e-05,False
rs5750211,20,226,-0.262545,2.50894e-05,False
rs5750211,20,227,-0.260252,3.51855e-05,False
rs5750211,20,228,-0.263841,3.29544e-05,False
rs5750211,20,229,-0.259087,5.38374e-05,False
rs5750211,20,230,-0.261102,5.68578e-05,False
rs5750211,20,231,-0.265697,5.01433e-05,False
rs5750211,20,232,-0.268041,5.16132e-05,False
rs5750211,20,233,-0.255578,0.000134041,False
rs5750211,20,234,-0.26017,0.00011767,False
rs5750211,20,235,-0.265739,9.94223e-05,False
rs5750211,20,236,-0.269483,9.55514e-05,False
rs5750211,20,237,-0.253108,0.000279111,False
rs5750211,20,238,-0.246686,0.000467194,False
rs5750211,20,239,-0.263716,0.000214271,False
rs5750211,20,240,-0.247156,0.00058779,False
rs5750211,20,241,-0.249186,0.000615244,False
rs5750211,20,242,-0.246576,0.000781411,False
rs5750211,20,243,-0.261411,0.000425544,False
rs5750211,20,244,-0.252722,0.000753669,False
rs5750211,20,245,-0.26324,0.000517835,False
rs5750211,20,246,-0.273128,0.000362722,False
rs5750211,20,247,-0.271268,0.000457554,False
rs5750211,20,248,-0.279388,0.000351992,False
rs5750211,20,249,-0.2785,0.000418984,False
rs5750211,20,250,-0.275181,0.000552198,False
rs5750211,20,251,-0.267631,0.000863003,False
rs5750211,21,6,-0.151876,0.000154503,False
rs5750211,21,7,-0.142962,0.000324988,False
rs5750211,21,8,-0.141271,0.000356947,False
rs5750211,21,9,-0.142239,0.000296925,False
rs5750211,21,10,-0.139473,0.00036032,False
rs5750211,21,11,-0.12808,0.000965768,False
rs5750211,21,12,-0.146878,0.000147138,False
rs5750211,21,13,-0.139247,0.000299151,False
rs5750211,21,14,-0.135352,0.000411499,False
rs5750211,21,15,-0.164272,1.76547e-05,False
rs5750211,21,16,-0.162604,1.94932e-05,False
rs5750211,21,17,-0.147918,0.000103067,False
rs5750211,21,18,-0.17243,5.65814e-06,False
rs5750211,21,19,-0.155194,4.47753e-05,False
rs5750211,21,20,-0.172283,5.57068e-06,False
rs5750211,21,21,-0.168909,8.61628e-06,False
rs5750211,21,22,-0.180288,2.07672e-06,False
rs5750211,21,23,-0.16442,1.49279e-05,False
rs5750211,21,24,-0.166784,1.09894e-05,False
rs5750211,21,25,-0.176683,3.31715e-06,False
rs5750211,21,26,-0.147995,0.000100019,False
rs5750211,21,27,-0.168511,9.37854e-06,False
rs5750211,21,28,-0.178992,2.60639e-06,False
rs5750211,21,29,-0.167888,1.05403e-05,False
rs5750211,21,30,-0.165588,1.44244e-05,False
rs5750211,21,31,-0.157705,3.68595e-05,False
rs5750211,21,32,-0.16896,9.8439e-06,False
rs5750211,21,33,-0.165991,1.50106e-05,False
rs5750211,21,34,-0.158209,3.67331e-05,False
rs5750211,21,35,-0.185072,1.4266e-06,False
rs5750211,21,36,-0.168908,1.13094e-05,False
rs5750211,21,37,-0.168871,1.19196e-05,False
rs5750211,21,38,-0.15871,4.0603e-05,False
rs5750211,21,39,-0.150567,0.000103365,False
rs5750211,21,40,-0.176057,5.67144e-06,False
rs5750211,21,41,-0.160164,4.10397e-05,False
rs5750211,21,42,-0.161434,3.52417e-05,False
rs5750211,21,43,-0.165505,2.38929e-05,False
rs5750211,21,44,-0.162218,3.46363e-05,False
rs5750211,21,45,-0.159572,4.72655e-05,False
rs5750211,21,46,-0.154994,8.39618e-05,False
rs5750211,21,47,-0.1565,7.67011e-05,False
rs5750211,21,48,-0.148061,0.000186709,False
rs5750211,21,49,-0.160026,5.6e-05,False
rs5750211,21,50,-0.166588,2.89788e-05,False
rs5750211,21,51,-0.153108,0.000123666,False
rs5750211,21,52,-0.156749,8.95384e-05,False
rs5750211,21,53,-0.180084,7.35877e-06,False
rs5750211,21,54,-0.178311,9.46112e-06,False
rs5750211,21,55,-0.158054,9.17685e-05,False
rs5750211,21,56,-0.184057,5.31197e-06,False
rs5750211,21,57,-0.175208,1.60459e-05,False
rs5750211,21,58,-0.177342,1.35891e-05,False
rs5750211,21,59,-0.170861,2.81623e-05,False
rs5750211,21,60,-0.183626,7.41495e-06,False
rs5750211,21,61,-0.187221,5.15762e-06,False
rs5750211,21,62,-0.170518,3.39503e-05,False
rs5750211,21,63,-0.189513,4.53952e-06,False
rs5750211,21,64,-0.1808,1.31433e-05,False
rs5750211,21,65,-0.18551,8.2917e-06,False
rs5750211,21,66,-0.184234,9.92593e-06,False
rs5750211,21,67,-0.190371,5.45918e-06,False
rs5750211,21,68,-0.190535,5.62297e-06,False
rs5750211,21,69,-0.193075,4.67512e-06,False
rs5750211,21,70,-0.211133,6.03564e-07,False
rs5750211,21,71,-0.20431,1.44898e-06,False
rs5750211,21,72,-0.208981,9.04707e-07,False
rs5750211,21,73,-0.221283,2.25889e-07,False
rs5750211,21,74,-0.220612,2.86072e-07,False
rs5750211,21,75,-0.229815,9.57756e-08,False
rs5750211,21,76,-0.235017,5.13604e-08,False
rs5750211,21,77,-0.227088,1.66564e-07,False
rs5750211,21,78,-0.236808,5.30323e-08,False
rs5750211,21,79,-0.239294,4.23464e-08,False
rs5750211,21,80,-0.227683,2.13273e-07,False
rs5750211,21,81,-0.236368,7.99002e-08,False
rs5750211,21,82,-0.236595,8.58023e-08,False
rs5750211,21,83,-0.257256,6.51369e-09,False
rs5750211,21,84,-0.257144,7.65863e-09,False
rs5750211,21,85,-0.246577,3.34128e-08,False
rs5750211,21,86,-0.237649,1.13718e-07,False
rs5750211,21,87,-0.250942,2.31541e-08,False
rs5750211,21,88,-0.238662,1.2117e-07,False
rs5750211,21,89,-0.247637,4.59094e-08,False
rs5750211,21,90,-0.245347,6.58876e-08,False
rs5750211,21,91,-0.242794,1.0106e-07,False
rs5750211,21,92,-0.232236,3.71646e-07,False
rs5750211,21,93,-0.245826,8.49106e-08,False
rs5750211,21,94,-0.236436,2.81289e-07,False
rs5750211,21,95,-0.244393,1.27985e-07,False
rs5750211,21,96,-0.224373,1.31359e-06,False
rs5750211,21,97,-0.224132,1.45298e-06,False
rs5750211,21,98,-0.216374,3.5448e-06,False
rs5750211,21,99,-0.251092,8.23662e-08,False
rs5750211,21,100,-0.237318,4.32837e-07,False
rs5750211,21,101,-0.236158,5.47057e-07,False
rs5750211,21,102,-0.223751,2.24727e-06,False
rs5750211,21,103,-0.227383,1.73752e-06,False
rs5750211,21,104,-0.242887,3.5785e-07,False
rs5750211,21,105,-0.227796,1.85518e-06,False
rs5750211,21,106,-0.244687,3.23229e-07,False
rs5750211,21,107,-0.238296,6.99689e-07,False
rs5750211,21,108,-0.236017,9.81455e-07,False
rs5750211,21,109,-0.224208,3.54839e-06,False
rs5750211,21,110,-0.227372,2.74297e-06,False
rs5750211,21,111,-0.251151,2.36137e-07,False
rs5750211,21,112,-0.253963,1.96361e-07,False
rs5750211,21,113,-0.254206,2.02101e-07,False
rs5750211,21,114,-0.250529,3.21228e-07,False
rs5750211,21,115,-0.26627,6.02706e-08,False
rs5750211,21,116,-0.258245,1.58647e-07,False
rs5750211,21,117,-0.276405,2.10475e-08,False
rs5750211,21,118,-0.26109,1.26275e-07,False
rs5750211,21,119,-0.275889,2.7061e-08,False
rs5750211,21,120,-0.26645,8.40728e-08,False
rs5750211,21,121,-0.275178,3.22641e-08,False
rs5750211,21,122,-0.2832,1.3658e-08,False
rs5750211,21,123,-0.286229,1.04028e-08,False
rs5750211,21,124,-0.272038,5.76018e-08,False
rs5750211,21,125,-0.272192,5.67376e-08,False
rs5750211,21,126,-0.283702,1.58486e-08,False
rs5750211,21,127,-0.287442,1.13793e-08,False
rs5750211,21,128,-0.272806,6.06956e-08,False
rs5750211,21,129,-0.262563,1.89296e-07,False
rs5750211,21,130,-0.260766,2.42488e-07,False
rs5750211,21,131,-0.264699,1.69455e-07,False
rs5750211,21,132,-0.248103,9.93546e-07,False
rs5750211,21,133,-0.264945,1.62304e-07,False
rs5750211,21,134,-0.269123,1.10429e-07,False
rs5750211,21,135,-0.274776,6.13054e-08,False
rs5750211,21,136,-0.260802,2.80834e-07,False
rs5750211,21,137,-0.264132,2.03239e-07,False
rs5750211,21,138,-0.251767,7.35596e-07,False
rs5750211,21,139,-0.277755,4.84525e-08,False
rs5750211,21,140,-0.267286,1.55873e-07,False
rs5750211,21,141,-0.250272,8.93492e-07,False
rs5750211,21,142,-0.267078,1.57723e-07,False
rs5750211,21,143,-0.249812,9.28927e-07,False
rs5750211,21,144,-0.254614,5.69512e-07,False
rs5750211,21,145,-0.257969,3.98701e-07,False
rs5750211,21,146,-0.270044,1.08722e-07,False
rs5750211,21,147,-0.266985,1.55039e-07,False
rs5750211,21,148,-0.254311,5.71439e-07,False
rs5750211,21,149,-0.253514,6.15238e-07,False
rs5750211,21,150,-0.246015,1.26209e-06,False
rs5750211,21,151,-0.241994,1.83029e-06,False
rs5750211,21,152,-0.241734,1.88343e-06,False
rs5750211,21,153,-0.253284,5.76377e-07,False
rs5750211,21,154,-0.242372,1.68534e-06,False
rs5750211,21,155,-0.244088,1.36989e-06,False
rs5750211,21,156,-0.235238,3.1932e-06,False
rs5750211,21,157,-0.234828,3.2974e-06,False
rs5750211,21,158,-0.235592,2.98019e-06,False
rs5750211,21,159,-0.219427,1.35805e-05,False
rs5750211,21,160,-0.220812,1.16342e-05,False
rs5750211,21,161,-0.224425,8.23201e-06,False
rs5750211,21,162,-0.225601,7.21304e-06,False
rs5750211,21,163,-0.243395,1.28386e-06,False
rs5750211,21,164,-0.233449,3.25787e-06,False
rs5750211,21,165,-0.24996,6.18694e-07,False
rs5750211,21,166,-0.245106,9.89592e-07,False
rs5750211,21,167,-0.24975,6.19768e-07,False
rs5750211,21,168,-0.259106,2.29869e-07,False
rs5750211,21,169,-0.255329,3.48754e-07,False
rs5750211,21,170,-0.258972,2.34662e-07,False
rs5750211,21,171,-0.255567,3.28647e-07,False
rs5750211,21,172,-0.255215,3.37641e-07,False
rs5750211,21,173,-0.247889,7.04162e-07,False
rs5750211,21,174,-0.252816,4.16028e-07,False
rs5750211,21,175,-0.255038,3.26024e-07,False
rs5750211,21,176,-0.23938,1.59514e-06,False
rs5750211,21,177,-0.243529,1.06228e-06,False
rs5750211,21,178,-0.237126,2.00625e-06,False
rs5750211,21,179,-0.239643,1.54401e-06,False
rs5750211,21,180,-0.231777,3.32413e-06,False
rs5750211,21,181,-0.233589,2.845e-06,False
rs5750211,21,182,-0.233097,3.16552e-06,False
rs5750211,21,183,-0.238672,1.78086e-06,False
rs5750211,21,184,-0.252518,4.31278e-07,False
rs5750211,21,185,-0.236739,2.13817e-06,False
rs5750211,21,186,-0.240718,1.52832e-06,False
rs5750211,21,187,-0.235217,2.5529e-06,False
rs5750211,21,188,-0.237462,2.10684e-06,False
rs5750211,21,189,-0.227533,5.84743e-06,False
rs5750211,21,190,-0.231959,3.90237e-06,False
rs5750211,21,191,-0.25003,6.46775e-07,False
rs5750211,21,192,-0.238037,2.31471e-06,False
rs5750211,21,193,-0.242155,1.61545e-06,False
rs5750211,21,194,-0.232263,4.36542e-06,False
rs5750211,21,195,-0.235185,3.54724e-06,False
rs5750211,21,196,-0.250415,8.61667e-07,False
rs5750211,21,197,-0.251055,8.60452e-07,False
rs5750211,21,198,-0.246603,1.38126e-06,False
rs5750211,21,199,-0.249803,1.10251e-06,False
rs5750211,21,200,-0.231793,6.60544e-06,False
rs5750211,21,201,-0.234731,5.50468e-06,False
rs5750211,21,202,-0.252864,1.04499e-06,False
rs5750211,21,203,-0.244637,2.60776e-06,False
rs5750211,21,204,-0.251822,1.42263e-06,False
rs5750211,21,205,-0.261495,6.21395e-07,False
rs5750211,21,206,-0.248537,2.50704e-06,False
rs5750211,21,207,-0.258791,1.07034e-06,False
rs5750211,21,208,-0.266649,5.80402e-07,False
rs5750211,21,209,-0.256467,1.69302e-06,False
rs5750211,21,210,-0.255769,2.17463e-06,False
rs5750211,21,211,-0.252556,3.32591e-06,False
rs5750211,21,212,-0.237966,1.31743e-05,False
rs5750211,21,213,-0.270365,8.97376e-07,False
rs5750211,21,214,-0.252025,5.51169e-06,False
rs5750211,21,215,-0.237191,2.12547e-05,False
rs5750211,21,216,-0.265807,2.32556e-06,False
rs5750211,21,217,-0.259877,4.65436e-06,False
rs5750211,21,218,-0.270732,2.1687e-06,False
rs5750211,21,219,-0.256743,8.51866e-06,False
rs5750211,21,220,-0.276124,2.03095e-06,False
rs5750211,21,221,-0.256414,1.25176e-05,False
rs5750211,21,222,-0.26468,7.62845e-06,False
rs5750211,21,223,-0.269198,6.79996e-06,False
rs5750211,21,224,-0.271134,6.92089e-06,False
rs5750211,21,225,-0.272982,7.51547e-06,False
rs5750211,21,226,-0.259076,2.562e-05,False
rs5750211,21,227,-0.259782,2.90398e-05,False
rs5750211,21,228,-0.256453,4.46053e-05,False
rs5750211,21,229,-0.267502,2.45445e-05,False
rs5750211,21,230,-0.251794,8.56591e-05,False
rs5750211,21,231,-0.261312,5.39315e-05,False
rs5750211,21,232,-0.251461,0.000122783,False
rs5750211,21,233,-0.256521,0.000106675,False
rs5750211,21,234,-0.251178,0.000176017,False
rs5750211,21,235,-0.254511,0.000170011,False
rs5750211,21,236,-0.249675,0.000271585,False
rs5750211,21,237,-0.256673,0.000206468,False
rs5750211,21,238,-0.258622,0.000217016,False
rs5750211,21,239,-0.264559,0.00017899,False
rs5750211,21,240,-0.25262,0.000413452,False
rs5750211,21,241,-0.246695,0.000646965,False
rs5750211,21,242,-0.24264,0.000899615,False
rs5750211,21,243,-0.262616,0.000383522,False
rs5750211,21,244,-0.257898,0.000557899,False
rs5750211,21,245,-0.253223,0.000813201,False
rs5750211,21,246,-0.260269,0.000660462,False
rs5750211,21,247,-0.252737,0.00109155,False
rs5750211,21,248,-0.250585,0.00134267,False
rs5750211,21,249,-0.232091,0.00328208,False
rs5750211,21,250,-0.245773,0.00207928,False
rs5750211,21,251,-0.232113,0.00388745,False
rs5750211,22,6,-0.109796,0.00639201,False
rs5750211,22,7,-0.123772,0.00197913,False
rs5750211,22,8,-0.129078,0.00115467,False
rs5750211,22,9,-0.137244,0.00049607,False
rs5750211,22,10,-0.134957,0.000552776,False
rs5750211,22,11,-0.117663,0.00244876,False
rs5750211,22,12,-0.142305,0.000237919,False
rs5750211,22,13,-0.128529,0.000840515,False
rs5750211,22,14,-0.152009,7.186e-05,False
rs5750211,22,15,-0.140703,0.000224915,False
rs5750211,22,16,-0.148809,9.6118e-05,False
rs5750211,22,17,-0.146745,0.000115574,False
rs5750211,22,18,-0.153806,4.94366e-05,False
rs5750211,22,19,-0.150864,7.01056e-05,False
rs5750211,22,20,-0.161557,2.01343e-05,False
rs5750211,22,21,-0.155986,4.00361e-05,False
rs5750211,22,22,-0.153333,5.33904e-05,False
rs5750211,22,23,-0.164773,1.37925e-05,False
rs5750211,22,24,-0.150913,7.33038e-05,False
rs5750211,22,25,-0.160253,2.60166e-05,False
rs5750211,22,26,-0.15516,4.57909e-05,False
rs5750211,22,27,-0.151482,6.97777e-05,False
rs5750211,22,28,-0.162864,2.02589e-05,False
rs5750211,22,29,-0.159787,2.85278e-05,False
rs5750211,22,30,-0.164989,1.56255e-05,False
rs5750211,22,31,-0.166978,1.38825e-05,False
rs5750211,22,32,-0.15821,3.83267e-05,False
rs5750211,22,33,-0.147689,0.000124812,False
rs5750211,22,34,-0.161416,2.84701e-05,False
rs5750211,22,35,-0.171274,8.87288e-06,False
rs5750211,22,36,-0.159399,3.72192e-05,False
rs5750211,22,37,-0.163483,2.50904e-05,False
rs5750211,22,38,-0.156558,5.51488e-05,False
rs5750211,22,39,-0.146259,0.000167704,False
rs5750211,22,40,-0.163021,2.93981e-05,False
rs5750211,22,41,-0.134077,0.000593175,False
rs5750211,22,42,-0.153239,8.91443e-05,False
rs5750211,22,43,-0.137445,0.00045716,False
rs5750211,22,44,-0.139184,0.00039586,False
rs5750211,22,45,-0.135106,0.000600351,False
rs5750211,22,46,-0.13045,0.000953834,False
rs5750211,22,47,-0.135662,0.000611366,False
rs5750211,22,48,-0.128112,0.00128678,False
rs5750211,22,49,-0.133096,0.000834299,False
rs5750211,22,50,-0.139698,0.00046999,False
rs5750211,22,51,-0.146239,0.000254555,False
rs5750211,22,52,-0.141674,0.00042067,False
rs5750211,22,53,-0.142061,0.00041943,False
rs5750211,22,54,-0.147474,0.000256734,False
rs5750211,22,55,-0.153273,0.000153087,False
rs5750211,22,56,-0.14852,0.000253014,False
rs5750211,22,57,-0.148004,0.000277042,False
rs5750211,22,58,-0.164071,6.09026e-05,False
rs5750211,22,59,-0.151078,0.000227966,False
rs5750211,22,60,-0.148448,0.000307696,False
rs5750211,22,61,-0.16181,8.41971e-05,False
rs5750211,22,62,-0.164725,6.77008e-05,False
rs5750211,22,63,-0.161583,0.000100668,False
rs5750211,22,64,-0.155897,0.000183214,False
rs5750211,22,65,-0.167201,6.50756e-05,False
rs5750211,22,66,-0.175153,3.03269e-05,False
rs5750211,22,67,-0.161653,0.000120881,False
rs5750211,22,68,-0.171226,5.04185e-05,False
rs5750211,22,69,-0.177477,2.80002e-05,False
rs5750211,22,70,-0.182057,1.8349e-05,False
rs5750211,22,71,-0.167415,8.81668e-05,False
rs5750211,22,72,-0.17604,4.00654e-05,False
rs5750211,22,73,-0.178579,3.32519e-05,False
rs5750211,22,74,-0.189221,1.17883e-05,False
rs5750211,22,75,-0.197442,5.40177e-06,False
rs5750211,22,76,-0.18883,1.44661e-05,False
rs5750211,22,77,-0.192033,1.11111e-05,False
rs5750211,22,78,-0.186047,2.18763e-05,False
rs5750211,22,79,-0.198921,5.90489e-06,False
rs5750211,22,80,-0.206112,2.9432e-06,False
rs5750211,22,81,-0.225728,3.41899e-07,False
rs5750211,22,82,-0.223806,4.72722e-07,False
rs5750211,22,83,-0.217307,1.11899e-06,False
rs5750211,22,84,-0.21689,1.2912e-06,False
rs5750211,22,85,-0.229421,3.31522e-07,False
rs5750211,22,86,-0.199662,9.50178e-06,False
rs5750211,22,87,-0.211472,3.00781e-06,False
rs5750211,22,88,-0.214219,2.37443e-06,False
rs5750211,22,89,-0.240226,1.34391e-07,False
rs5750211,22,90,-0.21741,1.98311e-06,False
rs5750211,22,91,-0.213753,3.16188e-06,False
rs5750211,22,92,-0.227235,8.07483e-07,False
rs5750211,22,93,-0.232529,4.81679e-07,False
rs5750211,22,94,-0.235019,3.99669e-07,False
rs5750211,22,95,-0.217494,2.99602e-06,False
rs5750211,22,96,-0.222176,1.94521e-06,False
rs5750211,22,97,-0.232302,7.08914e-07,False
rs5750211,22,98,-0.228906,1.14312e-06,False
rs5750211,22,99,-0.221147,2.82707e-06,False
rs5750211,22,100,-0.23263,9.07044e-07,False
rs5750211,22,101,-0.231074,1.15494e-06,False
rs5750211,22,102,-0.236574,7.00277e-07,False
rs5750211,22,103,-0.229326,1.67718e-06,False
rs5750211,22,104,-0.231627,1.43267e-06,False
rs5750211,22,105,-0.235343,1.0036e-06,False
rs5750211,22,106,-0.238902,7.72777e-07,False
rs5750211,22,107,-0.243325,5.43508e-07,False
rs5750211,22,108,-0.244853,4.94806e-07,False
rs5750211,22,109,-0.246146,4.48917e-07,False
rs5750211,22,110,-0.260866,9.62356e-08,False
rs5750211,22,111,-0.255376,1.94627e-07,False
rs5750211,22,112,-0.23943,1.13498e-06,False
rs5750211,22,113,-0.24408,7.47258e-07,False
rs5750211,22,114,-0.255097,2.49295e-07,False
rs5750211,22,115,-0.269913,5.08129e-08,False
rs5750211,22,116,-0.283656,1.19473e-08,False
rs5750211,22,117,-0.262695,1.40942e-07,False
rs5750211,22,118,-0.263478,1.40636e-07,False
rs5750211,22,119,-0.257551,2.82345e-07,False
rs5750211,22,120,-0.256418,3.2765e-07,False
rs5750211,22,121,-0.261432,2.09861e-07,False
rs5750211,22,122,-0.267275,1.18764e-07,False
rs5750211,22,123,-0.271575,7.59631e-08,False
rs5750211,22,124,-0.251592,6.59551e-07,False
rs5750211,22,125,-0.25634,4.34644e-07,False
rs5750211,22,126,-0.257887,3.83468e-07,False
rs5750211,22,127,-0.258151,3.78307e-07,False
rs5750211,22,128,-0.250503,8.68219e-07,False
rs5750211,22,129,-0.235541,3.9912e-06,False
rs5750211,22,130,-0.244538,1.68715e-06,False
rs5750211,22,131,-0.239252,2.89259e-06,False
rs5750211,22,132,-0.251515,9.1396e-07,False
rs5750211,22,133,-0.250151,1.06195e-06,False
rs5750211,22,134,-0.254022,7.49878e-07,False
rs5750211,22,135,-0.249192,1.21616e-06,False
rs5750211,22,136,-0.240843,2.70375e-06,False
rs5750211,22,137,-0.249195,1.21993e-06,False
rs5750211,22,138,-0.245955,1.68466e-06,False
rs5750211,22,139,-0.241495,2.60348e-06,False
rs5750211,22,140,-0.267038,2.05944e-07,False
rs5750211,22,141,-0.25956,4.33907e-07,False
rs5750211,22,142,-0.256135,6.13765e-07,False
rs5750211,22,143,-0.264776,2.51684e-07,False
rs5750211,22,144,-0.251455,9.67629e-07,False
rs5750211,22,145,-0.269048,1.58974e-07,False
rs5750211,22,146,-0.258651,4.55024e-07,False
rs5750211,22,147,-0.270476,1.36871e-07,False
rs5750211,22,148,-0.278397,5.5198e-08,False
rs5750211,22,149,-0.261477,3.30346e-07,False
rs5750211,22,150,-0.248976,1.12869e-06,False
rs5750211,22,151,-0.253492,6.92702e-07,False
rs5750211,22,152,-0.238615,2.94759e-06,False
rs5750211,22,153,-0.231593,5.59651e-06,False
rs5750211,22,154,-0.233049,4.68363e-06,False
rs5750211,22,155,-0.246938,1.19958e-06,False
rs5750211,22,156,-0.250194,9.09203e-07,False
rs5750211,22,157,-0.262689,2.43736e-07,False
rs5750211,22,158,-0.251789,7.18592e-07,False
rs5750211,22,159,-0.257838,3.7127e-07,False
rs5750211,22,160,-0.235034,3.46445e-06,False
rs5750211,22,161,-0.254509,4.9182e-07,False
rs5750211,22,162,-0.252078,6.23708e-07,False
rs5750211,22,163,-0.25154,6.57711e-07,False
rs5750211,22,164,-0.251077,6.75084e-07,False
rs5750211,22,165,-0.223847,9.36697e-06,False
rs5750211,22,166,-0.240558,1.86081e-06,False
rs5750211,22,167,-0.244519,1.24295e-06,False
rs5750211,22,168,-0.244108,1.24307e-06,False
rs5750211,22,169,-0.232121,4.01162e-06,False
rs5750211,22,170,-0.249109,7.161e-07,False
rs5750211,22,171,-0.258971,2.47523e-07,False
rs5750211,22,172,-0.232805,3.54818e-06,False
rs5750211,22,173,-0.237724,2.18584e-06,False
rs5750211,22,174,-0.246331,9.3714e-07,False
rs5750211,22,175,-0.248757,6.90206e-07,False
rs5750211,22,176,-0.251818,5.05262e-07,False
rs5750211,22,177,-0.251729,5.02877e-07,False
rs5750211,22,178,-0.250546,5.5949e-07,False
rs5750211,22,179,-0.261248,1.78579e-07,False
rs5750211,22,180,-0.262623,1.52306e-07,False
rs5750211,22,181,-0.266994,9.65593e-08,False
rs5750211,22,182,-0.257882,2.45092e-07,False
rs5750211,22,183,-0.272052,5.29419e-08,False
rs5750211,22,184,-0.262554,1.47969e-07,False
rs5750211,22,185,-0.248134,6.82628e-07,False
rs5750211,22,186,-0.248468,6.45493e-07,False
rs5750211,22,187,-0.258391,2.47857e-07,False
rs5750211,22,188,-0.247043,8.17565e-07,False
rs5750211,22,189,-0.247612,7.88276e-07,False
rs5750211,22,190,-0.253793,4.18667e-07,False
rs5750211,22,191,-0.256867,3.1237e-07,False
rs5750211,22,192,-0.245672,1.07636e-06,False
rs5750211,22,193,-0.243885,1.29561e-06,False
rs5750211,22,194,-0.232265,4.13431e-06,False
rs5750211,22,195,-0.238307,2.49645e-06,False
rs5750211,22,196,-0.224231,9.92699e-06,False
rs5750211,22,197,-0.215004,2.38985e-05,False
rs5750211,22,198,-0.214949,2.54835e-05,False
rs5750211,22,199,-0.219323,1.8006e-05,False
rs5750211,22,200,-0.222107,1.50087e-05,False
rs5750211,22,201,-0.232393,6.30484e-06,False
rs5750211,22,202,-0.225769,1.21945e-05,False
rs5750211,22,203,-0.224455,1.46057e-05,False
rs5750211,22,204,-0.231988,8.17331e-06,False
rs5750211,22,205,-0.221701,2.1405e-05,False
rs5750211,22,206,-0.239066,5.10412e-06,False
rs5750211,22,207,-0.228806,1.42391e-05,False
rs5750211,22,208,-0.234861,9.073e-06,False
rs5750211,22,209,-0.241975,5.43267e-06,False
rs5750211,22,210,-0.236082,1.03372e-05,False
rs5750211,22,211,-0.239693,8.18378e-06,False
rs5750211,22,212,-0.242789,7.37968e-06,False
rs5750211,22,213,-0.238219,1.25671e-05,False
rs5750211,22,214,-0.239991,1.23099e-05,False
rs5750211,22,215,-0.238841,1.50973e-05,False
rs5750211,22,216,-0.248831,7.92399e-06,False
rs5750211,22,217,-0.25357,6.17127e-06,False
rs5750211,22,218,-0.251187,8.78455e-06,False
rs5750211,22,219,-0.243815,1.88177e-05,False
rs5750211,22,220,-0.252128,1.16725e-05,False
rs5750211,22,221,-0.250983,1.50244e-05,False
rs5750211,22,222,-0.250374,1.92744e-05,False
rs5750211,22,223,-0.241115,4.56124e-05,False
rs5750211,22,224,-0.261282,1.19573e-05,False
rs5750211,22,225,-0.265655,1.06506e-05,False
rs5750211,22,226,-0.250147,4.04138e-05,False
rs5750211,22,227,-0.243067,7.81714e-05,False
rs5750211,22,228,-0.259476,2.98536e-05,False
rs5750211,22,229,-0.249375,7.3544e-05,False
rs5750211,22,230,-0.254631,6.06097e-05,False
rs5750211,22,231,-0.247692,0.000113329,False
rs5750211,22,232,-0.246028,0.00014826,False
rs5750211,22,233,-0.241016,0.000234948,False
rs5750211,22,234,-0.257793,0.000101093,False
rs5750211,22,235,-0.253757,0.000157358,False
rs5750211,22,236,-0.264658,9.4007e-05,False
rs5750211,22,237,-0.250558,0.000257065,False
rs5750211,22,238,-0.248555,0.000341827,False
rs5750211,22,239,-0.265779,0.000154048,False
rs5750211,22,240,-0.244931,0.000564175,False
rs5750211,22,241,-0.251758,0.00045761,False
rs5750211,22,242,-0.246563,0.000691965,False
rs5750211,22,243,-0.248555,0.000718541,False
rs5750211,22,244,-0.257407,0.000537725,False
rs5750211,22,245,-0.251693,0.00083666,False
rs5750211,22,246,-0.232919,0.00222113,False
rs5750211,22,247,-0.241177,0.0017479,False
rs5750211,22,248,-0.240398,0.00203077,False
rs5750211,22,249,-0.273364,0.00051929,False
rs5750211,22,250,-0.244387,0.00213211,False
rs5750211,22,251,-0.270187,0.000773755,False
rs5750211,23,6,-0.134903,0.000871502,False
rs5750211,23,7,-0.113882,0.00462252,False
rs5750211,23,8,-0.131801,0.000968429,False
rs5750211,23,9,-0.144678,0.000261182,False
rs5750211,23,10,-0.131681,0.000819111,False
rs5750211,23,11,-0.121547,0.00184572,False
rs5750211,23,12,-0.128018,0.000984691,False
rs5750211,23,13,-0.13689,0.000405853,False
rs5750211,23,14,-0.123536,0.00130782,False
rs5750211,23,15,-0.131427,0.000631921,False
rs5750211,23,16,-0.144968,0.000156688,False
rs5750211,23,17,-0.135977,0.000354214,False
rs5750211,23,18,-0.14685,0.000115047,False
rs5750211,23,19,-0.150623,7.57477e-05,False
rs5750211,23,20,-0.14164,0.000187019,False
rs5750211,23,21,-0.152337,6.08818e-05,False
rs5750211,23,22,-0.148846,8.89651e-05,False
rs5750211,23,23,-0.167443,1.04627e-05,False
rs5750211,23,24,-0.162683,1.91122e-05,False
rs5750211,23,25,-0.155326,4.58114e-05,False
rs5750211,23,26,-0.148321,0.000102069,False
rs5750211,23,27,-0.141617,0.000208458,False
rs5750211,23,28,-0.158262,3.50123e-05,False
rs5750211,23,29,-0.151841,7.37204e-05,False
rs5750211,23,30,-0.16062,2.7942e-05,False
rs5750211,23,31,-0.148019,0.000117386,False
rs5750211,23,32,-0.160499,2.92163e-05,False
rs5750211,23,33,-0.160832,2.8587e-05,False
rs5750211,23,34,-0.164285,2.09384e-05,False
rs5750211,23,35,-0.155936,5.52477e-05,False
rs5750211,23,36,-0.150873,9.66374e-05,False
rs5750211,23,37,-0.168027,1.43704e-05,False
rs5750211,23,38,-0.161943,3.09852e-05,False
rs5750211,23,39,-0.149599,0.000115882,False
rs5750211,23,40,-0.150941,0.000114069,False
rs5750211,23,41,-0.157156,5.94931e-05,False
rs5750211,23,42,-0.155497,7.36646e-05,False
rs5750211,23,43,-0.162165,3.78755e-05,False
rs5750211,23,44,-0.167496,2.18132e-05,False
rs5750211,23,45,-0.177115,7.51999e-06,False
rs5750211,23,46,-0.151469,0.000129736,False
rs5750211,23,47,-0.162446,4.23567e-05,False
rs5750211,23,48,-0.149927,0.000173065,False
rs5750211,23,49,-0.162093,4.96498e-05,False
rs5750211,23,50,-0.156161,9.89188e-05,False
rs5750211,23,51,-0.15237,0.000146144,False
rs5750211,23,52,-0.132343,0.00101356,False
rs5750211,23,53,-0.139377,0.000564078,False
rs5750211,23,54,-0.141194,0.000496034,False
rs5750211,23,55,-0.142319,0.000452085,False
rs5750211,23,56,-0.126772,0.00183132,False
rs5750211,23,57,-0.121054,0.00306929,False
rs5750211,23,58,-0.131788,0.00127828,False
rs5750211,23,59,-0.151996,0.000217036,False
rs5750211,23,60,-0.14261,0.000535263,False
rs5750211,23,61,-0.138291,0.00082362,False
rs5750211,23,62,-0.136623,0.000986166,False
rs5750211,23,63,-0.147369,0.00039967,False
rs5750211,23,64,-0.159022,0.000143188,False
rs5750211,23,65,-0.152353,0.000277164,False
rs5750211,23,66,-0.157834,0.000177763,False
rs5750211,23,67,-0.16516,9.18175e-05,False
rs5750211,23,68,-0.157728,0.000199004,False
rs5750211,23,69,-0.173702,4.44269e-05,False
rs5750211,23,70,-0.179087,2.67611e-05,False
rs5750211,23,71,-0.180509,2.49517e-05,False
rs5750211,23,72,-0.193244,7.38789e-06,False
rs5750211,23,73,-0.185102,1.80706e-05,False
rs5750211,23,74,-0.184357,2.05628e-05,False
rs5750211,23,75,-0.196065,6.50395e-06,False
rs5750211,23,76,-0.191027,1.20792e-05,False
rs5750211,23,77,-0.206136,2.54604e-06,False
rs5750211,23,78,-0.201791,4.56366e-06,False
rs5750211,23,79,-0.204227,3.94104e-06,False
rs5750211,23,80,-0.208034,2.85731e-06,False
rs5750211,23,81,-0.207729,3.08973e-06,False
rs5750211,23,82,-0.20873,2.95546e-06,False
rs5750211,23,83,-0.211928,2.37319e-06,False
rs5750211,23,84,-0.215576,1.72566e-06,False
rs5750211,23,85,-0.221494,9.29316e-07,False
rs5750211,23,86,-0.217673,1.58153e-06,False
rs5750211,23,87,-0.22645,6.58255e-07,False
rs5750211,23,88,-0.2198,1.55762e-06,False
rs5750211,23,89,-0.213672,3.1812e-06,False
rs5750211,23,90,-0.235255,3.17209e-07,False
rs5750211,23,91,-0.239628,2.08562e-07,False
rs5750211,23,92,-0.227114,1.01045e-06,False
rs5750211,23,93,-0.229717,8.11578e-07,False
rs5750211,23,94,-0.222965,1.84372e-06,False
rs5750211,23,95,-0.23116,8.50068e-07,False
rs5750211,23,96,-0.225407,1.68015e-06,False
rs5750211,23,97,-0.227386,1.50286e-06,False
rs5750211,23,98,-0.248906,1.44879e-07,False
rs5750211,23,99,-0.229595,1.41347e-06,False
rs5750211,23,100,-0.224229,2.60922e-06,False
rs5750211,23,101,-0.234672,9.69934e-07,False
rs5750211,23,102,-0.223262,3.4298e-06,False
rs5750211,23,103,-0.235762,1.05968e-06,False
rs5750211,23,104,-0.24008,7.1577e-07,False
rs5750211,23,105,-0.232297,1.69397e-06,False
rs5750211,23,106,-0.22521,3.71164e-06,False
rs5750211,23,107,-0.22975,2.57413e-06,False
rs5750211,23,108,-0.256099,1.74901e-07,False
rs5750211,23,109,-0.252229,3.0206e-07,False
rs5750211,23,110,-0.246359,5.80237e-07,False
rs5750211,23,111,-0.248635,5.02718e-07,False
rs5750211,23,112,-0.247435,6.08899e-07,False
rs5750211,23,113,-0.247729,6.34499e-07,False
rs5750211,23,114,-0.245286,8.64659e-07,False
rs5750211,23,115,-0.262478,1.49921e-07,False
rs5750211,23,116,-0.266518,1.05675e-07,False
rs5750211,23,117,-0.258994,2.61883e-07,False
rs5750211,23,118,-0.254065,4.54104e-07,False
rs5750211,23,119,-0.260216,2.63055e-07,False
rs5750211,23,120,-0.272529,7.5579e-08,False
rs5750211,23,121,-0.261184,2.7125e-07,False
rs5750211,23,122,-0.261001,2.91159e-07,False
rs5750211,23,123,-0.266758,1.70078e-07,False
rs5750211,23,124,-0.255825,5.81652e-07,False
rs5750211,23,125,-0.251719,8.99161e-07,False
rs5750211,23,126,-0.25936,4.29561e-07,False
rs5750211,23,127,-0.260405,3.92719e-07,False
rs5750211,23,128,-0.252478,8.99043e-07,False
rs5750211,23,129,-0.25054,1.13296e-06,False
rs5750211,23,130,-0.270751,1.52537e-07,False
rs5750211,23,131,-0.268995,1.87081e-07,False
rs5750211,23,132,-0.260426,4.5835e-07,False
rs5750211,23,133,-0.261034,4.3119e-07,False
rs5750211,23,134,-0.264659,3.13834e-07,False
rs5750211,23,135,-0.250865,1.26362e-06,False
rs5750211,23,136,-0.262709,3.91788e-07,False
rs5750211,23,137,-0.258426,6.1402e-07,False
rs5750211,23,138,-0.264922,3.23582e-07,False
rs5750211,23,139,-0.272676,1.42855e-07,False
rs5750211,23,140,-0.267182,2.57474e-07,False
rs5750211,23,141,-0.260314,5.06875e-07,False
rs5750211,23,142,-0.242627,2.85489e-06,False
rs5750211,23,143,-0.247801,1.70015e-06,False
rs5750211,23,144,-0.251971,1.14638e-06,False
rs5750211,23,145,-0.250527,1.32978e-06,False
rs5750211,23,146,-0.240545,3.37407e-06,False
rs5750211,23,147,-0.254637,8.60951e-07,False
rs5750211,23,148,-0.242512,2.7827e-06,False
rs5750211,23,149,-0.242918,2.67247e-06,False
rs5750211,23,150,-0.248976,1.42854e-06,False
rs5750211,23,151,-0.243287,2.41761e-06,False
rs5750211,23,152,-0.243439,2.33274e-06,False
rs5750211,23,153,-0.24038,3.07656e-06,False
rs5750211,23,154,-0.234036,5.39484e-06,False
rs5750211,23,155,-0.241158,2.63211e-06,False
rs5750211,23,156,-0.234824,4.77197e-06,False
rs5750211,23,157,-0.232425,5.83863e-06,False
rs5750211,23,158,-0.237144,3.72945e-06,False
rs5750211,23,159,-0.237797,3.38819e-06,False
rs5750211,23,160,-0.242346,2.11894e-06,False
rs5750211,23,161,-0.245748,1.54949e-06,False
rs5750211,23,162,-0.236982,3.38919e-06,False
rs5750211,23,163,-0.242063,1.98249e-06,False
rs5750211,23,164,-0.240734,2.22821e-06,False
rs5750211,23,165,-0.233031,4.61291e-06,False
rs5750211,23,166,-0.228365,6.99002e-06,False
rs5750211,23,167,-0.24395,1.55505e-06,False
rs5750211,23,168,-0.240249,2.21566e-06,False
rs5750211,23,169,-0.244166,1.4783e-06,False
rs5750211,23,170,-0.255175,4.67934e-07,False
rs5750211,23,171,-0.244682,1.3244e-06,False
rs5750211,23,172,-0.234265,3.5887e-06,False
rs5750211,23,173,-0.227945,6.30533e-06,False
rs5750211,23,174,-0.23899,2.20793e-06,False
rs5750211,23,175,-0.23947,2.11748e-06,False
rs5750211,23,176,-0.243836,1.32094e-06,False
rs5750211,23,177,-0.257302,3.18636e-07,False
rs5750211,23,178,-0.247799,8.52145e-07,False
rs5750211,23,179,-0.243312,1.3047e-06,False
rs5750211,23,180,-0.248922,6.97266e-07,False
rs5750211,23,181,-0.251112,5.62723e-07,False
rs5750211,23,182,-0.260927,1.98974e-07,False
rs5750211,23,183,-0.254551,3.84608e-07,False
rs5750211,23,184,-0.246375,9.20508e-07,False
rs5750211,23,185,-0.270588,6.99376e-08,False
rs5750211,23,186,-0.257679,2.89301e-07,False
rs5750211,23,187,-0.251341,5.42473e-07,False
rs5750211,23,188,-0.24775,7.84568e-07,False
rs5750211,23,189,-0.251382,5.4194e-07,False
rs5750211,23,190,-0.239331,1.87876e-06,False
rs5750211,23,191,-0.234975,2.91066e-06,False
rs5750211,23,192,-0.247331,8.60591e-07,False
rs5750211,23,193,-0.242542,1.47663e-06,False
rs5750211,23,194,-0.229909,4.99384e-06,False
rs5750211,23,195,-0.209022,3.4792e-05,False
rs5750211,23,196,-0.220903,1.28328e-05,False
rs5750211,23,197,-0.23093,5.18395e-06,False
rs5750211,23,198,-0.225722,8.60297e-06,False
rs5750211,23,199,-0.22492,9.80582e-06,False
rs5750211,23,200,-0.225109,1.01321e-05,False
rs5750211,23,201,-0.240261,2.67447e-06,False
rs5750211,23,202,-0.231982,6.17507e-06,False
rs5750211,23,203,-0.236727,4.22707e-06,False
rs5750211,23,204,-0.239122,3.59578e-06,False
rs5750211,23,205,-0.230422,9.03443e-06,False
rs5750211,23,206,-0.239068,4.42724e-06,False
rs5750211,23,207,-0.250529,1.66493e-06,False
rs5750211,23,208,-0.264842,4.71044e-07,False
rs5750211,23,209,-0.262137,7.12937e-07,False
rs5750211,23,210,-0.24298,4.71302e-06,False
rs5750211,23,211,-0.243328,5.17219e-06,False
rs5750211,23,212,-0.262779,1.02953e-06,False
rs5750211,23,213,-0.262637,1.19112e-06,False
rs5750211,23,214,-0.258013,2.09823e-06,False
rs5750211,23,215,-0.248759,5.63998e-06,False
rs5750211,23,216,-0.248602,6.66779e-06,False
rs5750211,23,217,-0.250078,6.85543e-06,False
rs5750211,23,218,-0.252946,6.38194e-06,False
rs5750211,23,219,-0.248414,1.07798e-05,False
rs5750211,23,220,-0.244744,1.7539e-05,False
rs5750211,23,221,-0.261515,5.438e-06,False
rs5750211,23,222,-0.25677,9.25012e-06,False
rs5750211,23,223,-0.255412,1.26002e-05,False
rs5750211,23,224,-0.259653,1.11829e-05,False
rs5750211,23,225,-0.254395,2.03262e-05,False
rs5750211,23,226,-0.257604,1.89028e-05,False
rs5750211,23,227,-0.252796,3.24773e-05,False
rs5750211,23,228,-0.26327,1.87037e-05,False
rs5750211,23,229,-0.244392,8.38735e-05,False
rs5750211,23,230,-0.267147,2.12843e-05,False
rs5750211,23,231,-0.262862,3.50557e-05,False
rs5750211,23,232,-0.257457,6.27544e-05,False
rs5750211,23,233,-0.243541,0.000177303,False
rs5750211,23,234,-0.254065,0.000112347,False
rs5750211,23,235,-0.267605,5.75894e-05,False
rs5750211,23,236,-0.247892,0.000229628,False
rs5750211,23,237,-0.249206,0.000253652,False
rs5750211,23,238,-0.282101,4.20429e-05,False
rs5750211,23,239,-0.261867,0.000173108,False
rs5750211,23,240,-0.269758,0.000130768,False
rs5750211,23,241,-0.268434,0.000169518,False
rs5750211,23,242,-0.268644,0.000199666,False
rs5750211,23,243,-0.252982,0.000543735,False
rs5750211,23,244,-0.279578,0.000159328,False
rs5750211,23,245,-0.277362,0.00021449,False
rs5750211,23,246,-0.268726,0.00039088,False
rs5750211,23,247,-0.253764,0.000950357,False
rs5750211,23,248,-0.281307,0.000295821,False
rs5750211,23,249,-0.283,0.000312317,False
rs5750211,23,250,-0.274055,0.000562227,False
rs5750211,23,251,-0.281183,0.00045616,False
rs5750211,24,6,-0.156206,0.000102789,False
rs5750211,24,7,-0.1412,0.000425895,False
rs5750211,24,8,-0.146042,0.000244175,False
rs5750211,24,9,-0.139678,0.000410197,False
rs5750211,24,10,-0.158489,5.288e-05,False
rs5750211,24,11,-0.144412,0.000213996,False
rs5750211,24,12,-0.147792,0.000132892,False
rs5750211,24,13,-0.133898,0.000507172,False
rs5750211,24,14,-0.141241,0.000234443,False
rs5750211,24,15,-0.13613,0.000382106,False
rs5750211,24,16,-0.147168,0.000116777,False
rs5750211,24,17,-0.152099,6.53287e-05,False
rs5750211,24,18,-0.153708,5.27505e-05,False
rs5750211,24,19,-0.137131,0.000305383,False
rs5750211,24,20,-0.149512,8.27456e-05,False
rs5750211,24,21,-0.146687,0.000113741,False
rs5750211,24,22,-0.142079,0.000186293,False
rs5750211,24,23,-0.167293,1.06233e-05,False
rs5750211,24,24,-0.14978,8.09557e-05,False
rs5750211,24,25,-0.161601,2.19201e-05,False
rs5750211,24,26,-0.162517,1.97536e-05,False
rs5750211,24,27,-0.16608,1.33697e-05,False
rs5750211,24,28,-0.142212,0.000196052,False
rs5750211,24,29,-0.162852,2.11476e-05,False
rs5750211,24,30,-0.161564,2.43918e-05,False
rs5750211,24,31,-0.135761,0.000404736,False
rs5750211,24,32,-0.163355,2.15372e-05,False
rs5750211,24,33,-0.157278,4.23686e-05,False
rs5750211,24,34,-0.132985,0.000575687,False
rs5750211,24,35,-0.16903,1.22786e-05,False
rs5750211,24,36,-0.151118,9.37704e-05,False
rs5750211,24,37,-0.153974,7.2799e-05,False
rs5750211,24,38,-0.145535,0.000181055,False
rs5750211,24,39,-0.1492,0.000128756,False
rs5750211,24,40,-0.155134,7.07439e-05,False
rs5750211,24,41,-0.158477,5.11067e-05,False
rs5750211,24,42,-0.157899,5.77085e-05,False
rs5750211,24,43,-0.164089,3.08883e-05,False
rs5750211,24,44,-0.162357,3.94836e-05,False
rs5750211,24,45,-0.175144,9.8999e-06,False
rs5750211,24,46,-0.170584,1.72041e-05,False
rs5750211,24,47,-0.163328,4.03687e-05,False
rs5750211,24,48,-0.165558,3.44696e-05,False
rs5750211,24,49,-0.165316,3.60578e-05,False
rs5750211,24,50,-0.161495,5.70534e-05,False
rs5750211,24,51,-0.156267,0.000104283,False
rs5750211,24,52,-0.178046,1.06579e-05,False
rs5750211,24,53,-0.150977,0.000191325,False
rs5750211,24,54,-0.15894,9.14077e-05,False
rs5750211,24,55,-0.159272,9.24514e-05,False
rs5750211,24,56,-0.154936,0.000152404,False
rs5750211,24,57,-0.168141,4.21242e-05,False
rs5750211,24,58,-0.167309,4.73577e-05,False
rs5750211,24,59,-0.143708,0.000495462,False
rs5750211,24,60,-0.162575,8.42309e-05,False
rs5750211,24,61,-0.178259,1.71668e-05,False
rs5750211,24,62,-0.159502,0.000130415,False
rs5750211,24,63,-0.142884,0.000631294,False
rs5750211,24,64,-0.152908,0.000262828,False
rs5750211,24,65,-0.174104,3.64962e-05,False
rs5750211,24,66,-0.181809,1.72973e-05,False
rs5750211,24,67,-0.173497,4.28903e-05,False
rs5750211,24,68,-0.171153,5.97017e-05,False
rs5750211,24,69,-0.179751,2.63208e-05,False
rs5750211,24,70,-0.18317,1.92983e-05,False
rs5750211,24,71,-0.178893,3.27387e-05,False
rs5750211,24,72,-0.193257,7.56727e-06,False
rs5750211,24,73,-0.187016,1.6833e-05,False
rs5750211,24,74,-0.171576,8.39699e-05,False
rs5750211,24,75,-0.191016,1.31616e-05,False
rs5750211,24,76,-0.18623,2.25199e-05,False
rs5750211,24,77,-0.212924,1.453e-06,False
rs5750211,24,78,-0.218918,8.07327e-07,False
rs5750211,24,79,-0.20227,5.52243e-06,False
rs5750211,24,80,-0.191296,1.85813e-05,False
rs5750211,24,81,-0.213709,1.94147e-06,False
rs5750211,24,82,-0.200639,8.35693e-06,False
rs5750211,24,83,-0.207199,4.54609e-06,False
rs5750211,24,84,-0.212713,2.80219e-06,False
rs5750211,24,85,-0.225697,7.37131e-07,False
rs5750211,24,86,-0.217643,1.94643e-06,False
rs5750211,24,87,-0.226789,7.54456e-07,False
rs5750211,24,88,-0.239368,1.99163e-07,False
rs5750211,24,89,-0.250827,5.7665e-08,False
rs5750211,24,90,-0.236965,3.25611e-07,False
rs5750211,24,91,-0.235421,4.23116e-07,False
rs5750211,24,92,-0.251464,6.98463e-08,False
rs5750211,24,93,-0.235945,4.6889e-07,False
rs5750211,24,94,-0.228764,1.15248e-06,False
rs5750211,24,95,-0.232088,8.65127e-07,False
rs5750211,24,96,-0.231662,1.01083e-06,False
rs5750211,24,97,-0.23888,5.21764e-07,False
rs5750211,24,98,-0.235523,8.47086e-07,False
rs5750211,24,99,-0.229907,1.61732e-06,False
rs5750211,24,100,-0.235546,1.00919e-06,False
rs5750211,24,101,-0.252051,1.79765e-07,False
rs5750211,24,102,-0.245662,3.92939e-07,False
rs5750211,24,103,-0.23606,1.20617e-06,False
rs5750211,24,104,-0.237706,1.12085e-06,False
rs5750211,24,105,-0.254326,2.06425e-07,False
rs5750211,24,106,-0.263821,7.85492e-08,False
rs5750211,24,107,-0.270894,3.79963e-08,False
rs5750211,24,108,-0.251339,3.71265e-07,False
rs5750211,24,109,-0.247979,5.75293e-07,False
rs5750211,24,110,-0.235619,2.12293e-06,False
rs5750211,24,111,-0.235234,2.42882e-06,False
rs5750211,24,112,-0.243572,1.13499e-06,False
rs5750211,24,113,-0.245362,9.95927e-07,False
rs5750211,24,114,-0.261113,2.0592e-07,False
rs5750211,24,115,-0.252959,5.28506e-07,False
rs5750211,24,116,-0.238495,2.36842e-06,False
rs5750211,24,117,-0.242998,1.59879e-06,False
rs5750211,24,118,-0.245781,1.32701e-06,False
rs5750211,24,119,-0.250392,8.94796e-07,False
rs5750211,24,120,-0.232836,5.12467e-06,False
rs5750211,24,121,-0.23729,3.44536e-06,False
rs5750211,24,122,-0.244841,1.76503e-06,False
rs5750211,24,123,-0.246702,1.55511e-06,False
rs5750211,24,124,-0.253587,8.3015e-07,False
rs5750211,24,125,-0.245935,1.84621e-06,False
rs5750211,24,126,-0.253765,8.84465e-07,False
rs5750211,24,127,-0.23547,5.26493e-06,False
rs5750211,24,128,-0.240473,3.49907e-06,False
rs5750211,24,129,-0.248654,1.59719e-06,False
rs5750211,24,130,-0.244532,2.41162e-06,False
rs5750211,24,131,-0.253307,1.09406e-06,False
rs5750211,24,132,-0.256121,8.71302e-07,False
rs5750211,24,133,-0.257544,7.61186e-07,False
rs5750211,24,134,-0.253084,1.22253e-06,False
rs5750211,24,135,-0.240559,4.10427e-06,False
rs5750211,24,136,-0.241238,3.84179e-06,False
rs5750211,24,137,-0.242809,3.36655e-06,False
rs5750211,24,138,-0.22939,1.12442e-05,False
rs5750211,24,139,-0.21476,3.97678e-05,False
rs5750211,24,140,-0.230671,1.02698e-05,False
rs5750211,24,141,-0.22501,1.72722e-05,False
rs5750211,24,142,-0.252561,1.42591e-06,False
rs5750211,24,143,-0.233312,8.10606e-06,False
rs5750211,24,144,-0.225227,1.5931e-05,False
rs5750211,24,145,-0.236277,6.18885e-06,False
rs5750211,24,146,-0.220077,2.57433e-05,False
rs5750211,24,147,-0.221166,2.33422e-05,False
rs5750211,24,148,-0.235816,6.28599e-06,False
rs5750211,24,149,-0.253173,1.20046e-06,False
rs5750211,24,150,-0.251807,1.33047e-06,False
rs5750211,24,151,-0.249939,1.61944e-06,False
rs5750211,24,152,-0.258056,7.25459e-07,False
rs5750211,24,153,-0.240932,3.6598e-06,False
rs5750211,24,154,-0.243775,2.68899e-06,False
rs5750211,24,155,-0.247947,1.76691e-06,False
rs5750211,24,156,-0.253869,9.94715e-07,False
rs5750211,24,157,-0.247016,1.84244e-06,False
rs5750211,24,158,-0.245573,2.05447e-06,False
rs5750211,24,159,-0.246977,1.69591e-06,False
rs5750211,24,160,-0.264156,2.94093e-07,False
rs5750211,24,161,-0.247192,1.57557e-06,False
rs5750211,24,162,-0.256177,6.33395e-07,False
rs5750211,24,163,-0.234108,5.12114e-06,False
rs5750211,24,164,-0.247345,1.40968e-06,False
rs5750211,24,165,-0.25227,8.63306e-07,False
rs5750211,24,166,-0.24334,2.04159e-06,False
rs5750211,24,167,-0.238777,3.01056e-06,False
rs5750211,24,168,-0.241034,2.35193e-06,False
rs5750211,24,169,-0.244632,1.61665e-06,False
rs5750211,24,170,-0.236534,3.50167e-06,False
rs5750211,24,171,-0.234019,4.3015e-06,False
rs5750211,24,172,-0.233558,4.30014e-06,False
rs5750211,24,173,-0.237193,3.02913e-06,False
rs5750211,24,174,-0.22796,7.21089e-06,False
rs5750211,24,175,-0.223946,1.01623e-05,False
rs5750211,24,176,-0.22806,6.73652e-06,False
rs5750211,24,177,-0.238938,2.3383e-06,False
rs5750211,24,178,-0.226979,6.93471e-06,False
rs5750211,24,179,-0.226623,7.2172e-06,False
rs5750211,24,180,-0.218324,1.49765e-05,False
rs5750211,24,181,-0.215645,1.84911e-05,False
rs5750211,24,182,-0.229874,4.97446e-06,False
rs5750211,24,183,-0.213536,2.18421e-05,False
rs5750211,24,184,-0.223752,8.74912e-06,False
rs5750211,24,185,-0.21863,1.40941e-05,False
rs5750211,24,186,-0.210488,2.83635e-05,False
rs5750211,24,187,-0.223976,8.62092e-06,False
rs5750211,24,188,-0.228707,5.44737e-06,False
rs5750211,24,189,-0.225355,7.76357e-06,False
rs5750211,24,190,-0.228516,5.66647e-06,False
rs5750211,24,191,-0.230778,4.58373e-06,False
rs5750211,24,192,-0.234855,3.11833e-06,False
rs5750211,24,193,-0.242604,1.49761e-06,False
rs5750211,24,194,-0.231656,4.40458e-06,False
rs5750211,24,195,-0.228211,6.18109e-06,False
rs5750211,24,196,-0.234691,3.48498e-06,False
rs5750211,24,197,-0.242772,1.66407e-06,False
rs5750211,24,198,-0.240234,2.24399e-06,False
rs5750211,24,199,-0.246602,1.2283e-06,False
rs5750211,24,200,-0.247347,1.18856e-06,False
rs5750211,24,201,-0.244145,1.78486e-06,False
rs5750211,24,202,-0.254575,6.79596e-07,False
rs5750211,24,203,-0.23975,3.07643e-06,False
rs5750211,24,204,-0.24992,1.23868e-06,False
rs5750211,24,205,-0.249002,1.46361e-06,False
rs5750211,24,206,-0.256974,7.49056e-07,False
rs5750211,24,207,-0.247319,2.09758e-06,False
rs5750211,24,208,-0.254869,1.12292e-06,False
rs5750211,24,209,-0.258336,8.88902e-07,False
rs5750211,24,210,-0.260997,7.72878e-07,False
rs5750211,24,211,-0.242671,4.87305e-06,False
rs5750211,24,212,-0.260378,1.09288e-06,False
rs5750211,24,213,-0.24505,5.03851e-06,False
rs5750211,24,214,-0.251349,3.21659e-06,False
rs5750211,24,215,-0.242047,8.45261e-06,False
rs5750211,24,216,-0.254944,3.2278e-06,False
rs5750211,24,217,-0.237306,1.68865e-05,False
rs5750211,24,218,-0.244487,1.10867e-05,False
rs5750211,24,219,-0.239952,1.86795e-05,False
rs5750211,24,220,-0.255548,6.14988e-06,False
rs5750211,24,221,-0.254386,8.2966e-06,False
rs5750211,24,222,-0.249695,1.4101e-05,False
rs5750211,24,223,-0.260767,6.98739e-06,False
rs5750211,24,224,-0.247534,2.40157e-05,False
rs5750211,24,225,-0.243673,3.80923e-05,False
rs5750211,24,226,-0.256224,1.81689e-05,False
rs5750211,24,227,-0.237119,8.387e-05,False
rs5750211,24,228,-0.249161,4.45584e-05,False
rs5750211,24,229,-0.255768,3.34134e-05,False
rs5750211,24,230,-0.24411,8.80438e-05,False
rs5750211,24,231,-0.261013,3.46813e-05,False
rs5750211,24,232,-0.261627,3.99688e-05,False
rs5750211,24,233,-0.248382,0.000115713,False
rs5750211,24,234,-0.250421,0.000123351,False
rs5750211,24,235,-0.264878,5.91948e-05,False
rs5750211,24,236,-0.254929,0.000132332,False
rs5750211,24,237,-0.270695,6.29143e-05,False
rs5750211,24,238,-0.276198,5.37656e-05,False
rs5750211,24,239,-0.27603,6.66373e-05,False
rs5750211,24,240,-0.285041,4.73461e-05,False
rs5750211,24,241,-0.262817,0.000213259,False
rs5750211,24,242,-0.280427,9.59287e-05,False
rs5750211,24,243,-0.285241,8.82319e-05,False
rs5750211,24,244,-0.269221,0.000262598,False
rs5750211,24,245,-0.27845,0.000193014,False
rs5750211,24,246,-0.286735,0.000151693,False
rs5750211,24,247,-0.272958,0.000364898,False
rs5750211,24,248,-0.272633,0.000444729,False
rs5750211,24,249,-0.277712,0.000410137,False
rs5750211,24,250,-0.273381,0.000577258,False
rs5750211,24,251,-0.279291,0.000500463,False
rs5750211,25,6,-0.162872,5.69897e-05,False
rs5750211,25,7,-0.162369,5.47252e-05,False
rs5750211,25,8,-0.148781,0.000192186,False
rs5750211,25,9,-0.164031,3.33975e-05,False
rs5750211,25,10,-0.136791,0.000504555,False
rs5750211,25,11,-0.146234,0.000174964,False
rs5750211,25,12,-0.142941,0.000220224,False
rs5750211,25,13,-0.141347,0.000242207,False
rs5750211,25,14,-0.142257,0.000206519,False
rs5750211,25,15,-0.153252,6.12593e-05,False
rs5750211,25,16,-0.148428,9.80098e-05,False
rs5750211,25,17,-0.146077,0.000124337,False
rs5750211,25,18,-0.150975,7.03042e-05,False
rs5750211,25,19,-0.134037,0.000420225,False
rs5750211,25,20,-0.154604,4.70834e-05,False
rs5750211,25,21,-0.146548,0.000116293,False
rs5750211,25,22,-0.156299,3.96783e-05,False
rs5750211,25,23,-0.17159,6.81348e-06,False
rs5750211,25,24,-0.153705,5.58703e-05,False
rs5750211,25,25,-0.154504,5.07742e-05,False
rs5750211,25,26,-0.146676,0.000124342,False
rs5750211,25,27,-0.150679,8.05286e-05,False
rs5750211,25,28,-0.174689,5.09843e-06,False
rs5750211,25,29,-0.150383,9.07812e-05,False
rs5750211,25,30,-0.15896,3.56566e-05,False
rs5750211,25,31,-0.167617,1.30764e-05,False
rs5750211,25,32,-0.16107,2.98286e-05,False
rs5750211,25,33,-0.137004,0.000392913,False
rs5750211,25,34,-0.153093,7.66012e-05,False
rs5750211,25,35,-0.161139,3.32231e-05,False
rs5750211,25,36,-0.148104,0.000139519,False
rs5750211,25,37,-0.173028,9.04099e-06,False
rs5750211,25,38,-0.161768,3.30822e-05,False
rs5750211,25,39,-0.154971,7.31574e-05,False
rs5750211,25,40,-0.173599,9.17976e-06,False
rs5750211,25,41,-0.181317,3.6981e-06,False
rs5750211,25,42,-0.158325,5.76349e-05,False
rs5750211,25,43,-0.152819,0.000103353,False
rs5750211,25,44,-0.169358,1.87723e-05,False
rs5750211,25,45,-0.170903,1.58862e-05,False
rs5750211,25,46,-0.168907,2.12818e-05,False
rs5750211,25,47,-0.164334,3.67754e-05,False
rs5750211,25,48,-0.172763,1.56023e-05,False
rs5750211,25,49,-0.170213,2.21718e-05,False
rs5750211,25,50,-0.172484,1.81866e-05,False
rs5750211,25,51,-0.167438,3.32019e-05,False
rs5750211,25,52,-0.159842,7.99156e-05,False
rs5750211,25,53,-0.146113,0.000319277,False
rs5750211,25,54,-0.146963,0.000310498,False
rs5750211,25,55,-0.170571,3.03252e-05,False
rs5750211,25,56,-0.160963,8.85674e-05,False
rs5750211,25,57,-0.153387,0.000193356,False
rs5750211,25,58,-0.161687,8.95844e-05,False
rs5750211,25,59,-0.165628,6.32627e-05,False
rs5750211,25,60,-0.170413,4.09873e-05,False
rs5750211,25,61,-0.150835,0.000293322,False
rs5750211,25,62,-0.152402,0.000269459,False
rs5750211,25,63,-0.172628,3.97085e-05,False
rs5750211,25,64,-0.180488,1.85055e-05,False
rs5750211,25,65,-0.1736,4.02785e-05,False
rs5750211,25,66,-0.165866,9.21224e-05,False
rs5750211,25,67,-0.160209,0.000165587,False
rs5750211,25,68,-0.154886,0.000295139,False
rs5750211,25,69,-0.152783,0.000376893,False
rs5750211,25,70,-0.167116,0.00010572,False
rs5750211,25,71,-0.179962,3.20935e-05,False
rs5750211,25,72,-0.171966,7.77825e-05,False
rs5750211,25,73,-0.15678,0.000329579,False
rs5750211,25,74,-0.177165,5.3304e-05,False
rs5750211,25,75,-0.183844,2.96326e-05,False
rs5750211,25,76,-0.195266,1.00549e-05,False
rs5750211,25,77,-0.193355,1.32003e-05,False
rs5750211,25,78,-0.183188,3.96998e-05,False
rs5750211,25,79,-0.196516,1.13905e-05,False
rs5750211,25,80,-0.208258,3.64079e-06,False
rs5750211,25,81,-0.206594,4.61431e-06,False
rs5750211,25,82,-0.205649,5.48018e-06,False
rs5750211,25,83,-0.207759,4.98114e-06,False
rs5750211,25,84,-0.21341,2.80598e-06,False
rs5750211,25,85,-0.203601,8.8784e-06,False
rs5750211,25,86,-0.211002,4.37036e-06,False
rs5750211,25,87,-0.211523,4.56393e-06,False
rs5750211,25,88,-0.223328,1.396e-06,False
rs5750211,25,89,-0.222272,1.75107e-06,False
rs5750211,25,90,-0.223341,1.68446e-06,False
rs5750211,25,91,-0.220099,2.6457e-06,False
rs5750211,25,92,-0.217631,3.67724e-06,False
rs5750211,25,93,-0.219665,3.10792e-06,False
rs5750211,25,94,-0.233738,8.15463e-07,False
rs5750211,25,95,-0.232163,1.06044e-06,False
rs5750211,25,96,-0.226862,2.07954e-06,False
rs5750211,25,97,-0.228856,1.76113e-06,False
rs5750211,25,98,-0.247918,2.60535e-07,False
rs5750211,25,99,-0.229067,2.05877e-06,False
rs5750211,25,100,-0.23329,1.48018e-06,False
rs5750211,25,101,-0.227416,2.97429e-06,False
rs5750211,25,102,-0.22883,2.84785e-06,False
rs5750211,25,103,-0.237612,1.2259e-06,False
rs5750211,25,104,-0.234916,1.85666e-06,False
rs5750211,25,105,-0.225661,4.88662e-06,False
rs5750211,25,106,-0.236046,1.91905e-06,False
rs5750211,25,107,-0.22445,6.30748e-06,False
rs5750211,25,108,-0.217971,1.23326e-05,False
rs5750211,25,109,-0.219798,1.13029e-05,False
rs5750211,25,110,-0.220163,1.15131e-05,False
rs5750211,25,111,-0.228744,5.34482e-06,False
rs5750211,25,112,-0.228197,6.22785e-06,False
rs5750211,25,113,-0.233291,4.05045e-06,False
rs5750211,25,114,-0.224264,9.55313e-06,False
rs5750211,25,115,-0.218465,1.70479e-05,False
rs5750211,25,116,-0.233351,4.70941e-06,False
rs5750211,25,117,-0.226686,9.0306e-06,False
rs5750211,25,118,-0.241128,2.42782e-06,False
rs5750211,25,119,-0.224898,1.17972e-05,False
rs5750211,25,120,-0.236782,3.95293e-06,False
rs5750211,25,121,-0.233084,5.77116e-06,False
rs5750211,25,122,-0.23181,6.89804e-06,False
rs5750211,25,123,-0.250377,1.28415e-06,False
rs5750211,25,124,-0.233537,6.66778e-06,False
rs5750211,25,125,-0.23129,8.36895e-06,False
rs5750211,25,126,-0.229794,9.77439e-06,False
rs5750211,25,127,-0.227586,1.28646e-05,False
rs5750211,25,128,-0.210234,5.73228e-05,False
rs5750211,25,129,-0.217702,3.19783e-05,False
rs5750211,25,130,-0.229874,1.13926e-05,False
rs5750211,25,131,-0.213767,4.66494e-05,False
rs5750211,25,132,-0.230852,1.12045e-05,False
rs5750211,25,133,-0.229583,1.24148e-05,False
rs5750211,25,134,-0.238052,5.96239e-06,False
rs5750211,25,135,-0.232253,9.87632e-06,False
rs5750211,25,136,-0.221376,2.56911e-05,False
rs5750211,25,137,-0.207651,8.00901e-05,False
rs5750211,25,138,-0.222139,2.51923e-05,False
rs5750211,25,139,-0.226357,1.79118e-05,False
rs5750211,25,140,-0.217756,3.65309e-05,False
rs5750211,25,141,-0.21253,5.49529e-05,False
rs5750211,25,142,-0.215539,4.37915e-05,False
rs5750211,25,143,-0.2186,3.44428e-05,False
rs5750211,25,144,-0.226222,1.81358e-05,False
rs5750211,25,145,-0.234528,8.89561e-06,False
rs5750211,25,146,-0.234849,8.61305e-06,False
rs5750211,25,147,-0.245697,3.18919e-06,False
rs5750211,25,148,-0.244329,3.5389e-06,False
rs5750211,25,149,-0.247535,2.66417e-06,False
rs5750211,25,150,-0.244025,3.52291e-06,False
rs5750211,25,151,-0.247574,2.53094e-06,False
rs5750211,25,152,-0.252138,1.57964e-06,False
rs5750211,25,153,-0.257527,9.14861e-07,False
rs5750211,25,154,-0.254672,1.20868e-06,False
rs5750211,25,155,-0.241155,4.1467e-06,False
rs5750211,25,156,-0.245952,2.59164e-06,False
rs5750211,25,157,-0.249259,1.91633e-06,False
rs5750211,25,158,-0.240944,4.01214e-06,False
rs5750211,25,159,-0.244397,2.84991e-06,False
rs5750211,25,160,-0.239151,4.43235e-06,False
rs5750211,25,161,-0.250284,1.52355e-06,False
rs5750211,25,162,-0.235248,5.98449e-06,False
rs5750211,25,163,-0.232823,7.18942e-06,False
rs5750211,25,164,-0.253936,9.29352e-07,False
rs5750211,25,165,-0.244067,2.30459e-06,False
rs5750211,25,166,-0.253417,9.32039e-07,False
rs5750211,25,167,-0.270514,1.54256e-07,False
rs5750211,25,168,-0.269182,1.64041e-07,False
rs5750211,25,169,-0.260346,3.99481e-07,False
rs5750211,25,170,-0.245274,1.76232e-06,False
rs5750211,25,171,-0.249754,1.0931e-06,False
rs5750211,25,172,-0.263226,2.61746e-07,False
rs5750211,25,173,-0.250638,9.34185e-07,False
rs5750211,25,174,-0.243596,1.89712e-06,False
rs5750211,25,175,-0.246373,1.36847e-06,False
rs5750211,25,176,-0.249087,9.89143e-07,False
rs5750211,25,177,-0.241186,2.12485e-06,False
rs5750211,25,178,-0.243391,1.64128e-06,False
rs5750211,25,179,-0.232,4.66081e-06,False
rs5750211,25,180,-0.233955,3.73514e-06,False
rs5750211,25,181,-0.238234,2.50701e-06,False
rs5750211,25,182,-0.235413,3.27576e-06,False
rs5750211,25,183,-0.241625,1.74695e-06,False
rs5750211,25,184,-0.236669,2.79789e-06,False
rs5750211,25,185,-0.238673,2.28481e-06,False
rs5750211,25,186,-0.22756,6.4817e-06,False
rs5750211,25,187,-0.228932,5.63776e-06,False
rs5750211,25,188,-0.221246,1.1541e-05,False
rs5750211,25,189,-0.230519,4.87199e-06,False
rs5750211,25,190,-0.231098,4.63274e-06,False
rs5750211,25,191,-0.244302,1.29656e-06,False
rs5750211,25,192,-0.24389,1.28997e-06,False
rs5750211,25,193,-0.24527,1.14077e-06,False
rs5750211,25,194,-0.246184,1.09502e-06,False
rs5750211,25,195,-0.247389,1.0175e-06,False
rs5750211,25,196,-0.253481,5.80416e-07,False
rs5750211,25,197,-0.247358,1.15305e-06,False
rs5750211,25,198,-0.247081,1.17899e-06,False
rs5750211,25,199,-0.240519,2.32024e-06,False
rs5750211,25,200,-0.253748,6.32443e-07,False
rs5750211,25,201,-0.248322,1.15423e-06,False
rs5750211,25,202,-0.255833,5.65407e-07,False
rs5750211,25,203,-0.240421,2.72766e-06,False
rs5750211,25,204,-0.239198,3.37091e-06,False
rs5750211,25,205,-0.255227,7.63214e-07,False
rs5750211,25,206,-0.243604,2.45603e-06,False
rs5750211,25,207,-0.231579,8.06839e-06,False
rs5750211,25,208,-0.24096,3.71996e-06,False
rs5750211,25,209,-0.240709,4.25851e-06,False
rs5750211,25,210,-0.239724,5.27909e-06,False
rs5750211,25,211,-0.259027,9.28596e-07,False
rs5750211,25,212,-0.259048,1.0601e-06,False
rs5750211,25,213,-0.247978,3.47631e-06,False
rs5750211,25,214,-0.24441,5.2451e-06,False
rs5750211,25,215,-0.250598,3.4926e-06,False
rs5750211,25,216,-0.247369,5.3453e-06,False
rs5750211,25,217,-0.255059,3.12822e-06,False
rs5750211,25,218,-0.233475,2.30722e-05,False
rs5750211,25,219,-0.247132,8.63514e-06,False
rs5750211,25,220,-0.262201,2.84249e-06,False
rs5750211,25,221,-0.245704,1.34418e-05,False
rs5750211,25,222,-0.237749,2.97916e-05,False
rs5750211,25,223,-0.24357,2.24719e-05,False
rs5750211,25,224,-0.25274,1.31708e-05,False
rs5750211,25,225,-0.237006,5.21502e-05,False
rs5750211,25,226,-0.250756,2.23013e-05,False
rs5750211,25,227,-0.243274,4.69348e-05,False
rs5750211,25,228,-0.242445,5.87725e-05,False
rs5750211,25,229,-0.239983,8.42427e-05,False
rs5750211,25,230,-0.242854,8.18583e-05,False
rs5750211,25,231,-0.247934,7.10324e-05,False
rs5750211,25,232,-0.261257,3.52161e-05,False
rs5750211,25,233,-0.248959,9.71383e-05,False
rs5750211,25,234,-0.252036,9.58251e-05,False
rs5750211,25,235,-0.25991,7.03665e-05,False
rs5750211,25,236,-0.259989,8.61498e-05,False
rs5750211,25,237,-0.256074,0.000131827,False
rs5750211,25,238,-0.262608,0.000109073,False
rs5750211,25,239,-0.268523,9.50061e-05,False
rs5750211,25,240,-0.280053,5.66197e-05,False
rs5750211,25,241,-0.272987,0.000105792,False
rs5750211,25,242,-0.277174,0.000101831,False
rs5750211,25,243,-0.288699,6.52972e-05,False
rs5750211,25,244,-0.279597,0.000135989,False
rs5750211,25,245,-0.279508,0.000166742,False
rs5750211,25,246,-0.277274,0.000230446,False
rs5750211,25,247,-0.276956,0.00028206,False
rs5750211,25,248,-0.290976,0.000168019,False
rs5750211,25,249,-0.287946,0.000237396,False
rs5750211,25,250,-0.295871,0.000191356,False
rs5750211,25,251,-0.290143,0.000295875,False
rs5750211,26,6,-0.169908,2.77774e-05,False
rs5750211,26,7,-0.165362,4.20875e-05,False
rs5750211,26,8,-0.173942,1.38737e-05,False
rs5750211,26,9,-0.146642,0.000218902,False
rs5750211,26,10,-0.168033,1.93026e-05,False
rs5750211,26,11,-0.158677,4.85514e-05,False
rs5750211,26,12,-0.156887,5.37839e-05,False
rs5750211,26,13,-0.153112,7.24472e-05,False
rs5750211,26,14,-0.148646,0.000111029,False
rs5750211,26,15,-0.145,0.000151809,False
rs5750211,26,16,-0.142147,0.00019711,False
rs5750211,26,17,-0.122683,0.00128295,False
rs5750211,26,18,-0.132536,0.000501354,False
rs5750211,26,19,-0.138426,0.000272819,False
rs5750211,26,20,-0.143895,0.000156531,False
rs5750211,26,21,-0.146231,0.000125603,False
rs5750211,26,22,-0.146072,0.000123301,False
rs5750211,26,23,-0.13621,0.000350617,False
rs5750211,26,24,-0.141995,0.00019969,False
rs5750211,26,25,-0.15632,4.18491e-05,False
rs5750211,26,26,-0.156218,4.42442e-05,False
rs5750211,26,27,-0.148601,0.00010447,False
rs5750211,26,28,-0.145581,0.000146034,False
rs5750211,26,29,-0.154771,5.4737e-05,False
rs5750211,26,30,-0.152195,7.50358e-05,False
rs5750211,26,31,-0.148819,0.000111058,False
rs5750211,26,32,-0.162253,2.60599e-05,False
rs5750211,26,33,-0.1759,5.34646e-06,False
rs5750211,26,34,-0.130822,0.000738757,False
rs5750211,26,35,-0.151853,9.25598e-05,False
rs5750211,26,36,-0.155836,6.18591e-05,False
rs5750211,26,37,-0.160662,3.70004e-05,False
rs5750211,26,38,-0.15371,8.29777e-05,False
rs5750211,26,39,-0.144148,0.000233964,False
rs5750211,26,40,-0.150569,0.000124366,False
rs5750211,26,41,-0.166041,2.37807e-05,False
rs5750211,26,42,-0.164114,3.1194e-05,False
rs5750211,26,43,-0.152903,0.000110181,False
rs5750211,26,44,-0.170484,1.78914e-05,False
rs5750211,26,45,-0.150488,0.000151688,False
rs5750211,26,46,-0.162287,4.71975e-05,False
rs5750211,26,47,-0.159267,6.84294e-05,False
rs5750211,26,48,-0.16615,3.47852e-05,False
rs5750211,26,49,-0.173789,1.53472e-05,False
rs5750211,26,50,-0.149075,0.000221233,False
rs5750211,26,51,-0.153163,0.000152746,False
rs5750211,26,52,-0.159907,7.97994e-05,False
rs5750211,26,53,-0.134329,0.00095169,False
rs5750211,26,54,-0.147165,0.000312058,False
rs5750211,26,55,-0.15519,0.000155621,False
rs5750211,26,56,-0.155423,0.000162089,False
rs5750211,26,57,-0.153056,0.000208656,False
rs5750211,26,58,-0.162964,8.3386e-05,False
rs5750211,26,59,-0.144083,0.00053132,False
rs5750211,26,60,-0.167268,5.94764e-05,False
rs5750211,26,61,-0.149696,0.000348529,False
rs5750211,26,62,-0.149521,0.000368253,False
rs5750211,26,63,-0.171055,4.91851e-05,False
rs5750211,26,64,-0.162988,0.000116195,False
rs5750211,26,65,-0.16813,7.32826e-05,False
rs5750211,26,66,-0.156145,0.000251747,False
rs5750211,26,67,-0.156649,0.000257067,False
rs5750211,26,68,-0.172185,6.07824e-05,False
rs5750211,26,69,-0.166321,0.000118884,False
rs5750211,26,70,-0.158074,0.000262956,False
rs5750211,26,71,-0.179371,3.83291e-05,False
rs5750211,26,72,-0.18563,2.18544e-05,False
rs5750211,26,73,-0.183921,2.78223e-05,False
rs5750211,26,74,-0.178633,5.11448e-05,False
rs5750211,26,75,-0.182034,3.93501e-05,False
rs5750211,26,76,-0.162271,0.000262802,False
rs5750211,26,77,-0.17956,5.73383e-05,False
rs5750211,26,78,-0.182303,4.73592e-05,False
rs5750211,26,79,-0.190346,2.30199e-05,False
rs5750211,26,80,-0.180302,6.78756e-05,False
rs5750211,26,81,-0.182318,5.95477e-05,False
rs5750211,26,82,-0.206602,5.78054e-06,False
rs5750211,26,83,-0.184862,5.40304e-05,False
rs5750211,26,84,-0.185409,5.56174e-05,False
rs5750211,26,85,-0.198124,1.76541e-05,False
rs5750211,26,86,-0.204137,1.02632e-05,False
rs5750211,26,87,-0.204942,1.00671e-05,False
rs5750211,26,88,-0.207705,8.48241e-06,False
rs5750211,26,89,-0.222542,1.98869e-06,False
rs5750211,26,90,-0.217968,3.58878e-06,False
rs5750211,26,91,-0.221984,2.72485e-06,False
rs5750211,26,92,-0.230127,1.25291e-06,False
rs5750211,26,93,-0.242375,3.59405e-07,False
rs5750211,26,94,-0.219359,4.53137e-06,False
rs5750211,26,95,-0.227941,2.0884e-06,False
rs5750211,26,96,-0.237881,8.00837e-07,False
rs5750211,26,97,-0.237974,8.93292e-07,False
rs5750211,26,98,-0.225115,3.57037e-06,False
rs5750211,26,99,-0.218969,6.81164e-06,False
rs5750211,26,100,-0.228874,2.95661e-06,False
rs5750211,26,101,-0.241961,8.55388e-07,False
rs5750211,26,102,-0.233069,2.26961e-06,False
rs5750211,26,103,-0.242269,9.64736e-07,False
rs5750211,26,104,-0.230434,3.40466e-06,False
rs5750211,26,105,-0.216493,1.36996e-05,False
rs5750211,26,106,-0.228116,4.92445e-06,False
rs5750211,26,107,-0.23894,1.86993e-06,False
rs5750211,26,108,-0.226674,6.55897e-06,False
rs5750211,26,109,-0.225275,8.02233e-06,False
rs5750211,26,110,-0.225327,8.5532e-06,False
rs5750211,26,111,-0.225672,8.70805e-06,False
rs5750211,26,112,-0.225521,9.31191e-06,False
rs5750211,26,113,-0.221529,1.38225e-05,False
rs5750211,26,114,-0.224665,1.11715e-05,False
rs5750211,26,115,-0.220217,1.78812e-05,False
rs5750211,26,116,-0.214152,3.11635e-05,False
rs5750211,26,117,-0.222428,1.60737e-05,False
rs5750211,26,118,-0.230025,8.60125e-06,False
rs5750211,26,119,-0.223522,1.59287e-05,False
rs5750211,26,120,-0.21212,4.31019e-05,False
rs5750211,26,121,-0.195907,0.000163183,False
rs5750211,26,122,-0.22013,2.39993e-05,False
rs5750211,26,123,-0.209903,5.72415e-05,False
rs5750211,26,124,-0.211004,5.42937e-05,False
rs5750211,26,125,-0.211616,5.26786e-05,False
rs5750211,26,126,-0.221338,2.39676e-05,False
rs5750211,26,127,-0.23081,1.10485e-05,False
rs5750211,26,128,-0.213578,4.91894e-05,False
rs5750211,26,129,-0.209448,7.10889e-05,False
rs5750211,26,130,-0.214787,4.70492e-05,False
rs5750211,26,131,-0.223496,2.34726e-05,False
rs5750211,26,132,-0.230282,1.3445e-05,False
rs5750211,26,133,-0.225349,2.07255e-05,False
rs5750211,26,134,-0.220802,3.13948e-05,False
rs5750211,26,135,-0.225959,2.11527e-05,False
rs5750211,26,136,-0.232058,1.28211e-05,False
rs5750211,26,137,-0.235099,1.00966e-05,False
rs5750211,26,138,-0.237495,8.32069e-06,False
rs5750211,26,139,-0.219984,3.68883e-05,False
rs5750211,26,140,-0.223381,2.77007e-05,False
rs5750211,26,141,-0.229323,1.6949e-05,False
rs5750211,26,142,-0.225949,2.26304e-05,False
rs5750211,26,143,-0.218841,4.09094e-05,False
rs5750211,26,144,-0.22319,2.82793e-05,False
rs5750211,26,145,-0.219753,3.75044e-05,False
rs5750211,26,146,-0.222399,3.00184e-05,False
rs5750211,26,147,-0.225471,2.28386e-05,False
rs5750211,26,148,-0.231652,1.33555e-05,False
rs5750211,26,149,-0.228494,1.76162e-05,False
rs5750211,26,150,-0.234046,1.08788e-05,False
rs5750211,26,151,-0.234708,9.96421e-06,False
rs5750211,26,152,-0.21831,3.81876e-05,False
rs5750211,26,153,-0.237284,7.48438e-06,False
rs5750211,26,154,-0.255595,1.39777e-06,False
rs5750211,26,155,-0.248327,2.63521e-06,False
rs5750211,26,156,-0.247712,2.72343e-06,False
rs5750211,26,157,-0.259242,8.78358e-07,False
rs5750211,26,158,-0.265771,4.40987e-07,False
rs5750211,26,159,-0.267825,3.36991e-07,False
rs5750211,26,160,-0.263778,5.05463e-07,False
rs5750211,26,161,-0.253676,1.30502e-06,False
rs5750211,26,162,-0.260854,6.30537e-07,False
rs5750211,26,163,-0.250163,1.71266e-06,False
rs5750211,26,164,-0.250688,1.58439e-06,False
rs5750211,26,165,-0.248969,1.77171e-06,False
rs5750211,26,166,-0.258025,7.04832e-07,False
rs5750211,26,167,-0.25553,8.68626e-07,False
rs5750211,26,168,-0.24676,1.98435e-06,False
rs5750211,26,169,-0.241732,3.21127e-06,False
rs5750211,26,170,-0.254959,8.53633e-07,False
rs5750211,26,171,-0.253445,9.01627e-07,False
rs5750211,26,172,-0.259282,5.0062e-07,False
rs5750211,26,173,-0.261808,3.79424e-07,False
rs5750211,26,174,-0.251696,9.99682e-07,False
rs5750211,26,175,-0.247541,1.44124e-06,False
rs5750211,26,176,-0.244903,1.75084e-06,False
rs5750211,26,177,-0.231391,6.38011e-06,False
rs5750211,26,178,-0.235811,3.94822e-06,False
rs5750211,26,179,-0.257019,4.5392e-07,False
rs5750211,26,180,-0.243735,1.70624e-06,False
rs5750211,26,181,-0.238444,2.80144e-06,False
rs5750211,26,182,-0.240543,2.28397e-06,False
rs5750211,26,183,-0.224255,1.03417e-05,False
rs5750211,26,184,-0.229789,6.10709e-06,False
rs5750211,26,185,-0.231613,4.8962e-06,False
rs5750211,26,186,-0.236687,2.96154e-06,False
rs5750211,26,187,-0.234707,3.39956e-06,False
rs5750211,26,188,-0.230913,4.95026e-06,False
rs5750211,26,189,-0.232873,4.05538e-06,False
rs5750211,26,190,-0.23252,4.05388e-06,False
rs5750211,26,191,-0.235365,3.11084e-06,False
rs5750211,26,192,-0.251229,6.43736e-07,False
rs5750211,26,193,-0.242619,1.50568e-06,False
rs5750211,26,194,-0.244296,1.29396e-06,False
rs5750211,26,195,-0.244784,1.26218e-06,False
rs5750211,26,196,-0.242507,1.62057e-06,False
rs5750211,26,197,-0.257217,3.6981e-07,False
rs5750211,26,198,-0.258595,3.32721e-07,False
rs5750211,26,199,-0.257144,3.99264e-07,False
rs5750211,26,200,-0.244233,1.51622e-06,False
rs5750211,26,201,-0.253482,6.42748e-07,False
rs5750211,26,202,-0.251976,8.06443e-07,False
rs5750211,26,203,-0.252951,7.70341e-07,False
rs5750211,26,204,-0.263092,2.9123e-07,False
rs5750211,26,205,-0.254297,7.84245e-07,False
rs5750211,26,206,-0.246486,1.76551e-06,False
rs5750211,26,207,-0.252628,1.07001e-06,False
rs5750211,26,208,-0.245887,2.22208e-06,False
rs5750211,26,209,-0.241416,3.70343e-06,False
rs5750211,26,210,-0.260669,6.59305e-07,False
rs5750211,26,211,-0.253503,1.46275e-06,False
rs5750211,26,212,-0.231344,1.19478e-05,False
rs5750211,26,213,-0.242693,4.77364e-06,False
rs5750211,26,214,-0.258104,1.31738e-06,False
rs5750211,26,215,-0.260686,1.19741e-06,False
rs5750211,26,216,-0.243103,6.49942e-06,False
rs5750211,26,217,-0.255456,2.56931e-06,False
rs5750211,26,218,-0.248853,5.63954e-06,False
rs5750211,26,219,-0.270985,8.92096e-07,False
rs5750211,26,220,-0.278177,5.52764e-07,False
rs5750211,26,221,-0.256948,4.54351e-06,False
rs5750211,26,222,-0.249293,1.01147e-05,False
rs5750211,26,223,-0.262371,4.19753e-06,False
rs5750211,26,224,-0.266259,3.65203e-06,False
rs5750211,26,225,-0.253688,1.22554e-05,False
rs5750211,26,226,-0.255065,1.3424e-05,False
rs5750211,26,227,-0.262361,9.61374e-06,False
rs5750211,26,228,-0.266551,8.62096e-06,False
rs5750211,26,229,-0.244296,5.36939e-05,False
rs5750211,26,230,-0.253996,3.32579e-05,False
rs5750211,26,231,-0.244732,7.71774e-05,False
rs5750211,26,232,-0.265936,2.15934e-05,False
rs5750211,26,233,-0.256688,5.06625e-05,False
rs5750211,26,234,-0.253858,7.50505e-05,False
rs5750211,26,235,-0.255581,8.09428e-05,False
rs5750211,26,236,-0.258352,8.38435e-05,False
rs5750211,26,237,-0.260777,8.91788e-05,False
rs5750211,26,238,-0.259063,0.000122568,False
rs5750211,26,239,-0.284338,3.14842e-05,False
rs5750211,26,240,-0.26366,0.000137805,False
rs5750211,26,241,-0.256531,0.000254075,False
rs5750211,26,242,-0.270098,0.000144621,False
rs5750211,26,243,-0.292031,5.00066e-05,False
rs5750211,26,244,-0.286407,8.81872e-05,False
rs5750211,26,245,-0.289184,9.56871e-05,False
rs5750211,26,246,-0.280885,0.000184664,False
rs5750211,26,247,-0.279835,0.000236985,False
rs5750211,26,248,-0.2872,0.000198145,False
rs5750211,26,249,-0.290089,0.000207611,False
rs5750211,26,250,-0.299215,0.000158435,False
rs5750211,26,251,-0.303634,0.000146132,False
rs5750211,27,6,-0.180519,8.98499e-06,False
rs5750211,27,7,-0.179147,8.72139e-06,False
rs5750211,27,8,-0.165607,3.5086e-05,False
rs5750211,27,9,-0.167221,2.4845e-05,False
rs5750211,27,10,-0.173514,1.06991e-05,False
rs5750211,27,11,-0.155348,7.27456e-05,False
rs5750211,27,12,-0.151379,9.41322e-05,False
rs5750211,27,13,-0.170114,1.06664e-05,False
rs5750211,27,14,-0.159884,3.30438e-05,False
rs5750211,27,15,-0.154408,5.54252e-05,False
rs5750211,27,16,-0.144377,0.00016648,False
rs5750211,27,17,-0.153213,6.22533e-05,False
rs5750211,27,18,-0.150213,8.79247e-05,False
rs5750211,27,19,-0.14098,0.000232973,False
rs5750211,27,20,-0.136308,0.00036455,False
rs5750211,27,21,-0.138484,0.000298561,False
rs5750211,27,22,-0.148137,0.000108174,False
rs5750211,27,23,-0.140962,0.000234169,False
rs5750211,27,24,-0.140438,0.000253957,False
rs5750211,27,25,-0.138814,0.000295349,False
rs5750211,27,26,-0.131023,0.000628503,False
rs5750211,27,27,-0.158146,3.78585e-05,False
rs5750211,27,28,-0.148317,0.000117048,False
rs5750211,27,29,-0.155709,5.20693e-05,False
rs5750211,27,30,-0.13711,0.000368517,False
rs5750211,27,31,-0.152563,7.64962e-05,False
rs5750211,27,32,-0.152344,8.16701e-05,False
rs5750211,27,33,-0.157514,4.62513e-05,False
rs5750211,27,34,-0.162001,2.89594e-05,False
rs5750211,27,35,-0.155349,6.4643e-05,False
rs5750211,27,36,-0.164846,2.28828e-05,False
rs5750211,27,37,-0.161285,3.5941e-05,False
rs5750211,27,38,-0.163494,2.92611e-05,False
rs5750211,27,39,-0.173707,8.74811e-06,False
rs5750211,27,40,-0.188101,1.6706e-06,False
rs5750211,27,41,-0.171304,1.39814e-05,False
rs5750211,27,42,-0.159047,5.70539e-05,False
rs5750211,27,43,-0.169458,1.86824e-05,False
rs5750211,27,44,-0.174697,1.07992e-05,False
rs5750211,27,45,-0.172739,1.44813e-05,False
rs5750211,27,46,-0.164687,3.85272e-05,False
rs5750211,27,47,-0.158687,7.74196e-05,False
rs5750211,27,48,-0.169724,2.49657e-05,False
rs5750211,27,49,-0.170191,2.55613e-05,False
rs5750211,27,50,-0.169711,2.89659e-05,False
rs5750211,27,51,-0.163828,5.55646e-05,False
rs5750211,27,52,-0.172735,2.38666e-05,False
rs5750211,27,53,-0.167689,4.22185e-05,False
rs5750211,27,54,-0.144996,0.000418117,False
rs5750211,27,55,-0.157946,0.000127026,False
rs5750211,27,56,-0.160557,0.000101358,False
rs5750211,27,57,-0.152282,0.000238937,False
rs5750211,27,58,-0.172716,3.33754e-05,False
rs5750211,27,59,-0.166897,6.52581e-05,False
rs5750211,27,60,-0.185437,9.78531e-06,False
rs5750211,27,61,-0.16235,0.000111807,False
rs5750211,27,62,-0.15844,0.000180265,False
rs5750211,27,63,-0.170129,5.73936e-05,False
rs5750211,27,64,-0.162657,0.000131184,False
rs5750211,27,65,-0.156467,0.000251058,False
rs5750211,27,66,-0.170993,6.68315e-05,False
rs5750211,27,67,-0.170423,7.59805e-05,False
rs5750211,27,68,-0.164207,0.000146365,False
rs5750211,27,69,-0.185865,1.90844e-05,False
rs5750211,27,70,-0.167828,0.000119744,False
rs5750211,27,71,-0.175013,6.51779e-05,False
rs5750211,27,72,-0.171897,9.37732e-05,False
rs5750211,27,73,-0.173003,9.26869e-05,False
rs5750211,27,74,-0.172463,0.000101461,False
rs5750211,27,75,-0.181112,4.76012e-05,False
rs5750211,27,76,-0.165626,0.000216586,False
rs5750211,27,77,-0.170305,0.000154255,False
rs5750211,27,78,-0.180022,6.68565e-05,False
rs5750211,27,79,-0.182185,5.74147e-05,False
rs5750211,27,80,-0.171076,0.000173508,False
rs5750211,27,81,-0.191624,2.82811e-05,False
rs5750211,27,82,-0.190406,3.3208e-05,False
rs5750211,27,83,-0.194147,2.58034e-05,False
rs5750211,27,84,-0.192757,3.21959e-05,False
rs5750211,27,85,-0.1964,2.39905e-05,False
rs5750211,27,86,-0.200436,1.74917e-05,False
rs5750211,27,87,-0.195135,3.13495e-05,False
rs5750211,27,88,-0.216264,4.29912e-06,False
rs5750211,27,89,-0.214484,5.51296e-06,False
rs5750211,27,90,-0.228367,1.46928e-06,False
rs5750211,27,91,-0.218062,4.70797e-06,False
rs5750211,27,92,-0.209703,1.17437e-05,False
rs5750211,27,93,-0.221269,4.03139e-06,False
rs5750211,27,94,-0.216418,7.2635e-06,False
rs5750211,27,95,-0.221385,4.75263e-06,False
rs5750211,27,96,-0.234983,1.34165e-06,False
rs5750211,27,97,-0.242103,6.85265e-07,False
rs5750211,27,98,-0.230112,2.71906e-06,False
rs5750211,27,99,-0.229973,2.88516e-06,False
rs5750211,27,100,-0.227674,3.91824e-06,False
rs5750211,27,101,-0.227007,4.45682e-06,False
rs5750211,27,102,-0.229782,3.85092e-06,False
rs5750211,27,103,-0.222456,8.23914e-06,False
rs5750211,27,104,-0.221642,9.7469e-06,False
rs5750211,27,105,-0.23555,2.76272e-06,False
rs5750211,27,106,-0.236327,2.80371e-06,False
rs5750211,27,107,-0.22562,8.01614e-06,False
rs5750211,27,108,-0.230513,5.48885e-06,False
rs5750211,27,109,-0.22259,1.22185e-05,False
rs5750211,27,110,-0.240101,2.55208e-06,False
rs5750211,27,111,-0.226596,9.68247e-06,False
rs5750211,27,112,-0.235449,4.65886e-06,False
rs5750211,27,113,-0.224047,1.38366e-05,False
rs5750211,27,114,-0.223465,1.51008e-05,False
rs5750211,27,115,-0.225649,1.34824e-05,False
rs5750211,27,116,-0.223901,1.64961e-05,False
rs5750211,27,117,-0.234325,7.07389e-06,False
rs5750211,27,118,-0.228566,1.23698e-05,False
rs5750211,27,119,-0.231292,9.93124e-06,False
rs5750211,27,120,-0.227728,1.39268e-05,False
rs5750211,27,121,-0.222554,2.27826e-05,False
rs5750211,27,122,-0.217498,3.579e-05,False
rs5750211,27,123,-0.211053,6.26215e-05,False
rs5750211,27,124,-0.204824,0.000106652,False
rs5750211,27,125,-0.207677,8.66724e-05,False
rs5750211,27,126,-0.223427,2.56154e-05,False
rs5750211,27,127,-0.217374,4.26953e-05,False
rs5750211,27,128,-0.225399,2.28604e-05,False
rs5750211,27,129,-0.220499,3.46313e-05,False
rs5750211,27,130,-0.230232,1.5925e-05,False
rs5750211,27,131,-0.2168,4.92988e-05,False
rs5750211,27,132,-0.21997,3.95973e-05,False
rs5750211,27,133,-0.213731,6.55458e-05,False
rs5750211,27,134,-0.224664,2.76648e-05,False
rs5750211,27,135,-0.223509,3.09067e-05,False
rs5750211,27,136,-0.235201,1.17742e-05,False
rs5750211,27,137,-0.240061,7.91388e-06,False
rs5750211,27,138,-0.22299,3.29036e-05,False
rs5750211,27,139,-0.232408,1.52529e-05,False
rs5750211,27,140,-0.224615,2.92316e-05,False
rs5750211,27,141,-0.218151,5.06455e-05,False
rs5750211,27,142,-0.211649,8.28468e-05,False
rs5750211,27,143,-0.228748,2.1773e-05,False
rs5750211,27,144,-0.23676,1.09375e-05,False
rs5750211,27,145,-0.236553,1.10553e-05,False
rs5750211,27,146,-0.236145,1.12975e-05,False
rs5750211,27,147,-0.233192,1.46187e-05,False
rs5750211,27,148,-0.228954,2.01737e-05,False
rs5750211,27,149,-0.235975,1.12726e-05,False
rs5750211,27,150,-0.22567,2.60592e-05,False
rs5750211,27,151,-0.235332,1.13714e-05,False
rs5750211,27,152,-0.245234,4.65544e-06,False
rs5750211,27,153,-0.247874,3.61723e-06,False
rs5750211,27,154,-0.246079,4.02052e-06,False
rs5750211,27,155,-0.235542,9.80259e-06,False
rs5750211,27,156,-0.228567,1.75144e-05,False
rs5750211,27,157,-0.22466,2.37381e-05,False
rs5750211,27,158,-0.238096,7.39485e-06,False
rs5750211,27,159,-0.248098,2.87724e-06,False
rs5750211,27,160,-0.264709,5.61624e-07,False
rs5750211,27,161,-0.256194,1.26298e-06,False
rs5750211,27,162,-0.258443,9.9654e-07,False
rs5750211,27,163,-0.259005,8.99616e-07,False
rs5750211,27,164,-0.245844,3.00652e-06,False
rs5750211,27,165,-0.252546,1.49512e-06,False
rs5750211,27,166,-0.237865,5.59334e-06,False
rs5750211,27,167,-0.238823,5.13628e-06,False
rs5750211,27,168,-0.237774,5.48657e-06,False
rs5750211,27,169,-0.236458,5.98868e-06,False
rs5750211,27,170,-0.228728,1.16373e-05,False
rs5750211,27,171,-0.235838,5.78761e-06,False
rs5750211,27,172,-0.23081,8.76843e-06,False
rs5750211,27,173,-0.240783,3.43666e-06,False
rs5750211,27,174,-0.240565,3.3629e-06,False
rs5750211,27,175,-0.244044,2.30192e-06,False
rs5750211,27,176,-0.235133,4.86087e-06,False
rs5750211,27,177,-0.232534,6.30367e-06,False
rs5750211,27,178,-0.239751,3.19121e-06,False
rs5750211,27,179,-0.245432,1.7457e-06,False
rs5750211,27,180,-0.252442,8.44878e-07,False
rs5750211,27,181,-0.251535,8.60511e-07,False
rs5750211,27,182,-0.237029,3.55478e-06,False
rs5750211,27,183,-0.235789,3.97723e-06,False
rs5750211,27,184,-0.238459,3.07783e-06,False
rs5750211,27,185,-0.255288,5.41871e-07,False
rs5750211,27,186,-0.262349,2.54111e-07,False
rs5750211,27,187,-0.250426,8.5551e-07,False
rs5750211,27,188,-0.249111,9.02822e-07,False
rs5750211,27,189,-0.247717,1.06088e-06,False
rs5750211,27,190,-0.25307,5.98897e-07,False
rs5750211,27,191,-0.260057,2.85033e-07,False
rs5750211,27,192,-0.251293,7.12652e-07,False
rs5750211,27,193,-0.258248,3.24145e-07,False
rs5750211,27,194,-0.25761,3.61583e-07,False
rs5750211,27,195,-0.266326,1.44926e-07,False
rs5750211,27,196,-0.250576,7.67004e-07,False
rs5750211,27,197,-0.256466,4.28186e-07,False
rs5750211,27,198,-0.259595,3.11364e-07,False
rs5750211,27,199,-0.263367,2.14508e-07,False
rs5750211,27,200,-0.268687,1.26784e-07,False
rs5750211,27,201,-0.266808,1.67361e-07,False
rs5750211,27,202,-0.258941,3.98644e-07,False
rs5750211,27,203,-0.267778,1.6941e-07,False
rs5750211,27,204,-0.249901,1.09052e-06,False
rs5750211,27,205,-0.251118,1.04246e-06,False
rs5750211,27,206,-0.253376,8.8983e-07,False
rs5750211,27,207,-0.245199,2.16153e-06,False
rs5750211,27,208,-0.24978,1.43832e-06,False
rs5750211,27,209,-0.240924,3.73163e-06,False
rs5750211,27,210,-0.238294,5.08305e-06,False
rs5750211,27,211,-0.230088,1.16066e-05,False
rs5750211,27,212,-0.259359,8.63678e-07,False
rs5750211,27,213,-0.249573,2.40608e-06,False
rs5750211,27,214,-0.248791,2.79612e-06,False
rs5750211,27,215,-0.241225,6.47617e-06,False
rs5750211,27,216,-0.224462,3.06965e-05,False
rs5750211,27,217,-0.238051,1.06034e-05,False
rs5750211,27,218,-0.247692,5.31984e-06,False
rs5750211,27,219,-0.231427,2.43646e-05,False
rs5750211,27,220,-0.228952,3.3099e-05,False
rs5750211,27,221,-0.241506,1.40486e-05,False
rs5750211,27,222,-0.244274,1.30862e-05,False
rs5750211,27,223,-0.24052,2.06149e-05,False
rs5750211,27,224,-0.247363,1.42064e-05,False
rs5750211,27,225,-0.246507,1.81913e-05,False
rs5750211,27,226,-0.249094,1.77058e-05,False
rs5750211,27,227,-0.236167,5.67629e-05,False
rs5750211,27,228,-0.250774,2.34127e-05,False
rs5750211,27,229,-0.232043,0.000107595,False
rs5750211,27,230,-0.244789,5.26211e-05,False
rs5750211,27,231,-0.247414,5.4725e-05,False
rs5750211,27,232,-0.245001,7.65588e-05,False
rs5750211,27,233,-0.246149,8.72275e-05,False
rs5750211,27,234,-0.261624,3.74089e-05,False
rs5750211,27,235,-0.273114,2.1923e-05,False
rs5750211,27,236,-0.257355,7.90227e-05,False
rs5750211,27,237,-0.263476,6.52136e-05,False
rs5750211,27,238,-0.259868,9.9946e-05,False
rs5750211,27,239,-0.270039,6.71591e-05,False
rs5750211,27,240,-0.250113,0.000271044,False
rs5750211,27,241,-0.27703,6.84631e-05,False
rs5750211,27,242,-0.275795,9.33938e-05,False
rs5750211,27,243,-0.291641,4.57117e-05,False
rs5750211,27,244,-0.281901,0.000102398,False
rs5750211,27,245,-0.283762,0.000115392,False
rs5750211,27,246,-0.281511,0.000160999,False
rs5750211,27,247,-0.291308,0.00011932,False
rs5750211,27,248,-0.308131,5.90497e-05,False
rs5750211,27,249,-0.312882,5.74717e-05,False
rs5750211,27,250,-0.303804,0.000113402,False
rs5750211,27,251,-0.330332,3.2953e-05,False
rs5750211,28,6,-0.154137,0.000142976,False
rs5750211,28,7,-0.151056,0.000175874,False
rs5750211,28,8,-0.13501,0.000720958,False
rs5750211,28,9,-0.137585,0.000515161,False
rs5750211,28,10,-0.148126,0.000158802,False
rs5750211,28,11,-0.140091,0.000339844,False
rs5750211,28,12,-0.148138,0.000139559,False
rs5750211,28,13,-0.151712,8.92487e-05,False
rs5750211,28,14,-0.12445,0.00123717,False
rs5750211,28,15,-0.147016,0.000126113,False
rs5750211,28,16,-0.142948,0.000190239,False
rs5750211,28,17,-0.135527,0.000402035,False
rs5750211,28,18,-0.134623,0.000435277,False
rs5750211,28,19,-0.150162,8.6741e-05,False
rs5750211,28,20,-0.141145,0.000233307,False
rs5750211,28,21,-0.140244,0.000251926,False
rs5750211,28,22,-0.155612,4.85161e-05,False
rs5750211,28,23,-0.139341,0.000280067,False
rs5750211,28,24,-0.142461,0.00020421,False
rs5750211,28,25,-0.143747,0.000185512,False
rs5750211,28,26,-0.155827,5.14272e-05,False
rs5750211,28,27,-0.147695,0.000125588,False
rs5750211,28,28,-0.153271,6.96276e-05,False
rs5750211,28,29,-0.14929,0.000112093,False
rs5750211,28,30,-0.141946,0.00024372,False
rs5750211,28,31,-0.142455,0.000240877,False
rs5750211,28,32,-0.159477,3.97491e-05,False
rs5750211,28,33,-0.149792,0.000120044,False
rs5750211,28,34,-0.136889,0.000443736,False
rs5750211,28,35,-0.16117,3.58852e-05,False
rs5750211,28,36,-0.146512,0.000183219,False
rs5750211,28,37,-0.149128,0.000142313,False
rs5750211,28,38,-0.164965,2.69832e-05,False
rs5750211,28,39,-0.161948,4.14348e-05,False
rs5750211,28,40,-0.162978,3.67767e-05,False
rs5750211,28,41,-0.162166,4.29078e-05,False
rs5750211,28,42,-0.15606,8.47222e-05,False
rs5750211,28,43,-0.1712,1.67557e-05,False
rs5750211,28,44,-0.178923,7.34749e-06,False
rs5750211,28,45,-0.1603,6.46013e-05,False
rs5750211,28,46,-0.172522,1.80589e-05,False
rs5750211,28,47,-0.163265,5.1656e-05,False
rs5750211,28,48,-0.16707,3.66248e-05,False
rs5750211,28,49,-0.175204,1.60403e-05,False
rs5750211,28,50,-0.16504,5.13866e-05,False
rs5750211,28,51,-0.16148,7.80527e-05,False
rs5750211,28,52,-0.167036,4.62252e-05,False
rs5750211,28,53,-0.171254,3.14596e-05,False
rs5750211,28,54,-0.162312,8.198e-05,False
rs5750211,28,55,-0.176791,1.96282e-05,False
rs5750211,28,56,-0.17062,4.08864e-05,False
rs5750211,28,57,-0.179121,1.7549e-05,False
rs5750211,28,58,-0.167026,6.67903e-05,False
rs5750211,28,59,-0.177628,2.34621e-05,False
rs5750211,28,60,-0.187021,9.1443e-06,False
rs5750211,28,61,-0.167631,7.23202e-05,False
rs5750211,28,62,-0.177552,2.86998e-05,False
rs5750211,28,63,-0.167074,8.75122e-05,False
rs5750211,28,64,-0.159413,0.000191529,False
rs5750211,28,65,-0.185183,1.62296e-05,False
rs5750211,28,66,-0.168773,9.16383e-05,False
rs5750211,28,67,-0.156272,0.000303232,False
rs5750211,28,68,-0.179427,3.73602e-05,False
rs5750211,28,69,-0.190771,1.22224e-05,False
rs5750211,28,70,-0.185455,2.30042e-05,False
rs5750211,28,71,-0.177145,5.68531e-05,False
rs5750211,28,72,-0.185858,2.63518e-05,False
rs5750211,28,73,-0.185343,3.02616e-05,False
rs5750211,28,74,-0.18511,3.38787e-05,False
rs5750211,28,75,-0.181333,5.19746e-05,False
rs5750211,28,76,-0.197149,1.20966e-05,False
rs5750211,28,77,-0.213111,2.54544e-06,False
rs5750211,28,78,-0.20667,5.60142e-06,False
rs5750211,28,79,-0.18412,5.71246e-05,False
rs5750211,28,80,-0.21329,3.52568e-06,False
rs5750211,28,81,-0.205876,8.39343e-06,False
rs5750211,28,82,-0.193831,2.82469e-05,False
rs5750211,28,83,-0.21216,5.10001e-06,False
rs5750211,28,84,-0.202434,1.47647e-05,False
rs5750211,28,85,-0.20854,8.64158e-06,False
rs5750211,28,86,-0.218727,3.48786e-06,False
rs5750211,28,87,-0.218696,3.6983e-06,False
rs5750211,28,88,-0.219052,3.90417e-06,False
rs5750211,28,89,-0.2299,1.44557e-06,False
rs5750211,28,90,-0.227094,2.05466e-06,False
rs5750211,28,91,-0.249458,2.01749e-07,False
rs5750211,28,92,-0.221781,4.27337e-06,False
rs5750211,28,93,-0.224845,3.41454e-06,False
rs5750211,28,94,-0.235423,1.3043e-06,False
rs5750211,28,95,-0.242917,6.55295e-07,False
rs5750211,28,96,-0.248039,4.33601e-07,False
rs5750211,28,97,-0.240422,1.0261e-06,False
rs5750211,28,98,-0.238123,1.45391e-06,False
rs5750211,28,99,-0.23542,2.05198e-06,False
rs5750211,28,100,-0.234358,2.54922e-06,False
rs5750211,28,101,-0.22852,4.87216e-06,False
rs5750211,28,102,-0.243077,1.27793e-06,False
rs5750211,28,103,-0.22354,9.14754e-06,False
rs5750211,28,104,-0.216836,1.79031e-05,False
rs5750211,28,105,-0.22202,1.20575e-05,False
rs5750211,28,106,-0.228003,7.28852e-06,False
rs5750211,28,107,-0.222492,1.27441e-05,False
rs5750211,28,108,-0.229128,7.531e-06,False
rs5750211,28,109,-0.230927,6.75387e-06,False
rs5750211,28,110,-0.228368,9.3204e-06,False
rs5750211,28,111,-0.214166,3.37407e-05,False
rs5750211,28,112,-0.214675,3.41507e-05,False
rs5750211,28,113,-0.227748,1.15089e-05,False
rs5750211,28,114,-0.242691,3.16728e-06,False
rs5750211,28,115,-0.25474,1.08949e-06,False
rs5750211,28,116,-0.238908,5.08238e-06,False
rs5750211,28,117,-0.239223,5.23368e-06,False
rs5750211,28,118,-0.237944,6.19497e-06,False
rs5750211,28,119,-0.234652,8.68297e-06,False
rs5750211,28,120,-0.233698,9.93064e-06,False
rs5750211,28,121,-0.232382,1.14421e-05,False
rs5750211,28,122,-0.226865,1.89328e-05,False
rs5750211,28,123,-0.219563,3.65226e-05,False
rs5750211,28,124,-0.240279,6.41145e-06,False
rs5750211,28,125,-0.224459,2.53117e-05,False
rs5750211,28,126,-0.232899,1.269e-05,False
rs5750211,28,127,-0.224276,2.74431e-05,False
rs5750211,28,128,-0.218605,4.47628e-05,False
rs5750211,28,129,-0.230683,1.69864e-05,False
rs5750211,28,130,-0.230934,1.70081e-05,False
rs5750211,28,131,-0.23136,1.67928e-05,False
rs5750211,28,132,-0.229598,2.00077e-05,False
rs5750211,28,133,-0.234735,1.33175e-05,False
rs5750211,28,134,-0.235956,1.24895e-05,False
rs5750211,28,135,-0.223321,3.6068e-05,False
rs5750211,28,136,-0.229436,2.18391e-05,False
rs5750211,28,137,-0.230986,1.95864e-05,False
rs5750211,28,138,-0.233739,1.59672e-05,False
rs5750211,28,139,-0.216719,6.26242e-05,False
rs5750211,28,140,-0.221963,4.17671e-05,False
rs5750211,28,141,-0.226066,2.97295e-05,False
rs5750211,28,142,-0.222269,4.06554e-05,False
rs5750211,28,143,-0.222677,3.90146e-05,False
rs5750211,28,144,-0.233663,1.58595e-05,False
rs5750211,28,145,-0.22954,2.25995e-05,False
rs5750211,28,146,-0.220927,4.50652e-05,False
rs5750211,28,147,-0.220632,4.54381e-05,False
rs5750211,28,148,-0.229004,2.25183e-05,False
rs5750211,28,149,-0.241624,7.74475e-06,False
rs5750211,28,150,-0.254245,2.43873e-06,False
rs5750211,28,151,-0.255626,2.141e-06,False
rs5750211,28,152,-0.250432,3.40414e-06,False
rs5750211,28,153,-0.254712,2.2049e-06,False
rs5750211,28,154,-0.265712,7.59648e-07,False
rs5750211,28,155,-0.255381,1.94745e-06,False
rs5750211,28,156,-0.2518,2.6165e-06,False
rs5750211,28,157,-0.245177,4.73086e-06,False
rs5750211,28,158,-0.257341,1.47277e-06,False
rs5750211,28,159,-0.25625,1.58657e-06,False
rs5750211,28,160,-0.262388,8.62791e-07,False
rs5750211,28,161,-0.258945,1.18053e-06,False
rs5750211,28,162,-0.253184,1.92907e-06,False
rs5750211,28,163,-0.258163,1.1055e-06,False
rs5750211,28,164,-0.245713,3.49621e-06,False
rs5750211,28,165,-0.265256,5.30181e-07,False
rs5750211,28,166,-0.259648,8.69148e-07,False
rs5750211,28,167,-0.250596,1.97077e-06,False
rs5750211,28,168,-0.262773,5.78765e-07,False
rs5750211,28,169,-0.240369,4.73682e-06,False
rs5750211,28,170,-0.233427,8.40512e-06,False
rs5750211,28,171,-0.235664,6.70027e-06,False
rs5750211,28,172,-0.243347,3.2441e-06,False
rs5750211,28,173,-0.247698,2.10263e-06,False
rs5750211,28,174,-0.255091,9.85523e-07,False
rs5750211,28,175,-0.267096,2.8948e-07,False
rs5750211,28,176,-0.260601,5.26989e-07,False
rs5750211,28,177,-0.267116,2.57696e-07,False
rs5750211,28,178,-0.273065,1.32601e-07,False
rs5750211,28,179,-0.262093,3.83914e-07,False
rs5750211,28,180,-0.258916,5.0359e-07,False
rs5750211,28,181,-0.249144,1.28969e-06,False
rs5750211,28,182,-0.262983,2.88862e-07,False
rs5750211,28,183,-0.2733,9.50858e-08,False
rs5750211,28,184,-0.272004,1.0653e-07,False
rs5750211,28,185,-0.26655,1.83682e-07,False
rs5750211,28,186,-0.265011,2.19117e-07,False
rs5750211,28,187,-0.264743,2.14347e-07,False
rs5750211,28,188,-0.258703,3.74422e-07,False
rs5750211,28,189,-0.26799,1.35572e-07,False
rs5750211,28,190,-0.270481,1.04857e-07,False
rs5750211,28,191,-0.270492,1.03069e-07,False
rs5750211,28,192,-0.255361,4.92652e-07,False
rs5750211,28,193,-0.257102,4.10103e-07,False
rs5750211,28,194,-0.264854,1.7794e-07,False
rs5750211,28,195,-0.258272,3.62981e-07,False
rs5750211,28,196,-0.252169,6.87615e-07,False
rs5750211,28,197,-0.247289,1.11345e-06,False
rs5750211,28,198,-0.260446,2.94775e-07,False
rs5750211,28,199,-0.272021,9.04607e-08,False
rs5750211,28,200,-0.250213,9.0094e-07,False
rs5750211,28,201,-0.25344,6.64723e-07,False
rs5750211,28,202,-0.243135,1.90939e-06,False
rs5750211,28,203,-0.246322,1.46777e-06,False
rs5750211,28,204,-0.264135,2.61682e-07,False
rs5750211,28,205,-0.24762,1.42396e-06,False
rs5750211,28,206,-0.252912,8.70976e-07,False
rs5750211,28,207,-0.262244,3.73228e-07,False
rs5750211,28,208,-0.262785,3.73607e-07,False
rs5750211,28,209,-0.278391,8.20225e-08,False
rs5750211,28,210,-0.260619,5.83573e-07,False
rs5750211,28,211,-0.263945,4.34162e-07,False
rs5750211,28,212,-0.250153,1.85174e-06,False
rs5750211,28,213,-0.266633,4.24331e-07,False
rs5750211,28,214,-0.260849,8.37698e-07,False
rs5750211,28,215,-0.247558,3.33402e-06,False
rs5750211,28,216,-0.25753,1.50078e-06,False
rs5750211,28,217,-0.256247,1.92399e-06,False
rs5750211,28,218,-0.262968,1.19469e-06,False
rs5750211,28,219,-0.272617,5.85458e-07,False
rs5750211,28,220,-0.27211,7.16262e-07,False
rs5750211,28,221,-0.264737,1.73207e-06,False
rs5750211,28,222,-0.264239,2.21058e-06,False
rs5750211,28,223,-0.276592,8.86765e-07,False
rs5750211,28,224,-0.273183,1.49653e-06,False
rs5750211,28,225,-0.256551,7.31224e-06,False
rs5750211,28,226,-0.268891,3.28815e-06,False
rs5750211,28,227,-0.273986,2.63541e-06,False
rs5750211,28,228,-0.25968,1.04086e-05,False
rs5750211,28,229,-0.266502,7.71686e-06,False
rs5750211,28,230,-0.272371,6.23489e-06,False
rs5750211,28,231,-0.248629,4.4159e-05,False
rs5750211,28,232,-0.253783,3.84287e-05,False
rs5750211,28,233,-0.262546,2.52707e-05,False
rs5750211,28,234,-0.271506,1.72541e-05,False
rs5750211,28,235,-0.266838,3.00414e-05,False
rs5750211,28,236,-0.254398,8.50061e-05,False
rs5750211,28,237,-0.252796,0.000114931,False
rs5750211,28,238,-0.265956,6.15868e-05,False
rs5750211,28,239,-0.262611,9.54267e-05,False
rs5750211,28,240,-0.266058,9.43714e-05,False
rs5750211,28,241,-0.280735,4.92881e-05,False
rs5750211,28,242,-0.274144,9.17278e-05,False
rs5750211,28,243,-0.281199,7.79001e-05,False
rs5750211,28,244,-0.29626,4.10733e-05,False
rs5750211,28,245,-0.280383,0.000127165,False
rs5750211,28,246,-0.275889,0.000205094,False
rs5750211,28,247,-0.298056,7.54633e-05,False
rs5750211,28,248,-0.293896,0.000120379,False
rs5750211,28,249,-0.298413,0.000117797,False
rs5750211,28,250,-0.307413,8.87753e-05,False
rs5750211,28,251,-0.315887,6.93286e-05,False
rs5750211,29,6,-0.132426,0.00113901,False
rs5750211,29,7,-0.131551,0.00111553,False
rs5750211,29,8,-0.144613,0.0003143,False
rs5750211,29,9,-0.137242,0.000539425,False
rs5750211,29,10,-0.140706,0.000350357,False
rs5750211,29,11,-0.142072,0.000287503,False
rs5750211,29,12,-0.141845,0.000266109,False
rs5750211,29,13,-0.147446,0.000139086,False
rs5750211,29,14,-0.148712,0.000119159,False
rs5750211,29,15,-0.147561,0.000128116,False
rs5750211,29,16,-0.146123,0.000144164,False
rs5750211,29,17,-0.161019,2.90131e-05,False
rs5750211,29,18,-0.15414,6.00915e-05,False
rs5750211,29,19,-0.158107,3.75088e-05,False
rs5750211,29,20,-0.158119,3.77837e-05,False
rs5750211,29,21,-0.166192,1.5451e-05,False
rs5750211,29,22,-0.161534,2.69975e-05,False
rs5750211,29,23,-0.158083,4.02287e-05,False
rs5750211,29,24,-0.163042,2.34529e-05,False
rs5750211,29,25,-0.151482,8.48859e-05,False
rs5750211,29,26,-0.164869,1.99331e-05,False
rs5750211,29,27,-0.165722,1.75133e-05,False
rs5750211,29,28,-0.171668,9.16038e-06,False
rs5750211,29,29,-0.143603,0.000210846,False
rs5750211,29,30,-0.165274,2.0249e-05,False
rs5750211,29,31,-0.160241,3.77273e-05,False
rs5750211,29,32,-0.157103,5.42175e-05,False
rs5750211,29,33,-0.162366,3.09338e-05,False
rs5750211,29,34,-0.17055,1.25557e-05,False
rs5750211,29,35,-0.16447,2.57222e-05,False
rs5750211,29,36,-0.161435,3.91368e-05,False
rs5750211,29,37,-0.157299,6.42676e-05,False
rs5750211,29,38,-0.17305,1.14097e-05,False
rs5750211,29,39,-0.163104,3.62734e-05,False
rs5750211,29,40,-0.154526,9.69985e-05,False
rs5750211,29,41,-0.177694,8.42291e-06,False
rs5750211,29,42,-0.174085,1.29387e-05,False
rs5750211,29,43,-0.174057,1.35675e-05,False
rs5750211,29,44,-0.169629,2.38339e-05,False
rs5750211,29,45,-0.16723,3.26565e-05,False
rs5750211,29,46,-0.169371,2.72735e-05,False
rs5750211,29,47,-0.163547,5.52461e-05,False
rs5750211,29,48,-0.170926,2.61211e-05,False
rs5750211,29,49,-0.160404,8.30125e-05,False
rs5750211,29,50,-0.173619,2.23604e-05,False
rs5750211,29,51,-0.166543,5.18791e-05,False
rs5750211,29,52,-0.163997,6.92993e-05,False
rs5750211,29,53,-0.150517,0.000267416,False
rs5750211,29,54,-0.164925,6.97609e-05,False
rs5750211,29,55,-0.172315,3.51266e-05,False
rs5750211,29,56,-0.164901,7.99131e-05,False
rs5750211,29,57,-0.157868,0.000165118,False
rs5750211,29,58,-0.160421,0.000140031,False
rs5750211,29,59,-0.16884,6.43935e-05,False
rs5750211,29,60,-0.177613,2.77035e-05,False
rs5750211,29,61,-0.155412,0.000258748,False
rs5750211,29,62,-0.158611,0.000204439,False
rs5750211,29,63,-0.164768,0.000120254,False
rs5750211,29,64,-0.165673,0.000120049,False
rs5750211,29,65,-0.162735,0.00016744,False
rs5750211,29,66,-0.166701,0.000125573,False
rs5750211,29,67,-0.172448,7.6991e-05,False
rs5750211,29,68,-0.177572,5.06455e-05,False
rs5750211,29,69,-0.176371,5.92053e-05,False
rs5750211,29,70,-0.190116,1.70783e-05,False
rs5750211,29,71,-0.196417,9.54276e-06,False
rs5750211,29,72,-0.193475,1.4324e-05,False
rs5750211,29,73,-0.196484,1.12778e-05,False
rs5750211,29,74,-0.19513,1.49334e-05,False
rs5750211,29,75,-0.2077,4.59971e-06,False
rs5750211,29,76,-0.210016,3.92618e-06,False
rs5750211,29,77,-0.213995,2.83516e-06,False
rs5750211,29,78,-0.212528,3.75682e-06,False
rs5750211,29,79,-0.210132,5.34097e-06,False
rs5750211,29,80,-0.219765,2.15587e-06,False
rs5750211,29,81,-0.21774,2.94811e-06,False
rs5750211,29,82,-0.220811,2.36109e-06,False
rs5750211,29,83,-0.204383,1.31254e-05,False
rs5750211,29,84,-0.206497,1.20134e-05,False
rs5750211,29,85,-0.233329,8.62023e-07,False
rs5750211,29,86,-0.217609,4.79981e-06,False
rs5750211,29,87,-0.206603,1.57124e-05,False
rs5750211,29,88,-0.229719,1.78108e-06,False
rs5750211,29,89,-0.224431,3.25206e-06,False
rs5750211,29,90,-0.219953,5.32794e-06,False
rs5750211,29,91,-0.228439,2.41011e-06,False
rs5750211,29,92,-0.242493,6.57289e-07,False
rs5750211,29,93,-0.2334,1.88439e-06,False
rs5750211,29,94,-0.232564,2.15305e-06,False
rs5750211,29,95,-0.23812,1.3782e-06,False
rs5750211,29,96,-0.221742,7.29937e-06,False
rs5750211,29,97,-0.222053,7.73486e-06,False
rs5750211,29,98,-0.22774,4.96319e-06,False
rs5750211,29,99,-0.232851,3.14983e-06,False
rs5750211,29,100,-0.225568,6.97327e-06,False
rs5750211,29,101,-0.234403,3.26372e-06,False
rs5750211,29,102,-0.224451,9.00331e-06,False
rs5750211,29,103,-0.22175,1.25254e-05,False
rs5750211,29,104,-0.22774,7.5871e-06,False
rs5750211,29,105,-0.239819,2.65186e-06,False
rs5750211,29,106,-0.231223,6.32908e-06,False
rs5750211,29,107,-0.227437,9.70181e-06,False
rs5750211,29,108,-0.228557,9.01803e-06,False
rs5750211,29,109,-0.236533,4.72071e-06,False
rs5750211,29,110,-0.234647,6.01087e-06,False
rs5750211,29,111,-0.230384,9.36725e-06,False
rs5750211,29,112,-0.229101,1.11007e-05,False
rs5750211,29,113,-0.233504,7.84965e-06,False
rs5750211,29,114,-0.22294,2.07752e-05,False
rs5750211,29,115,-0.22379,2.05724e-05,False
rs5750211,29,116,-0.225789,1.85474e-05,False
rs5750211,29,117,-0.234018,9.48712e-06,False
rs5750211,29,118,-0.241704,5.06147e-06,False
rs5750211,29,119,-0.247111,3.27203e-06,False
rs5750211,29,120,-0.251733,2.26632e-06,False
rs5750211,29,121,-0.232603,1.30626e-05,False
rs5750211,29,122,-0.230676,1.57309e-05,False
rs5750211,29,123,-0.250223,3.0145e-06,False
rs5750211,29,124,-0.246207,4.60907e-06,False
rs5750211,29,125,-0.229289,2.07558e-05,False
rs5750211,29,126,-0.235059,1.31786e-05,False
rs5750211,29,127,-0.229007,2.22789e-05,False
rs5750211,29,128,-0.228559,2.33273e-05,False
rs5750211,29,129,-0.217217,5.89246e-05,False
rs5750211,29,130,-0.221222,4.38342e-05,False
rs5750211,29,131,-0.225521,3.16424e-05,False
rs5750211,29,132,-0.219543,5.14799e-05,False
rs5750211,29,133,-0.228752,2.49144e-05,False
rs5750211,29,134,-0.231855,1.97536e-05,False
rs5750211,29,135,-0.224027,3.74593e-05,False
rs5750211,29,136,-0.224089,3.82548e-05,False
rs5750211,29,137,-0.228699,2.69638e-05,False
rs5750211,29,138,-0.239134,1.1354e-05,False
rs5750211,29,139,-0.23774,1.26901e-05,False
rs5750211,29,140,-0.243722,7.59606e-06,False
rs5750211,29,141,-0.241267,9.40414e-06,False
rs5750211,29,142,-0.232801,1.96442e-05,False
rs5750211,29,143,-0.237144,1.37354e-05,False
rs5750211,29,144,-0.240631,1.00715e-05,False
rs5750211,29,145,-0.243023,8.34019e-06,False
rs5750211,29,146,-0.230886,2.28428e-05,False
rs5750211,29,147,-0.248867,4.9007e-06,False
rs5750211,29,148,-0.251125,3.99286e-06,False
rs5750211,29,149,-0.255047,2.84737e-06,False
rs5750211,29,150,-0.247651,5.19079e-06,False
rs5750211,29,151,-0.252528,3.32368e-06,False
rs5750211,29,152,-0.26585,9.51165e-07,False
rs5750211,29,153,-0.269618,6.60902e-07,False
rs5750211,29,154,-0.267333,8.1038e-07,False
rs5750211,29,155,-0.267159,7.7432e-07,False
rs5750211,29,156,-0.258097,1.74505e-06,False
rs5750211,29,157,-0.255456,2.22984e-06,False
rs5750211,29,158,-0.265893,8.02664e-07,False
rs5750211,29,159,-0.266825,7.17549e-07,False
rs5750211,29,160,-0.27127,4.54597e-07,False
rs5750211,29,161,-0.262157,1.05409e-06,False
rs5750211,29,162,-0.277142,2.35526e-07,False
rs5750211,29,163,-0.26567,6.74952e-07,False
rs5750211,29,164,-0.246852,3.74471e-06,False
rs5750211,29,165,-0.252699,2.10383e-06,False
rs5750211,29,166,-0.261984,8.58645e-07,False
rs5750211,29,167,-0.262668,7.68915e-07,False
rs5750211,29,168,-0.262835,7.27419e-07,False
rs5750211,29,169,-0.270678,3.20021e-07,False
rs5750211,29,170,-0.258838,9.71602e-07,False
rs5750211,29,171,-0.261616,7.04548e-07,False
rs5750211,29,172,-0.262162,6.5283e-07,False
rs5750211,29,173,-0.27741,1.35007e-07,False
rs5750211,29,174,-0.273909,1.82364e-07,False
rs5750211,29,175,-0.273356,1.81099e-07,False
rs5750211,29,176,-0.268982,2.80194e-07,False
rs5750211,29,177,-0.269662,2.4417e-07,False
rs5750211,29,178,-0.258325,7.15084e-07,False
rs5750211,29,179,-0.268035,2.4954e-07,False
rs5750211,29,180,-0.252142,1.21096e-06,False
rs5750211,29,181,-0.262165,4.17418e-07,False
rs5750211,29,182,-0.259345,5.42033e-07,False
rs5750211,29,183,-0.24868,1.4464e-06,False
rs5750211,29,184,-0.262781,3.55723e-07,False
rs5750211,29,185,-0.258411,5.14557e-07,False
rs5750211,29,186,-0.262193,3.23799e-07,False
rs5750211,29,187,-0.269177,1.54099e-07,False
rs5750211,29,188,-0.2624,3.12027e-07,False
rs5750211,29,189,-0.252396,8.0143e-07,False
rs5750211,29,190,-0.262069,2.88793e-07,False
rs5750211,29,191,-0.252148,7.66614e-07,False
rs5750211,29,192,-0.261273,2.93995e-07,False
rs5750211,29,193,-0.257038,4.58331e-07,False
rs5750211,29,194,-0.252318,6.96566e-07,False
rs5750211,29,195,-0.270651,1.02945e-07,False
rs5750211,29,196,-0.262692,2.513e-07,False
rs5750211,29,197,-0.263765,2.1909e-07,False
rs5750211,29,198,-0.261656,2.74917e-07,False
rs5750211,29,199,-0.259346,3.45669e-07,False
rs5750211,29,200,-0.265483,1.91007e-07,False
rs5750211,29,201,-0.246982,1.30564e-06,False
rs5750211,29,202,-0.245641,1.56871e-06,False
rs5750211,29,203,-0.253266,7.7059e-07,False
rs5750211,29,204,-0.246027,1.57673e-06,False
rs5750211,29,205,-0.256932,5.57226e-07,False
rs5750211,29,206,-0.253573,8.21396e-07,False
rs5750211,29,207,-0.246249,1.78118e-06,False
rs5750211,29,208,-0.254404,8.72218e-07,False
rs5750211,29,209,-0.251483,1.26532e-06,False
rs5750211,29,210,-0.258493,6.65007e-07,False
rs5750211,29,211,-0.2396,4.27474e-06,False
rs5750211,29,212,-0.257974,8.37321e-07,False
rs5750211,29,213,-0.265647,4.202e-07,False
rs5750211,29,214,-0.264863,5.41916e-07,False
rs5750211,29,215,-0.252849,1.88271e-06,False
rs5750211,29,216,-0.251995,2.30055e-06,False
rs5750211,29,217,-0.254832,1.97789e-06,False
rs5750211,29,218,-0.252592,2.86986e-06,False
rs5750211,29,219,-0.262307,1.34434e-06,False
rs5750211,29,220,-0.265361,1.20445e-06,False
rs5750211,29,221,-0.248309,6.56713e-06,False
rs5750211,29,222,-0.240895,1.39133e-05,False
rs5750211,29,223,-0.257608,3.95905e-06,False
rs5750211,29,224,-0.259238,4.26318e-06,False
rs5750211,29,225,-0.252599,8.78596e-06,False
rs5750211,29,226,-0.250225,1.27151e-05,False
rs5750211,29,227,-0.26983,3.16787e-06,False
rs5750211,29,228,-0.253738,1.40819e-05,False
rs5750211,29,229,-0.264752,7.28245e-06,False
rs5750211,29,230,-0.262659,1.07065e-05,False
rs5750211,29,231,-0.262739,1.30945e-05,False
rs5750211,29,232,-0.257883,2.39818e-05,False
rs5750211,29,233,-0.263406,1.99397e-05,False
rs5750211,29,234,-0.271336,1.40588e-05,False
rs5750211,29,235,-0.266872,2.54855e-05,False
rs5750211,29,236,-0.270711,2.4081e-05,False
rs5750211,29,237,-0.256719,7.88048e-05,False
rs5750211,29,238,-0.247775,0.000166452,False
rs5750211,29,239,-0.272465,4.37489e-05,False
rs5750211,29,240,-0.272039,5.7088e-05,False
rs5750211,29,241,-0.261087,0.000139086,False
rs5750211,29,242,-0.263381,0.000152452,False
rs5750211,29,243,-0.260693,0.000219588,False
rs5750211,29,244,-0.268552,0.000174327,False
rs5750211,29,245,-0.263663,0.000285742,False
rs5750211,29,246,-0.247682,0.000781198,False
rs5750211,29,247,-0.276614,0.000215071,False
rs5750211,29,248,-0.276053,0.000282293,False
rs5750211,29,249,-0.269405,0.000472406,False
rs5750211,29,250,-0.27574,0.000413516,False
rs5750211,29,251,-0.297665,0.000164811,False
rs5750211,30,6,-0.139961,0.000565251,False
rs5750211,30,7,-0.136874,0.000685056,False
rs5750211,30,8,-0.153894,0.000118956,False
rs5750211,30,9,-0.125889,0.00150694,False
rs5750211,30,10,-0.133087,0.000733509,False
rs5750211,30,11,-0.151047,0.000117493,False
rs5750211,30,12,-0.135852,0.000483657,False
rs5750211,30,13,-0.14109,0.000282591,False
rs5750211,30,14,-0.156199,5.21435e-05,False
rs5750211,30,15,-0.141756,0.000228147,False
rs5750211,30,16,-0.140086,0.000279331,False
rs5750211,30,17,-0.155978,4.96871e-05,False
rs5750211,30,18,-0.148857,0.000108941,False
rs5750211,30,19,-0.148232,0.000112638,False
rs5750211,30,20,-0.150017,9.64657e-05,False
rs5750211,30,21,-0.146885,0.000134646,False
rs5750211,30,22,-0.136474,0.000396266,False
rs5750211,30,23,-0.156868,4.80479e-05,False
rs5750211,30,24,-0.147396,0.000134543,False
rs5750211,30,25,-0.16925,1.17419e-05,False
rs5750211,30,26,-0.141573,0.000252716,False
rs5750211,30,27,-0.155004,6.32586e-05,False
rs5750211,30,28,-0.148946,0.000123435,False
rs5750211,30,29,-0.152628,8.19354e-05,False
rs5750211,30,30,-0.15993,3.94857e-05,False
rs5750211,30,31,-0.154145,7.58713e-05,False
rs5750211,30,32,-0.160723,3.89724e-05,False
rs5750211,30,33,-0.162038,3.31944e-05,False
rs5750211,30,34,-0.173782,9.23852e-06,False
rs5750211,30,35,-0.165252,2.61493e-05,False
rs5750211,30,36,-0.155563,7.69146e-05,False
rs5750211,30,37,-0.165812,2.72179e-05,False
rs5750211,30,38,-0.167877,2.30281e-05,False
rs5750211,30,39,-0.166465,2.78907e-05,False
rs5750211,30,40,-0.169051,2.16804e-05,False
rs5750211,30,41,-0.180034,6.64063e-06,False
rs5750211,30,42,-0.163042,4.94725e-05,False
rs5750211,30,43,-0.163061,4.9688e-05,False
rs5750211,30,44,-0.163086,5.44522e-05,False
rs5750211,30,45,-0.167484,3.63595e-05,False
rs5750211,30,46,-0.171699,2.43017e-05,False
rs5750211,30,47,-0.175104,1.86563e-05,False
rs5750211,30,48,-0.168769,3.787e-05,False
rs5750211,30,49,-0.170014,3.49194e-05,False
rs5750211,30,50,-0.165358,6.27155e-05,False
rs5750211,30,51,-0.1674,5.38227e-05,False
rs5750211,30,52,-0.168034,5.08226e-05,False
rs5750211,30,53,-0.182342,1.20092e-05,False
rs5750211,30,54,-0.167072,6.57358e-05,False
rs5750211,30,55,-0.17836,2.11973e-05,False
rs5750211,30,56,-0.177212,2.50958e-05,False
rs5750211,30,57,-0.180663,1.91281e-05,False
rs5750211,30,58,-0.187785,9.56158e-06,False
rs5750211,30,59,-0.168704,7.62372e-05,False
rs5750211,30,60,-0.181009,2.30529e-05,False
rs5750211,30,61,-0.164411,0.000130103,False
rs5750211,30,62,-0.169514,8.30304e-05,False
rs5750211,30,63,-0.176018,4.82114e-05,False
rs5750211,30,64,-0.173264,6.90343e-05,False
rs5750211,30,65,-0.175135,5.89189e-05,False
rs5750211,30,66,-0.174205,7.0572e-05,False
rs5750211,30,67,-0.169493,0.000115081,False
rs5750211,30,68,-0.175798,6.93886e-05,False
rs5750211,30,69,-0.186062,2.70883e-05,False
rs5750211,30,70,-0.184304,3.57913e-05,False
rs5750211,30,71,-0.184321,3.8619e-05,False
rs5750211,30,72,-0.191343,2.13986e-05,False
rs5750211,30,73,-0.184418,4.61548e-05,False
rs5750211,30,74,-0.207223,5.14769e-06,False
rs5750211,30,75,-0.218451,1.67244e-06,False
rs5750211,30,76,-0.216617,2.30837e-06,False
rs5750211,30,77,-0.216017,2.93228e-06,False
rs5750211,30,78,-0.201269,1.39095e-05,False
rs5750211,30,79,-0.214912,3.94528e-06,False
rs5750211,30,80,-0.220721,2.45406e-06,False
rs5750211,30,81,-0.206687,1.13146e-05,False
rs5750211,30,82,-0.224349,1.97483e-06,False
rs5750211,30,83,-0.231776,1.01979e-06,False
rs5750211,30,84,-0.223247,2.76221e-06,False
rs5750211,30,85,-0.233722,9.94539e-07,False
rs5750211,30,86,-0.221964,3.71182e-06,False
rs5750211,30,87,-0.207728,1.59694e-05,False
rs5750211,30,88,-0.227437,2.69785e-06,False
rs5750211,30,89,-0.219617,6.19463e-06,False
rs5750211,30,90,-0.216107,9.32009e-06,False
rs5750211,30,91,-0.215383,1.0789e-05,False
rs5750211,30,92,-0.226854,3.89342e-06,False
rs5750211,30,93,-0.223798,5.779e-06,False
rs5750211,30,94,-0.215204,1.38132e-05,False
rs5750211,30,95,-0.220892,8.72553e-06,False
rs5750211,30,96,-0.225534,6.18282e-06,False
rs5750211,30,97,-0.227293,5.84789e-06,False
rs5750211,30,98,-0.225553,7.25952e-06,False
rs5750211,30,99,-0.215068,2.06364e-05,False
rs5750211,30,100,-0.224113,9.72823e-06,False
rs5750211,30,101,-0.228137,7.26051e-06,False
rs5750211,30,102,-0.225344,1.02957e-05,False
rs5750211,30,103,-0.220852,1.61185e-05,False
rs5750211,30,104,-0.217466,2.29316e-05,False
rs5750211,30,105,-0.215191,2.93077e-05,False
rs5750211,30,106,-0.224633,1.35239e-05,False
rs5750211,30,107,-0.229575,9.30383e-06,False
rs5750211,30,108,-0.23022,9.44737e-06,False
rs5750211,30,109,-0.232685,8.25659e-06,False
rs5750211,30,110,-0.224093,1.79729e-05,False
rs5750211,30,111,-0.222422,2.2017e-05,False
rs5750211,30,112,-0.227476,1.48947e-05,False
rs5750211,30,113,-0.222679,2.4082e-05,False
rs5750211,30,114,-0.229088,1.4776e-05,False
rs5750211,30,115,-0.237801,7.26051e-06,False
rs5750211,30,116,-0.223966,2.49513e-05,False
rs5750211,30,117,-0.220056,3.57461e-05,False
rs5750211,30,118,-0.215313,5.49807e-05,False
rs5750211,30,119,-0.229924,1.75178e-05,False
rs5750211,30,120,-0.220627,3.90501e-05,False
rs5750211,30,121,-0.212514,7.82566e-05,False
rs5750211,30,122,-0.210698,9.26006e-05,False
rs5750211,30,123,-0.223356,3.49667e-05,False
rs5750211,30,124,-0.22756,2.57382e-05,False
rs5750211,30,125,-0.224653,3.34049e-05,False
rs5750211,30,126,-0.225792,3.1018e-05,False
rs5750211,30,127,-0.224112,3.63556e-05,False
rs5750211,30,128,-0.231099,2.11675e-05,False
rs5750211,30,129,-0.227933,2.81854e-05,False
rs5750211,30,130,-0.227395,3.0169e-05,False
rs5750211,30,131,-0.232024,2.12245e-05,False
rs5750211,30,132,-0.232594,2.1012e-05,False
rs5750211,30,133,-0.222216,4.85189e-05,False
rs5750211,30,134,-0.241976,1.0032e-05,False
rs5750211,30,135,-0.227446,3.40422e-05,False
rs5750211,30,136,-0.22074,5.78689e-05,False
rs5750211,30,137,-0.24449,8.58989e-06,False
rs5750211,30,138,-0.240364,1.23481e-05,False
rs5750211,30,139,-0.232732,2.26841e-05,False
rs5750211,30,140,-0.240407,1.22741e-05,False
rs5750211,30,141,-0.243812,9.1879e-06,False
rs5750211,30,142,-0.239663,1.26306e-05,False
rs5750211,30,143,-0.235707,1.78124e-05,False
rs5750211,30,144,-0.243505,9.26886e-06,False
rs5750211,30,145,-0.243198,9.54122e-06,False
rs5750211,30,146,-0.247002,6.74656e-06,False
rs5750211,30,147,-0.234092,1.96652e-05,False
rs5750211,30,148,-0.243681,8.87764e-06,False
rs5750211,30,149,-0.263627,1.50756e-06,False
rs5750211,30,150,-0.267318,1.01094e-06,False
rs5750211,30,151,-0.260728,1.8419e-06,False
rs5750211,30,152,-0.256186,2.74302e-06,False
rs5750211,30,153,-0.256285,2.67171e-06,False
rs5750211,30,154,-0.255588,2.78389e-06,False
rs5750211,30,155,-0.262719,1.36341e-06,False
rs5750211,30,156,-0.25909,1.86594e-06,False
rs5750211,30,157,-0.258489,1.93067e-06,False
rs5750211,30,158,-0.256386,2.29738e-06,False
rs5750211,30,159,-0.249791,3.99785e-06,False
rs5750211,30,160,-0.263083,1.1585e-06,False
rs5750211,30,161,-0.264258,1.01879e-06,False
rs5750211,30,162,-0.254964,2.31422e-06,False
rs5750211,30,163,-0.258896,1.55376e-06,False
rs5750211,30,164,-0.273355,3.72613e-07,False
rs5750211,30,165,-0.26116,1.14562e-06,False
rs5750211,30,166,-0.260442,1.16924e-06,False
rs5750211,30,167,-0.267403,5.94229e-07,False
rs5750211,30,168,-0.264983,7.1594e-07,False
rs5750211,30,169,-0.26318,8.23961e-07,False
rs5750211,30,170,-0.269622,4.13003e-07,False
rs5750211,30,171,-0.276189,2.01009e-07,False
rs5750211,30,172,-0.271397,3.06102e-07,False
rs5750211,30,173,-0.265134,5.56583e-07,False
rs5750211,30,174,-0.2627,6.60664e-07,False
rs5750211,30,175,-0.264235,5.48255e-07,False
rs5750211,30,176,-0.260603,7.58345e-07,False
rs5750211,30,177,-0.256613,1.09427e-06,False
rs5750211,30,178,-0.264346,4.86522e-07,False
rs5750211,30,179,-0.269048,2.90441e-07,False
rs5750211,30,180,-0.266795,3.33719e-07,False
rs5750211,30,181,-0.257505,7.9181e-07,False
rs5750211,30,182,-0.260566,5.73495e-07,False
rs5750211,30,183,-0.265127,3.42066e-07,False
rs5750211,30,184,-0.265469,3.10789e-07,False
rs5750211,30,185,-0.266599,2.68053e-07,False
rs5750211,30,186,-0.265296,2.84112e-07,False
rs5750211,30,187,-0.273478,1.14225e-07,False
rs5750211,30,188,-0.277642,6.98912e-08,False
rs5750211,30,189,-0.274865,8.95439e-08,False
rs5750211,30,190,-0.270657,1.44655e-07,False
rs5750211,30,191,-0.265558,2.33446e-07,False
rs5750211,30,192,-0.277786,6.06783e-08,False
rs5750211,30,193,-0.297353,6.50366e-09,False
rs5750211,30,194,-0.281604,3.93104e-08,False
rs5750211,30,195,-0.276642,6.28903e-08,False
rs5750211,30,196,-0.272756,9.79505e-08,False
rs5750211,30,197,-0.292389,1.14194e-08,False
rs5750211,30,198,-0.278901,5.15688e-08,False
rs5750211,30,199,-0.274289,8.4982e-08,False
rs5750211,30,200,-0.266132,2.07154e-07,False
rs5750211,30,201,-0.27088,1.26407e-07,False
rs5750211,30,202,-0.265264,2.403e-07,False
rs5750211,30,203,-0.258007,5.10703e-07,False
rs5750211,30,204,-0.251921,9.54126e-07,False
rs5750211,30,205,-0.257468,5.65318e-07,False
rs5750211,30,206,-0.257696,5.77309e-07,False
rs5750211,30,207,-0.257292,6.24756e-07,False
rs5750211,30,208,-0.264822,3.09297e-07,False
rs5750211,30,209,-0.231162,8.47292e-06,False
rs5750211,30,210,-0.246674,2.16836e-06,False
rs5750211,30,211,-0.246326,2.3947e-06,False
rs5750211,30,212,-0.246519,2.60894e-06,False
rs5750211,30,213,-0.258877,8.55827e-07,False
rs5750211,30,214,-0.258339,9.95199e-07,False
rs5750211,30,215,-0.264324,6.35693e-07,False
rs5750211,30,216,-0.247393,3.44546e-06,False
rs5750211,30,217,-0.25283,2.36728e-06,False
rs5750211,30,218,-0.241202,7.45805e-06,False
rs5750211,30,219,-0.245843,5.95942e-06,False
rs5750211,30,220,-0.241766,9.32504e-06,False
rs5750211,30,221,-0.259802,2.2605e-06,False
rs5750211,30,222,-0.263468,1.92383e-06,False
rs5750211,30,223,-0.268595,1.46473e-06,False
rs5750211,30,224,-0.253281,6.5358e-06,False
rs5750211,30,225,-0.258874,4.83272e-06,False
rs5750211,30,226,-0.258475,5.98564e-06,False
rs5750211,30,227,-0.253688,1.06035e-05,False
rs5750211,30,228,-0.242742,2.99093e-05,False
rs5750211,30,229,-0.255268,1.36705e-05,False
rs5750211,30,230,-0.246603,3.23361e-05,False
rs5750211,30,231,-0.250354,3.02423e-05,False
rs5750211,30,232,-0.249447,3.91843e-05,False
rs5750211,30,233,-0.252157,3.94406e-05,False
rs5750211,30,234,-0.26241,2.41361e-05,False
rs5750211,30,235,-0.25184,6.2258e-05,False
rs5750211,30,236,-0.240312,0.000159682,False
rs5750211,30,237,-0.252812,8.83442e-05,False
rs5750211,30,238,-0.263753,5.45484e-05,False
rs5750211,30,239,-0.247314,0.000194625,False
rs5750211,30,240,-0.256227,0.000139257,False
rs5750211,30,241,-0.259795,0.000138697,False
rs5750211,30,242,-0.268785,0.000103944,False
rs5750211,30,243,-0.275876,8.52663e-05,False
rs5750211,30,244,-0.270972,0.000143645,False
rs5750211,30,245,-0.290149,6.1316e-05,False
rs5750211,30,246,-0.279197,0.000144062,False
rs5750211,30,247,-0.279866,0.000176512,False
rs5750211,30,248,-0.273228,0.000307851,False
rs5750211,30,249,-0.294325,0.000126955,False
rs5750211,30,250,-0.291654,0.000178924,False
rs5750211,30,251,-0.312574,7.33844e-05,False
rs5750211,31,6,-0.156085,0.000132372,False
rs5750211,31,7,-0.15066,0.00021044,False
rs5750211,31,8,-0.146426,0.00027824,False
rs5750211,31,9,-0.149748,0.000184427,False
rs5750211,31,10,-0.152079,0.000130712,False
rs5750211,31,11,-0.138191,0.000465841,False
rs5750211,31,12,-0.132872,0.000695643,False
rs5750211,31,13,-0.144499,0.000214359,False
rs5750211,31,14,-0.128972,0.000933844,False
rs5750211,31,15,-0.144553,0.000188916,False
rs5750211,31,16,-0.141961,0.000242117,False
rs5750211,31,17,-0.136026,0.000425329,False
rs5750211,31,18,-0.131674,0.000648393,False
rs5750211,31,19,-0.131258,0.000651961,False
rs5750211,31,20,-0.134535,0.000501077,False
rs5750211,31,21,-0.131313,0.000658229,False
rs5750211,31,22,-0.156629,4.90913e-05,False
rs5750211,31,23,-0.138021,0.000356415,False
rs5750211,31,24,-0.139071,0.000324637,False
rs5750211,31,25,-0.152009,8.69726e-05,False
rs5750211,31,26,-0.142105,0.000244513,False
rs5750211,31,27,-0.165341,2.10141e-05,False
rs5750211,31,28,-0.150622,0.000107914,False
rs5750211,31,29,-0.14962,0.000120932,False
rs5750211,31,30,-0.148381,0.000145403,False
rs5750211,31,31,-0.147654,0.000157891,False
rs5750211,31,32,-0.150787,0.000118654,False
rs5750211,31,33,-0.155396,7.60303e-05,False
rs5750211,31,34,-0.140859,0.000342027,False
rs5750211,31,35,-0.145207,0.000231384,False
rs5750211,31,36,-0.152484,0.000111401,False
rs5750211,31,37,-0.168304,2.1988e-05,False
rs5750211,31,38,-0.149537,0.000171824,False
rs5750211,31,39,-0.136718,0.000610061,False
rs5750211,31,40,-0.148198,0.000214419,False
rs5750211,31,41,-0.155855,0.000101989,False
rs5750211,31,42,-0.137382,0.000650702,False
rs5750211,31,43,-0.161089,6.66112e-05,False
rs5750211,31,44,-0.145356,0.000344605,False
rs5750211,31,45,-0.144254,0.000383713,False
rs5750211,31,46,-0.146191,0.000341587,False
rs5750211,31,47,-0.141405,0.000549155,False
rs5750211,31,48,-0.153834,0.000183501,False
rs5750211,31,49,-0.146193,0.000407472,False
rs5750211,31,50,-0.156242,0.000161163,False
rs5750211,31,51,-0.148103,0.00037113,False
rs5750211,31,52,-0.132217,0.00155047,False
rs5750211,31,53,-0.159644,0.000136278,False
rs5750211,31,54,-0.168348,6.11758e-05,False
rs5750211,31,55,-0.154469,0.000251832,False
rs5750211,31,56,-0.15517,0.000248514,False
rs5750211,31,57,-0.153415,0.000303203,False
rs5750211,31,58,-0.168712,7.48555e-05,False
rs5750211,31,59,-0.169808,7.23969e-05,False
rs5750211,31,60,-0.155788,0.000282867,False
rs5750211,31,61,-0.183487,2.01829e-05,False
rs5750211,31,62,-0.177507,4.03979e-05,False
rs5750211,31,63,-0.170036,9.19873e-05,False
rs5750211,31,64,-0.178267,4.3211e-05,False
rs5750211,31,65,-0.189763,1.48495e-05,False
rs5750211,31,66,-0.181586,3.61834e-05,False
rs5750211,31,67,-0.188007,2.05016e-05,False
rs5750211,31,68,-0.183948,3.43078e-05,False
rs5750211,31,69,-0.171717,0.000122007,False
rs5750211,31,70,-0.181924,5.10277e-05,False
rs5750211,31,71,-0.185084,4.1003e-05,False
rs5750211,31,72,-0.191354,2.4e-05,False
rs5750211,31,73,-0.201606,9.38425e-06,False
rs5750211,31,74,-0.189391,3.436e-05,False
rs5750211,31,75,-0.203479,9.67263e-06,False
rs5750211,31,76,-0.213538,3.78231e-06,False
rs5750211,31,77,-0.213008,4.60349e-06,False
rs5750211,31,78,-0.211103,5.88427e-06,False
rs5750211,31,79,-0.205827,1.07605e-05,False
rs5750211,31,80,-0.220994,2.75794e-06,False
rs5750211,31,81,-0.212179,7.29701e-06,False
rs5750211,31,82,-0.19877,2.95918e-05,False
rs5750211,31,83,-0.19973,2.87343e-05,False
rs5750211,31,84,-0.207261,1.54447e-05,False
rs5750211,31,85,-0.215747,7.77727e-06,False
rs5750211,31,86,-0.211634,1.21558e-05,False
rs5750211,31,87,-0.198646,4.26491e-05,False
rs5750211,31,88,-0.206109,2.34408e-05,False
rs5750211,31,89,-0.194306,7.11479e-05,False
rs5750211,31,90,-0.196808,6.22569e-05,False
rs5750211,31,91,-0.212383,1.68317e-05,False
rs5750211,31,92,-0.212001,1.86861e-05,False
rs5750211,31,93,-0.21816,1.15108e-05,False
rs5750211,31,94,-0.203527,4.59603e-05,False
rs5750211,31,95,-0.210542,2.68513e-05,False
rs5750211,31,96,-0.215718,1.84176e-05,False
rs5750211,31,97,-0.217359,1.67556e-05,False
rs5750211,31,98,-0.220419,1.36289e-05,False
rs5750211,31,99,-0.216346,2.10616e-05,False
rs5750211,31,100,-0.218528,1.85557e-05,False
rs5750211,31,101,-0.213115,3.19951e-05,False
rs5750211,31,102,-0.214306,3.06717e-05,False
rs5750211,31,103,-0.214604,3.12299e-05,False
rs5750211,31,104,-0.234614,5.67542e-06,False
rs5750211,31,105,-0.228311,1.05384e-05,False
rs5750211,31,106,-0.224983,1.50901e-05,False
rs5750211,31,107,-0.224448,1.64396e-05,False
rs5750211,31,108,-0.242387,3.51386e-06,False
rs5750211,31,109,-0.226604,1.55845e-05,False
rs5750211,31,110,-0.217949,3.33103e-05,False
rs5750211,31,111,-0.209404,6.96897e-05,False
rs5750211,31,112,-0.216952,4.01925e-05,False
rs5750211,31,113,-0.227364,1.79295e-05,False
rs5750211,31,114,-0.222914,2.67648e-05,False
rs5750211,31,115,-0.22168,3.07636e-05,False
rs5750211,31,116,-0.217088,4.59369e-05,False
rs5750211,31,117,-0.216738,4.92474e-05,False
rs5750211,31,118,-0.217799,4.86156e-05,False
rs5750211,31,119,-0.22203,3.66587e-05,False
rs5750211,31,120,-0.222023,3.78645e-05,False
rs5750211,31,121,-0.230886,1.90281e-05,False
rs5750211,31,122,-0.226981,2.6929e-05,False
rs5750211,31,123,-0.231016,1.99675e-05,False
rs5750211,31,124,-0.215481,7.16375e-05,False
rs5750211,31,125,-0.208068,0.000128409,False
rs5750211,31,126,-0.21431,8.12652e-05,False
rs5750211,31,127,-0.222375,4.55607e-05,False
rs5750211,31,128,-0.230177,2.45548e-05,False
rs5750211,31,129,-0.232855,1.98426e-05,False
rs5750211,31,130,-0.227929,3.02806e-05,False
rs5750211,31,131,-0.229159,2.83223e-05,False
rs5750211,31,132,-0.231468,2.387e-05,False
rs5750211,31,133,-0.230065,2.72871e-05,False
rs5750211,31,134,-0.232432,2.27139e-05,False
rs5750211,31,135,-0.234227,2.00964e-05,False
rs5750211,31,136,-0.236173,1.71558e-05,False
rs5750211,31,137,-0.235369,1.81252e-05,False
rs5750211,31,138,-0.247994,6.44744e-06,False
rs5750211,31,139,-0.242711,1.03091e-05,False
rs5750211,31,140,-0.250846,5.14226e-06,False
rs5750211,31,141,-0.258758,2.58184e-06,False
rs5750211,31,142,-0.259225,2.52619e-06,False
rs5750211,31,143,-0.241281,1.16317e-05,False
rs5750211,31,144,-0.241734,1.1254e-05,False
rs5750211,31,145,-0.251944,4.70654e-06,False
rs5750211,31,146,-0.250991,5.17883e-06,False
rs5750211,31,147,-0.241811,1.13471e-05,False
rs5750211,31,148,-0.239625,1.33275e-05,False
rs5750211,31,149,-0.252662,4.33004e-06,False
rs5750211,31,150,-0.240081,1.22246e-05,False
rs5750211,31,151,-0.218261,6.95033e-05,False
rs5750211,31,152,-0.238649,1.36354e-05,False
rs5750211,31,153,-0.231948,2.36435e-05,False
rs5750211,31,154,-0.231958,2.25196e-05,False
rs5750211,31,155,-0.236185,1.5707e-05,False
rs5750211,31,156,-0.253204,3.5885e-06,False
rs5750211,31,157,-0.238555,1.24991e-05,False
rs5750211,31,158,-0.243139,8.32967e-06,False
rs5750211,31,159,-0.242129,8.79847e-06,False
rs5750211,31,160,-0.232803,1.88108e-05,False
rs5750211,31,161,-0.24193,8.45752e-06,False
rs5750211,31,162,-0.236854,1.27405e-05,False
rs5750211,31,163,-0.229456,2.30078e-05,False
rs5750211,31,164,-0.232591,1.74431e-05,False
rs5750211,31,165,-0.237228,1.12145e-05,False
rs5750211,31,166,-0.233258,1.52844e-05,False
rs5750211,31,167,-0.237965,1.0091e-05,False
rs5750211,31,168,-0.23195,1.57237e-05,False
rs5750211,31,169,-0.244722,4.91087e-06,False
rs5750211,31,170,-0.242986,5.64735e-06,False
rs5750211,31,171,-0.242871,5.42229e-06,False
rs5750211,31,172,-0.246682,3.74437e-06,False
rs5750211,31,173,-0.250733,2.51739e-06,False
rs5750211,31,174,-0.251945,2.13247e-06,False
rs5750211,31,175,-0.246758,3.33306e-06,False
rs5750211,31,176,-0.240541,5.51677e-06,False
rs5750211,31,177,-0.246319,3.06828e-06,False
rs5750211,31,178,-0.235794,7.6977e-06,False
rs5750211,31,179,-0.226975,1.63368e-05,False
rs5750211,31,180,-0.243784,3.3621e-06,False
rs5750211,31,181,-0.237296,5.69788e-06,False
rs5750211,31,182,-0.250413,1.67367e-06,False
rs5750211,31,183,-0.246042,2.40592e-06,False
rs5750211,31,184,-0.257913,7.49454e-07,False
rs5750211,31,185,-0.245343,2.39845e-06,False
rs5750211,31,186,-0.247519,1.85219e-06,False
rs5750211,31,187,-0.249279,1.52208e-06,False
rs5750211,31,188,-0.261122,4.3303e-07,False
rs5750211,31,189,-0.248133,1.52185e-06,False
rs5750211,31,190,-0.244628,1.98681e-06,False
rs5750211,31,191,-0.252287,9.48305e-07,False
rs5750211,31,192,-0.256918,5.49295e-07,False
rs5750211,31,193,-0.242845,2.13421e-06,False
rs5750211,31,194,-0.244349,1.88302e-06,False
rs5750211,31,195,-0.241991,2.36884e-06,False
rs5750211,31,196,-0.245457,1.68594e-06,False
rs5750211,31,197,-0.245971,1.60073e-06,False
rs5750211,31,198,-0.236643,3.88272e-06,False
rs5750211,31,199,-0.212565,3.41581e-05,False
rs5750211,31,200,-0.230659,6.96719e-06,False
rs5750211,31,201,-0.226499,1.0071e-05,False
rs5750211,31,202,-0.228318,8.57984e-06,False
rs5750211,31,203,-0.234664,4.71591e-06,False
rs5750211,31,204,-0.221767,1.58911e-05,False
rs5750211,31,205,-0.224809,1.22982e-05,False
rs5750211,31,206,-0.229255,8.64117e-06,False
rs5750211,31,207,-0.224421,1.38804e-05,False
rs5750211,31,208,-0.228134,1.02308e-05,False
rs5750211,31,209,-0.226485,1.25668e-05,False
rs5750211,31,210,-0.222257,1.91517e-05,False
rs5750211,31,211,-0.21248,4.52051e-05,False
rs5750211,31,212,-0.210789,5.46354e-05,False
rs5750211,31,213,-0.217347,3.33161e-05,False
rs5750211,31,214,-0.23453,8.17628e-06,False
rs5750211,31,215,-0.225706,1.93756e-05,False
rs5750211,31,216,-0.221508,2.99126e-05,False
rs5750211,31,217,-0.243059,5.30753e-06,False
rs5750211,31,218,-0.241882,6.59736e-06,False
rs5750211,31,219,-0.237107,1.12886e-05,False
rs5750211,31,220,-0.243156,7.46276e-06,False
rs5750211,31,221,-0.222029,4.87064e-05,False
rs5750211,31,222,-0.236136,1.7671e-05,False
rs5750211,31,223,-0.243962,1.07097e-05,False
rs5750211,31,224,-0.249038,8.16379e-06,False
rs5750211,31,225,-0.229848,4.40232e-05,False
rs5750211,31,226,-0.243037,1.83692e-05,False
rs5750211,31,227,-0.228792,6.48692e-05,False
rs5750211,31,228,-0.249336,1.56795e-05,False
rs5750211,31,229,-0.250779,1.74325e-05,False
rs5750211,31,230,-0.243602,3.52351e-05,False
rs5750211,31,231,-0.230993,0.000105811,False
rs5750211,31,232,-0.255553,2.19133e-05,False
rs5750211,31,233,-0.251827,3.52405e-05,False
rs5750211,31,234,-0.246151,6.57169e-05,False
rs5750211,31,235,-0.244843,8.75714e-05,False
rs5750211,31,236,-0.260822,3.75455e-05,False
rs5750211,31,237,-0.249117,0.000102498,False
rs5750211,31,238,-0.269736,3.28251e-05,False
rs5750211,31,239,-0.258581,8.50087e-05,False
rs5750211,31,240,-0.280094,2.68573e-05,False
rs5750211,31,241,-0.286859,2.26449e-05,False
rs5750211,31,242,-0.277887,5.21604e-05,False
rs5750211,31,243,-0.289049,3.39592e-05,False
rs5750211,31,244,-0.285201,5.62056e-05,False
rs5750211,31,245,-0.308549,1.81369e-05,False
rs5750211,31,246,-0.306025,2.82263e-05,False
rs5750211,31,247,-0.306149,3.75375e-05,False
rs5750211,31,248,-0.325729,1.5457e-05,False
rs5750211,31,249,-0.330364,1.6171e-05,False
rs5750211,31,250,-0.336401,1.47433e-05,False
rs5750211,31,251,-0.332815,2.31464e-05,False
rs5750211,32,6,-0.11927,0.00339461,False
rs5750211,32,7,-0.124989,0.00197821,False
rs5750211,32,8,-0.114147,0.00440294,False
rs5750211,32,9,-0.122869,0.00196776,False
rs5750211,32,10,-0.114492,0.00375349,False
rs5750211,32,11,-0.121702,0.00192482,False
rs5750211,32,12,-0.115773,0.00302827,False
rs5750211,32,13,-0.121672,0.00175806,False
rs5750211,32,14,-0.139675,0.00031426,False
rs5750211,32,15,-0.137348,0.000381644,False
rs5750211,32,16,-0.146124,0.000154387,False
rs5750211,32,17,-0.156771,4.88378e-05,False
rs5750211,32,18,-0.149719,0.000102538,False
rs5750211,32,19,-0.152482,7.77011e-05,False
rs5750211,32,20,-0.146412,0.000154225,False
rs5750211,32,21,-0.15934,3.74603e-05,False
rs5750211,32,22,-0.157076,4.95251e-05,False
rs5750211,32,23,-0.150327,0.000105488,False
rs5750211,32,24,-0.147501,0.000142403,False
rs5750211,32,25,-0.158563,4.47192e-05,False
rs5750211,32,26,-0.149169,0.000129446,False
rs5750211,32,27,-0.156199,6.06533e-05,False
rs5750211,32,28,-0.145377,0.000193691,False
rs5750211,32,29,-0.159131,4.75296e-05,False
rs5750211,32,30,-0.138835,0.000396403,False
rs5750211,32,31,-0.151669,0.000111221,False
rs5750211,32,32,-0.159267,5.17561e-05,False
rs5750211,32,33,-0.151245,0.000126538,False
rs5750211,32,34,-0.151246,0.000130391,False
rs5750211,32,35,-0.156644,7.7698e-05,False
rs5750211,32,36,-0.16911,2.06188e-05,False
rs5750211,32,37,-0.162941,4.25023e-05,False
rs5750211,32,38,-0.141056,0.000413507,False
rs5750211,32,39,-0.161913,5.32583e-05,False
rs5750211,32,40,-0.156421,9.76041e-05,False
rs5750211,32,41,-0.148675,0.000223532,False
rs5750211,32,42,-0.177017,1.20333e-05,False
rs5750211,32,43,-0.154156,0.000147237,False
rs5750211,32,44,-0.151897,0.000195078,False
rs5750211,32,45,-0.167683,4.05773e-05,False
rs5750211,32,46,-0.151814,0.00021723,False
rs5750211,32,47,-0.163316,7.15104e-05,False
rs5750211,32,48,-0.166289,5.65073e-05,False
rs5750211,32,49,-0.155025,0.000183071,False
rs5750211,32,50,-0.152007,0.000254258,False
rs5750211,32,51,-0.14437,0.000547573,False
rs5750211,32,52,-0.156105,0.00019462,False
rs5750211,32,53,-0.155096,0.00023159,False
rs5750211,32,54,-0.155992,0.000219567,False
rs5750211,32,55,-0.175212,3.51772e-05,False
rs5750211,32,56,-0.152926,0.000322024,False
rs5750211,32,57,-0.15974,0.000186077,False
rs5750211,32,58,-0.16834,8.88661e-05,False
rs5750211,32,59,-0.169249,8.65988e-05,False
rs5750211,32,60,-0.152571,0.000419558,False
rs5750211,32,61,-0.176545,4.74943e-05,False
rs5750211,32,62,-0.168614,0.000113069,False
rs5750211,32,63,-0.165959,0.000156699,False
rs5750211,32,64,-0.190904,1.45224e-05,False
rs5750211,32,65,-0.171347,0.000108284,False
rs5750211,32,66,-0.167664,0.000167033,False
rs5750211,32,67,-0.167292,0.000183831,False
rs5750211,32,68,-0.180137,5.89645e-05,False
rs5750211,32,69,-0.170007,0.000161787,False
rs5750211,32,70,-0.170143,0.000171505,False
rs5750211,32,71,-0.168115,0.00022162,False
rs5750211,32,72,-0.199127,1.30059e-05,False
rs5750211,32,73,-0.183948,6.06075e-05,False
rs5750211,32,74,-0.176357,0.000132296,False
rs5750211,32,75,-0.193606,2.90035e-05,False
rs5750211,32,76,-0.187028,5.83375e-05,False
rs5750211,32,77,-0.187726,5.81537e-05,False
rs5750211,32,78,-0.188755,6.00184e-05,False
rs5750211,32,79,-0.192114,4.67289e-05,False
rs5750211,32,80,-0.188159,7.29169e-05,False
rs5750211,32,81,-0.209248,1.14129e-05,False
rs5750211,32,82,-0.208286,1.34112e-05,False
rs5750211,32,83,-0.19677,4.31435e-05,False
rs5750211,32,84,-0.185125,0.000125481,False
rs5750211,32,85,-0.185991,0.000125704,False
rs5750211,32,86,-0.203643,2.90113e-05,False
rs5750211,32,87,-0.19311,7.81548e-05,False
rs5750211,32,88,-0.205467,2.84908e-05,False
rs5750211,32,89,-0.208935,2.23685e-05,False
rs5750211,32,90,-0.202234,4.38273e-05,False
rs5750211,32,91,-0.188754,0.000144915,False
rs5750211,32,92,-0.189654,0.000145184,False
rs5750211,32,93,-0.20794,3.25034e-05,False
rs5750211,32,94,-0.213853,2.09401e-05,False
rs5750211,32,95,-0.206739,4.18333e-05,False
rs5750211,32,96,-0.217942,1.62901e-05,False
rs5750211,32,97,-0.213348,2.66429e-05,False
rs5750211,32,98,-0.203031,6.75257e-05,False
rs5750211,32,99,-0.202064,7.71307e-05,False
rs5750211,32,100,-0.193761,0.000157984,False
rs5750211,32,101,-0.211388,3.97448e-05,False
rs5750211,32,102,-0.207157,5.83057e-05,False
rs5750211,32,103,-0.207109,6.18451e-05,False
rs5750211,32,104,-0.20573,7.48118e-05,False
rs5750211,32,105,-0.19762,0.000148996,False
rs5750211,32,106,-0.211864,5.00741e-05,False
rs5750211,32,107,-0.23259,9.10593e-06,False
rs5750211,32,108,-0.219804,2.85783e-05,False
rs5750211,32,109,-0.213963,4.8267e-05,False
rs5750211,32,110,-0.21904,3.28151e-05,False
rs5750211,32,111,-0.225685,1.99986e-05,False
rs5750211,32,112,-0.219428,3.50822e-05,False
rs5750211,32,113,-0.212777,6.33976e-05,False
rs5750211,32,114,-0.219628,3.77716e-05,False
rs5750211,32,115,-0.215277,5.53664e-05,False
rs5750211,32,116,-0.218768,4.42783e-05,False
rs5750211,32,117,-0.217029,5.26658e-05,False
rs5750211,32,118,-0.211138,8.70118e-05,False
rs5750211,32,119,-0.210181,9.69956e-05,False
rs5750211,32,120,-0.225584,2.92564e-05,False
rs5750211,32,121,-0.241784,7.82163e-06,False
rs5750211,32,122,-0.252879,3.07064e-06,False
rs5750211,32,123,-0.238821,1.0642e-05,False
rs5750211,32,124,-0.217598,6.25753e-05,False
rs5750211,32,125,-0.223467,4.16334e-05,False
rs5750211,32,126,-0.23828,1.26888e-05,False
rs5750211,32,127,-0.225696,3.58713e-05,False
rs5750211,32,128,-0.235637,1.65168e-05,False
rs5750211,32,129,-0.235758,1.65508e-05,False
rs5750211,32,130,-0.240184,1.17942e-05,False
rs5750211,32,131,-0.233899,2.02429e-05,False
rs5750211,32,132,-0.238479,1.44087e-05,False
rs5750211,32,133,-0.237397,1.59458e-05,False
rs5750211,32,134,-0.216403,8.55612e-05,False
rs5750211,32,135,-0.236127,1.83448e-05,False
rs5750211,32,136,-0.233099,2.36161e-05,False
rs5750211,32,137,-0.238359,1.57367e-05,False
rs5750211,32,138,-0.243054,1.07211e-05,False
rs5750211,32,139,-0.246758,7.86094e-06,False
rs5750211,32,140,-0.253928,4.29172e-06,False
rs5750211,32,141,-0.259602,2.57449e-06,False
rs5750211,32,142,-0.261128,2.26921e-06,False
rs5750211,32,143,-0.261355,2.23053e-06,False
rs5750211,32,144,-0.257923,3.03719e-06,False
rs5750211,32,145,-0.257817,3.00012e-06,False
rs5750211,32,146,-0.274006,6.91966e-07,False
rs5750211,32,147,-0.265597,1.4746e-06,False
rs5750211,32,148,-0.267024,1.30605e-06,False
rs5750211,32,149,-0.263604,1.76224e-06,False
rs5750211,32,150,-0.252873,4.50064e-06,False
rs5750211,32,151,-0.247363,7.26946e-06,False
rs5750211,32,152,-0.234467,2.06937e-05,False
rs5750211,32,153,-0.244686,8.73474e-06,False
rs5750211,32,154,-0.240745,1.19888e-05,False
rs5750211,32,155,-0.245364,7.97786e-06,False
rs5750211,32,156,-0.252082,4.45911e-06,False
rs5750211,32,157,-0.248233,6.06387e-06,False
rs5750211,32,158,-0.256367,2.88363e-06,False
rs5750211,32,159,-0.25347,3.495e-06,False
rs5750211,32,160,-0.257339,2.41496e-06,False
rs5750211,32,161,-0.252309,3.66211e-06,False
rs5750211,32,162,-0.250266,4.30001e-06,False
rs5750211,32,163,-0.249096,4.63596e-06,False
rs5750211,32,164,-0.250254,4.05015e-06,False
rs5750211,32,165,-0.256813,2.18195e-06,False
rs5750211,32,166,-0.266266,8.82573e-07,False
rs5750211,32,167,-0.252669,2.90483e-06,False
rs5750211,32,168,-0.249545,3.67705e-06,False
rs5750211,32,169,-0.249323,3.61213e-06,False
rs5750211,32,170,-0.241484,6.96771e-06,False
rs5750211,32,171,-0.248478,3.68843e-06,False
rs5750211,32,172,-0.256296,1.7631e-06,False
rs5750211,32,173,-0.264009,8.40107e-07,False
rs5750211,32,174,-0.262546,9.24288e-07,False
rs5750211,32,175,-0.237033,9.0416e-06,False
rs5750211,32,176,-0.254644,1.72635e-06,False
rs5750211,32,177,-0.249653,2.68687e-06,False
rs5750211,32,178,-0.243603,4.40909e-06,False
rs5750211,32,179,-0.259539,9.39588e-07,False
rs5750211,32,180,-0.247529,2.82062e-06,False
rs5750211,32,181,-0.243129,3.96382e-06,False
rs5750211,32,182,-0.256268,1.1453e-06,False
rs5750211,32,183,-0.245171,3.02055e-06,False
rs5750211,32,184,-0.24599,2.68579e-06,False
rs5750211,32,185,-0.247479,2.24729e-06,False
rs5750211,32,186,-0.242456,3.46771e-06,False
rs5750211,32,187,-0.245705,2.53451e-06,False
rs5750211,32,188,-0.238802,4.34729e-06,False
rs5750211,32,189,-0.247427,1.87156e-06,False
rs5750211,32,190,-0.238718,4.14069e-06,False
rs5750211,32,191,-0.243115,2.59692e-06,False
rs5750211,32,192,-0.259315,5.05837e-07,False
rs5750211,32,193,-0.261411,4.09608e-07,False
rs5750211,32,194,-0.255625,6.95482e-07,False
rs5750211,32,195,-0.257035,5.97201e-07,False
rs5750211,32,196,-0.249496,1.20346e-06,False
rs5750211,32,197,-0.255676,6.88415e-07,False
rs5750211,32,198,-0.250786,1.105e-06,False
rs5750211,32,199,-0.244028,2.12332e-06,False
rs5750211,32,200,-0.251613,9.99087e-07,False
rs5750211,32,201,-0.240804,2.92241e-06,False
rs5750211,32,202,-0.248076,1.46885e-06,False
rs5750211,32,203,-0.241715,2.70841e-06,False
rs5750211,32,204,-0.241556,2.87692e-06,False
rs5750211,32,205,-0.244828,2.10354e-06,False
rs5750211,32,206,-0.244737,2.27299e-06,False
rs5750211,32,207,-0.242487,2.82932e-06,False
rs5750211,32,208,-0.24585,2.1658e-06,False
rs5750211,32,209,-0.239835,3.82064e-06,False
rs5750211,32,210,-0.248178,1.78951e-06,False
rs5750211,32,211,-0.248972,1.77012e-06,False
rs5750211,32,212,-0.244325,3.02162e-06,False
rs5750211,32,213,-0.235916,6.8436e-06,False
rs5750211,32,214,-0.229823,1.2859e-05,False
rs5750211,32,215,-0.240979,5.10802e-06,False
rs5750211,32,216,-0.244995,3.80772e-06,False
rs5750211,32,217,-0.226779,2.12156e-05,False
rs5750211,32,218,-0.237042,9.62988e-06,False
rs5750211,32,219,-0.254542,2.25392e-06,False
rs5750211,32,220,-0.24788,4.68173e-06,False
rs5750211,32,221,-0.251282,3.81083e-06,False
rs5750211,32,222,-0.245644,7.15788e-06,False
rs5750211,32,223,-0.258773,2.58212e-06,False
rs5750211,32,224,-0.244187,1.07481e-05,False
rs5750211,32,225,-0.239255,1.9338e-05,False
rs5750211,32,226,-0.248162,1.10989e-05,False
rs5750211,32,227,-0.25204,9.56138e-06,False
rs5750211,32,228,-0.233496,4.84749e-05,False
rs5750211,32,229,-0.255413,1.08759e-05,False
rs5750211,32,230,-0.249785,2.03133e-05,False
rs5750211,32,231,-0.245578,3.31493e-05,False
rs5750211,32,232,-0.25457,2.16942e-05,False
rs5750211,32,233,-0.26775,1.00124e-05,False
rs5750211,32,234,-0.256716,2.90294e-05,False
rs5750211,32,235,-0.258144,3.2474e-05,False
rs5750211,32,236,-0.26242,2.99954e-05,False
rs5750211,32,237,-0.266611,2.89172e-05,False
rs5750211,32,238,-0.276849,1.8137e-05,False
rs5750211,32,239,-0.275083,2.65228e-05,False
rs5750211,32,240,-0.271001,4.50484e-05,False
rs5750211,32,241,-0.285398,2.28685e-05,False
rs5750211,32,242,-0.27202,6.88189e-05,False
rs5750211,32,243,-0.278883,5.80798e-05,False
rs5750211,32,244,-0.292242,3.33915e-05,False
rs5750211,32,245,-0.286032,6.27068e-05,False
rs5750211,32,246,-0.290108,6.49416e-05,False
rs5750211,32,247,-0.281708,0.000134571,False
rs5750211,32,248,-0.291265,0.000101493,False
rs5750211,32,249,-0.297794,8.91281e-05,False
rs5750211,32,250,-0.288216,0.000186381,False
rs5750211,32,251,-0.310038,7.38933e-05,False
rs5750211,33,6,-0.15116,0.000228827,False
rs5750211,33,7,-0.137063,0.000780775,False
rs5750211,33,8,-0.139976,0.000528514,False
rs5750211,33,9,-0.147675,0.00023484,False
rs5750211,33,10,-0.152434,0.00013217,False
rs5750211,33,11,-0.131312,0.000902132,False
rs5750211,33,12,-0.129208,0.00102062,False
rs5750211,33,13,-0.144552,0.000223614,False
rs5750211,33,14,-0.138538,0.00038533,False
rs5750211,33,15,-0.145983,0.000177079,False
rs5750211,33,16,-0.136963,0.000420374,False
rs5750211,33,17,-0.136808,0.000412127,False
rs5750211,33,18,-0.141048,0.000275599,False
rs5750211,33,19,-0.135783,0.000468309,False
rs5750211,33,20,-0.140332,0.000290697,False
rs5750211,33,21,-0.142671,0.000233592,False
rs5750211,33,22,-0.129057,0.0008861,False
rs5750211,33,23,-0.143345,0.000234367,False
rs5750211,33,24,-0.150177,0.000117151,False
rs5750211,33,25,-0.139646,0.000344512,False
rs5750211,33,26,-0.13142,0.000770862,False
rs5750211,33,27,-0.141916,0.000286425,False
rs5750211,33,28,-0.148215,0.000162484,False
rs5750211,33,29,-0.146967,0.000186102,False
rs5750211,33,30,-0.136042,0.000547864,False
rs5750211,33,31,-0.139737,0.000405827,False
rs5750211,33,32,-0.149293,0.0001645,False
rs5750211,33,33,-0.148846,0.000176144,False
rs5750211,33,34,-0.164452,3.68918e-05,False
rs5750211,33,35,-0.16273,4.53207e-05,False
rs5750211,33,36,-0.153404,0.000122687,False
rs5750211,33,37,-0.16774,2.91606e-05,False
rs5750211,33,38,-0.155902,0.000109443,False
rs5750211,33,39,-0.176732,1.16995e-05,False
rs5750211,33,40,-0.157708,9.80198e-05,False
rs5750211,33,41,-0.150301,0.000215926,False
rs5750211,33,42,-0.159077,9.33589e-05,False
rs5750211,33,43,-0.162027,7.32846e-05,False
rs5750211,33,44,-0.156332,0.000138486,False
rs5750211,33,45,-0.148363,0.000310377,False
rs5750211,33,46,-0.149865,0.000287632,False
rs5750211,33,47,-0.149847,0.000304196,False
rs5750211,33,48,-0.155647,0.000179923,False
rs5750211,33,49,-0.164297,8.03468e-05,False
rs5750211,33,50,-0.164881,8.25709e-05,False
rs5750211,33,51,-0.131229,0.00177506,False
rs5750211,33,52,-0.155194,0.000234657,False
rs5750211,33,53,-0.157324,0.000210017,False
rs5750211,33,54,-0.150648,0.000399258,False
rs5750211,33,55,-0.160017,0.000175256,False
rs5750211,33,56,-0.145008,0.00070873,False
rs5750211,33,57,-0.154437,0.000331583,False
rs5750211,33,58,-0.15852,0.000248711,False
rs5750211,33,59,-0.164599,0.000154293,False
rs5750211,33,60,-0.158102,0.000286367,False
rs5750211,33,61,-0.15428,0.00042299,False
rs5750211,33,62,-0.166676,0.000147579,False
rs5750211,33,63,-0.174651,7.54285e-05,False
rs5750211,33,64,-0.158165,0.000361603,False
rs5750211,33,65,-0.171907,0.000114293,False
rs5750211,33,66,-0.175475,8.82733e-05,False
rs5750211,33,67,-0.188386,2.81574e-05,False
rs5750211,33,68,-0.175233,0.000104627,False
rs5750211,33,69,-0.183294,5.35587e-05,False
rs5750211,33,70,-0.193793,2.16373e-05,False
rs5750211,33,71,-0.180229,8.51873e-05,False
rs5750211,33,72,-0.179902,9.18765e-05,False
rs5750211,33,73,-0.192149,3.32797e-05,False
rs5750211,33,74,-0.191991,3.76275e-05,False
rs5750211,33,75,-0.181676,0.000103925,False
rs5750211,33,76,-0.199366,2.24056e-05,False
rs5750211,33,77,-0.189375,5.95231e-05,False
rs5750211,33,78,-0.196532,3.42949e-05,False
rs5750211,33,79,-0.195224,4.1171e-05,False
rs5750211,33,80,-0.191772,6.16469e-05,False
rs5750211,33,81,-0.198641,3.75009e-05,False
rs5750211,33,82,-0.190795,7.66907e-05,False
rs5750211,33,83,-0.180926,0.000194089,False
rs5750211,33,84,-0.182527,0.000179875,False
rs5750211,33,85,-0.179951,0.000233274,False
rs5750211,33,86,-0.161945,0.000990709,False
rs5750211,33,87,-0.183396,0.000202372,False
rs5750211,33,88,-0.194959,8.2754e-05,False
rs5750211,33,89,-0.200236,5.74486e-05,False
rs5750211,33,90,-0.194995,9.43372e-05,False
rs5750211,33,91,-0.202878,5.16817e-05,False
rs5750211,33,92,-0.206749,3.896e-05,False
rs5750211,33,93,-0.202083,6.26011e-05,False
rs5750211,33,94,-0.198919,8.49931e-05,False
rs5750211,33,95,-0.196711,0.000107918,False
rs5750211,33,96,-0.195727,0.000122986,False
rs5750211,33,97,-0.204691,6.25395e-05,False
rs5750211,33,98,-0.213345,3.26678e-05,False
rs5750211,33,99,-0.210912,4.21416e-05,False
rs5750211,33,100,-0.216879,2.746e-05,False
rs5750211,33,101,-0.21584,3.1038e-05,False
rs5750211,33,102,-0.208706,5.79748e-05,False
rs5750211,33,103,-0.204452,8.53633e-05,False
rs5750211,33,104,-0.201679,0.000113344,False
rs5750211,33,105,-0.198681,0.000146463,False
rs5750211,33,106,-0.203423,0.000110457,False
rs5750211,33,107,-0.227076,1.66469e-05,False
rs5750211,33,108,-0.223756,2.28855e-05,False
rs5750211,33,109,-0.223099,2.50623e-05,False
rs5750211,33,110,-0.219272,3.64182e-05,False
rs5750211,33,111,-0.219715,3.6508e-05,False
rs5750211,33,112,-0.202064,0.000150121,False
rs5750211,33,113,-0.225597,2.41931e-05,False
rs5750211,33,114,-0.213935,6.55897e-05,False
rs5750211,33,115,-0.217702,4.97186e-05,False
rs5750211,33,116,-0.213811,6.90526e-05,False
rs5750211,33,117,-0.206446,0.00012544,False
rs5750211,33,118,-0.217586,5.47749e-05,False
rs5750211,33,119,-0.207,0.000128872,False
rs5750211,33,120,-0.199218,0.000239788,False
rs5750211,33,121,-0.213433,8.38124e-05,False
rs5750211,33,122,-0.207029,0.00014,False
rs5750211,33,123,-0.223132,4.14925e-05,False
rs5750211,33,124,-0.218463,6.18856e-05,False
rs5750211,33,125,-0.215582,7.97119e-05,False
rs5750211,33,126,-0.22684,3.38087e-05,False
rs5750211,33,127,-0.2175,7.34307e-05,False
rs5750211,33,128,-0.218113,6.99569e-05,False
rs5750211,33,129,-0.202465,0.000228847,False
rs5750211,33,130,-0.214232,9.89762e-05,False
rs5750211,33,131,-0.206526,0.00017855,False
rs5750211,33,132,-0.21859,7.40121e-05,False
rs5750211,33,133,-0.228377,3.45299e-05,False
rs5750211,33,134,-0.224108,4.85307e-05,False
rs5750211,33,135,-0.227325,3.93915e-05,False
rs5750211,33,136,-0.221538,6.24297e-05,False
rs5750211,33,137,-0.237441,1.79179e-05,False
rs5750211,33,138,-0.245497,9.09131e-06,False
rs5750211,33,139,-0.241979,1.2233e-05,False
rs5750211,33,140,-0.232371,2.61462e-05,False
rs5750211,33,141,-0.219927,7.08156e-05,False
rs5750211,33,142,-0.228897,3.55128e-05,False
rs5750211,33,143,-0.232271,2.65104e-05,False
rs5750211,33,144,-0.235814,1.99006e-05,False
rs5750211,33,145,-0.228399,3.67085e-05,False
rs5750211,33,146,-0.236111,1.96798e-05,False
rs5750211,33,147,-0.235191,2.12534e-05,False
rs5750211,33,148,-0.224196,4.94679e-05,False
rs5750211,33,149,-0.219567,7.04286e-05,False
rs5750211,33,150,-0.219347,7.16103e-05,False
rs5750211,33,151,-0.225369,4.43715e-05,False
rs5750211,33,152,-0.227382,3.83786e-05,False
rs5750211,33,153,-0.222714,5.4679e-05,False
rs5750211,33,154,-0.247059,7.33221e-06,False
rs5750211,33,155,-0.234345,2.1487e-05,False
rs5750211,33,156,-0.251093,5.13366e-06,False
rs5750211,33,157,-0.242728,1.04147e-05,False
rs5750211,33,158,-0.242082,1.06461e-05,False
rs5750211,33,159,-0.236832,1.60697e-05,False
rs5750211,33,160,-0.240762,1.12302e-05,False
rs5750211,33,161,-0.24742,6.40517e-06,False
rs5750211,33,162,-0.234383,1.83954e-05,False
rs5750211,33,163,-0.252516,3.82199e-06,False
rs5750211,33,164,-0.241544,9.56271e-06,False
rs5750211,33,165,-0.232633,1.9395e-05,False
rs5750211,33,166,-0.219696,5.41197e-05,False
rs5750211,33,167,-0.226149,3.0954e-05,False
rs5750211,33,168,-0.216274,6.75535e-05,False
rs5750211,33,169,-0.223104,3.80421e-05,False
rs5750211,33,170,-0.230013,2.16479e-05,False
rs5750211,33,171,-0.236649,1.17565e-05,False
rs5750211,33,172,-0.2364,1.17877e-05,False
rs5750211,33,173,-0.236751,1.09939e-05,False
rs5750211,33,174,-0.24926,3.45584e-06,False
rs5750211,33,175,-0.25562,1.87029e-06,False
rs5750211,33,176,-0.249675,3.05286e-06,False
rs5750211,33,177,-0.239877,7.15252e-06,False
rs5750211,33,178,-0.246667,3.81511e-06,False
rs5750211,33,179,-0.24097,5.97803e-06,False
rs5750211,33,180,-0.230998,1.36923e-05,False
rs5750211,33,181,-0.237742,7.39116e-06,False
rs5750211,33,182,-0.234292,9.73924e-06,False
rs5750211,33,183,-0.231418,1.23325e-05,False
rs5750211,33,184,-0.237363,6.98346e-06,False
rs5750211,33,185,-0.242367,4.1292e-06,False
rs5750211,33,186,-0.249161,2.05096e-06,False
rs5750211,33,187,-0.247179,2.435e-06,False
rs5750211,33,188,-0.247822,2.22062e-06,False
rs5750211,33,189,-0.254857,1.04194e-06,False
rs5750211,33,190,-0.244944,2.61828e-06,False
rs5750211,33,191,-0.244858,2.5521e-06,False
rs5750211,33,192,-0.251075,1.35389e-06,False
rs5750211,33,193,-0.24455,2.46538e-06,False
rs5750211,33,194,-0.255883,7.93206e-07,False
rs5750211,33,195,-0.251626,1.14381e-06,False
rs5750211,33,196,-0.247841,1.60043e-06,False
rs5750211,33,197,-0.232693,6.59937e-06,False
rs5750211,33,198,-0.238317,4.01801e-06,False
rs5750211,33,199,-0.247948,1.61117e-06,False
rs5750211,33,200,-0.232347,6.77488e-06,False
rs5750211,33,201,-0.236597,4.55972e-06,False
rs5750211,33,202,-0.233668,6.01855e-06,False
rs5750211,33,203,-0.232022,6.85096e-06,False
rs5750211,33,204,-0.233249,6.44283e-06,False
rs5750211,33,205,-0.241329,3.00536e-06,False
rs5750211,33,206,-0.244457,2.28388e-06,False
rs5750211,33,207,-0.231833,7.66431e-06,False
rs5750211,33,208,-0.241636,3.20467e-06,False
rs5750211,33,209,-0.242954,2.91337e-06,False
rs5750211,33,210,-0.239299,4.25753e-06,False
rs5750211,33,211,-0.240242,4.07177e-06,False
rs5750211,33,212,-0.249927,1.71194e-06,False
rs5750211,33,213,-0.234792,7.24163e-06,False
rs5750211,33,214,-0.226048,1.65104e-05,False
rs5750211,33,215,-0.233723,9.25657e-06,False
rs5750211,33,216,-0.242018,4.69517e-06,False
rs5750211,33,217,-0.224228,2.40084e-05,False
rs5750211,33,218,-0.248787,3.18048e-06,False
rs5750211,33,219,-0.250105,3.1421e-06,False
rs5750211,33,220,-0.246846,4.63027e-06,False
rs5750211,33,221,-0.242841,7.69227e-06,False
rs5750211,33,222,-0.243518,8.11459e-06,False
rs5750211,33,223,-0.259869,2.31444e-06,False
rs5750211,33,224,-0.266719,1.42508e-06,False
rs5750211,33,225,-0.259179,3.42285e-06,False
rs5750211,33,226,-0.252709,7.14607e-06,False
rs5750211,33,227,-0.266125,2.79178e-06,False
rs5750211,33,228,-0.271534,2.19776e-06,False
rs5750211,33,229,-0.275044,2.01977e-06,False
rs5750211,33,230,-0.26134,7.75757e-06,False
rs5750211,33,231,-0.280059,2.08579e-06,False
rs5750211,33,232,-0.26592,8.42732e-06,False
rs5750211,33,233,-0.267918,9.11664e-06,False
rs5750211,33,234,-0.275449,6.38246e-06,False
rs5750211,33,235,-0.269759,1.29808e-05,False
rs5750211,33,236,-0.247895,7.47852e-05,False
rs5750211,33,237,-0.263502,3.24154e-05,False
rs5750211,33,238,-0.257624,6.11052e-05,False
rs5750211,33,239,-0.281947,1.49113e-05,False
rs5750211,33,240,-0.256916,9.98728e-05,False
rs5750211,33,241,-0.256134,0.000132332,False
rs5750211,33,242,-0.265539,9.39332e-05,False
rs5750211,33,243,-0.266051,0.000115647,False
rs5750211,33,244,-0.268382,0.000126757,False
rs5750211,33,245,-0.277083,9.82886e-05,False
rs5750211,33,246,-0.277266,0.000127161,False
rs5750211,33,247,-0.280808,0.000133874,False
rs5750211,33,248,-0.274852,0.000228474,False
rs5750211,33,249,-0.29521,9.9835e-05,False
rs5750211,33,250,-0.30779,6.41511e-05,False
rs5750211,33,251,-0.318574,4.36429e-05,False
rs5750211,34,6,-0.138649,0.000726717,False
rs5750211,34,7,-0.129673,0.00142436,False
rs5750211,34,8,-0.141265,0.000463201,False
rs5750211,34,9,-0.139879,0.000481018,False
rs5750211,34,10,-0.138223,0.000517298,False
rs5750211,34,11,-0.135484,0.00060307,False
rs5750211,34,12,-0.123664,0.00167052,False
rs5750211,34,13,-0.134539,0.000596044,False
rs5750211,34,14,-0.135592,0.000503301,False
rs5750211,34,15,-0.138182,0.000379471,False
rs5750211,34,16,-0.129792,0.00085892,False
rs5750211,34,17,-0.136969,0.000428972,False
rs5750211,34,18,-0.141103,0.000286171,False
rs5750211,34,19,-0.150895,0.000104878,False
rs5750211,34,20,-0.124318,0.00142257,False
rs5750211,34,21,-0.130709,0.000792966,False
rs5750211,34,22,-0.147789,0.000150568,False
rs5750211,34,23,-0.13445,0.000575161,False
rs5750211,34,24,-0.139835,0.000350108,False
rs5750211,34,25,-0.132051,0.000731905,False
rs5750211,34,26,-0.143087,0.000260488,False
rs5750211,34,27,-0.12937,0.000988305,False
rs5750211,34,28,-0.143452,0.00026937,False
rs5750211,34,29,-0.147085,0.000192627,False
rs5750211,34,30,-0.127269,0.00125657,False
rs5750211,34,31,-0.153917,0.000100308,False
rs5750211,34,32,-0.136131,0.000598271,False
rs5750211,34,33,-0.128638,0.00120967,False
rs5750211,34,34,-0.151737,0.00014305,False
rs5750211,34,35,-0.142621,0.000366546,False
rs5750211,34,36,-0.161423,5.82194e-05,False
rs5750211,34,37,-0.1472,0.000256407,False
rs5750211,34,38,-0.150482,0.000198291,False
rs5750211,34,39,-0.14388,0.000373583,False
rs5750211,34,40,-0.148214,0.000263074,False
rs5750211,34,41,-0.14526,0.000357116,False
rs5750211,34,42,-0.164115,5.9349e-05,False
rs5750211,34,43,-0.148468,0.000292912,False
rs5750211,34,44,-0.143974,0.000466976,False
rs5750211,34,45,-0.155175,0.000174578,False
rs5750211,34,46,-0.143346,0.000534842,False
rs5750211,34,47,-0.133609,0.00130154,False
rs5750211,34,48,-0.13965,0.000812471,False
rs5750211,34,49,-0.142201,0.000682584,False
rs5750211,34,50,-0.146741,0.000481351,False
rs5750211,34,51,-0.146188,0.000539827,False
rs5750211,34,52,-0.144,0.000682442,False
rs5750211,34,53,-0.142994,0.000781973,False
rs5750211,34,54,-0.148307,0.00051055,False
rs5750211,34,55,-0.142525,0.000891075,False
rs5750211,34,56,-0.139759,0.00118012,False
rs5750211,34,57,-0.140705,0.00114671,False
rs5750211,34,58,-0.140881,0.00120502,False
rs5750211,34,59,-0.140897,0.00126384,False
rs5750211,34,60,-0.14008,0.00138436,False
rs5750211,34,61,-0.13689,0.00188265,False
rs5750211,34,62,-0.133179,0.00261506,False
rs5750211,34,63,-0.14422,0.00117883,False
rs5750211,34,64,-0.154705,0.000521481,False
rs5750211,34,65,-0.159471,0.000374315,False
rs5750211,34,66,-0.15736,0.00047413,False
rs5750211,34,67,-0.15231,0.000770238,False
rs5750211,34,68,-0.158881,0.000475838,False
rs5750211,34,69,-0.172954,0.000154654,False
rs5750211,34,70,-0.170159,0.000211669,False
rs5750211,34,71,-0.173229,0.000178792,False
rs5750211,34,72,-0.170892,0.000231361,False
rs5750211,34,73,-0.174631,0.000182452,False
rs5750211,34,74,-0.175539,0.000185037,False
rs5750211,34,75,-0.187796,6.78001e-05,False
rs5750211,34,76,-0.17455,0.000229288,False
rs5750211,34,77,-0.182576,0.000124673,False
rs5750211,34,78,-0.18076,0.000157123,False
rs5750211,34,79,-0.183948,0.000129218,False
rs5750211,34,80,-0.181687,0.000168274,False
rs5750211,34,81,-0.183923,0.0001503,False
rs5750211,34,82,-0.188086,0.000114256,False
rs5750211,34,83,-0.18277,0.000183151,False
rs5750211,34,84,-0.173458,0.000410691,False
rs5750211,34,85,-0.176884,0.000334305,False
rs5750211,34,86,-0.181627,0.000245324,False
rs5750211,34,87,-0.192131,0.000111419,False
rs5750211,34,88,-0.182563,0.000256649,False
rs5750211,34,89,-0.17463,0.000483152,False
rs5750211,34,90,-0.180771,0.000317481,False
rs5750211,34,91,-0.21251,2.49018e-05,False
rs5750211,34,92,-0.20661,4.38181e-05,False
rs5750211,34,93,-0.194452,0.000126563,False
rs5750211,34,94,-0.204018,6.09893e-05,False
rs5750211,34,95,-0.195564,0.000127121,False
rs5750211,34,96,-0.197773,0.000111351,False
rs5750211,34,97,-0.211836,3.70808e-05,False
rs5750211,34,98,-0.201403,9.32963e-05,False
rs5750211,34,99,-0.213865,3.55662e-05,False
rs5750211,34,100,-0.204971,7.89582e-05,False
rs5750211,34,101,-0.200991,0.000112852,False
rs5750211,34,102,-0.203369,9.69462e-05,False
rs5750211,34,103,-0.207195,7.38233e-05,False
rs5750211,34,104,-0.202887,0.000108867,False
rs5750211,34,105,-0.202518,0.000117845,False
rs5750211,34,106,-0.212479,5.6139e-05,False
rs5750211,34,107,-0.208077,8.2185e-05,False
rs5750211,34,108,-0.218511,3.67694e-05,False
rs5750211,34,109,-0.229257,1.5326e-05,False
rs5750211,34,110,-0.238104,7.54714e-06,False
rs5750211,34,111,-0.22306,2.87677e-05,False
rs5750211,34,112,-0.212158,7.17039e-05,False
rs5750211,34,113,-0.224294,2.85845e-05,False
rs5750211,34,114,-0.208044,0.000108318,False
rs5750211,34,115,-0.216376,5.92093e-05,False
rs5750211,34,116,-0.201401,0.000187801,False
rs5750211,34,117,-0.200802,0.000203164,False
rs5750211,34,118,-0.19439,0.000330297,False
rs5750211,34,119,-0.190359,0.000441387,False
rs5750211,34,120,-0.201886,0.000198447,False
rs5750211,34,121,-0.201235,0.000218419,False
rs5750211,34,122,-0.188415,0.000547975,False
rs5750211,34,123,-0.195473,0.000343378,False
rs5750211,34,124,-0.202233,0.000215614,False
rs5750211,34,125,-0.21116,0.000114857,False
rs5750211,34,126,-0.210322,0.000124339,False
rs5750211,34,127,-0.209356,0.000134638,False
rs5750211,34,128,-0.19306,0.000427602,False
rs5750211,34,129,-0.19775,0.000318874,False
rs5750211,34,130,-0.199507,0.000288526,False
rs5750211,34,131,-0.215873,8.74827e-05,False
rs5750211,34,132,-0.220469,6.2442e-05,False
rs5750211,34,133,-0.220977,6.0864e-05,False
rs5750211,34,134,-0.220061,6.50184e-05,False
rs5750211,34,135,-0.229233,3.2485e-05,False
rs5750211,34,136,-0.235445,1.9988e-05,False
rs5750211,34,137,-0.220691,6.4495e-05,False
rs5750211,34,138,-0.212455,0.000121849,False
rs5750211,34,139,-0.218472,7.83828e-05,False
rs5750211,34,140,-0.228993,3.53553e-05,False
rs5750211,34,141,-0.229024,3.54626e-05,False
rs5750211,34,142,-0.233298,2.49556e-05,False
rs5750211,34,143,-0.221405,6.44573e-05,False
rs5750211,34,144,-0.22419,5.26084e-05,False
rs5750211,34,145,-0.213035,0.000122945,False
rs5750211,34,146,-0.216594,9.26685e-05,False
rs5750211,34,147,-0.21062,0.000144838,False
rs5750211,34,148,-0.227387,4.10254e-05,False
rs5750211,34,149,-0.224892,4.92377e-05,False
rs5750211,34,150,-0.227915,3.87723e-05,False
rs5750211,34,151,-0.236187,1.95385e-05,False
rs5750211,34,152,-0.232718,2.55267e-05,False
rs5750211,34,153,-0.227023,3.97607e-05,False
rs5750211,34,154,-0.212461,0.000121262,False
rs5750211,34,155,-0.22955,3.21992e-05,False
rs5750211,34,156,-0.231267,2.79376e-05,False
rs5750211,34,157,-0.239662,1.39305e-05,False
rs5750211,34,158,-0.244885,8.89468e-06,False
rs5750211,34,159,-0.237363,1.65212e-05,False
rs5750211,34,160,-0.245577,8.23225e-06,False
rs5750211,34,161,-0.245952,7.82518e-06,False
rs5750211,34,162,-0.234807,1.98006e-05,False
rs5750211,34,163,-0.236323,1.67473e-05,False
rs5750211,34,164,-0.239,1.31339e-05,False
rs5750211,34,165,-0.245654,7.14144e-06,False
rs5750211,34,166,-0.240007,1.12194e-05,False
rs5750211,34,167,-0.236489,1.46476e-05,False
rs5750211,34,168,-0.243487,7.74519e-06,False
rs5750211,34,169,-0.24192,8.76676e-06,False
rs5750211,34,170,-0.249935,4.18019e-06,False
rs5750211,34,171,-0.236042,1.343e-05,False
rs5750211,34,172,-0.234309,1.51111e-05,False
rs5750211,34,173,-0.227535,2.56033e-05,False
rs5750211,34,174,-0.24345,6.24377e-06,False
rs5750211,34,175,-0.231416,1.70532e-05,False
rs5750211,34,176,-0.260188,1.3188e-06,False
rs5750211,34,177,-0.252035,2.65988e-06,False
rs5750211,34,178,-0.243635,5.46142e-06,False
rs5750211,34,179,-0.238128,8.45868e-06,False
rs5750211,34,180,-0.236851,9.18752e-06,False
rs5750211,34,181,-0.225103,2.41276e-05,False
rs5750211,34,182,-0.243387,4.80489e-06,False
rs5750211,34,183,-0.242436,4.976e-06,False
rs5750211,34,184,-0.244149,4.05445e-06,False
rs5750211,34,185,-0.262365,6.99527e-07,False
rs5750211,34,186,-0.266155,4.5415e-07,False
rs5750211,34,187,-0.251929,1.74031e-06,False
rs5750211,34,188,-0.243757,3.48066e-06,False
rs5750211,34,189,-0.256471,9.99408e-07,False
rs5750211,34,190,-0.259457,7.4629e-07,False
rs5750211,34,191,-0.259472,7.10886e-07,False
rs5750211,34,192,-0.257758,7.95828e-07,False
rs5750211,34,193,-0.247879,1.9782e-06,False
rs5750211,34,194,-0.259872,5.97415e-07,False
rs5750211,34,195,-0.256462,8.03076e-07,False
rs5750211,34,196,-0.25552,8.67756e-07,False
rs5750211,34,197,-0.253188,1.07907e-06,False
rs5750211,34,198,-0.251768,1.24864e-06,False
rs5750211,34,199,-0.260633,5.04795e-07,False
rs5750211,34,200,-0.252278,1.15041e-06,False
rs5750211,34,201,-0.234506,6.06566e-06,False
rs5750211,34,202,-0.237508,4.67996e-06,False
rs5750211,34,203,-0.237807,4.47111e-06,False
rs5750211,34,204,-0.244358,2.32722e-06,False
rs5750211,34,205,-0.230887,8.47015e-06,False
rs5750211,34,206,-0.240978,3.36903e-06,False
rs5750211,34,207,-0.24272,2.80332e-06,False
rs5750211,34,208,-0.233911,6.42936e-06,False
rs5750211,34,209,-0.247657,1.89484e-06,False
rs5750211,34,210,-0.243313,2.96038e-06,False
rs5750211,34,211,-0.243609,3.04995e-06,False
rs5750211,34,212,-0.243618,3.20715e-06,False
rs5750211,34,213,-0.240941,4.37066e-06,False
rs5750211,34,214,-0.24616,2.84271e-06,False
rs5750211,34,215,-0.234866,8.62614e-06,False
rs5750211,34,216,-0.237352,7.50616e-06,False
rs5750211,34,217,-0.236504,8.68812e-06,False
rs5750211,34,218,-0.232502,1.3329e-05,False
rs5750211,34,219,-0.24374,5.41591e-06,False
rs5750211,34,220,-0.258115,1.68819e-06,False
rs5750211,34,221,-0.249276,4.32873e-06,False
rs5750211,34,222,-0.246995,5.81565e-06,False
rs5750211,34,223,-0.245062,7.91295e-06,False
rs5750211,34,224,-0.274386,6.89896e-07,False
rs5750211,34,225,-0.248883,8.0503e-06,False
rs5750211,34,226,-0.264579,2.41875e-06,False
rs5750211,34,227,-0.269363,1.9397e-06,False
rs5750211,34,228,-0.276405,1.31003e-06,False
rs5750211,34,229,-0.275744,1.75165e-06,False
rs5750211,34,230,-0.258146,9.32548e-06,False
rs5750211,34,231,-0.270515,4.39745e-06,False
rs5750211,34,232,-0.28481,1.69452e-06,False
rs5750211,34,233,-0.272418,5.88321e-06,False
rs5750211,34,234,-0.263162,1.5499e-05,False
rs5750211,34,235,-0.266082,1.59538e-05,False
rs5750211,34,236,-0.283336,5.52725e-06,False
rs5750211,34,237,-0.284443,6.64699e-06,False
rs5750211,34,238,-0.271403,2.2522e-05,False
rs5750211,34,239,-0.268388,3.44151e-05,False
rs5750211,34,240,-0.277147,2.46896e-05,False
rs5750211,34,241,-0.264218,7.32751e-05,False
rs5750211,34,242,-0.280791,3.26957e-05,False
rs5750211,34,243,-0.290668,2.26992e-05,False
rs5750211,34,244,-0.282507,5.06938e-05,False
rs5750211,34,245,-0.290526,4.11552e-05,False
rs5750211,34,246,-0.290851,5.39539e-05,False
rs5750211,34,247,-0.284241,0.000102813,False
rs5750211,34,248,-0.280602,0.000161153,False
rs5750211,34,249,-0.272706,0.000308985,False
rs5750211,34,250,-0.294402,0.000120979,False
rs5750211,34,251,-0.307587,7.40132e-05,False
rs5750211,35,6,-0.118464,0.00388613,False
rs5750211,35,7,-0.116405,0.00426268,False
rs5750211,35,8,-0.124909,0.00204396,False
rs5750211,35,9,-0.122289,0.0022992,False
rs5750211,35,10,-0.131024,0.00103047,False
rs5750211,35,11,-0.130277,0.00103532,False
rs5750211,35,12,-0.131269,0.000870978,False
rs5750211,35,13,-0.124623,0.00155525,False
rs5750211,35,14,-0.125734,0.00133503,False
rs5750211,35,15,-0.11933,0.00227196,False
rs5750211,35,16,-0.127854,0.00106528,False
rs5750211,35,17,-0.125378,0.00132379,False
rs5750211,35,18,-0.117092,0.00273439,False
rs5750211,35,19,-0.115627,0.0030639,False
rs5750211,35,20,-0.0929091,0.0174516,False
rs5750211,35,21,-0.123408,0.00161415,False
rs5750211,35,22,-0.117042,0.0027947,False
rs5750211,35,23,-0.109622,0.00530071,False
rs5750211,35,24,-0.10705,0.00643605,False
rs5750211,35,25,-0.0973735,0.0133121,False
rs5750211,35,26,-0.121513,0.00207821,False
rs5750211,35,27,-0.137012,0.000542462,False
rs5750211,35,28,-0.117963,0.00293385,False
rs5750211,35,29,-0.125872,0.0015401,False
rs5750211,35,30,-0.135642,0.000661329,False
rs5750211,35,31,-0.137042,0.000598447,False
rs5750211,35,32,-0.138075,0.000546389,False
rs5750211,35,33,-0.141344,0.000423721,False
rs5750211,35,34,-0.134944,0.000776997,False
rs5750211,35,35,-0.146807,0.000275075,False
rs5750211,35,36,-0.154606,0.000131496,False
rs5750211,35,37,-0.151402,0.000188702,False
rs5750211,35,38,-0.141387,0.000503329,False
rs5750211,35,39,-0.151644,0.000201749,False
rs5750211,35,40,-0.13287,0.00117504,False
rs5750211,35,41,-0.140612,0.000606182,False
rs5750211,35,42,-0.143413,0.000499942,False
rs5750211,35,43,-0.144589,0.000468882,False
rs5750211,35,44,-0.149492,0.000315815,False
rs5750211,35,45,-0.136614,0.00104243,False
rs5750211,35,46,-0.139317,0.000861101,False
rs5750211,35,47,-0.148408,0.000410363,False
rs5750211,35,48,-0.147359,0.000469433,False
rs5750211,35,49,-0.146456,0.000530603,False
rs5750211,35,50,-0.133232,0.00169446,False
rs5750211,35,51,-0.144504,0.000689681,False
rs5750211,35,52,-0.1587,0.000213885,False
rs5750211,35,53,-0.153039,0.000369427,False
rs5750211,35,54,-0.135551,0.00168696,False
rs5750211,35,55,-0.150993,0.000488408,False
rs5750211,35,56,-0.152238,0.000462001,False
rs5750211,35,57,-0.145835,0.000834228,False
rs5750211,35,58,-0.1448,0.000944813,False
rs5750211,35,59,-0.135679,0.00205028,False
rs5750211,35,60,-0.148131,0.000818632,False
rs5750211,35,61,-0.152688,0.000587467,False
rs5750211,35,62,-0.149646,0.000806968,False
rs5750211,35,63,-0.146993,0.00104887,False
rs5750211,35,64,-0.156493,0.000517678,False
rs5750211,35,65,-0.158565,0.000457826,False
rs5750211,35,66,-0.15996,0.000434848,False
rs5750211,35,67,-0.157453,0.000555262,False
rs5750211,35,68,-0.171984,0.000173128,False
rs5750211,35,69,-0.160089,0.000513155,False
rs5750211,35,70,-0.156818,0.000703104,False
rs5750211,35,71,-0.16494,0.000394872,False
rs5750211,35,72,-0.160095,0.00062203,False
rs5750211,35,73,-0.171066,0.000270812,False
rs5750211,35,74,-0.180677,0.00012907,False
rs5750211,35,75,-0.169567,0.00035473,False
rs5750211,35,76,-0.168166,0.000429691,False
rs5750211,35,77,-0.171334,0.000357595,False
rs5750211,35,78,-0.17162,0.000366879,False
rs5750211,35,79,-0.164132,0.000690783,False
rs5750211,35,80,-0.169699,0.000481854,False
rs5750211,35,81,-0.172119,0.000414666,False
rs5750211,35,82,-0.174904,0.000352529,False
rs5750211,35,83,-0.18125,0.00022908,False
rs5750211,35,84,-0.163998,0.000903541,False
rs5750211,35,85,-0.146404,0.00312709,False
rs5750211,35,86,-0.168283,0.000714484,False
rs5750211,35,87,-0.165066,0.000965075,False
rs5750211,35,88,-0.164898,0.00101404,False
rs5750211,35,89,-0.176503,0.000458465,False
rs5750211,35,90,-0.17048,0.000750569,False
rs5750211,35,91,-0.159113,0.00171162,False
rs5750211,35,92,-0.169181,0.00089231,False
rs5750211,35,93,-0.185362,0.000281124,False
rs5750211,35,94,-0.193358,0.00016048,False
rs5750211,35,95,-0.183596,0.000355042,False
rs5750211,35,96,-0.191252,0.000207925,False
rs5750211,35,97,-0.182997,0.000400159,False
rs5750211,35,98,-0.167638,0.00122315,False
rs5750211,35,99,-0.172158,0.000939295,False
rs5750211,35,100,-0.188805,0.000293117,False
rs5750211,35,101,-0.186152,0.000377561,False
rs5750211,35,102,-0.184997,0.000419017,False
rs5750211,35,103,-0.193763,0.000229375,False
rs5750211,35,104,-0.191627,0.00027612,False
rs5750211,35,105,-0.187963,0.000363449,False
rs5750211,35,106,-0.198127,0.000175148,False
rs5750211,35,107,-0.20591,0.000102498,False
rs5750211,35,108,-0.20284,0.00013428,False
rs5750211,35,109,-0.199407,0.000180389,False
rs5750211,35,110,-0.204305,0.000126811,False
rs5750211,35,111,-0.203303,0.000143012,False
rs5750211,35,112,-0.202576,0.000156024,False
rs5750211,35,113,-0.18094,0.00074322,False
rs5750211,35,114,-0.196614,0.000255576,False
rs5750211,35,115,-0.19111,0.000387798,False
rs5750211,35,116,-0.191223,0.000389471,False
rs5750211,35,117,-0.204019,0.000156553,False
rs5750211,35,118,-0.204548,0.00015515,False
rs5750211,35,119,-0.195236,0.000316367,False
rs5750211,35,120,-0.21053,0.000105006,False
rs5750211,35,121,-0.204176,0.000174454,False
rs5750211,35,122,-0.196123,0.000319925,False
rs5750211,35,123,-0.196206,0.000319393,False
rs5750211,35,124,-0.198324,0.00028107,False
rs5750211,35,125,-0.196038,0.000334949,False
rs5750211,35,126,-0.199233,0.000276533,False
rs5750211,35,127,-0.199941,0.000268609,False
rs5750211,35,128,-0.193319,0.000424614,False
rs5750211,35,129,-0.205833,0.000175145,False
rs5750211,35,130,-0.201586,0.00024395,False
rs5750211,35,131,-0.205863,0.000176591,False
rs5750211,35,132,-0.206185,0.000177592,False
rs5750211,35,133,-0.208114,0.000154873,False
rs5750211,35,134,-0.212719,0.000111153,False
rs5750211,35,135,-0.217801,7.66162e-05,False
rs5750211,35,136,-0.216236,8.67191e-05,False
rs5750211,35,137,-0.216612,8.66695e-05,False
rs5750211,35,138,-0.213339,0.000111113,False
rs5750211,35,139,-0.231134,2.82466e-05,False
rs5750211,35,140,-0.225921,4.27699e-05,False
rs5750211,35,141,-0.231716,2.74342e-05,False
rs5750211,35,142,-0.200934,0.000276357,False
rs5750211,35,143,-0.20303,0.000238329,False
rs5750211,35,144,-0.21025,0.000143811,False
rs5750211,35,145,-0.227964,3.78604e-05,False
rs5750211,35,146,-0.216162,9.1446e-05,False
rs5750211,35,147,-0.215635,9.4848e-05,False
rs5750211,35,148,-0.221548,6.08323e-05,False
rs5750211,35,149,-0.218801,7.45547e-05,False
rs5750211,35,150,-0.225184,4.53207e-05,False
rs5750211,35,151,-0.229138,3.41198e-05,False
rs5750211,35,152,-0.23675,1.83939e-05,False
rs5750211,35,153,-0.229905,3.2023e-05,False
rs5750211,35,154,-0.241612,1.21756e-05,False
rs5750211,35,155,-0.230107,3.08262e-05,False
rs5750211,35,156,-0.238215,1.58324e-05,False
rs5750211,35,157,-0.227556,3.62796e-05,False
rs5750211,35,158,-0.224307,4.65286e-05,False
rs5750211,35,159,-0.221711,5.74235e-05,False
rs5750211,35,160,-0.222834,5.25256e-05,False
rs5750211,35,161,-0.227052,3.79638e-05,False
rs5750211,35,162,-0.23024,2.87525e-05,False
rs5750211,35,163,-0.235604,1.85334e-05,False
rs5750211,35,164,-0.230464,2.81277e-05,False
rs5750211,35,165,-0.226055,3.85761e-05,False
rs5750211,35,166,-0.222702,4.94781e-05,False
rs5750211,35,167,-0.228609,3.04096e-05,False
rs5750211,35,168,-0.218444,6.70353e-05,False
rs5750211,35,169,-0.221469,5.22867e-05,False
rs5750211,35,170,-0.214423,8.8666e-05,False
rs5750211,35,171,-0.218912,6.05747e-05,False
rs5750211,35,172,-0.217458,6.51631e-05,False
rs5750211,35,173,-0.212463,9.37992e-05,False
rs5750211,35,174,-0.196315,0.000308404,False
rs5750211,35,175,-0.217381,6.2619e-05,False
rs5750211,35,176,-0.2213,4.35161e-05,False
rs5750211,35,177,-0.218174,5.52419e-05,False
rs5750211,35,178,-0.223809,3.49259e-05,False
rs5750211,35,179,-0.229384,2.13668e-05,False
rs5750211,35,180,-0.216103,6.06957e-05,False
rs5750211,35,181,-0.210745,8.79663e-05,False
rs5750211,35,182,-0.20816,0.000105796,False
rs5750211,35,183,-0.223683,2.93196e-05,False
rs5750211,35,184,-0.237212,9.23798e-06,False
rs5750211,35,185,-0.226892,2.11934e-05,False
rs5750211,35,186,-0.236532,8.74438e-06,False
rs5750211,35,187,-0.232486,1.17916e-05,False
rs5750211,35,188,-0.220515,3.14465e-05,False
rs5750211,35,189,-0.224547,2.15034e-05,False
rs5750211,35,190,-0.234074,8.77473e-06,False
rs5750211,35,191,-0.229588,1.26858e-05,False
rs5750211,35,192,-0.22695,1.56813e-05,False
rs5750211,35,193,-0.236321,6.43988e-06,False
rs5750211,35,194,-0.239088,4.85354e-06,False
rs5750211,35,195,-0.236329,6.10248e-06,False
rs5750211,35,196,-0.238536,4.82824e-06,False
rs5750211,35,197,-0.242944,3.07652e-06,False
rs5750211,35,198,-0.240559,3.70836e-06,False
rs5750211,35,199,-0.245748,2.25335e-06,False
rs5750211,35,200,-0.244393,2.52557e-06,False
rs5750211,35,201,-0.239595,3.99209e-06,False
rs5750211,35,202,-0.234165,6.46739e-06,False
rs5750211,35,203,-0.239903,3.86057e-06,False
rs5750211,35,204,-0.23734,4.87687e-06,False
rs5750211,35,205,-0.236513,5.225e-06,False
rs5750211,35,206,-0.246251,2.13885e-06,False
rs5750211,35,207,-0.245914,2.23139e-06,False
rs5750211,35,208,-0.234412,6.66301e-06,False
rs5750211,35,209,-0.242354,3.24103e-06,False
rs5750211,35,210,-0.243169,3.22964e-06,False
rs5750211,35,211,-0.23095,9.95217e-06,False
rs5750211,35,212,-0.238151,5.54885e-06,False
rs5750211,35,213,-0.230402,1.16575e-05,False
rs5750211,35,214,-0.212396,5.63725e-05,False
rs5750211,35,215,-0.22019,3.05441e-05,False
rs5750211,35,216,-0.213948,5.45672e-05,False
rs5750211,35,217,-0.22142,3.23599e-05,False
rs5750211,35,218,-0.225034,2.50324e-05,False
rs5750211,35,219,-0.22754,2.27545e-05,False
rs5750211,35,220,-0.220949,4.18145e-05,False
rs5750211,35,221,-0.229473,2.32817e-05,False
rs5750211,35,222,-0.247976,5.41208e-06,False
rs5750211,35,223,-0.242577,9.84826e-06,False
rs5750211,35,224,-0.247209,7.66588e-06,False
rs5750211,35,225,-0.25857,3.33687e-06,False
rs5750211,35,226,-0.250909,7.54441e-06,False
rs5750211,35,227,-0.251655,8.4483e-06,False
rs5750211,35,228,-0.26476,3.40601e-06,False
rs5750211,35,229,-0.278439,1.2925e-06,False
rs5750211,35,230,-0.27174,2.89717e-06,False
rs5750211,35,231,-0.27248,3.48034e-06,False
rs5750211,35,232,-0.263528,8.68151e-06,False
rs5750211,35,233,-0.265971,8.99504e-06,False
rs5750211,35,234,-0.282887,3.03467e-06,False
rs5750211,35,235,-0.275135,7.29544e-06,False
rs5750211,35,236,-0.262228,2.41527e-05,False
rs5750211,35,237,-0.285236,5.61114e-06,False
rs5750211,35,238,-0.28819,5.92628e-06,False
rs5750211,35,239,-0.259562,5.72546e-05,False
rs5750211,35,240,-0.272374,3.04681e-05,False
rs5750211,35,241,-0.274229,3.45783e-05,False
rs5750211,35,242,-0.290741,1.54434e-05,False
rs5750211,35,243,-0.272186,6.62398e-05,False
rs5750211,35,244,-0.274553,7.39679e-05,False
rs5750211,35,245,-0.282004,5.98067e-05,False
rs5750211,35,246,-0.274051,0.000125385,False
rs5750211,35,247,-0.266202,0.000241091,False
rs5750211,35,248,-0.258502,0.000456311,False
rs5750211,35,249,-0.278577,0.000197031,False
rs5750211,35,250,-0.282113,0.000201073,False
rs5750211,35,251,-0.287653,0.000184881,False
rs5750211,36,6,-0.139113,0.0007577,False
rs5750211,36,7,-0.145301,0.000394203,False
rs5750211,36,8,-0.13838,0.000669817,False
rs5750211,36,9,-0.137019,0.000680069,False
rs5750211,36,10,-0.121147,0.00254473,False
rs5750211,36,11,-0.140868,0.000410725,False
rs5750211,36,12,-0.118574,0.00276608,False
rs5750211,36,13,-0.107352,0.00666954,False
rs5750211,36,14,-0.123432,0.0016893,False
rs5750211,36,15,-0.107433,0.00618458,False
rs5750211,36,16,-0.108454,0.00562755,False
rs5750211,36,17,-0.12279,0.00171766,False
rs5750211,36,18,-0.117861,0.00262276,False
rs5750211,36,19,-0.112169,0.00420304,False
rs5750211,36,20,-0.102984,0.0086745,False
rs5750211,36,21,-0.108063,0.0059481,False
rs5750211,36,22,-0.11451,0.00362714,False
rs5750211,36,23,-0.110514,0.00500886,False
rs5750211,36,24,-0.117307,0.0029607,False
rs5750211,36,25,-0.105993,0.0073865,False
rs5750211,36,26,-0.12102,0.00223176,False
rs5750211,36,27,-0.115267,0.00365459,False
rs5750211,36,28,-0.116108,0.00351294,False
rs5750211,36,29,-0.10819,0.00662144,False
rs5750211,36,30,-0.117829,0.00319089,False
rs5750211,36,31,-0.117715,0.00330196,False
rs5750211,36,32,-0.117061,0.00361281,False
rs5750211,36,33,-0.116124,0.0039105,False
rs5750211,36,34,-0.112753,0.00523223,False
rs5750211,36,35,-0.1139,0.00486862,False
rs5750211,36,36,-0.106355,0.00865698,False
rs5750211,36,37,-0.112217,0.00581006,False
rs5750211,36,38,-0.127191,0.00181258,False
rs5750211,36,39,-0.128305,0.00173327,False
rs5750211,36,40,-0.1196,0.00362762,False
rs5750211,36,41,-0.110753,0.00731755,False
rs5750211,36,42,-0.133729,0.00122578,False
rs5750211,36,43,-0.128819,0.00190887,False
rs5750211,36,44,-0.130319,0.00179911,False
rs5750211,36,45,-0.115542,0.00577295,False
rs5750211,36,46,-0.12181,0.00376674,False
rs5750211,36,47,-0.122445,0.00368474,False
rs5750211,36,48,-0.117372,0.00556482,False
rs5750211,36,49,-0.148766,0.00048268,False
rs5750211,36,50,-0.137189,0.00129975,False
rs5750211,36,51,-0.142792,0.000862856,False
rs5750211,36,52,-0.131638,0.00226387,False
rs5750211,36,53,-0.142826,0.000959644,False
rs5750211,36,54,-0.156972,0.00029698,False
rs5750211,36,55,-0.149272,0.000620694,False
rs5750211,36,56,-0.151351,0.000552925,False
rs5750211,36,57,-0.138367,0.0016538,False
rs5750211,36,58,-0.148406,0.000782677,False
rs5750211,36,59,-0.1547,0.00050099,False
rs5750211,36,60,-0.156119,0.000464693,False
rs5750211,36,61,-0.158859,0.000388981,False
rs5750211,36,62,-0.153609,0.000641234,False
rs5750211,36,63,-0.167739,0.000204276,False
rs5750211,36,64,-0.158334,0.00048833,False
rs5750211,36,65,-0.163432,0.000344993,False
rs5750211,36,66,-0.156298,0.000644181,False
rs5750211,36,67,-0.163687,0.000373698,False
rs5750211,36,68,-0.162808,0.000429844,False
rs5750211,36,69,-0.159206,0.00062442,False
rs5750211,36,70,-0.159608,0.000646233,False
rs5750211,36,71,-0.165539,0.000432344,False
rs5750211,36,72,-0.159334,0.000730028,False
rs5750211,36,73,-0.159531,0.000766609,False
rs5750211,36,74,-0.155754,0.00109031,False
rs5750211,36,75,-0.166321,0.000517702,False
rs5750211,36,76,-0.168051,0.000473827,False
rs5750211,36,77,-0.156146,0.00123434,False
rs5750211,36,78,-0.150235,0.001977,False
rs5750211,36,79,-0.157524,0.00124208,False
rs5750211,36,80,-0.156521,0.00139472,False
rs5750211,36,81,-0.160055,0.00111583,False
rs5750211,36,82,-0.168215,0.00065207,False
rs5750211,36,83,-0.170858,0.000575632,False
rs5750211,36,84,-0.165371,0.000900051,False
rs5750211,36,85,-0.159823,0.00139748,False
rs5750211,36,86,-0.176446,0.000438986,False
rs5750211,36,87,-0.166024,0.00096209,False
rs5750211,36,88,-0.170055,0.000751297,False
rs5750211,36,89,-0.157878,0.00181351,False
rs5750211,36,90,-0.17074,0.000769008,False
rs5750211,36,91,-0.171864,0.00073337,False
rs5750211,36,92,-0.165135,0.00124045,False
rs5750211,36,93,-0.169263,0.000971627,False
rs5750211,36,94,-0.165138,0.00131963,False
rs5750211,36,95,-0.16695,0.00118988,False
rs5750211,36,96,-0.177385,0.000606375,False
rs5750211,36,97,-0.179219,0.000553792,False
rs5750211,36,98,-0.176148,0.000702452,False
rs5750211,36,99,-0.186577,0.000343028,False
rs5750211,36,100,-0.199278,0.000137853,False
rs5750211,36,101,-0.189725,0.000293329,False
rs5750211,36,102,-0.188149,0.000337086,False
rs5750211,36,103,-0.183418,0.000487304,False
rs5750211,36,104,-0.188491,0.000347129,False
rs5750211,36,105,-0.195708,0.000209344,False
rs5750211,36,106,-0.209558,7.47288e-05,False
rs5750211,36,107,-0.196962,0.000204461,False
rs5750211,36,108,-0.184092,0.000531482,False
rs5750211,36,109,-0.189283,0.000380678,False
rs5750211,36,110,-0.184945,0.000536559,False
rs5750211,36,111,-0.181073,0.000710174,False
rs5750211,36,112,-0.173294,0.00119796,False
rs5750211,36,113,-0.178886,0.000850401,False
rs5750211,36,114,-0.193613,0.000307417,False
rs5750211,36,115,-0.192221,0.000350117,False
rs5750211,36,116,-0.199589,0.000208948,False
rs5750211,36,117,-0.19277,0.000347246,False
rs5750211,36,118,-0.183762,0.000669381,False
rs5750211,36,119,-0.190363,0.000437322,False
rs5750211,36,120,-0.199975,0.000225951,False
rs5750211,36,121,-0.197977,0.000262209,False
rs5750211,36,122,-0.174974,0.00128059,False
rs5750211,36,123,-0.18044,0.000913453,False
rs5750211,36,124,-0.18499,0.000691345,False
rs5750211,36,125,-0.185422,0.00067422,False
rs5750211,36,126,-0.178713,0.00107933,False
rs5750211,36,127,-0.193421,0.000406703,False
rs5750211,36,128,-0.185083,0.000726966,False
rs5750211,36,129,-0.193281,0.000415161,False
rs5750211,36,130,-0.200356,0.000253287,False
rs5750211,36,131,-0.206268,0.000163625,False
rs5750211,36,132,-0.199733,0.000274204,False
rs5750211,36,133,-0.202118,0.000236042,False
rs5750211,36,134,-0.201219,0.000253919,False
rs5750211,36,135,-0.205346,0.000190848,False
rs5750211,36,136,-0.196439,0.000358881,False
rs5750211,36,137,-0.206464,0.000175585,False
rs5750211,36,138,-0.215565,8.92775e-05,False
rs5750211,36,139,-0.219569,6.63327e-05,False
rs5750211,36,140,-0.205697,0.000188438,False
rs5750211,36,141,-0.214764,9.84799e-05,False
rs5750211,36,142,-0.210546,0.000134096,False
rs5750211,36,143,-0.208317,0.000159182,False
rs5750211,36,144,-0.209065,0.000150448,False
rs5750211,36,145,-0.205588,0.000191922,False
rs5750211,36,146,-0.208057,0.00016557,False
rs5750211,36,147,-0.211187,0.000133721,False
rs5750211,36,148,-0.212065,0.000125211,False
rs5750211,36,149,-0.219883,6.96131e-05,False
rs5750211,36,150,-0.214005,0.000107588,False
rs5750211,36,151,-0.223122,5.37254e-05,False
rs5750211,36,152,-0.222635,5.51322e-05,False
rs5750211,36,153,-0.226655,4.11014e-05,False
rs5750211,36,154,-0.212104,0.000122258,False
rs5750211,36,155,-0.211976,0.000123682,False
rs5750211,36,156,-0.231842,2.6951e-05,False
rs5750211,36,157,-0.235307,2.01596e-05,False
rs5750211,36,158,-0.238503,1.56778e-05,False
rs5750211,36,159,-0.230129,3.08239e-05,False
rs5750211,36,160,-0.225956,4.22668e-05,False
rs5750211,36,161,-0.232641,2.45501e-05,False
rs5750211,36,162,-0.236088,1.83531e-05,False
rs5750211,36,163,-0.23875,1.44665e-05,False
rs5750211,36,164,-0.229539,3.07896e-05,False
rs5750211,36,165,-0.235597,1.83605e-05,False
rs5750211,36,166,-0.219427,6.59104e-05,False
rs5750211,36,167,-0.231132,2.62726e-05,False
rs5750211,36,168,-0.217374,7.58172e-05,False
rs5750211,36,169,-0.228929,3.00249e-05,False
rs5750211,36,170,-0.229738,2.69805e-05,False
rs5750211,36,171,-0.230064,2.58415e-05,False
rs5750211,36,172,-0.233831,1.88097e-05,False
rs5750211,36,173,-0.228317,2.87943e-05,False
rs5750211,36,174,-0.233959,1.78313e-05,False
rs5750211,36,175,-0.222292,4.45853e-05,False
rs5750211,36,176,-0.211485,0.000101006,False
rs5750211,36,177,-0.234745,1.52223e-05,False
rs5750211,36,178,-0.22654,2.94311e-05,False
rs5750211,36,179,-0.225572,3.08583e-05,False
rs5750211,36,180,-0.224084,3.35556e-05,False
rs5750211,36,181,-0.225635,2.80648e-05,False
rs5750211,36,182,-0.23554,1.17786e-05,False
rs5750211,36,183,-0.227027,2.36876e-05,False
rs5750211,36,184,-0.221169,3.73541e-05,False
rs5750211,36,185,-0.222407,3.22699e-05,False
rs5750211,36,186,-0.239633,7.21449e-06,False
rs5750211,36,187,-0.22085,3.41723e-05,False
rs5750211,36,188,-0.230426,1.47818e-05,False
rs5750211,36,189,-0.23905,6.82131e-06,False
rs5750211,36,190,-0.228722,1.59268e-05,False
rs5750211,36,191,-0.225151,2.09399e-05,False
rs5750211,36,192,-0.243782,3.73828e-06,False
rs5750211,36,193,-0.253772,1.4316e-06,False
rs5750211,36,194,-0.240033,4.83918e-06,False
rs5750211,36,195,-0.246021,2.77772e-06,False
rs5750211,36,196,-0.248522,2.16036e-06,False
rs5750211,36,197,-0.253883,1.30282e-06,False
rs5750211,36,198,-0.236574,6.27949e-06,False
rs5750211,36,199,-0.241206,4.09385e-06,False
rs5750211,36,200,-0.239558,4.78404e-06,False
rs5750211,36,201,-0.255606,1.0214e-06,False
rs5750211,36,202,-0.256666,9.12372e-07,False
rs5750211,36,203,-0.25044,1.62612e-06,False
rs5750211,36,204,-0.247532,2.16521e-06,False
rs5750211,36,205,-0.243294,3.18932e-06,False
rs5750211,36,206,-0.240551,4.11455e-06,False
rs5750211,36,207,-0.242216,3.48613e-06,False
rs5750211,36,208,-0.247217,2.28247e-06,False
rs5750211,36,209,-0.238691,4.9857e-06,False
rs5750211,36,210,-0.25232,1.44763e-06,False
rs5750211,36,211,-0.234257,8.05986e-06,False
rs5750211,36,212,-0.213257,4.90203e-05,False
rs5750211,36,213,-0.222569,2.34226e-05,False
rs5750211,36,214,-0.227514,1.65007e-05,False
rs5750211,36,215,-0.225109,2.09164e-05,False
rs5750211,36,216,-0.227415,1.7825e-05,False
rs5750211,36,217,-0.226563,2.12075e-05,False
rs5750211,36,218,-0.230155,1.65796e-05,False
rs5750211,36,219,-0.222966,3.30229e-05,False
rs5750211,36,220,-0.214822,6.62657e-05,False
rs5750211,36,221,-0.236278,1.28982e-05,False
rs5750211,36,222,-0.231706,2.08967e-05,False
rs5750211,36,223,-0.247482,6.19322e-06,False
rs5750211,36,224,-0.247256,7.35135e-06,False
rs5750211,36,225,-0.252619,5.29095e-06,False
rs5750211,36,226,-0.249268,8.40028e-06,False
rs5750211,36,227,-0.247367,1.14989e-05,False
rs5750211,36,228,-0.248458,1.2191e-05,False
rs5750211,36,229,-0.256644,7.2645e-06,False
rs5750211,36,230,-0.269816,2.9731e-06,False
rs5750211,36,231,-0.266775,4.92877e-06,False
rs5750211,36,232,-0.264586,7.26926e-06,False
rs5750211,36,233,-0.277021,3.36265e-06,False
rs5750211,36,234,-0.278106,3.91039e-06,False
rs5750211,36,235,-0.285111,2.87307e-06,False
rs5750211,36,236,-0.275731,7.85253e-06,False
rs5750211,36,237,-0.276388,9.75299e-06,False
rs5750211,36,238,-0.288389,5.12496e-06,False
rs5750211,36,239,-0.292173,5.08938e-06,False
rs5750211,36,240,-0.272697,2.79662e-05,False
rs5750211,36,241,-0.285269,1.47105e-05,False
rs5750211,36,242,-0.279814,2.82368e-05,False
rs5750211,36,243,-0.271354,6.17841e-05,False
rs5750211,36,244,-0.271547,8.13968e-05,False
rs5750211,36,245,-0.274714,8.62522e-05,False
rs5750211,36,246,-0.272526,0.000124618,False
rs5750211,36,247,-0.266696,0.000218298,False
rs5750211,36,248,-0.265732,0.000294062,False
rs5750211,36,249,-0.274451,0.00023122,False
rs5750211,36,250,-0.255065,0.000755111,False
rs5750211,36,251,-0.2615,0.000673644,False
rs5750211,37,6,-0.134182,0.00112338,False
rs5750211,37,7,-0.109874,0.00730859,False
rs5750211,37,8,-0.123145,0.00248975,False
rs5750211,37,9,-0.129004,0.00141756,False
rs5750211,37,10,-0.126851,0.00158875,False
rs5750211,37,11,-0.125903,0.00167321,False
rs5750211,37,12,-0.125717,0.00160881,False
rs5750211,37,13,-0.12519,0.00162742,False
rs5750211,37,14,-0.145447,0.000234082,False
rs5750211,37,15,-0.119813,0.00239166,False
rs5750211,37,16,-0.115805,0.00329656,False
rs5750211,37,17,-0.115932,0.00330776,False
rs5750211,37,18,-0.116059,0.00333262,False
rs5750211,37,19,-0.112629,0.00439427,False
rs5750211,37,20,-0.13193,0.000864017,False
rs5750211,37,21,-0.117518,0.00295832,False
rs5750211,37,22,-0.130646,0.000979233,False
rs5750211,37,23,-0.13795,0.000506255,False
rs5750211,37,24,-0.146044,0.000233738,False
rs5750211,37,25,-0.136856,0.00059042,False
rs5750211,37,26,-0.140984,0.000401132,False
rs5750211,37,27,-0.138104,0.000542329,False
rs5750211,37,28,-0.134713,0.000754073,False
rs5750211,37,29,-0.136675,0.000641465,False
rs5750211,37,30,-0.141584,0.000434868,False
rs5750211,37,31,-0.137943,0.000628903,False
rs5750211,37,32,-0.146758,0.000278337,False
rs5750211,37,33,-0.13172,0.00115147,False
rs5750211,37,34,-0.144447,0.000369394,False
rs5750211,37,35,-0.138506,0.000670992,False
rs5750211,37,36,-0.135231,0.000924147,False
rs5750211,37,37,-0.145021,0.000395802,False
rs5750211,37,38,-0.134543,0.00104305,False
rs5750211,37,39,-0.126118,0.00214143,False
rs5750211,37,40,-0.148111,0.000340422,False
rs5750211,37,41,-0.129928,0.00172236,False
rs5750211,37,42,-0.11817,0.00453827,False
rs5750211,37,43,-0.135776,0.00112559,False
rs5750211,37,44,-0.10932,0.00910477,False
rs5750211,37,45,-0.126472,0.00262056,False
rs5750211,37,46,-0.148389,0.000444218,False
rs5750211,37,47,-0.135182,0.00143779,False
rs5750211,37,48,-0.135738,0.00144302,False
rs5750211,37,49,-0.144335,0.000745651,False
rs5750211,37,50,-0.126455,0.00323078,False
rs5750211,37,51,-0.130446,0.00251303,False
rs5750211,37,52,-0.123584,0.00431948,False
rs5750211,37,53,-0.120323,0.00566263,False
rs5750211,37,54,-0.142404,0.00110797,False
rs5750211,37,55,-0.139988,0.001432,False
rs5750211,37,56,-0.144856,0.0010329,False
rs5750211,37,57,-0.144047,0.0011399,False
rs5750211,37,58,-0.152443,0.000596412,False
rs5750211,37,59,-0.14795,0.000925229,False
rs5750211,37,60,-0.149707,0.000853591,False
rs5750211,37,61,-0.1406,0.00181824,False
rs5750211,37,62,-0.148919,0.00103524,False
rs5750211,37,63,-0.140304,0.00203422,False
rs5750211,37,64,-0.129504,0.00461715,False
rs5750211,37,65,-0.13839,0.00257664,False
rs5750211,37,66,-0.161382,0.00046686,False
rs5750211,37,67,-0.153736,0.000911462,False
rs5750211,37,68,-0.161998,0.000510041,False
rs5750211,37,69,-0.153941,0.00102578,False
rs5750211,37,70,-0.15193,0.00125431,False
rs5750211,37,71,-0.158816,0.000779188,False
rs5750211,37,72,-0.171657,0.000303793,False
rs5750211,37,73,-0.164849,0.00055486,False
rs5750211,37,74,-0.170209,0.000389745,False
rs5750211,37,75,-0.164926,0.000628316,False
rs5750211,37,76,-0.168181,0.000520145,False
rs5750211,37,77,-0.178374,0.000249303,False
rs5750211,37,78,-0.169157,0.000530884,False
rs5750211,37,79,-0.174,0.000390824,False
rs5750211,37,80,-0.163157,0.000910444,False
rs5750211,37,81,-0.156894,0.0014786,False
rs5750211,37,82,-0.152147,0.00219568,False
rs5750211,37,83,-0.155782,0.00175284,False
rs5750211,37,84,-0.155644,0.00184513,False
rs5750211,37,85,-0.164907,0.000996022,False
rs5750211,37,86,-0.176199,0.000463051,False
rs5750211,37,87,-0.175556,0.000501892,False
rs5750211,37,88,-0.161548,0.00140635,False
rs5750211,37,89,-0.158431,0.0017902,False
rs5750211,37,90,-0.17218,0.000726167,False
rs5750211,37,91,-0.172535,0.00072763,False
rs5750211,37,92,-0.173866,0.000690507,False
rs5750211,37,93,-0.173132,0.000749478,False
rs5750211,37,94,-0.189525,0.000236072,False
rs5750211,37,95,-0.183199,0.000392307,False
rs5750211,37,96,-0.178309,0.000581351,False
rs5750211,37,97,-0.170348,0.00104096,False
rs5750211,37,98,-0.185729,0.000357491,False
rs5750211,37,99,-0.183869,0.000418642,False
rs5750211,37,100,-0.184495,0.000418532,False
rs5750211,37,101,-0.187459,0.000342648,False
rs5750211,37,102,-0.183072,0.000480699,False
rs5750211,37,103,-0.188803,0.000327506,False
rs5750211,37,104,-0.191575,0.000273859,False
rs5750211,37,105,-0.183581,0.000499902,False
rs5750211,37,106,-0.206199,9.53541e-05,False
rs5750211,37,107,-0.204632,0.000111231,False
rs5750211,37,108,-0.188341,0.000381719,False
rs5750211,37,109,-0.187873,0.000406211,False
rs5750211,37,110,-0.185272,0.000496464,False
rs5750211,37,111,-0.180022,0.000729157,False
rs5750211,37,112,-0.177137,0.000900335,False
rs5750211,37,113,-0.185641,0.000518412,False
rs5750211,37,114,-0.185719,0.000522034,False
rs5750211,37,115,-0.205374,0.000128177,False
rs5750211,37,116,-0.20031,0.000193103,False
rs5750211,37,117,-0.206373,0.000125412,False
rs5750211,37,118,-0.193084,0.000336478,False
rs5750211,37,119,-0.182799,0.000697877,False
rs5750211,37,120,-0.182415,0.000725992,False
rs5750211,37,121,-0.191428,0.000394818,False
rs5750211,37,122,-0.185748,0.000591239,False
rs5750211,37,123,-0.18132,0.000805264,False
rs5750211,37,124,-0.184634,0.000656166,False
rs5750211,37,125,-0.192304,0.00039072,False
rs5750211,37,126,-0.18412,0.000691259,False
rs5750211,37,127,-0.192036,0.000413131,False
rs5750211,37,128,-0.186996,0.000588785,False
rs5750211,37,129,-0.177898,0.0010957,False
rs5750211,37,130,-0.190546,0.000479123,False
rs5750211,37,131,-0.196924,0.000309031,False
rs5750211,37,132,-0.192296,0.000421171,False
rs5750211,37,133,-0.182664,0.000816628,False
rs5750211,37,134,-0.200675,0.00023697,False
rs5750211,37,135,-0.209103,0.000129123,False
rs5750211,37,136,-0.21383,9.1753e-05,False
rs5750211,37,137,-0.206305,0.000162486,False
rs5750211,37,138,-0.207947,0.000146145,False
rs5750211,37,139,-0.194524,0.000388628,False
rs5750211,37,140,-0.199302,0.000279277,False
rs5750211,37,141,-0.197738,0.000313809,False
rs5750211,37,142,-0.191659,0.000479411,False
rs5750211,37,143,-0.202522,0.000227985,False
rs5750211,37,144,-0.214817,9.29109e-05,False
rs5750211,37,145,-0.216437,8.3874e-05,False
rs5750211,37,146,-0.215933,8.5986e-05,False
rs5750211,37,147,-0.216747,8.00392e-05,False
rs5750211,37,148,-0.226313,3.91626e-05,False
rs5750211,37,149,-0.225245,4.27751e-05,False
rs5750211,37,150,-0.215809,8.76458e-05,False
rs5750211,37,151,-0.21537,9.01568e-05,False
rs5750211,37,152,-0.217864,7.67914e-05,False
rs5750211,37,153,-0.224542,4.6079e-05,False
rs5750211,37,154,-0.224821,4.61518e-05,False
rs5750211,37,155,-0.22799,3.49308e-05,False
rs5750211,37,156,-0.222856,5.1968e-05,False
rs5750211,37,157,-0.215008,9.50233e-05,False
rs5750211,37,158,-0.225675,4.20341e-05,False
rs5750211,37,159,-0.221037,5.94257e-05,False
rs5750211,37,160,-0.224334,4.59219e-05,False
rs5750211,37,161,-0.226388,3.96977e-05,False
rs5750211,37,162,-0.234736,1.99243e-05,False
rs5750211,37,163,-0.227229,3.64484e-05,False
rs5750211,37,164,-0.238832,1.41964e-05,False
rs5750211,37,165,-0.228046,3.32919e-05,False
rs5750211,37,166,-0.229698,2.91833e-05,False
rs5750211,37,167,-0.224723,4.30872e-05,False
rs5750211,37,168,-0.229467,2.97837e-05,False
rs5750211,37,169,-0.226069,3.86284e-05,False
rs5750211,37,170,-0.238363,1.40901e-05,False
rs5750211,37,171,-0.244941,7.786e-06,False
rs5750211,37,172,-0.242706,9.26066e-06,False
rs5750211,37,173,-0.231319,2.28733e-05,False
rs5750211,37,174,-0.242406,8.86681e-06,False
rs5750211,37,175,-0.239494,1.07843e-05,False
rs5750211,37,176,-0.235667,1.45696e-05,False
rs5750211,37,177,-0.246542,5.64182e-06,False
rs5750211,37,178,-0.242243,8.22099e-06,False
rs5750211,37,179,-0.245823,5.9361e-06,False
rs5750211,37,180,-0.237949,1.13562e-05,False
rs5750211,37,181,-0.25317,2.86622e-06,False
rs5750211,37,182,-0.240429,8.52136e-06,False
rs5750211,37,183,-0.225954,2.7828e-05,False
rs5750211,37,184,-0.231267,1.74115e-05,False
rs5750211,37,185,-0.228199,2.19191e-05,False
rs5750211,37,186,-0.218971,4.55979e-05,False
rs5750211,37,187,-0.228026,2.08503e-05,False
rs5750211,37,188,-0.22216,3.22395e-05,False
rs5750211,37,189,-0.241298,6.13876e-06,False
rs5750211,37,190,-0.250447,2.51545e-06,False
rs5750211,37,191,-0.23918,6.82411e-06,False
rs5750211,37,192,-0.239463,6.29811e-06,False
rs5750211,37,193,-0.242055,4.87445e-06,False
rs5750211,37,194,-0.245253,3.51603e-06,False
rs5750211,37,195,-0.251212,1.94384e-06,False
rs5750211,37,196,-0.236345,7.43716e-06,False
rs5750211,37,197,-0.22706,1.65371e-05,False
rs5750211,37,198,-0.21984,2.97014e-05,False
rs5750211,37,199,-0.231068,1.10718e-05,False
rs5750211,37,200,-0.231222,1.07609e-05,False
rs5750211,37,201,-0.22666,1.61516e-05,False
rs5750211,37,202,-0.21339,4.8448e-05,False
rs5750211,37,203,-0.228476,1.37796e-05,False
rs5750211,37,204,-0.229467,1.2227e-05,False
rs5750211,37,205,-0.229159,1.27987e-05,False
rs5750211,37,206,-0.231533,1.03448e-05,False
rs5750211,37,207,-0.22587,1.67849e-05,False
rs5750211,37,208,-0.2306,1.12736e-05,False
rs5750211,37,209,-0.240085,4.86543e-06,False
rs5750211,37,210,-0.226035,1.7472e-05,False
rs5750211,37,211,-0.223282,2.27547e-05,False
rs5750211,37,212,-0.242689,4.23087e-06,False
rs5750211,37,213,-0.240649,5.31165e-06,False
rs5750211,37,214,-0.236117,8.3747e-06,False
rs5750211,37,215,-0.228446,1.66829e-05,False
rs5750211,37,216,-0.243581,4.7549e-06,False
rs5750211,37,217,-0.240727,6.58385e-06,False
rs5750211,37,218,-0.23659,9.73555e-06,False
rs5750211,37,219,-0.245987,4.79667e-06,False
rs5750211,37,220,-0.255736,2.14326e-06,False
rs5750211,37,221,-0.251504,3.48419e-06,False
rs5750211,37,222,-0.262614,1.45529e-06,False
rs5750211,37,223,-0.272007,6.65396e-07,False
rs5750211,37,224,-0.274137,6.46682e-07,False
rs5750211,37,225,-0.279056,4.73662e-07,False
rs5750211,37,226,-0.272798,9.78256e-07,False
rs5750211,37,227,-0.274554,9.95952e-07,False
rs5750211,37,228,-0.278355,8.92356e-07,False
rs5750211,37,229,-0.259367,5.67036e-06,False
rs5750211,37,230,-0.286463,6.4777e-07,False
rs5750211,37,231,-0.300608,2.38402e-07,False
rs5750211,37,232,-0.302622,2.6331e-07,False
rs5750211,37,233,-0.293088,7.92179e-07,False
rs5750211,37,234,-0.294547,9.55526e-07,False
rs5750211,37,235,-0.297596,9.71239e-07,False
rs5750211,37,236,-0.296302,1.42376e-06,False
rs5750211,37,237,-0.298461,1.60153e-06,False
rs5750211,37,238,-0.283572,6.72004e-06,False
rs5750211,37,239,-0.262453,3.84459e-05,False
rs5750211,37,240,-0.280698,1.43144e-05,False
rs5750211,37,241,-0.285671,1.31968e-05,False
rs5750211,37,242,-0.272969,3.99869e-05,False
rs5750211,37,243,-0.29754,1.03406e-05,False
rs5750211,37,244,-0.283445,3.47627e-05,False
rs5750211,37,245,-0.271161,9.46887e-05,False
rs5750211,37,246,-0.260275,0.000225794,False
rs5750211,37,247,-0.265133,0.000221697,False
rs5750211,37,248,-0.254592,0.000489307,False
rs5750211,37,249,-0.257615,0.00052641,False
rs5750211,37,250,-0.26356,0.000474877,False
rs5750211,37,251,-0.277274,0.000285758,False
rs5750211,38,6,-0.100212,0.0155868,False
rs5750211,38,7,-0.105863,0.0103122,False
rs5750211,38,8,-0.0930146,0.0229246,False
rs5750211,38,9,-0.0945451,0.0195004,False
rs5750211,38,10,-0.091719,0.0227499,False
rs5750211,38,11,-0.0923962,0.0209792,False
rs5750211,38,12,-0.0941884,0.01815,False
rs5750211,38,13,-0.0923204,0.0199623,False
rs5750211,38,14,-0.0781626,0.048082,False
rs5750211,38,15,-0.086068,0.0291158,False
rs5750211,38,16,-0.100279,0.0111004,False
rs5750211,38,17,-0.104543,0.00807908,False
rs5750211,38,18,-0.0844296,0.0322678,False
rs5750211,38,19,-0.100164,0.0112812,False
rs5750211,38,20,-0.107154,0.00677579,False
rs5750211,38,21,-0.0933674,0.0184531,False
rs5750211,38,22,-0.0929261,0.0193169,False
rs5750211,38,23,-0.119489,0.00270144,False
rs5750211,38,24,-0.109745,0.00585068,False
rs5750211,38,25,-0.117914,0.0031795,False
rs5750211,38,26,-0.118163,0.00307415,False
rs5750211,38,27,-0.116924,0.0035616,False
rs5750211,38,28,-0.138599,0.00057133,False
rs5750211,38,29,-0.110201,0.00626552,False
rs5750211,38,30,-0.119341,0.00313467,False
rs5750211,38,31,-0.12717,0.00169104,False
rs5750211,38,32,-0.111622,0.00596035,False
rs5750211,38,33,-0.109472,0.00715211,False
rs5750211,38,34,-0.129814,0.00146233,False
rs5750211,38,35,-0.123564,0.00253569,False
rs5750211,38,36,-0.114898,0.00513996,False
rs5750211,38,37,-0.108204,0.00858209,False
rs5750211,38,38,-0.111899,0.00672058,False
rs5750211,38,39,-0.126761,0.00223469,False
rs5750211,38,40,-0.13543,0.00114662,False
rs5750211,38,41,-0.129443,0.00189991,False
rs5750211,38,42,-0.120632,0.0039442,False
rs5750211,38,43,-0.119596,0.00447903,False
rs5750211,38,44,-0.124308,0.00327163,False
rs5750211,38,45,-0.129822,0.00220667,False
rs5750211,38,46,-0.120887,0.00452103,False
rs5750211,38,47,-0.13638,0.00141512,False
rs5750211,38,48,-0.125969,0.00330512,False
rs5750211,38,49,-0.128452,0.00290951,False
rs5750211,38,50,-0.124549,0.00399467,False
rs5750211,38,51,-0.12195,0.00501071,False
rs5750211,38,52,-0.111328,0.0106828,False
rs5750211,38,53,-0.12817,0.00350222,False
rs5750211,38,54,-0.127858,0.00374701,False
rs5750211,38,55,-0.122762,0.00549109,False
rs5750211,38,56,-0.132273,0.00290287,False
rs5750211,38,57,-0.13472,0.00256811,False
rs5750211,38,58,-0.113841,0.0111906,False
rs5750211,38,59,-0.132404,0.00329709,False
rs5750211,38,60,-0.149111,0.000992195,False
rs5750211,38,61,-0.140932,0.00192058,False
rs5750211,38,62,-0.129524,0.00454486,False
rs5750211,38,63,-0.148606,0.00118423,False
rs5750211,38,64,-0.131763,0.00423017,False
rs5750211,38,65,-0.151349,0.0010948,False
rs5750211,38,66,-0.131486,0.00464568,False
rs5750211,38,67,-0.143464,0.0021202,False
rs5750211,38,68,-0.151199,0.00126679,False
rs5750211,38,69,-0.147047,0.00180858,False
rs5750211,38,70,-0.145786,0.00209289,False
rs5750211,38,71,-0.150438,0.00158764,False
rs5750211,38,72,-0.133943,0.0051811,False
rs5750211,38,73,-0.142448,0.00304011,False
rs5750211,38,74,-0.153015,0.00152996,False
rs5750211,38,75,-0.135626,0.00517821,False
rs5750211,38,76,-0.1414,0.00366618,False
rs5750211,38,77,-0.142271,0.00366323,False
rs5750211,38,78,-0.152245,0.00195464,False
rs5750211,38,79,-0.163337,0.000915469,False
rs5750211,38,80,-0.153743,0.00190615,False
rs5750211,38,81,-0.139676,0.00494804,False
rs5750211,38,82,-0.157869,0.00154682,False
rs5750211,38,83,-0.145735,0.00356185,False
rs5750211,38,84,-0.133108,0.0081207,False
rs5750211,38,85,-0.149625,0.00296252,False
rs5750211,38,86,-0.147587,0.00350452,False
rs5750211,38,87,-0.13792,0.00657448,False
rs5750211,38,88,-0.150399,0.00309853,False
rs5750211,38,89,-0.155543,0.00230211,False
rs5750211,38,90,-0.162116,0.00150903,False
rs5750211,38,91,-0.149896,0.00343577,False
rs5750211,38,92,-0.157931,0.00212256,False
rs5750211,38,93,-0.156075,0.00248637,False
rs5750211,38,94,-0.164362,0.00145366,False
rs5750211,38,95,-0.168515,0.00111596,False
rs5750211,38,96,-0.162123,0.00177015,False
rs5750211,38,97,-0.163137,0.00169257,False
rs5750211,38,98,-0.173226,0.000881206,False
rs5750211,38,99,-0.17408,0.000850779,False
rs5750211,38,100,-0.170362,0.00113637,False
rs5750211,38,101,-0.174343,0.000875579,False
rs5750211,38,102,-0.167509,0.00140951,False
rs5750211,38,103,-0.15546,0.00309539,False
rs5750211,38,104,-0.158611,0.00259916,False
rs5750211,38,105,-0.161974,0.0021315,False
rs5750211,38,106,-0.171627,0.00114182,False
rs5750211,38,107,-0.15617,0.00307022,False
rs5750211,38,108,-0.169092,0.0013741,False
rs5750211,38,109,-0.159571,0.00258157,False
rs5750211,38,110,-0.158885,0.00275277,False
rs5750211,38,111,-0.168984,0.00146426,False
rs5750211,38,112,-0.171895,0.00120186,False
rs5750211,38,113,-0.172056,0.00121962,False
rs5750211,38,114,-0.16071,0.00253249,False
rs5750211,38,115,-0.161346,0.00247939,False
rs5750211,38,116,-0.173279,0.00118109,False
rs5750211,38,117,-0.171602,0.00132866,False
rs5750211,38,118,-0.166635,0.00185648,False
rs5750211,38,119,-0.163079,0.00234973,False
rs5750211,38,120,-0.182722,0.000671984,False
rs5750211,38,121,-0.176998,0.000987852,False
rs5750211,38,122,-0.175455,0.00108736,False
rs5750211,38,123,-0.163561,0.00236899,False
rs5750211,38,124,-0.167432,0.001913,False
rs5750211,38,125,-0.155629,0.00395699,False
rs5750211,38,126,-0.163693,0.00245431,False
rs5750211,38,127,-0.16677,0.00206282,False
rs5750211,38,128,-0.175095,0.00122178,False
rs5750211,38,129,-0.168514,0.00189424,False
rs5750211,38,130,-0.173889,0.00134247,False
rs5750211,38,131,-0.181704,0.000809532,False
rs5750211,38,132,-0.179872,0.000927502,False
rs5750211,38,133,-0.17721,0.00111284,False
rs5750211,38,134,-0.181492,0.000831951,False
rs5750211,38,135,-0.165571,0.00230016,False
rs5750211,38,136,-0.159009,0.0034101,False
rs5750211,38,137,-0.169048,0.00186895,False
rs5750211,38,138,-0.184893,0.0006779,False
rs5750211,38,139,-0.161527,0.00300372,False
rs5750211,38,140,-0.166956,0.0021795,False
rs5750211,38,141,-0.172941,0.00152119,False
rs5750211,38,142,-0.189335,0.000520185,False
rs5750211,38,143,-0.195351,0.000348206,False
rs5750211,38,144,-0.180973,0.000923541,False
rs5750211,38,145,-0.183197,0.000794022,False
rs5750211,38,146,-0.185989,0.000669232,False
rs5750211,38,147,-0.179266,0.00106393,False
rs5750211,38,148,-0.190451,0.000509029,False
rs5750211,38,149,-0.190742,0.000497664,False
rs5750211,38,150,-0.199635,0.000270114,False
rs5750211,38,151,-0.201219,0.000241015,False
rs5750211,38,152,-0.185781,0.000705093,False
rs5750211,38,153,-0.17836,0.00115085,False
rs5750211,38,154,-0.182425,0.000893181,False
rs5750211,38,155,-0.19288,0.000440016,False
rs5750211,38,156,-0.206908,0.000164001,False
rs5750211,38,157,-0.224784,4.18868e-05,False
rs5750211,38,158,-0.212687,0.000106635,False
rs5750211,38,159,-0.215849,8.54388e-05,False
rs5750211,38,160,-0.219491,6.56284e-05,False
rs5750211,38,161,-0.213582,0.000103254,False
rs5750211,38,162,-0.210211,0.000134865,False
rs5750211,38,163,-0.220592,6.04892e-05,False
rs5750211,38,164,-0.219605,6.4399e-05,False
rs5750211,38,165,-0.22016,6.04943e-05,False
rs5750211,38,166,-0.228932,3.08299e-05,False
rs5750211,38,167,-0.228707,3.1501e-05,False
rs5750211,38,168,-0.225059,4.08878e-05,False
rs5750211,38,169,-0.220834,5.61496e-05,False
rs5750211,38,170,-0.219538,6.12803e-05,False
rs5750211,38,171,-0.226656,3.61278e-05,False
rs5750211,38,172,-0.222512,4.92426e-05,False
rs5750211,38,173,-0.213586,9.63029e-05,False
rs5750211,38,174,-0.222005,4.96901e-05,False
rs5750211,38,175,-0.231113,2.3995e-05,False
rs5750211,38,176,-0.226874,3.32489e-05,False
rs5750211,38,177,-0.234606,1.75746e-05,False
rs5750211,38,178,-0.232228,2.00935e-05,False
rs5750211,38,179,-0.222859,4.25731e-05,False
rs5750211,38,180,-0.223703,3.88866e-05,False
rs5750211,38,181,-0.233019,1.7967e-05,False
rs5750211,38,182,-0.226314,2.98772e-05,False
rs5750211,38,183,-0.224547,3.44162e-05,False
rs5750211,38,184,-0.239834,9.35576e-06,False
rs5750211,38,185,-0.235637,1.28496e-05,False
rs5750211,38,186,-0.229478,2.09548e-05,False
rs5750211,38,187,-0.229496,1.99139e-05,False
rs5750211,38,188,-0.240443,7.77289e-06,False
rs5750211,38,189,-0.244627,5.10071e-06,False
rs5750211,38,190,-0.244826,4.71945e-06,False
rs5750211,38,191,-0.238589,7.65827e-06,False
rs5750211,38,192,-0.228109,1.83975e-05,False
rs5750211,38,193,-0.231355,1.38887e-05,False
rs5750211,38,194,-0.232236,1.21814e-05,False
rs5750211,38,195,-0.224325,2.31086e-05,False
rs5750211,38,196,-0.228915,1.53894e-05,False
rs5750211,38,197,-0.231178,1.25244e-05,False
rs5750211,38,198,-0.231644,1.15334e-05,False
rs5750211,38,199,-0.228613,1.46057e-05,False
rs5750211,38,200,-0.230106,1.30598e-05,False
rs5750211,38,201,-0.216437,4.15098e-05,False
rs5750211,38,202,-0.221744,2.63237e-05,False
rs5750211,38,203,-0.213871,4.91675e-05,False
rs5750211,38,204,-0.211541,6.00165e-05,False
rs5750211,38,205,-0.21689,3.83136e-05,False
rs5750211,38,206,-0.219657,3.10473e-05,False
rs5750211,38,207,-0.215933,4.15401e-05,False
rs5750211,38,208,-0.22706,1.67831e-05,False
rs5750211,38,209,-0.223385,2.30721e-05,False
rs5750211,38,210,-0.217638,3.81682e-05,False
rs5750211,38,211,-0.227459,1.69589e-05,False
rs5750211,38,212,-0.232488,1.14172e-05,False
rs5750211,38,213,-0.234508,1.00145e-05,False
rs5750211,38,214,-0.223847,2.51302e-05,False
rs5750211,38,215,-0.220331,3.43512e-05,False
rs5750211,38,216,-0.222214,3.06023e-05,False
rs5750211,38,217,-0.222773,3.14391e-05,False
rs5750211,38,218,-0.225296,2.65357e-05,False
rs5750211,38,219,-0.23479,1.327e-05,False
rs5750211,38,220,-0.23475,1.40981e-05,False
rs5750211,38,221,-0.227974,2.72554e-05,False
rs5750211,38,222,-0.217726,6.58633e-05,False
rs5750211,38,223,-0.230248,2.64826e-05,False
rs5750211,38,224,-0.226196,4.09211e-05,False
rs5750211,38,225,-0.22874,3.6971e-05,False
rs5750211,38,226,-0.218299,9.15782e-05,False
rs5750211,38,227,-0.239861,2.01733e-05,False
rs5750211,38,228,-0.251274,9.09757e-06,False
rs5750211,38,229,-0.264704,3.53077e-06,False
rs5750211,38,230,-0.258571,7.1297e-06,False
rs5750211,38,231,-0.259897,7.73396e-06,False
rs5750211,38,232,-0.261241,8.35318e-06,False
rs5750211,38,233,-0.255444,1.60369e-05,False
rs5750211,38,234,-0.263422,1.05194e-05,False
rs5750211,38,235,-0.253009,2.81357e-05,False
rs5750211,38,236,-0.25824,2.41171e-05,False
rs5750211,38,237,-0.265335,1.81017e-05,False
rs5750211,38,238,-0.271177,1.48905e-05,False
rs5750211,38,239,-0.288033,5.61312e-06,False
rs5750211,38,240,-0.283654,9.94994e-06,False
rs5750211,38,241,-0.27435,2.48709e-05,False
rs5750211,38,242,-0.276464,2.86586e-05,False
rs5750211,38,243,-0.284938,2.11728e-05,False
rs5750211,38,244,-0.277846,4.48661e-05,False
rs5750211,38,245,-0.273085,7.72704e-05,False
rs5750211,38,246,-0.276826,8.08814e-05,False
rs5750211,38,247,-0.282365,7.58766e-05,False
rs5750211,38,248,-0.290039,6.42689e-05,False
rs5750211,38,249,-0.283047,0.000126058,False
rs5750211,38,250,-0.276424,0.000226323,False
rs5750211,38,251,-0.27573,0.00028938,False
rs5750211,39,6,-0.0925901,0.0257431,False
rs5750211,39,7,-0.108724,0.00846395,False
rs5750211,39,8,-0.10946,0.00756046,False
rs5750211,39,9,-0.0914234,0.0247792,False
rs5750211,39,10,-0.0934818,0.0211592,False
rs5750211,39,11,-0.0852053,0.0344386,False
rs5750211,39,12,-0.0827857,0.038979,False
rs5750211,39,13,-0.0972605,0.014961,False
rs5750211,39,14,-0.0898015,0.0243035,False
rs5750211,39,15,-0.0945014,0.0176744,False
rs5750211,39,16,-0.0938018,0.018313,False
rs5750211,39,17,-0.110722,0.00524499,False
rs5750211,39,18,-0.111592,0.00502433,False
rs5750211,39,19,-0.0926579,0.0196194,False
rs5750211,39,20,-0.101487,0.0105754,False
rs5750211,39,21,-0.114475,0.00401212,False
rs5750211,39,22,-0.129456,0.00117893,False
rs5750211,39,23,-0.100463,0.011945,False
rs5750211,39,24,-0.110027,0.00584702,False
rs5750211,39,25,-0.118912,0.00306724,False
rs5750211,39,26,-0.103668,0.0100466,False
rs5750211,39,27,-0.116223,0.00396773,False
rs5750211,39,28,-0.122168,0.00252467,False
rs5750211,39,29,-0.118269,0.00354767,False
rs5750211,39,30,-0.112307,0.00576512,False
rs5750211,39,31,-0.117384,0.00398514,False
rs5750211,39,32,-0.118406,0.00379881,False
rs5750211,39,33,-0.110901,0.00682821,False
rs5750211,39,34,-0.144968,0.00042523,False
rs5750211,39,35,-0.131213,0.00144738,False
rs5750211,39,36,-0.102824,0.0129129,False
rs5750211,39,37,-0.112425,0.00679248,False
rs5750211,39,38,-0.112841,0.0067989,False
rs5750211,39,39,-0.102233,0.0144111,False
rs5750211,39,40,-0.109915,0.00882189,False
rs5750211,39,41,-0.102715,0.0146454,False
rs5750211,39,42,-0.107739,0.0106581,False
rs5750211,39,43,-0.123945,0.00348089,False
rs5750211,39,44,-0.10331,0.0153422,False
rs5750211,39,45,-0.0861406,0.0435196,False
rs5750211,39,46,-0.112817,0.00859877,False
rs5750211,39,47,-0.116977,0.00666976,False
rs5750211,39,48,-0.111092,0.0102544,False
rs5750211,39,49,-0.105589,0.0150635,False
rs5750211,39,50,-0.104917,0.0162329,False
rs5750211,39,51,-0.110114,0.0119483,False
rs5750211,39,52,-0.116857,0.00795884,False
rs5750211,39,53,-0.122138,0.00569162,False
rs5750211,39,54,-0.119093,0.00726094,False
rs5750211,39,55,-0.126677,0.00454093,False
rs5750211,39,56,-0.11784,0.00855725,False
rs5750211,39,57,-0.118128,0.00868842,False
rs5750211,39,58,-0.132337,0.00341957,False
rs5750211,39,59,-0.132354,0.00354544,False
rs5750211,39,60,-0.146398,0.00133265,False
rs5750211,39,61,-0.152479,0.000884319,False
rs5750211,39,62,-0.145961,0.00149886,False
rs5750211,39,63,-0.142236,0.00209956,False
rs5750211,39,64,-0.148155,0.00140075,False
rs5750211,39,65,-0.151307,0.00116923,False
rs5750211,39,66,-0.152475,0.00112562,False
rs5750211,39,67,-0.154259,0.00103278,False
rs5750211,39,68,-0.143966,0.00231295,False
rs5750211,39,69,-0.13758,0.00378119,False
rs5750211,39,70,-0.146807,0.00209453,False
rs5750211,39,71,-0.154136,0.00130101,False
rs5750211,39,72,-0.148899,0.00198765,False
rs5750211,39,73,-0.15594,0.00126307,False
rs5750211,39,74,-0.155839,0.00136255,False
rs5750211,39,75,-0.144827,0.00298318,False
rs5750211,39,76,-0.143621,0.00335707,False
rs5750211,39,77,-0.134621,0.00621232,False
rs5750211,39,78,-0.150245,0.00235322,False
rs5750211,39,79,-0.143893,0.00367379,False
rs5750211,39,80,-0.136152,0.00612506,False
rs5750211,39,81,-0.142252,0.0043738,False
rs5750211,39,82,-0.148224,0.00308085,False
rs5750211,39,83,-0.145486,0.00380547,False
rs5750211,39,84,-0.138584,0.00599461,False
rs5750211,39,85,-0.13707,0.00676581,False
rs5750211,39,86,-0.142404,0.00496952,False
rs5750211,39,87,-0.148653,0.00344128,False
rs5750211,39,88,-0.148644,0.00355214,False
rs5750211,39,89,-0.153062,0.0027498,False
rs5750211,39,90,-0.14016,0.00624161,False
rs5750211,39,91,-0.14682,0.00428116,False
rs5750211,39,92,-0.153449,0.00289632,False
rs5750211,39,93,-0.156396,0.00243523,False
rs5750211,39,94,-0.157441,0.00233417,False
rs5750211,39,95,-0.141156,0.0063735,False
rs5750211,39,96,-0.141834,0.00623196,False
rs5750211,39,97,-0.151205,0.0036151,False
rs5750211,39,98,-0.169783,0.00110822,False
rs5750211,39,99,-0.158826,0.00230316,False
rs5750211,39,100,-0.157894,0.00245475,False
rs5750211,39,101,-0.157253,0.00257837,False
rs5750211,39,102,-0.151524,0.00373712,False
rs5750211,39,103,-0.16506,0.0015948,False
rs5750211,39,104,-0.148271,0.004618,False
rs5750211,39,105,-0.151862,0.00379368,False
rs5750211,39,106,-0.144057,0.00608442,False
rs5750211,39,107,-0.146497,0.00536591,False
rs5750211,39,108,-0.150007,0.00439474,False
rs5750211,39,109,-0.149438,0.00454578,False
rs5750211,39,110,-0.166911,0.00156366,False
rs5750211,39,111,-0.156888,0.00297973,False
rs5750211,39,112,-0.169404,0.00137459,False
rs5750211,39,113,-0.164837,0.00184517,False
rs5750211,39,114,-0.162095,0.0022351,False
rs5750211,39,115,-0.16757,0.00159364,False
rs5750211,39,116,-0.168424,0.00151964,False
rs5750211,39,117,-0.167708,0.0016105,False
rs5750211,39,118,-0.165954,0.00183003,False
rs5750211,39,119,-0.170242,0.00142205,False
rs5750211,39,120,-0.173095,0.00119692,False
rs5750211,39,121,-0.180878,0.000718271,False
rs5750211,39,122,-0.166748,0.00185431,False
rs5750211,39,123,-0.164613,0.00214107,False
rs5750211,39,124,-0.182766,0.000655096,False
rs5750211,39,125,-0.177592,0.000946165,False
rs5750211,39,126,-0.180721,0.00076943,False
rs5750211,39,127,-0.168399,0.00175811,False
rs5750211,39,128,-0.151779,0.00480603,False
rs5750211,39,129,-0.161182,0.00280435,False
rs5750211,39,130,-0.168903,0.00174528,False
rs5750211,39,131,-0.166898,0.00202223,False
rs5750211,39,132,-0.163381,0.00251406,False
rs5750211,39,133,-0.173983,0.00128957,False
rs5750211,39,134,-0.168493,0.00184203,False
rs5750211,39,135,-0.182403,0.000749632,False
rs5750211,39,136,-0.185792,0.000603436,False
rs5750211,39,137,-0.18185,0.000786498,False
rs5750211,39,138,-0.182249,0.000769835,False
rs5750211,39,139,-0.195247,0.000317414,False
rs5750211,39,140,-0.20008,0.000222862,False
rs5750211,39,141,-0.212897,8.49922e-05,False
rs5750211,39,142,-0.206679,0.000138505,False
rs5750211,39,143,-0.204999,0.000159428,False
rs5750211,39,144,-0.209157,0.000117321,False
rs5750211,39,145,-0.214562,7.82224e-05,False
rs5750211,39,146,-0.214059,8.19828e-05,False
rs5750211,39,147,-0.212586,9.24385e-05,False
rs5750211,39,148,-0.209172,0.000121141,False
rs5750211,39,149,-0.199861,0.000240244,False
rs5750211,39,150,-0.194055,0.000367157,False
rs5750211,39,151,-0.207661,0.000138098,False
rs5750211,39,152,-0.208308,0.000135585,False
rs5750211,39,153,-0.211386,0.000109904,False
rs5750211,39,154,-0.215599,8.14741e-05,False
rs5750211,39,155,-0.215837,7.96507e-05,False
rs5750211,39,156,-0.202312,0.000220733,False
rs5750211,39,157,-0.221901,5.21105e-05,False
rs5750211,39,158,-0.23231,2.27433e-05,False
rs5750211,39,159,-0.231389,2.46231e-05,False
rs5750211,39,160,-0.208376,0.000144522,False
rs5750211,39,161,-0.208709,0.000141473,False
rs5750211,39,162,-0.232956,2.22026e-05,False
rs5750211,39,163,-0.22705,3.57112e-05,False
rs5750211,39,164,-0.220712,5.84677e-05,False
rs5750211,39,165,-0.209798,0.000130739,False
rs5750211,39,166,-0.225167,4.071e-05,False
rs5750211,39,167,-0.235783,1.73609e-05,False
rs5750211,39,168,-0.225173,3.99424e-05,False
rs5750211,39,169,-0.22417,4.33255e-05,False
rs5750211,39,170,-0.23425,1.98554e-05,False
rs5750211,39,171,-0.233033,2.19333e-05,False
rs5750211,39,172,-0.234508,1.9664e-05,False
rs5750211,39,173,-0.226806,3.62786e-05,False
rs5750211,39,174,-0.21806,6.90561e-05,False
rs5750211,39,175,-0.235361,1.69192e-05,False
rs5750211,39,176,-0.239977,1.12857e-05,False
rs5750211,39,177,-0.232151,2.13063e-05,False
rs5750211,39,178,-0.247315,5.99902e-06,False
rs5750211,39,179,-0.231002,2.33607e-05,False
rs5750211,39,180,-0.225932,3.44025e-05,False
rs5750211,39,181,-0.226375,3.22994e-05,False
rs5750211,39,182,-0.224458,3.6713e-05,False
rs5750211,39,183,-0.234346,1.62177e-05,False
rs5750211,39,184,-0.219076,5.33124e-05,False
rs5750211,39,185,-0.240494,8.89989e-06,False
rs5750211,39,186,-0.244641,6.13885e-06,False
rs5750211,39,187,-0.243466,6.41867e-06,False
rs5750211,39,188,-0.249509,3.74375e-06,False
rs5750211,39,189,-0.257347,1.78987e-06,False
rs5750211,39,190,-0.242668,6.38571e-06,False
rs5750211,39,191,-0.251702,2.70779e-06,False
rs5750211,39,192,-0.23566,1.1102e-05,False
rs5750211,39,193,-0.243231,5.43932e-06,False
rs5750211,39,194,-0.249486,3.05974e-06,False
rs5750211,39,195,-0.257489,1.39343e-06,False
rs5750211,39,196,-0.249402,2.87446e-06,False
rs5750211,39,197,-0.242791,5.11764e-06,False
rs5750211,39,198,-0.238812,6.90815e-06,False
rs5750211,39,199,-0.234195,1.02941e-05,False
rs5750211,39,200,-0.236645,8.1763e-06,False
rs5750211,39,201,-0.243167,4.4845e-06,False
rs5750211,39,202,-0.238922,6.53547e-06,False
rs5750211,39,203,-0.227963,1.65761e-05,False
rs5750211,39,204,-0.233731,9.95032e-06,False
rs5750211,39,205,-0.248974,2.57257e-06,False
rs5750211,39,206,-0.234513,9.34212e-06,False
rs5750211,39,207,-0.211348,6.41425e-05,False
rs5750211,39,208,-0.228721,1.52523e-05,False
rs5750211,39,209,-0.239152,6.16915e-06,False
rs5750211,39,210,-0.228725,1.55528e-05,False
rs5750211,39,211,-0.216033,4.58667e-05,False
rs5750211,39,212,-0.216522,4.48892e-05,False
rs5750211,39,213,-0.222736,2.80138e-05,False
rs5750211,39,214,-0.235894,9.5362e-06,False
rs5750211,39,215,-0.239388,7.19591e-06,False
rs5750211,39,216,-0.233163,1.2774e-05,False
rs5750211,39,217,-0.241447,6.70601e-06,False
rs5750211,39,218,-0.244065,5.65273e-06,False
rs5750211,39,219,-0.251846,3.01291e-06,False
rs5750211,39,220,-0.259784,1.57494e-06,False
rs5750211,39,221,-0.252304,3.47842e-06,False
rs5750211,39,222,-0.250228,4.49014e-06,False
rs5750211,39,223,-0.265466,1.25684e-06,False
rs5750211,39,224,-0.272305,7.62521e-07,False
rs5750211,39,225,-0.266372,1.50885e-06,False
rs5750211,39,226,-0.272201,1.02467e-06,False
rs5750211,39,227,-0.256499,4.78351e-06,False
rs5750211,39,228,-0.264466,2.84276e-06,False
rs5750211,39,229,-0.253257,8.36293e-06,False
rs5750211,39,230,-0.250905,1.22247e-05,False
rs5750211,39,231,-0.248745,1.71362e-05,False
rs5750211,39,232,-0.263511,6.31606e-06,False
rs5750211,39,233,-0.267879,5.42817e-06,False
rs5750211,39,234,-0.253301,2.0766e-05,False
rs5750211,39,235,-0.267646,8.52743e-06,False
rs5750211,39,236,-0.253118,3.12256e-05,False
rs5750211,39,237,-0.23231,0.000160493,False
rs5750211,39,238,-0.248169,6.65766e-05,False
rs5750211,39,239,-0.256396,4.77438e-05,False
rs5750211,39,240,-0.248023,0.000102008,False
rs5750211,39,241,-0.261008,5.45801e-05,False
rs5750211,39,242,-0.26183,6.65151e-05,False
rs5750211,39,243,-0.268476,5.40943e-05,False
rs5750211,39,244,-0.266399,7.9514e-05,False
rs5750211,39,245,-0.269391,8.80284e-05,False
rs5750211,39,246,-0.272887,9.27687e-05,False
rs5750211,39,247,-0.26926,0.00014571,False
rs5750211,39,248,-0.276053,0.000129877,False
rs5750211,39,249,-0.267562,0.000264135,False
rs5750211,39,250,-0.279093,0.000181765,False
rs5750211,39,251,-0.271732,0.00033509,False
rs5750211,40,6,-0.070288,0.0942458,False
rs5750211,40,7,-0.084387,0.0431659,False
rs5750211,40,8,-0.078048,0.0596233,False
rs5750211,40,9,-0.0712914,0.0826,False
rs5750211,40,10,-0.0714295,0.0799893,False
rs5750211,40,11,-0.0701866,0.0834147,False
rs5750211,40,12,-0.0705122,0.0802875,False
rs5750211,40,13,-0.0707357,0.0783394,False
rs5750211,40,14,-0.0766324,0.0555477,False
rs5750211,40,15,-0.0871094,0.029068,False
rs5750211,40,16,-0.0699858,0.079685,False
rs5750211,40,17,-0.074904,0.0606494,False
rs5750211,40,18,-0.0922218,0.0210121,False
rs5750211,40,19,-0.0952766,0.017265,False
rs5750211,40,20,-0.0849492,0.0336571,False
rs5750211,40,21,-0.108242,0.00682004,False
rs5750211,40,22,-0.0904407,0.0240858,False
rs5750211,40,23,-0.111561,0.005505,False
rs5750211,40,24,-0.110797,0.00593586,False
rs5750211,40,25,-0.116682,0.00376117,False
rs5750211,40,26,-0.121853,0.00259107,False
rs5750211,40,27,-0.129424,0.00141,False
rs5750211,40,28,-0.110981,0.00635393,False
rs5750211,40,29,-0.124787,0.00218758,False
rs5750211,40,30,-0.118981,0.00361771,False
rs5750211,40,31,-0.132146,0.00125494,False
rs5750211,40,32,-0.128257,0.00178161,False
rs5750211,40,33,-0.13128,0.00141775,False
rs5750211,40,34,-0.134392,0.00115028,False
rs5750211,40,35,-0.120401,0.00364156,False
rs5750211,40,36,-0.137446,0.000935887,False
rs5750211,40,37,-0.132106,0.00151732,False
rs5750211,40,38,-0.118709,0.00457386,False
rs5750211,40,39,-0.114289,0.00654681,False
rs5750211,40,40,-0.125404,0.00291836,False
rs5750211,40,41,-0.109194,0.00991606,False
rs5750211,40,42,-0.109679,0.00969263,False
rs5750211,40,43,-0.110259,0.00967189,False
rs5750211,40,44,-0.124188,0.00371653,False
rs5750211,40,45,-0.117349,0.00641957,False
rs5750211,40,46,-0.110747,0.0104646,False
rs5750211,40,47,-0.123965,0.00422777,False
rs5750211,40,48,-0.131786,0.00247124,False
rs5750211,40,49,-0.126844,0.00370795,False
rs5750211,40,50,-0.12324,0.00495368,False
rs5750211,40,51,-0.137806,0.00179288,False
rs5750211,40,52,-0.138883,0.00174268,False
rs5750211,40,53,-0.138745,0.00182417,False
rs5750211,40,54,-0.139312,0.00183982,False
rs5750211,40,55,-0.142126,0.00151896,False
rs5750211,40,56,-0.13952,0.00197131,False
rs5750211,40,57,-0.135371,0.00278388,False
rs5750211,40,58,-0.130372,0.00407198,False
rs5750211,40,59,-0.145614,0.00142865,False
rs5750211,40,60,-0.140011,0.00229323,False
rs5750211,40,61,-0.146975,0.00143313,False
rs5750211,40,62,-0.14875,0.00130481,False
rs5750211,40,63,-0.143041,0.00212703,False
rs5750211,40,64,-0.145706,0.00184076,False
rs5750211,40,65,-0.143,0.0023275,False
rs5750211,40,66,-0.13479,0.00427846,False
rs5750211,40,67,-0.149144,0.00165481,False
rs5750211,40,68,-0.134101,0.00485265,False
rs5750211,40,69,-0.150295,0.00167077,False
rs5750211,40,70,-0.140318,0.00349253,False
rs5750211,40,71,-0.162313,0.000771192,False
rs5750211,40,72,-0.143022,0.00316429,False
rs5750211,40,73,-0.139326,0.00423254,False
rs5750211,40,74,-0.143922,0.00329834,False
rs5750211,40,75,-0.150267,0.00223297,False
rs5750211,40,76,-0.15819,0.00134174,False
rs5750211,40,77,-0.161307,0.00112713,False
rs5750211,40,78,-0.143466,0.00391378,False
rs5750211,40,79,-0.14743,0.00313564,False
rs5750211,40,80,-0.159357,0.00143219,False
rs5750211,40,81,-0.161453,0.00129134,False
rs5750211,40,82,-0.14932,0.00297936,False
rs5750211,40,83,-0.151784,0.00262911,False
rs5750211,40,84,-0.140782,0.00544356,False
rs5750211,40,85,-0.139986,0.00572643,False
rs5750211,40,86,-0.139791,0.0059671,False
rs5750211,40,87,-0.141119,0.00565915,False
rs5750211,40,88,-0.142317,0.00537896,False
rs5750211,40,89,-0.145579,0.00446864,False
rs5750211,40,90,-0.139285,0.00668682,False
rs5750211,40,91,-0.137483,0.0076048,False
rs5750211,40,92,-0.144707,0.00502089,False
rs5750211,40,93,-0.154282,0.00280151,False
rs5750211,40,94,-0.16157,0.00175209,False
rs5750211,40,95,-0.15835,0.00223395,False
rs5750211,40,96,-0.161177,0.00187187,False
rs5750211,40,97,-0.153667,0.00303981,False
rs5750211,40,98,-0.156092,0.00265345,False
rs5750211,40,99,-0.146793,0.00479533,False
rs5750211,40,100,-0.149266,0.00412991,False
rs5750211,40,101,-0.151343,0.00363847,False
rs5750211,40,102,-0.14965,0.00409627,False
rs5750211,40,103,-0.167766,0.00131142,False
rs5750211,40,104,-0.159167,0.00231057,False
rs5750211,40,105,-0.155472,0.00296816,False
rs5750211,40,106,-0.166108,0.00150302,False
rs5750211,40,107,-0.162668,0.00190933,False
rs5750211,40,108,-0.160983,0.00215202,False
rs5750211,40,109,-0.167446,0.00140467,False
rs5750211,40,110,-0.156776,0.00280616,False
rs5750211,40,111,-0.152121,0.00382449,False
rs5750211,40,112,-0.162372,0.00202867,False
rs5750211,40,113,-0.15791,0.00271445,False
rs5750211,40,114,-0.151837,0.0039986,False
rs5750211,40,115,-0.141309,0.00739037,False
rs5750211,40,116,-0.147629,0.005163,False
rs5750211,40,117,-0.147012,0.00539934,False
rs5750211,40,118,-0.146365,0.00569969,False
rs5750211,40,119,-0.138374,0.00895965,False
rs5750211,40,120,-0.148712,0.00498504,False
rs5750211,40,121,-0.157561,0.00300433,False
rs5750211,40,122,-0.149152,0.00503395,False
rs5750211,40,123,-0.142522,0.00740495,False
rs5750211,40,124,-0.15143,0.00452039,False
rs5750211,40,125,-0.154404,0.00383128,False
rs5750211,40,126,-0.159257,0.00285866,False
rs5750211,40,127,-0.166124,0.00186194,False
rs5750211,40,128,-0.170969,0.00136905,False
rs5750211,40,129,-0.172821,0.00123473,False
rs5750211,40,130,-0.174265,0.0011423,False
rs5750211,40,131,-0.174494,0.00112425,False
rs5750211,40,132,-0.151042,0.00480978,False
rs5750211,40,133,-0.171884,0.0013487,False
rs5750211,40,134,-0.177971,0.000911689,False
rs5750211,40,135,-0.176375,0.00101805,False
rs5750211,40,136,-0.184222,0.000599877,False
rs5750211,40,137,-0.180847,0.000767276,False
rs5750211,40,138,-0.17842,0.000903571,False
rs5750211,40,139,-0.187735,0.00048575,False
rs5750211,40,140,-0.189118,0.000438986,False
rs5750211,40,141,-0.193103,0.000328392,False
rs5750211,40,142,-0.198619,0.000224509,False
rs5750211,40,143,-0.199096,0.000217468,False
rs5750211,40,144,-0.201992,0.000176538,False
rs5750211,40,145,-0.196318,0.000263898,False
rs5750211,40,146,-0.199406,0.000213279,False
rs5750211,40,147,-0.208504,0.000111502,False
rs5750211,40,148,-0.210189,9.86515e-05,False
rs5750211,40,149,-0.210138,9.98072e-05,False
rs5750211,40,150,-0.203826,0.000160754,False
rs5750211,40,151,-0.198952,0.000240118,False
rs5750211,40,152,-0.211136,9.83193e-05,False
rs5750211,40,153,-0.215546,7.14211e-05,False
rs5750211,40,154,-0.21255,9.16481e-05,False
rs5750211,40,155,-0.219136,5.57383e-05,False
rs5750211,40,156,-0.223162,4.07005e-05,False
rs5750211,40,157,-0.222951,4.24219e-05,False
rs5750211,40,158,-0.210616,0.000113341,False
rs5750211,40,159,-0.212184,0.000102921,False
rs5750211,40,160,-0.22122,5.14142e-05,False
rs5750211,40,161,-0.221447,5.17864e-05,False
rs5750211,40,162,-0.219992,5.76369e-05,False
rs5750211,40,163,-0.225469,3.74446e-05,False
rs5750211,40,164,-0.220786,5.48805e-05,False
rs5750211,40,165,-0.217749,7.02531e-05,False
rs5750211,40,166,-0.221133,5.35635e-05,False
rs5750211,40,167,-0.229618,2.75928e-05,False
rs5750211,40,168,-0.231652,2.36119e-05,False
rs5750211,40,169,-0.232502,2.21713e-05,False
rs5750211,40,170,-0.225025,4.08528e-05,False
rs5750211,40,171,-0.21321,0.000101698,False
rs5750211,40,172,-0.21472,9.20569e-05,False
rs5750211,40,173,-0.208988,0.000139194,False
rs5750211,40,174,-0.200698,0.000251957,False
rs5750211,40,175,-0.207753,0.000152698,False
rs5750211,40,176,-0.208131,0.000149311,False
rs5750211,40,177,-0.212686,0.000104631,False
rs5750211,40,178,-0.227019,3.33308e-05,False
rs5750211,40,179,-0.233818,1.95679e-05,False
rs5750211,40,180,-0.209777,0.000123143,False
rs5750211,40,181,-0.215278,8.0893e-05,False
rs5750211,40,182,-0.21215,0.00010195,False
rs5750211,40,183,-0.227076,3.088e-05,False
rs5750211,40,184,-0.222154,4.42205e-05,False
rs5750211,40,185,-0.22369,3.87573e-05,False
rs5750211,40,186,-0.229742,2.29108e-05,False
rs5750211,40,187,-0.226982,2.81386e-05,False
rs5750211,40,188,-0.241715,7.95256e-06,False
rs5750211,40,189,-0.246421,5.17379e-06,False
rs5750211,40,190,-0.240575,8.28087e-06,False
rs5750211,40,191,-0.234034,1.36245e-05,False
rs5750211,40,192,-0.237256,1.02422e-05,False
rs5750211,40,193,-0.23026,1.79974e-05,False
rs5750211,40,194,-0.234583,1.19743e-05,False
rs5750211,40,195,-0.242904,5.76632e-06,False
rs5750211,40,196,-0.262241,9.67528e-07,False
rs5750211,40,197,-0.247552,3.63339e-06,False
rs5750211,40,198,-0.244626,4.51245e-06,False
rs5750211,40,199,-0.246792,3.73416e-06,False
rs5750211,40,200,-0.243741,4.79873e-06,False
rs5750211,40,201,-0.240312,6.38676e-06,False
rs5750211,40,202,-0.248569,3.00118e-06,False
rs5750211,40,203,-0.234062,1.07586e-05,False
rs5750211,40,204,-0.237161,8.17781e-06,False
rs5750211,40,205,-0.232858,1.17265e-05,False
rs5750211,40,206,-0.236689,8.17825e-06,False
rs5750211,40,207,-0.241775,5.40788e-06,False
rs5750211,40,208,-0.242241,5.11299e-06,False
rs5750211,40,209,-0.244053,4.28919e-06,False
rs5750211,40,210,-0.249262,2.73266e-06,False
rs5750211,40,211,-0.242735,5.12618e-06,False
rs5750211,40,212,-0.253878,1.87761e-06,False
rs5750211,40,213,-0.248921,3.00294e-06,False
rs5750211,40,214,-0.244123,4.87069e-06,False
rs5750211,40,215,-0.256725,1.63562e-06,False
rs5750211,40,216,-0.253668,2.21012e-06,False
rs5750211,40,217,-0.249825,3.34256e-06,False
rs5750211,40,218,-0.257483,1.74126e-06,False
rs5750211,40,219,-0.25399,2.5966e-06,False
rs5750211,40,220,-0.24445,6.48758e-06,False
rs5750211,40,221,-0.25453,2.84016e-06,False
rs5750211,40,222,-0.265464,1.14191e-06,False
rs5750211,40,223,-0.257613,2.58724e-06,False
rs5750211,40,224,-0.268252,1.0783e-06,False
rs5750211,40,225,-0.275066,6.64587e-07,False
rs5750211,40,226,-0.275644,7.27666e-07,False
rs5750211,40,227,-0.272027,1.21787e-06,False
rs5750211,40,228,-0.272892,1.33162e-06,False
rs5750211,40,229,-0.261533,4.14449e-06,False
rs5750211,40,230,-0.280553,9.43284e-07,False
rs5750211,40,231,-0.266285,4.01764e-06,False
rs5750211,40,232,-0.275665,2.16236e-06,False
rs5750211,40,233,-0.273152,3.35423e-06,False
rs5750211,40,234,-0.28692,1.38451e-06,False
rs5750211,40,235,-0.267479,8.21725e-06,False
rs5750211,40,236,-0.266144,1.15209e-05,False
rs5750211,40,237,-0.277313,5.93041e-06,False
rs5750211,40,238,-0.276815,7.88256e-06,False
rs5750211,40,239,-0.259053,3.56015e-05,False
rs5750211,40,240,-0.271338,1.89371e-05,False
rs5750211,40,241,-0.255754,6.88328e-05,False
rs5750211,40,242,-0.254409,9.40721e-05,False
rs5750211,40,243,-0.264635,6.11559e-05,False
rs5750211,40,244,-0.263886,8.20802e-05,False
rs5750211,40,245,-0.254401,0.000183724,False
rs5750211,40,246,-0.275448,6.9054e-05,False
rs5750211,40,247,-0.270204,0.000122414,False
rs5750211,40,248,-0.270384,0.000157599,False
rs5750211,40,249,-0.271281,0.000195518,False
rs5750211,40,250,-0.269209,0.000275434,False
rs5750211,40,251,-0.279635,0.000202419,False
rs5750211,41,6,-0.119335,0.00466953,False
rs5750211,41,7,-0.13566,0.00118905,False
rs5750211,41,8,-0.134919,0.00116757,False
rs5750211,41,9,-0.125146,0.00238528,False
rs5750211,41,10,-0.118867,0.00369278,False
rs5750211,41,11,-0.123585,0.00233605,False
rs5750211,41,12,-0.129634,0.00135891,False
rs5750211,41,13,-0.13393,0.000877502,False
rs5750211,41,14,-0.113329,0.00482378,False
rs5750211,41,15,-0.12091,0.00263786,False
rs5750211,41,16,-0.114375,0.00441308,False
rs5750211,41,17,-0.116886,0.00361902,False
rs5750211,41,18,-0.115019,0.00418203,False
rs5750211,41,19,-0.11421,0.0044711,False
rs5750211,41,20,-0.0909335,0.0239758,False
rs5750211,41,21,-0.114977,0.00437722,False
rs5750211,41,22,-0.117528,0.00361247,False
rs5750211,41,23,-0.12156,0.00265807,False
rs5750211,41,24,-0.121344,0.00269508,False
rs5750211,41,25,-0.120719,0.00291492,False
rs5750211,41,26,-0.122688,0.00253218,False
rs5750211,41,27,-0.126956,0.00186584,False
rs5750211,41,28,-0.120316,0.00331635,False
rs5750211,41,29,-0.108909,0.00791261,False
rs5750211,41,30,-0.112405,0.00628217,False
rs5750211,41,31,-0.13112,0.00150332,False
rs5750211,41,32,-0.110715,0.00748566,False
rs5750211,41,33,-0.109255,0.00849453,False
rs5750211,41,34,-0.12331,0.00301849,False
rs5750211,41,35,-0.129208,0.00195709,False
rs5750211,41,36,-0.130174,0.00184384,False
rs5750211,41,37,-0.137259,0.00106318,False
rs5750211,41,38,-0.130628,0.001948,False
rs5750211,41,39,-0.134119,0.00150455,False
rs5750211,41,40,-0.131498,0.00194196,False
rs5750211,41,41,-0.126608,0.0030087,False
rs5750211,41,42,-0.121851,0.00444597,False
rs5750211,41,43,-0.153968,0.000342545,False
rs5750211,41,44,-0.12093,0.00503777,False
rs5750211,41,45,-0.1217,0.00494065,False
rs5750211,41,46,-0.133279,0.00219302,False
rs5750211,41,47,-0.14303,0.00104367,False
rs5750211,41,48,-0.136739,0.00182087,False
rs5750211,41,49,-0.140217,0.0014623,False
rs5750211,41,50,-0.136468,0.00205267,False
rs5750211,41,51,-0.129312,0.00359756,False
rs5750211,41,52,-0.140416,0.00165961,False
rs5750211,41,53,-0.140422,0.00174167,False
rs5750211,41,54,-0.127705,0.00464156,False
rs5750211,41,55,-0.133424,0.00324581,False
rs5750211,41,56,-0.142547,0.00173858,False
rs5750211,41,57,-0.123264,0.00696549,False
rs5750211,41,58,-0.129461,0.00479867,False
rs5750211,41,59,-0.147455,0.00137996,False
rs5750211,41,60,-0.136844,0.00314777,False
rs5750211,41,61,-0.136502,0.00335909,False
rs5750211,41,62,-0.141985,0.00236727,False
rs5750211,41,63,-0.13066,0.00536606,False
rs5750211,41,64,-0.138072,0.00338209,False
rs5750211,41,65,-0.146932,0.00190759,False
rs5750211,41,66,-0.140194,0.00315458,False
rs5750211,41,67,-0.144139,0.00251527,False
rs5750211,41,68,-0.13861,0.00381526,False
rs5750211,41,69,-0.143984,0.00278902,False
rs5750211,41,70,-0.13823,0.00427985,False
rs5750211,41,71,-0.137682,0.00454413,False
rs5750211,41,72,-0.13427,0.00596052,False
rs5750211,41,73,-0.149439,0.00228805,False
rs5750211,41,74,-0.163037,0.00091431,False
rs5750211,41,75,-0.159029,0.00129613,False
rs5750211,41,76,-0.142893,0.00394034,False
rs5750211,41,77,-0.161234,0.00119858,False
rs5750211,41,78,-0.155286,0.00185965,False
rs5750211,41,79,-0.163878,0.0010662,False
rs5750211,41,80,-0.156553,0.00182483,False
rs5750211,41,81,-0.152057,0.00257252,False
rs5750211,41,82,-0.140259,0.00552165,False
rs5750211,41,83,-0.140036,0.00563954,False
rs5750211,41,84,-0.146445,0.00386225,False
rs5750211,41,85,-0.165204,0.00114595,False
rs5750211,41,86,-0.152498,0.00275314,False
rs5750211,41,87,-0.136747,0.00732683,False
rs5750211,41,88,-0.14433,0.00473126,False
rs5750211,41,89,-0.140975,0.00584142,False
rs5750211,41,90,-0.146206,0.00434819,False
rs5750211,41,91,-0.133191,0.00945094,False
rs5750211,41,92,-0.138317,0.00709587,False
rs5750211,41,93,-0.13974,0.0065945,False
rs5750211,41,94,-0.147353,0.00418986,False
rs5750211,41,95,-0.153869,0.00281245,False
rs5750211,41,96,-0.149886,0.00369134,False
rs5750211,41,97,-0.156344,0.00247096,False
rs5750211,41,98,-0.158673,0.00215428,False
rs5750211,41,99,-0.167836,0.00117765,False
rs5750211,41,100,-0.171928,0.000902947,False
rs5750211,41,101,-0.160866,0.00190734,False
rs5750211,41,102,-0.175,0.000744404,False
rs5750211,41,103,-0.172021,0.000906033,False
rs5750211,41,104,-0.175821,0.000700746,False
rs5750211,41,105,-0.16346,0.00164202,False
rs5750211,41,106,-0.162316,0.00179397,False
rs5750211,41,107,-0.174604,0.000793141,False
rs5750211,41,108,-0.16696,0.00134723,False
rs5750211,41,109,-0.166109,0.0014419,False
rs5750211,41,110,-0.174459,0.00083141,False
rs5750211,41,111,-0.165751,0.00149506,False
rs5750211,41,112,-0.168196,0.0012745,False
rs5750211,41,113,-0.176794,0.000720704,False
rs5750211,41,114,-0.177684,0.00068633,False
rs5750211,41,115,-0.170407,0.00114206,False
rs5750211,41,116,-0.164334,0.00173221,False
rs5750211,41,117,-0.164065,0.00177716,False
rs5750211,41,118,-0.162962,0.00191899,False
rs5750211,41,119,-0.170187,0.00121443,False
rs5750211,41,120,-0.171881,0.00109957,False
rs5750211,41,121,-0.163403,0.00193219,False
rs5750211,41,122,-0.162839,0.00205726,False
rs5750211,41,123,-0.164671,0.00183635,False
rs5750211,41,124,-0.162553,0.00210695,False
rs5750211,41,125,-0.16308,0.00206455,False
rs5750211,41,126,-0.171477,0.00121082,False
rs5750211,41,127,-0.174248,0.00101808,False
rs5750211,41,128,-0.170038,0.00137208,False
rs5750211,41,129,-0.16085,0.00249652,False
rs5750211,41,130,-0.172836,0.00114404,False
rs5750211,41,131,-0.16811,0.00157097,False
rs5750211,41,132,-0.162381,0.00226683,False
rs5750211,41,133,-0.163843,0.0020897,False
rs5750211,41,134,-0.176042,0.000950935,False
rs5750211,41,135,-0.178712,0.000795704,False
rs5750211,41,136,-0.17586,0.000967136,False
rs5750211,41,137,-0.188675,0.000400581,False
rs5750211,41,138,-0.192154,0.000314574,False
rs5750211,41,139,-0.191015,0.00033691,False
rs5750211,41,140,-0.191221,0.000335829,False
rs5750211,41,141,-0.183931,0.000562234,False
rs5750211,41,142,-0.184626,0.000545362,False
rs5750211,41,143,-0.186116,0.000491615,False
rs5750211,41,144,-0.190786,0.000355247,False
rs5750211,41,145,-0.206032,0.000118048,False
rs5750211,41,146,-0.216746,5.09771e-05,False
rs5750211,41,147,-0.216931,5.05616e-05,False
rs5750211,41,148,-0.21597,5.47455e-05,False
rs5750211,41,149,-0.220915,3.76204e-05,False
rs5750211,41,150,-0.227241,2.26876e-05,False
rs5750211,41,151,-0.236196,1.07583e-05,False
rs5750211,41,152,-0.240038,7.97093e-06,False
rs5750211,41,153,-0.242381,6.73885e-06,False
rs5750211,41,154,-0.24571,5.21485e-06,False
rs5750211,41,155,-0.234431,1.37257e-05,False
rs5750211,41,156,-0.226359,2.72848e-05,False
rs5750211,41,157,-0.238067,1.07061e-05,False
rs5750211,41,158,-0.216847,6.22481e-05,False
rs5750211,41,159,-0.219012,5.31601e-05,False
rs5750211,41,160,-0.224531,3.49033e-05,False
rs5750211,41,161,-0.212722,9.06641e-05,False
rs5750211,41,162,-0.216501,6.88268e-05,False
rs5750211,41,163,-0.238414,1.20755e-05,False
rs5750211,41,164,-0.228988,2.63957e-05,False
rs5750211,41,165,-0.224965,3.72737e-05,False
rs5750211,41,166,-0.246686,6.28451e-06,False
rs5750211,41,167,-0.245206,7.18326e-06,False
rs5750211,41,168,-0.245247,7.18727e-06,False
rs5750211,41,169,-0.231946,2.19288e-05,False
rs5750211,41,170,-0.236482,1.50357e-05,False
rs5750211,41,171,-0.238772,1.26842e-05,False
rs5750211,41,172,-0.230072,2.66313e-05,False
rs5750211,41,173,-0.240329,1.13182e-05,False
rs5750211,41,174,-0.234268,1.87994e-05,False
rs5750211,41,175,-0.242079,1.01067e-05,False
rs5750211,41,176,-0.245895,7.213e-06,False
rs5750211,41,177,-0.24615,7.02979e-06,False
rs5750211,41,178,-0.226464,3.49953e-05,False
rs5750211,41,179,-0.226249,3.5881e-05,False
rs5750211,41,180,-0.231008,2.36609e-05,False
rs5750211,41,181,-0.247969,5.5983e-06,False
rs5750211,41,182,-0.250366,4.55882e-06,False
rs5750211,41,183,-0.236658,1.43051e-05,False
rs5750211,41,184,-0.247342,5.66907e-06,False
rs5750211,41,185,-0.257296,2.33029e-06,False
rs5750211,41,186,-0.242293,8.43838e-06,False
rs5750211,41,187,-0.265088,1.06725e-06,False
rs5750211,41,188,-0.268508,7.61445e-07,False
rs5750211,41,189,-0.26813,7.5961e-07,False
rs5750211,41,190,-0.261041,1.41667e-06,False
rs5750211,41,191,-0.269485,6.06815e-07,False
rs5750211,41,192,-0.257763,1.70286e-06,False
rs5750211,41,193,-0.259152,1.47524e-06,False
rs5750211,41,194,-0.268358,6.26481e-07,False
rs5750211,41,195,-0.264588,8.4029e-07,False
rs5750211,41,196,-0.253676,2.23162e-06,False
rs5750211,41,197,-0.251382,2.76075e-06,False
rs5750211,41,198,-0.262264,9.9714e-07,False
rs5750211,41,199,-0.273815,3.22325e-07,False
rs5750211,41,200,-0.270282,4.42704e-07,False
rs5750211,41,201,-0.262747,8.98269e-07,False
rs5750211,41,202,-0.249217,3.06526e-06,False
rs5750211,41,203,-0.257762,1.35943e-06,False
rs5750211,41,204,-0.270344,3.98547e-07,False
rs5750211,41,205,-0.269254,4.66476e-07,False
rs5750211,41,206,-0.267829,5.03019e-07,False
rs5750211,41,207,-0.263645,7.6117e-07,False
rs5750211,41,208,-0.265812,5.88222e-07,False
rs5750211,41,209,-0.265292,6.47167e-07,False
rs5750211,41,210,-0.266359,6.00436e-07,False
rs5750211,41,211,-0.255569,1.73265e-06,False
rs5750211,41,212,-0.257383,1.47901e-06,False
rs5750211,41,213,-0.255975,1.66969e-06,False
rs5750211,41,214,-0.259728,1.23438e-06,False
rs5750211,41,215,-0.267072,6.26042e-07,False
rs5750211,41,216,-0.253628,2.32681e-06,False
rs5750211,41,217,-0.270266,5.0756e-07,False
rs5750211,41,218,-0.280832,1.91355e-07,False
rs5750211,41,219,-0.274785,3.74181e-07,False
rs5750211,41,220,-0.271537,5.44432e-07,False
rs5750211,41,221,-0.265565,1.04977e-06,False
rs5750211,41,222,-0.278506,3.39566e-07,False
rs5750211,41,223,-0.285751,1.78977e-07,False
rs5750211,41,224,-0.283543,2.58032e-07,False
rs5750211,41,225,-0.285785,2.4236e-07,False
rs5750211,41,226,-0.288803,2.05457e-07,False
rs5750211,41,227,-0.267298,1.77809e-06,False
rs5750211,41,228,-0.288367,2.98503e-07,False
rs5750211,41,229,-0.290707,2.89301e-07,False
rs5750211,41,230,-0.289409,4.13333e-07,False
rs5750211,41,231,-0.294915,3.00833e-07,False
rs5750211,41,232,-0.284688,9.58654e-07,False
rs5750211,41,233,-0.283502,1.32286e-06,False
rs5750211,41,234,-0.297372,4.95914e-07,False
rs5750211,41,235,-0.284374,1.97004e-06,False
rs5750211,41,236,-0.293978,1.11048e-06,False
rs5750211,41,237,-0.296124,1.21314e-06,False
rs5750211,41,238,-0.295241,1.68426e-06,False
rs5750211,41,239,-0.294951,2.24699e-06,False
rs5750211,41,240,-0.286297,5.57117e-06,False
rs5750211,41,241,-0.286997,6.94834e-06,False
rs5750211,41,242,-0.282179,1.26164e-05,False
rs5750211,41,243,-0.293894,7.40446e-06,False
rs5750211,41,244,-0.277972,2.91273e-05,False
rs5750211,41,245,-0.277651,3.82565e-05,False
rs5750211,41,246,-0.278999,4.68983e-05,False
rs5750211,41,247,-0.286378,3.93228e-05,False
rs5750211,41,248,-0.310811,1.13619e-05,False
rs5750211,41,249,-0.295823,4.11315e-05,False
rs5750211,41,250,-0.307015,2.81712e-05,False
rs5750211,41,251,-0.301873,5.25639e-05,False
rs5750211,42,6,-0.0758456,0.0739118,False
rs5750211,42,7,-0.0900286,0.0321303,False
rs5750211,42,8,-0.0974327,0.0197771,False
rs5750211,42,9,-0.0874875,0.0348893,False
rs5750211,42,10,-0.0868844,0.0347257,False
rs5750211,42,11,-0.0893576,0.028768,False
rs5750211,42,12,-0.105304,0.00964482,False
rs5750211,42,13,-0.0797974,0.0488945,False
rs5750211,42,14,-0.0969695,0.0164113,False
rs5750211,42,15,-0.0877167,0.0295485,False
rs5750211,42,16,-0.105976,0.00853627,False
rs5750211,42,17,-0.10334,0.0103983,False
rs5750211,42,18,-0.0899062,0.0257488,False
rs5750211,42,19,-0.0949861,0.0187344,False
rs5750211,42,20,-0.107034,0.00803629,False
rs5750211,42,21,-0.105703,0.00893123,False
rs5750211,42,22,-0.122113,0.00258244,False
rs5750211,42,23,-0.111908,0.00574934,False
rs5750211,42,24,-0.117461,0.00387154,False
rs5750211,42,25,-0.12092,0.00298453,False
rs5750211,42,26,-0.11304,0.00562017,False
rs5750211,42,27,-0.126635,0.00196515,False
rs5750211,42,28,-0.13583,0.000927273,False
rs5750211,42,29,-0.124937,0.00233797,False
rs5750211,42,30,-0.119482,0.00374875,False
rs5750211,42,31,-0.123116,0.00290161,False
rs5750211,42,32,-0.129854,0.00170949,False
rs5750211,42,33,-0.126031,0.00248484,False
rs5750211,42,34,-0.125767,0.00256385,False
rs5750211,42,35,-0.117695,0.0048614,False
rs5750211,42,36,-0.130573,0.00190634,False
rs5750211,42,37,-0.128489,0.00233172,False
rs5750211,42,38,-0.131723,0.00190634,False
rs5750211,42,39,-0.135302,0.00144835,False
rs5750211,42,40,-0.115664,0.00674789,False
rs5750211,42,41,-0.127312,0.00294302,False
rs5750211,42,42,-0.116361,0.0067616,False
rs5750211,42,43,-0.124668,0.00387163,False
rs5750211,42,44,-0.115944,0.00754841,False
rs5750211,42,45,-0.0949212,0.029069,False
rs5750211,42,46,-0.124957,0.00432314,False
rs5750211,42,47,-0.121146,0.00582531,False
rs5750211,42,48,-0.119855,0.00662215,False
rs5750211,42,49,-0.107572,0.0153668,False
rs5750211,42,50,-0.116963,0.00871012,False
rs5750211,42,51,-0.125577,0.00508867,False
rs5750211,42,52,-0.119282,0.00788732,False
rs5750211,42,53,-0.129277,0.00416755,False
rs5750211,42,54,-0.123482,0.00648936,False
rs5750211,42,55,-0.124222,0.00644053,False
rs5750211,42,56,-0.126573,0.00565701,False
rs5750211,42,57,-0.129214,0.00494846,False
rs5750211,42,58,-0.13354,0.00379498,False
rs5750211,42,59,-0.133264,0.0040247,False
rs5750211,42,60,-0.138483,0.00293154,False
rs5750211,42,61,-0.131628,0.00489836,False
rs5750211,42,62,-0.140278,0.00282731,False
rs5750211,42,63,-0.127946,0.00662123,False
rs5750211,42,64,-0.139637,0.00320579,False
rs5750211,42,65,-0.132657,0.00539412,False
rs5750211,42,66,-0.122353,0.0104824,False
rs5750211,42,67,-0.145535,0.00241983,False
rs5750211,42,68,-0.131592,0.00627315,False
rs5750211,42,69,-0.130782,0.006849,False
rs5750211,42,70,-0.123704,0.0108028,False
rs5750211,42,71,-0.141275,0.00375378,False
rs5750211,42,72,-0.135489,0.00574152,False
rs5750211,42,73,-0.127711,0.00936339,False
rs5750211,42,74,-0.135441,0.00606615,False
rs5750211,42,75,-0.13743,0.00551778,False
rs5750211,42,76,-0.135582,0.00631941,False
rs5750211,42,77,-0.135259,0.00672515,False
rs5750211,42,78,-0.132826,0.00791565,False
rs5750211,42,79,-0.140691,0.00505768,False
rs5750211,42,80,-0.136832,0.0064786,False
rs5750211,42,81,-0.133762,0.00790693,False
rs5750211,42,82,-0.136545,0.00692537,False
rs5750211,42,83,-0.143164,0.00469002,False
rs5750211,42,84,-0.135791,0.00748247,False
rs5750211,42,85,-0.132534,0.00915587,False
rs5750211,42,86,-0.139188,0.00634147,False
rs5750211,42,87,-0.119407,0.0193074,False
rs5750211,42,88,-0.132952,0.00923862,False
rs5750211,42,89,-0.149079,0.00355391,False
rs5750211,42,90,-0.145367,0.0045327,False
rs5750211,42,91,-0.121263,0.0179393,False
rs5750211,42,92,-0.124675,0.0151121,False
rs5750211,42,93,-0.130991,0.0106757,False
rs5750211,42,94,-0.156913,0.00222904,False
rs5750211,42,95,-0.148694,0.00378869,False
rs5750211,42,96,-0.154572,0.0026378,False
rs5750211,42,97,-0.145096,0.00473773,False
rs5750211,42,98,-0.165872,0.00125611,False
rs5750211,42,99,-0.152429,0.00304801,False
rs5750211,42,100,-0.137959,0.00736669,False
rs5750211,42,101,-0.148117,0.00402705,False
rs5750211,42,102,-0.139189,0.00694,False
rs5750211,42,103,-0.143214,0.00553641,False
rs5750211,42,104,-0.148991,0.00393558,False
rs5750211,42,105,-0.143131,0.00565696,False
rs5750211,42,106,-0.14001,0.00668651,False
rs5750211,42,107,-0.15003,0.00368502,False
rs5750211,42,108,-0.142741,0.00579429,False
rs5750211,42,109,-0.153446,0.00302814,False
rs5750211,42,110,-0.141633,0.00628418,False
rs5750211,42,111,-0.146444,0.00470738,False
rs5750211,42,112,-0.145195,0.00510542,False
rs5750211,42,113,-0.150434,0.0037515,False
rs5750211,42,114,-0.153438,0.00318049,False
rs5750211,42,115,-0.134718,0.00958179,False
rs5750211,42,116,-0.1365,0.00876854,False
rs5750211,42,117,-0.134731,0.00975917,False
rs5750211,42,118,-0.164262,0.00164912,False
rs5750211,42,119,-0.157622,0.00254337,False
rs5750211,42,120,-0.162861,0.0018457,False
rs5750211,42,121,-0.154236,0.00321578,False
rs5750211,42,122,-0.143364,0.00628454,False
rs5750211,42,123,-0.145012,0.00583077,False
rs5750211,42,124,-0.143677,0.00636502,False
rs5750211,42,125,-0.147149,0.00522515,False
rs5750211,42,126,-0.154426,0.00341134,False
rs5750211,42,127,-0.149922,0.00452115,False
rs5750211,42,128,-0.157629,0.00283721,False
rs5750211,42,129,-0.155908,0.00317174,False
rs5750211,42,130,-0.156613,0.00305578,False
rs5750211,42,131,-0.134269,0.0111728,False
rs5750211,42,132,-0.140473,0.00801329,False
rs5750211,42,133,-0.15533,0.00339262,False
rs5750211,42,134,-0.149527,0.00475641,False
rs5750211,42,135,-0.147989,0.0052409,False
rs5750211,42,136,-0.145009,0.00624509,False
rs5750211,42,137,-0.1497,0.00469782,False
rs5750211,42,138,-0.137231,0.0095971,False
rs5750211,42,139,-0.147027,0.00555678,False
rs5750211,42,140,-0.159051,0.00265713,False
rs5750211,42,141,-0.156479,0.00312146,False
rs5750211,42,142,-0.161681,0.00227829,False
rs5750211,42,143,-0.156764,0.0031267,False
rs5750211,42,144,-0.156435,0.00320595,False
rs5750211,42,145,-0.171981,0.00120433,False
rs5750211,42,146,-0.175494,0.000942499,False
rs5750211,42,147,-0.179249,0.00073557,False
rs5750211,42,148,-0.182629,0.00058088,False
rs5750211,42,149,-0.181219,0.000644193,False
rs5750211,42,150,-0.208909,8.71942e-05,False
rs5750211,42,151,-0.197156,0.000215455,False
rs5750211,42,152,-0.198186,0.000205386,False
rs5750211,42,153,-0.19706,0.000228329,False
rs5750211,42,154,-0.200362,0.000183904,False
rs5750211,42,155,-0.207279,0.000109882,False
rs5750211,42,156,-0.216243,5.60492e-05,False
rs5750211,42,157,-0.2176,5.21951e-05,False
rs5750211,42,158,-0.21635,5.82951e-05,False
rs5750211,42,159,-0.218375,5.02855e-05,False
rs5750211,42,160,-0.203904,0.000157766,False
rs5750211,42,161,-0.235729,1.29151e-05,False
rs5750211,42,162,-0.222705,3.88115e-05,False
rs5750211,42,163,-0.221389,4.29595e-05,False
rs5750211,42,164,-0.214936,7.38915e-05,False
rs5750211,42,165,-0.22892,2.42794e-05,False
rs5750211,42,166,-0.21704,6.5362e-05,False
rs5750211,42,167,-0.226462,3.14082e-05,False
rs5750211,42,168,-0.206119,0.000153627,False
rs5750211,42,169,-0.204514,0.000174252,False
rs5750211,42,170,-0.206475,0.000153645,False
rs5750211,42,171,-0.210922,0.000112533,False
rs5750211,42,172,-0.22092,5.21314e-05,False
rs5750211,42,173,-0.228831,2.81792e-05,False
rs5750211,42,174,-0.221324,5.25297e-05,False
rs5750211,42,175,-0.230497,2.52227e-05,False
rs5750211,42,176,-0.212865,0.000100338,False
rs5750211,42,177,-0.21699,7.31137e-05,False
rs5750211,42,178,-0.218641,6.52126e-05,False
rs5750211,42,179,-0.226025,3.61275e-05,False
rs5750211,42,180,-0.234643,1.73469e-05,False
rs5750211,42,181,-0.235481,1.59987e-05,False
rs5750211,42,182,-0.238755,1.22873e-05,False
rs5750211,42,183,-0.237853,1.29293e-05,False
rs5750211,42,184,-0.248742,5.01063e-06,False
rs5750211,42,185,-0.263162,1.35253e-06,False
rs5750211,42,186,-0.250487,4.18087e-06,False
rs5750211,42,187,-0.245893,6.22221e-06,False
rs5750211,42,188,-0.251437,3.69195e-06,False
rs5750211,42,189,-0.244023,6.7739e-06,False
rs5750211,42,190,-0.234983,1.44703e-05,False
rs5750211,42,191,-0.249043,4.18025e-06,False
rs5750211,42,192,-0.249883,3.85468e-06,False
rs5750211,42,193,-0.253865,2.63676e-06,False
rs5750211,42,194,-0.245257,5.58316e-06,False
rs5750211,42,195,-0.230715,1.87886e-05,False
rs5750211,42,196,-0.227755,2.41368e-05,False
rs5750211,42,197,-0.227824,2.34161e-05,False
rs5750211,42,198,-0.234526,1.29466e-05,False
rs5750211,42,199,-0.238011,9.353e-06,False
rs5750211,42,200,-0.230732,1.73502e-05,False
rs5750211,42,201,-0.221619,3.50271e-05,False
rs5750211,42,202,-0.23041,1.6906e-05,False
rs5750211,42,203,-0.230489,1.65739e-05,False
rs5750211,42,204,-0.232279,1.42083e-05,False
rs5750211,42,205,-0.234002,1.22811e-05,False
rs5750211,42,206,-0.233273,1.28865e-05,False
rs5750211,42,207,-0.239351,7.5711e-06,False
rs5750211,42,208,-0.246221,4.14093e-06,False
rs5750211,42,209,-0.232891,1.32554e-05,False
rs5750211,42,210,-0.241568,6.28186e-06,False
rs5750211,42,211,-0.23957,7.64904e-06,False
rs5750211,42,212,-0.24293,5.78604e-06,False
rs5750211,42,213,-0.256354,1.722e-06,False
rs5750211,42,214,-0.251746,2.62509e-06,False
rs5750211,42,215,-0.240812,7.22558e-06,False
rs5750211,42,216,-0.225777,2.69816e-05,False
rs5750211,42,217,-0.230282,1.8911e-05,False
rs5750211,42,218,-0.236534,1.16588e-05,False
rs5750211,42,219,-0.232141,1.73403e-05,False
rs5750211,42,220,-0.222134,4.22269e-05,False
rs5750211,42,221,-0.230473,2.22939e-05,False
rs5750211,42,222,-0.236629,1.44618e-05,False
rs5750211,42,223,-0.243778,8.80477e-06,False
rs5750211,42,224,-0.246149,7.62857e-06,False
rs5750211,42,225,-0.241413,1.26141e-05,False
rs5750211,42,226,-0.248591,7.77426e-06,False
rs5750211,42,227,-0.236498,2.30632e-05,False
rs5750211,42,228,-0.238073,2.27301e-05,False
rs5750211,42,229,-0.241876,1.9035e-05,False
rs5750211,42,230,-0.250739,1.06877e-05,False
rs5750211,42,231,-0.253834,9.94131e-06,False
rs5750211,42,232,-0.243584,2.55875e-05,False
rs5750211,42,233,-0.242596,3.26356e-05,False
rs5750211,42,234,-0.250475,2.1308e-05,False
rs5750211,42,235,-0.254548,1.86922e-05,False
rs5750211,42,236,-0.262956,1.19046e-05,False
rs5750211,42,237,-0.259172,1.92189e-05,False
rs5750211,42,238,-0.257688,2.55315e-05,False
rs5750211,42,239,-0.257039,3.37158e-05,False
rs5750211,42,240,-0.267171,2.04178e-05,False
rs5750211,42,241,-0.258057,4.69806e-05,False
rs5750211,42,242,-0.266843,3.25559e-05,False
rs5750211,42,243,-0.266934,4.13581e-05,False
rs5750211,42,244,-0.267653,5.01262e-05,False
rs5750211,42,245,-0.265663,7.21035e-05,False
rs5750211,42,246,-0.262676,0.000112425,False
rs5750211,42,247,-0.274426,7.16475e-05,False
rs5750211,42,248,-0.271866,0.000110335,False
rs5750211,42,249,-0.258303,0.000307238,False
rs5750211,42,250,-0.258423,0.000385066,False
rs5750211,42,251,-0.257725,0.000503834,False
rs5750211,43,6,-0.0869404,0.0413616,False
rs5750211,43,7,-0.0729979,0.0841697,False
rs5750211,43,8,-0.0768119,0.0673779,False
rs5750211,43,9,-0.097633,0.0191381,False
rs5750211,43,10,-0.0896814,0.0300858,False
rs5750211,43,11,-0.0942439,0.0217287,False
rs5750211,43,12,-0.0957053,0.0192408,False
rs5750211,43,13,-0.0947658,0.0200957,False
rs5750211,43,14,-0.100866,0.0128787,False
rs5750211,43,15,-0.106228,0.00881615,False
rs5750211,43,16,-0.0885137,0.0286372,False
rs5750211,43,17,-0.107756,0.00774886,False
rs5750211,43,18,-0.104731,0.009718,False
rs5750211,43,19,-0.112015,0.00560167,False
rs5750211,43,20,-0.117066,0.00385747,False
rs5750211,43,21,-0.111165,0.00617337,False
rs5750211,43,22,-0.103233,0.0111015,False
rs5750211,43,23,-0.115091,0.00473213,False
rs5750211,43,24,-0.109522,0.00733275,False
rs5750211,43,25,-0.113169,0.00569795,False
rs5750211,43,26,-0.106605,0.00935556,False
rs5750211,43,27,-0.127565,0.00193505,False
rs5750211,43,28,-0.103308,0.0122177,False
rs5750211,43,29,-0.117746,0.00443288,False
rs5750211,43,30,-0.11879,0.00422043,False
rs5750211,43,31,-0.125296,0.0025508,False
rs5750211,43,32,-0.126055,0.00249526,False
rs5750211,43,33,-0.107704,0.0102064,False
rs5750211,43,34,-0.114582,0.0064911,False
rs5750211,43,35,-0.120598,0.00428665,False
rs5750211,43,36,-0.114413,0.00679488,False
rs5750211,43,37,-0.104302,0.0141575,False
rs5750211,43,38,-0.113168,0.00799627,False
rs5750211,43,39,-0.115563,0.00700187,False
rs5750211,43,40,-0.116624,0.00668626,False
rs5750211,43,41,-0.110869,0.010044,False
rs5750211,43,42,-0.111417,0.0100346,False
rs5750211,43,43,-0.111859,0.0101479,False
rs5750211,43,44,-0.111869,0.010372,False
rs5750211,43,45,-0.102678,0.0192827,False
rs5750211,43,46,-0.102651,0.0197921,False
rs5750211,43,47,-0.116766,0.00835142,False
rs5750211,43,48,-0.113771,0.0104442,False
rs5750211,43,49,-0.1175,0.00854019,False
rs5750211,43,50,-0.102237,0.0227924,False
rs5750211,43,51,-0.113311,0.0120882,False
rs5750211,43,52,-0.121665,0.00724518,False
rs5750211,43,53,-0.113594,0.0126089,False
rs5750211,43,54,-0.117079,0.0105191,False
rs5750211,43,55,-0.122878,0.00748127,False
rs5750211,43,56,-0.10443,0.023574,False
rs5750211,43,57,-0.106812,0.0212681,False
rs5750211,43,58,-0.12637,0.00657963,False
rs5750211,43,59,-0.137811,0.00320259,False
rs5750211,43,60,-0.13334,0.00444201,False
rs5750211,43,61,-0.127734,0.0066516,False
rs5750211,43,62,-0.128318,0.0067136,False
rs5750211,43,63,-0.140159,0.00314193,False
rs5750211,43,64,-0.122114,0.01034,False
rs5750211,43,65,-0.143243,0.00275517,False
rs5750211,43,66,-0.140884,0.00334766,False
rs5750211,43,67,-0.142626,0.00313318,False
rs5750211,43,68,-0.147753,0.0022877,False
rs5750211,43,69,-0.143735,0.00312292,False
rs5750211,43,70,-0.136452,0.00512166,False
rs5750211,43,71,-0.137434,0.00501016,False
rs5750211,43,72,-0.139053,0.0046854,False
rs5750211,43,73,-0.137611,0.00532111,False
rs5750211,43,74,-0.135038,0.00640224,False
rs5750211,43,75,-0.130297,0.00865945,False
rs5750211,43,76,-0.125382,0.0119403,False
rs5750211,43,77,-0.145308,0.00362563,False
rs5750211,43,78,-0.135367,0.00686822,False
rs5750211,43,79,-0.140742,0.00515121,False
rs5750211,43,80,-0.132187,0.00876511,False
rs5750211,43,81,-0.148313,0.00334483,False
rs5750211,43,82,-0.150824,0.00284262,False
rs5750211,43,83,-0.137592,0.00661795,False
rs5750211,43,84,-0.129307,0.0107199,False
rs5750211,43,85,-0.129788,0.010586,False
rs5750211,43,86,-0.141129,0.00546901,False
rs5750211,43,87,-0.151353,0.0029362,False
rs5750211,43,88,-0.1401,0.00599535,False
rs5750211,43,89,-0.129936,0.0108818,False
rs5750211,43,90,-0.133375,0.00893656,False
rs5750211,43,91,-0.138666,0.00664733,False
rs5750211,43,92,-0.135055,0.00823981,False
rs5750211,43,93,-0.136204,0.00772295,False
rs5750211,43,94,-0.13205,0.00988602,False
rs5750211,43,95,-0.150879,0.00323507,False
rs5750211,43,96,-0.147693,0.0039371,False
rs5750211,43,97,-0.13696,0.00747331,False
rs5750211,43,98,-0.121284,0.0179618,False
rs5750211,43,99,-0.146329,0.00428331,False
rs5750211,43,100,-0.144183,0.00490278,False
rs5750211,43,101,-0.128774,0.0119867,False
rs5750211,43,102,-0.132361,0.00979032,False
rs5750211,43,103,-0.125157,0.0146743,False
rs5750211,43,104,-0.143496,0.00513062,False
rs5750211,43,105,-0.139199,0.0067009,False
rs5750211,43,106,-0.134179,0.009028,False
rs5750211,43,107,-0.135237,0.00850601,False
rs5750211,43,108,-0.132548,0.00989195,False
rs5750211,43,109,-0.135415,0.008427,False
rs5750211,43,110,-0.134402,0.0089006,False
rs5750211,43,111,-0.143086,0.00542276,False
rs5750211,43,112,-0.143397,0.00539118,False
rs5750211,43,113,-0.137354,0.00768237,False
rs5750211,43,114,-0.142254,0.00574014,False
rs5750211,43,115,-0.137121,0.00779098,False
rs5750211,43,116,-0.134493,0.00918418,False
rs5750211,43,117,-0.133318,0.0099881,False
rs5750211,43,118,-0.137645,0.00790628,False
rs5750211,43,119,-0.144045,0.00551559,False
rs5750211,43,120,-0.13638,0.00869166,False
rs5750211,43,121,-0.14301,0.00604683,False
rs5750211,43,122,-0.132713,0.0108998,False
rs5750211,43,123,-0.145535,0.00532028,False
rs5750211,43,124,-0.143079,0.00613761,False
rs5750211,43,125,-0.139157,0.00779951,False
rs5750211,43,126,-0.143771,0.00609817,False
rs5750211,43,127,-0.135029,0.0100806,False
rs5750211,43,128,-0.131708,0.0121032,False
rs5750211,43,129,-0.140609,0.00741731,False
rs5750211,43,130,-0.126047,0.016493,False
rs5750211,43,131,-0.132255,0.0118311,False
rs5750211,43,132,-0.135235,0.0100257,False
rs5750211,43,133,-0.139303,0.00800022,False
rs5750211,43,134,-0.138329,0.00844962,False
rs5750211,43,135,-0.137564,0.00889729,False
rs5750211,43,136,-0.136715,0.00927463,False
rs5750211,43,137,-0.161611,0.00207746,False
rs5750211,43,138,-0.161626,0.00209479,False
rs5750211,43,139,-0.156461,0.00286684,False
rs5750211,43,140,-0.162682,0.00192359,False
rs5750211,43,141,-0.156617,0.00282206,False
rs5750211,43,142,-0.16157,0.00205698,False
rs5750211,43,143,-0.163175,0.00188535,False
rs5750211,43,144,-0.17266,0.000997676,False
rs5750211,43,145,-0.174641,0.000886723,False
rs5750211,43,146,-0.183075,0.000500498,False
rs5750211,43,147,-0.187587,0.000369976,False
rs5750211,43,148,-0.193835,0.000232597,False
rs5750211,43,149,-0.193829,0.00023578,False
rs5750211,43,150,-0.210418,6.83061e-05,False
rs5750211,43,151,-0.201319,0.000138663,False
rs5750211,43,152,-0.194057,0.000245359,False
rs5750211,43,153,-0.204676,0.000110928,False
rs5750211,43,154,-0.196825,0.000208952,False
rs5750211,43,155,-0.190929,0.000327892,False
rs5750211,43,156,-0.212104,6.81516e-05,False
rs5750211,43,157,-0.215213,5.3055e-05,False
rs5750211,43,158,-0.215646,5.28471e-05,False
rs5750211,43,159,-0.215581,5.42301e-05,False
rs5750211,43,160,-0.202002,0.000162666,False
rs5750211,43,161,-0.20521,0.00013166,False
rs5750211,43,162,-0.219711,4.30446e-05,False
rs5750211,43,163,-0.198814,0.000221309,False
rs5750211,43,164,-0.198102,0.000240692,False
rs5750211,43,165,-0.199906,0.000215133,False
rs5750211,43,166,-0.198659,0.000246829,False
rs5750211,43,167,-0.197155,0.000277302,False
rs5750211,43,168,-0.210307,0.000107992,False
rs5750211,43,169,-0.218146,6.04276e-05,False
rs5750211,43,170,-0.208132,0.000129038,False
rs5750211,43,171,-0.217353,6.64914e-05,False
rs5750211,43,172,-0.219794,5.54662e-05,False
rs5750211,43,173,-0.222883,4.41566e-05,False
rs5750211,43,174,-0.210861,0.00011402,False
rs5750211,43,175,-0.218657,6.27933e-05,False
rs5750211,43,176,-0.224914,3.89394e-05,False
rs5750211,43,177,-0.2224,4.80384e-05,False
rs5750211,43,178,-0.228091,3.08598e-05,False
rs5750211,43,179,-0.237744,1.3697e-05,False
rs5750211,43,180,-0.228607,2.91301e-05,False
rs5750211,43,181,-0.221133,5.29521e-05,False
rs5750211,43,182,-0.233566,1.90876e-05,False
rs5750211,43,183,-0.229717,2.61351e-05,False
rs5750211,43,184,-0.223194,4.35308e-05,False
rs5750211,43,185,-0.23576,1.54918e-05,False
rs5750211,43,186,-0.213049,9.36306e-05,False
rs5750211,43,187,-0.228146,2.92053e-05,False
rs5750211,43,188,-0.241011,9.71268e-06,False
rs5750211,43,189,-0.245846,6.22672e-06,False
rs5750211,43,190,-0.235351,1.47416e-05,False
rs5750211,43,191,-0.233347,1.71158e-05,False
rs5750211,43,192,-0.234627,1.50913e-05,False
rs5750211,43,193,-0.233328,1.66781e-05,False
rs5750211,43,194,-0.23108,2.00071e-05,False
rs5750211,43,195,-0.227623,2.62935e-05,False
rs5750211,43,196,-0.232399,1.6809e-05,False
rs5750211,43,197,-0.235924,1.26437e-05,False
rs5750211,43,198,-0.229115,2.14284e-05,False
rs5750211,43,199,-0.234838,1.29521e-05,False
rs5750211,43,200,-0.225009,2.8996e-05,False
rs5750211,43,201,-0.232424,1.55824e-05,False
rs5750211,43,202,-0.239357,8.47442e-06,False
rs5750211,43,203,-0.243143,6.11501e-06,False
rs5750211,43,204,-0.231722,1.57337e-05,False
rs5750211,43,205,-0.228007,2.14407e-05,False
rs5750211,43,206,-0.236768,1.03547e-05,False
rs5750211,43,207,-0.249301,3.35065e-06,False
rs5750211,43,208,-0.238853,8.19702e-06,False
rs5750211,43,209,-0.252622,2.42949e-06,False
rs5750211,43,210,-0.247096,4.1307e-06,False
rs5750211,43,211,-0.242217,6.42228e-06,False
rs5750211,43,212,-0.240397,7.59219e-06,False
rs5750211,43,213,-0.244307,5.32548e-06,False
rs5750211,43,214,-0.237706,9.69554e-06,False
rs5750211,43,215,-0.252966,2.55497e-06,False
rs5750211,43,216,-0.240293,8.15144e-06,False
rs5750211,43,217,-0.239673,8.91694e-06,False
rs5750211,43,218,-0.237023,1.16311e-05,False
rs5750211,43,219,-0.242297,7.70483e-06,False
rs5750211,43,220,-0.241621,8.56941e-06,False
rs5750211,43,221,-0.254842,2.89308e-06,False
rs5750211,43,222,-0.254095,3.3491e-06,False
rs5750211,43,223,-0.259777,2.17359e-06,False
rs5750211,43,224,-0.247577,6.94873e-06,False
rs5750211,43,225,-0.25638,3.6041e-06,False
rs5750211,43,226,-0.273231,8.74056e-07,False
rs5750211,43,227,-0.265648,1.96688e-06,False
rs5750211,43,228,-0.271136,1.38774e-06,False
rs5750211,43,229,-0.266022,2.5712e-06,False
rs5750211,43,230,-0.281321,7.57803e-07,False
rs5750211,43,231,-0.268587,2.75115e-06,False
rs5750211,43,232,-0.254983,1.0207e-05,False
rs5750211,43,233,-0.269851,3.63557e-06,False
rs5750211,43,234,-0.268266,4.86734e-06,False
rs5750211,43,235,-0.284128,1.63598e-06,False
rs5750211,43,236,-0.271941,5.2696e-06,False
rs5750211,43,237,-0.273746,5.74651e-06,False
rs5750211,43,238,-0.289121,2.15481e-06,False
rs5750211,43,239,-0.278659,6.22038e-06,False
rs5750211,43,240,-0.267269,1.76374e-05,False
rs5750211,43,241,-0.275043,1.25179e-05,False
rs5750211,43,242,-0.265091,3.22121e-05,False
rs5750211,43,243,-0.261003,5.37964e-05,False
rs5750211,43,244,-0.264413,5.3354e-05,False
rs5750211,43,245,-0.268279,5.25112e-05,False
rs5750211,43,246,-0.293081,1.33778e-05,False
rs5750211,43,247,-0.269808,8.0726e-05,False
rs5750211,43,248,-0.263688,0.000154097,False
rs5750211,43,249,-0.279193,8.17118e-05,False
rs5750211,43,250,-0.283239,8.77884e-05,False
rs5750211,43,251,-0.297866,5.08374e-05,False
rs5750211,44,6,-0.115961,0.00665357,False
rs5750211,44,7,-0.125857,0.00301556,False
rs5750211,44,8,-0.141492,0.000776422,False
rs5750211,44,9,-0.131318,0.00169155,False
rs5750211,44,10,-0.147477,0.000387942,False
rs5750211,44,11,-0.15336,0.000204009,False
rs5750211,44,12,-0.16237,7.65222e-05,False
rs5750211,44,13,-0.136914,0.000818338,False
rs5750211,44,14,-0.139354,0.000645593,False
rs5750211,44,15,-0.151483,0.000200161,False
rs5750211,44,16,-0.138577,0.000657733,False
rs5750211,44,17,-0.140629,0.000535061,False
rs5750211,44,18,-0.138272,0.000685228,False
rs5750211,44,19,-0.116569,0.00408587,False
rs5750211,44,20,-0.129086,0.00152853,False
rs5750211,44,21,-0.129132,0.00153628,False
rs5750211,44,22,-0.133245,0.00108759,False
rs5750211,44,23,-0.140356,0.000607135,False
rs5750211,44,24,-0.125125,0.00228142,False
rs5750211,44,25,-0.134275,0.00110135,False
rs5750211,44,26,-0.128498,0.00182913,False
rs5750211,44,27,-0.120072,0.00366333,False
rs5750211,44,28,-0.132002,0.00143583,False
rs5750211,44,29,-0.137199,0.000986304,False
rs5750211,44,30,-0.110467,0.00803856,False
rs5750211,44,31,-0.115184,0.00590077,False
rs5750211,44,32,-0.132591,0.00160221,False
rs5750211,44,33,-0.114336,0.00665351,False
rs5750211,44,34,-0.12182,0.00387626,False
rs5750211,44,35,-0.121373,0.00427463,False
rs5750211,44,36,-0.105875,0.0129388,False
rs5750211,44,37,-0.128057,0.00277179,False
rs5750211,44,38,-0.116359,0.00679884,False
rs5750211,44,39,-0.126648,0.00334152,False
rs5750211,44,40,-0.122877,0.00454276,False
rs5750211,44,41,-0.128934,0.00300823,False
rs5750211,44,42,-0.114643,0.00857244,False
rs5750211,44,43,-0.131181,0.00278303,False
rs5750211,44,44,-0.12857,0.00357292,False
rs5750211,44,45,-0.144865,0.00106088,False
rs5750211,44,46,-0.126283,0.00451903,False
rs5750211,44,47,-0.142981,0.00137851,False
rs5750211,44,48,-0.128815,0.00407259,False
rs5750211,44,49,-0.140377,0.00187595,False
rs5750211,44,50,-0.127626,0.00479436,False
rs5750211,44,51,-0.130028,0.00429204,False
rs5750211,44,52,-0.140213,0.00214581,False
rs5750211,44,53,-0.135042,0.00328662,False
rs5750211,44,54,-0.142362,0.00199803,False
rs5750211,44,55,-0.138515,0.00273929,False
rs5750211,44,56,-0.144361,0.00190014,False
rs5750211,44,57,-0.134572,0.00392776,False
rs5750211,44,58,-0.129333,0.0057545,False
rs5750211,44,59,-0.126447,0.00715221,False
rs5750211,44,60,-0.131933,0.00516897,False
rs5750211,44,61,-0.158458,0.00082376,False
rs5750211,44,62,-0.148661,0.00175043,False
rs5750211,44,63,-0.149578,0.00172636,False
rs5750211,44,64,-0.143565,0.00274153,False
rs5750211,44,65,-0.157147,0.00108169,False
rs5750211,44,66,-0.140361,0.00365119,False
rs5750211,44,67,-0.133451,0.00589329,False
rs5750211,44,68,-0.14536,0.00281664,False
rs5750211,44,69,-0.133182,0.00648915,False
rs5750211,44,70,-0.127546,0.00937236,False
rs5750211,44,71,-0.139799,0.00447284,False
rs5750211,44,72,-0.128285,0.00931977,False
rs5750211,44,73,-0.132782,0.00729221,False
rs5750211,44,74,-0.143379,0.00387696,False
rs5750211,44,75,-0.130363,0.00884246,False
rs5750211,44,76,-0.131006,0.00869133,False
rs5750211,44,77,-0.142364,0.00443432,False
rs5750211,44,78,-0.14496,0.00385388,False
rs5750211,44,79,-0.145391,0.00383295,False
rs5750211,44,80,-0.139392,0.00565315,False
rs5750211,44,81,-0.124264,0.0137912,False
rs5750211,44,82,-0.121635,0.0160999,False
rs5750211,44,83,-0.123407,0.014883,False
rs5750211,44,84,-0.126322,0.0127083,False
rs5750211,44,85,-0.121448,0.0165701,False
rs5750211,44,86,-0.126811,0.0125431,False
rs5750211,44,87,-0.134402,0.0082544,False
rs5750211,44,88,-0.128536,0.0114825,False
rs5750211,44,89,-0.132521,0.00918728,False
rs5750211,44,90,-0.135314,0.00783995,False
rs5750211,44,91,-0.138747,0.00646179,False
rs5750211,44,92,-0.13168,0.00977545,False
rs5750211,44,93,-0.136186,0.00753349,False
rs5750211,44,94,-0.136878,0.00722992,False
rs5750211,44,95,-0.135162,0.00794692,False
rs5750211,44,96,-0.133078,0.0088858,False
rs5750211,44,97,-0.143533,0.00481986,False
rs5750211,44,98,-0.148299,0.00359029,False
rs5750211,44,99,-0.158621,0.00183275,False
rs5750211,44,100,-0.147208,0.00382685,False
rs5750211,44,101,-0.133491,0.00872525,False
rs5750211,44,102,-0.143017,0.00494282,False
rs5750211,44,103,-0.146191,0.00405423,False
rs5750211,44,104,-0.134236,0.00840302,False
rs5750211,44,105,-0.136651,0.00733891,False
rs5750211,44,106,-0.143733,0.00483473,False
rs5750211,44,107,-0.127622,0.0122063,False
rs5750211,44,108,-0.134654,0.00826328,False
rs5750211,44,109,-0.142976,0.00508465,False
rs5750211,44,110,-0.128089,0.0121808,False
rs5750211,44,111,-0.126225,0.0134773,False
rs5750211,44,112,-0.136861,0.00750876,False
rs5750211,44,113,-0.139201,0.00658633,False
rs5750211,44,114,-0.143728,0.00510309,False
rs5750211,44,115,-0.141905,0.00576052,False
rs5750211,44,116,-0.128345,0.0126996,False
rs5750211,44,117,-0.138934,0.00712918,False
rs5750211,44,118,-0.13006,0.0118268,False
rs5750211,44,119,-0.123809,0.0167371,False
rs5750211,44,120,-0.121209,0.0194284,False
rs5750211,44,121,-0.119864,0.0209963,False
rs5750211,44,122,-0.128525,0.013513,False
rs5750211,44,123,-0.127201,0.014691,False
rs5750211,44,124,-0.116176,0.0261651,False
rs5750211,44,125,-0.119906,0.0218946,False
rs5750211,44,126,-0.110259,0.0352229,False
rs5750211,44,127,-0.10953,0.0367535,False
rs5750211,44,128,-0.108548,0.0387166,False
rs5750211,44,129,-0.123605,0.0185297,False
rs5750211,44,130,-0.12683,0.0158585,False
rs5750211,44,131,-0.113967,0.0300464,False
rs5750211,44,132,-0.120805,0.0214132,False
rs5750211,44,133,-0.133532,0.010911,False
rs5750211,44,134,-0.130264,0.0129256,False
rs5750211,44,135,-0.134978,0.01015,False
rs5750211,44,136,-0.130088,0.0132192,False
rs5750211,44,137,-0.130479,0.012771,False
rs5750211,44,138,-0.130131,0.0130892,False
rs5750211,44,139,-0.137049,0.00896591,False
rs5750211,44,140,-0.134235,0.0103542,False
rs5750211,44,141,-0.148009,0.00474304,False
rs5750211,44,142,-0.154357,0.00320548,False
rs5750211,44,143,-0.167054,0.00141565,False
rs5750211,44,144,-0.154731,0.00314586,False
rs5750211,44,145,-0.159765,0.00225615,False
rs5750211,44,146,-0.163831,0.00174733,False
rs5750211,44,147,-0.167404,0.00136934,False
rs5750211,44,148,-0.162259,0.00195392,False
rs5750211,44,149,-0.161509,0.0020356,False
rs5750211,44,150,-0.173783,0.000916101,False
rs5750211,44,151,-0.186231,0.000388179,False
rs5750211,44,152,-0.200741,0.000134772,False
rs5750211,44,153,-0.207312,8.19627e-05,False
rs5750211,44,154,-0.201884,0.000128816,False
rs5750211,44,155,-0.202499,0.000125369,False
rs5750211,44,156,-0.20973,7.1609e-05,False
rs5750211,44,157,-0.207714,8.74669e-05,False
rs5750211,44,158,-0.208203,8.64338e-05,False
rs5750211,44,159,-0.213913,5.70474e-05,False
rs5750211,44,160,-0.215851,5.08336e-05,False
rs5750211,44,161,-0.215172,5.49976e-05,False
rs5750211,44,162,-0.210424,8.28382e-05,False
rs5750211,44,163,-0.209355,9.23102e-05,False
rs5750211,44,164,-0.205358,0.000129599,False
rs5750211,44,165,-0.212468,7.73113e-05,False
rs5750211,44,166,-0.213703,7.01472e-05,False
rs5750211,44,167,-0.21948,4.61272e-05,False
rs5750211,44,168,-0.222734,3.66708e-05,False
rs5750211,44,169,-0.225516,3.05817e-05,False
rs5750211,44,170,-0.227248,2.70581e-05,False
rs5750211,44,171,-0.230005,2.19636e-05,False
rs5750211,44,172,-0.212284,9.2252e-05,False
rs5750211,44,173,-0.203164,0.000186658,False
rs5750211,44,174,-0.216023,7.24549e-05,False
rs5750211,44,175,-0.226203,3.30671e-05,False
rs5750211,44,176,-0.232036,2.09848e-05,False
rs5750211,44,177,-0.235878,1.56324e-05,False
rs5750211,44,178,-0.231167,2.37546e-05,False
rs5750211,44,179,-0.228172,2.96348e-05,False
rs5750211,44,180,-0.232988,1.99949e-05,False
rs5750211,44,181,-0.237856,1.37301e-05,False
rs5750211,44,182,-0.23458,1.81296e-05,False
rs5750211,44,183,-0.230236,2.57418e-05,False
rs5750211,44,184,-0.233531,1.98377e-05,False
rs5750211,44,185,-0.242384,9.24763e-06,False
rs5750211,44,186,-0.239563,1.13248e-05,False
rs5750211,44,187,-0.234828,1.68547e-05,False
rs5750211,44,188,-0.227589,3.00519e-05,False
rs5750211,44,189,-0.23391,1.81801e-05,False
rs5750211,44,190,-0.243821,7.62616e-06,False
rs5750211,44,191,-0.241715,9.02985e-06,False
rs5750211,44,192,-0.247165,5.43081e-06,False
rs5750211,44,193,-0.250801,3.96116e-06,False
rs5750211,44,194,-0.253452,3.01486e-06,False
rs5750211,44,195,-0.257411,2.1048e-06,False
rs5750211,44,196,-0.252027,3.26563e-06,False
rs5750211,44,197,-0.24917,4.19526e-06,False
rs5750211,44,198,-0.255815,2.32176e-06,False
rs5750211,44,199,-0.254526,2.55598e-06,False
rs5750211,44,200,-0.23608,1.26239e-05,False
rs5750211,44,201,-0.250104,3.67688e-06,False
rs5750211,44,202,-0.240284,8.54955e-06,False
rs5750211,44,203,-0.238503,9.95297e-06,False
rs5750211,44,204,-0.253359,2.59709e-06,False
rs5750211,44,205,-0.251603,2.95396e-06,False
rs5750211,44,206,-0.244773,5.35821e-06,False
rs5750211,44,207,-0.256731,1.81874e-06,False
rs5750211,44,208,-0.251909,2.82814e-06,False
rs5750211,44,209,-0.250232,3.28294e-06,False
rs5750211,44,210,-0.251047,3.01176e-06,False
rs5750211,44,211,-0.252583,2.56111e-06,False
rs5750211,44,212,-0.254365,2.28426e-06,False
rs5750211,44,213,-0.25937,1.48187e-06,False
rs5750211,44,214,-0.249811,3.50701e-06,False
rs5750211,44,215,-0.249756,3.71663e-06,False
rs5750211,44,216,-0.227687,2.45954e-05,False
rs5750211,44,217,-0.240289,8.87453e-06,False
rs5750211,44,218,-0.254619,2.54184e-06,False
rs5750211,44,219,-0.248283,4.61161e-06,False
rs5750211,44,220,-0.265188,1.05606e-06,False
rs5750211,44,221,-0.268516,8.4465e-07,False
rs5750211,44,222,-0.260835,1.85373e-06,False
rs5750211,44,223,-0.257891,2.44585e-06,False
rs5750211,44,224,-0.274914,5.61972e-07,False
rs5750211,44,225,-0.268416,1.21101e-06,False
rs5750211,44,226,-0.273408,8.46755e-07,False
rs5750211,44,227,-0.275766,7.52746e-07,False
rs5750211,44,228,-0.281072,5.27136e-07,False
rs5750211,44,229,-0.273807,1.18855e-06,False
rs5750211,44,230,-0.27189,1.60181e-06,False
rs5750211,44,231,-0.277633,1.10051e-06,False
rs5750211,44,232,-0.269859,2.59587e-06,False
rs5750211,44,233,-0.271199,2.75513e-06,False
rs5750211,44,234,-0.270667,3.44936e-06,False
rs5750211,44,235,-0.270191,4.31997e-06,False
rs5750211,44,236,-0.275529,3.41063e-06,False
rs5750211,44,237,-0.279741,2.91541e-06,False
rs5750211,44,238,-0.288048,1.83297e-06,False
rs5750211,44,239,-0.29803,1.04323e-06,False
rs5750211,44,240,-0.291913,2.1741e-06,False
rs5750211,44,241,-0.30047,1.44234e-06,False
rs5750211,44,242,-0.284295,6.62556e-06,False
rs5750211,44,243,-0.287694,6.68486e-06,False
rs5750211,44,244,-0.290611,7.18436e-06,False
rs5750211,44,245,-0.287179,1.20404e-05,False
rs5750211,44,246,-0.300221,6.60841e-06,False
rs5750211,44,247,-0.284902,2.58438e-05,False
rs5750211,44,248,-0.284959,3.55962e-05,False
rs5750211,44,249,-0.282907,5.63509e-05,False
rs5750211,44,250,-0.286893,6.00954e-05,False
rs5750211,44,251,-0.2858,8.63641e-05,False
rs5750211,45,6,-0.1228,0.00397931,False
rs5750211,45,7,-0.126517,0.00283566,False
rs5750211,45,8,-0.129645,0.00203212,False
rs5750211,45,9,-0.148722,0.000372679,False
rs5750211,45,10,-0.136045,0.00103699,False
rs5750211,45,11,-0.135282,0.00100459,False
rs5750211,45,12,-0.127948,0.00180912,False
rs5750211,45,13,-0.132416,0.00118838,False
rs5750211,45,14,-0.150698,0.000223064,False
rs5750211,45,15,-0.133996,0.00101416,False
rs5750211,45,16,-0.137344,0.000751165,False
rs5750211,45,17,-0.131178,0.00128886,False
rs5750211,45,18,-0.133165,0.00107966,False
rs5750211,45,19,-0.122644,0.00264073,False
rs5750211,45,20,-0.144728,0.000385705,False
rs5750211,45,21,-0.126408,0.00200123,False
rs5750211,45,22,-0.140806,0.000590677,False
rs5750211,45,23,-0.13284,0.00123196,False
rs5750211,45,24,-0.132241,0.00133663,False
rs5750211,45,25,-0.13289,0.00131084,False
rs5750211,45,26,-0.13159,0.0014902,False
rs5750211,45,27,-0.124199,0.00279676,False
rs5750211,45,28,-0.119334,0.00418854,False
rs5750211,45,29,-0.131301,0.00169793,False
rs5750211,45,30,-0.107967,0.0100145,False
rs5750211,45,31,-0.111566,0.00810063,False
rs5750211,45,32,-0.112989,0.00751328,False
rs5750211,45,33,-0.119536,0.00484288,False
rs5750211,45,34,-0.108343,0.0108669,False
rs5750211,45,35,-0.114615,0.00726488,False
rs5750211,45,36,-0.120596,0.00490327,False
rs5750211,45,37,-0.126545,0.003271,False
rs5750211,45,38,-0.124115,0.00414249,False
rs5750211,45,39,-0.120419,0.00552305,False
rs5750211,45,40,-0.100917,0.0206157,False
rs5750211,45,41,-0.109631,0.01236,False
rs5750211,45,42,-0.108435,0.0137331,False
rs5750211,45,43,-0.104463,0.0179584,False
rs5750211,45,44,-0.102632,0.0208639,False
rs5750211,45,45,-0.120065,0.00700725,False
rs5750211,45,46,-0.100748,0.0244612,False
rs5750211,45,47,-0.106234,0.0181167,False
rs5750211,45,48,-0.102716,0.0227687,False
rs5750211,45,49,-0.0891868,0.0492621,False
rs5750211,45,50,-0.11257,0.013438,False
rs5750211,45,51,-0.108308,0.0179688,False
rs5750211,45,52,-0.111058,0.0155343,False
rs5750211,45,53,-0.115246,0.0123878,False
rs5750211,45,54,-0.120237,0.0093188,False
rs5750211,45,55,-0.11499,0.0134482,False
rs5750211,45,56,-0.11983,0.0102575,False
rs5750211,45,57,-0.122211,0.00910206,False
rs5750211,45,58,-0.124069,0.00840031,False
rs5750211,45,59,-0.121761,0.00994034,False
rs5750211,45,60,-0.128687,0.00663792,False
rs5750211,45,61,-0.133462,0.00507747,False
rs5750211,45,62,-0.131231,0.00607627,False
rs5750211,45,63,-0.142222,0.00303076,False
rs5750211,45,64,-0.137172,0.00440816,False
rs5750211,45,65,-0.145321,0.00264713,False
rs5750211,45,66,-0.148447,0.00221309,False
rs5750211,45,67,-0.132956,0.00630982,False
rs5750211,45,68,-0.13452,0.00593404,False
rs5750211,45,69,-0.146045,0.00286961,False
rs5750211,45,70,-0.140086,0.00435119,False
rs5750211,45,71,-0.148579,0.00258378,False
rs5750211,45,72,-0.142099,0.00409248,False
rs5750211,45,73,-0.142871,0.00398821,False
rs5750211,45,74,-0.122539,0.0138658,False
rs5750211,45,75,-0.132461,0.00792201,False
rs5750211,45,76,-0.119636,0.0166572,False
rs5750211,45,77,-0.126358,0.0116935,False
rs5750211,45,78,-0.107479,0.0324428,False
rs5750211,45,79,-0.121749,0.0155569,False
rs5750211,45,80,-0.121467,0.0160366,False
rs5750211,45,81,-0.133823,0.00797699,False
rs5750211,45,82,-0.129405,0.0104388,False
rs5750211,45,83,-0.135813,0.00714295,False
rs5750211,45,84,-0.129418,0.0104624,False
rs5750211,45,85,-0.123376,0.0147813,False
rs5750211,45,86,-0.126785,0.0121981,False
rs5750211,45,87,-0.132916,0.00876598,False
rs5750211,45,88,-0.137769,0.006616,False
rs5750211,45,89,-0.134842,0.00772601,False
rs5750211,45,90,-0.123821,0.0144547,False
rs5750211,45,91,-0.116839,0.0210847,False
rs5750211,45,92,-0.140622,0.00549018,False
rs5750211,45,93,-0.132617,0.00872528,False
rs5750211,45,94,-0.125724,0.0130422,False
rs5750211,45,95,-0.139341,0.00588525,False
rs5750211,45,96,-0.129685,0.0103511,False
rs5750211,45,97,-0.144853,0.00421564,False
rs5750211,45,98,-0.125921,0.012782,False
rs5750211,45,99,-0.119363,0.0181823,False
rs5750211,45,100,-0.120806,0.0167728,False
rs5750211,45,101,-0.132118,0.00888779,False
rs5750211,45,102,-0.138905,0.00591104,False
rs5750211,45,103,-0.142278,0.00487517,False
rs5750211,45,104,-0.137443,0.00659726,False
rs5750211,45,105,-0.1244,0.0138493,False
rs5750211,45,106,-0.123633,0.0145063,False
rs5750211,45,107,-0.110144,0.0294725,False
rs5750211,45,108,-0.120831,0.0171288,False
rs5750211,45,109,-0.129192,0.0109068,False
rs5750211,45,110,-0.120574,0.0176413,False
rs5750211,45,111,-0.109479,0.0313568,False
rs5750211,45,112,-0.118299,0.0202404,False
rs5750211,45,113,-0.117851,0.0209022,False
rs5750211,45,114,-0.104476,0.0411401,False
rs5750211,45,115,-0.0941211,0.0664398,False
rs5750211,45,116,-0.109416,0.0335451,False
rs5750211,45,117,-0.116967,0.0230198,False
rs5750211,45,118,-0.115632,0.025119,False
rs5750211,45,119,-0.0989091,0.0560505,False
rs5750211,45,120,-0.107537,0.0384681,False
rs5750211,45,121,-0.102242,0.0493318,False
rs5750211,45,122,-0.100551,0.0536748,False
rs5750211,45,123,-0.114138,0.0287095,False
rs5750211,45,124,-0.115764,0.0268466,False
rs5750211,45,125,-0.110565,0.034819,False
rs5750211,45,126,-0.114149,0.0295013,False
rs5750211,45,127,-0.112411,0.032334,False
rs5750211,45,128,-0.115199,0.0282897,False
rs5750211,45,129,-0.117455,0.025529,False
rs5750211,45,130,-0.111619,0.0338071,False
rs5750211,45,131,-0.104401,0.0473213,False
rs5750211,45,132,-0.106276,0.0434266,False
rs5750211,45,133,-0.117985,0.0246886,False
rs5750211,45,134,-0.108592,0.0387715,False
rs5750211,45,135,-0.133103,0.0113297,False
rs5750211,45,136,-0.129801,0.0133711,False
rs5750211,45,137,-0.131021,0.0124357,False
rs5750211,45,138,-0.126829,0.0154324,False
rs5750211,45,139,-0.129519,0.0132365,False
rs5750211,45,140,-0.14885,0.00441274,False
rs5750211,45,141,-0.167271,0.00136391,False
rs5750211,45,142,-0.160237,0.00213719,False
rs5750211,45,143,-0.158323,0.00240926,False
rs5750211,45,144,-0.155263,0.00289769,False
rs5750211,45,145,-0.167772,0.00128341,False
rs5750211,45,146,-0.168877,0.00118837,False
rs5750211,45,147,-0.171651,0.000983439,False
rs5750211,45,148,-0.174313,0.000814674,False
rs5750211,45,149,-0.180608,0.000527863,False
rs5750211,45,150,-0.174636,0.000802934,False
rs5750211,45,151,-0.185393,0.000374678,False
rs5750211,45,152,-0.188396,0.000306174,False
rs5750211,45,153,-0.19864,0.000142483,False
rs5750211,45,154,-0.204164,9.48604e-05,False
rs5750211,45,155,-0.204895,9.27328e-05,False
rs5750211,45,156,-0.203262,0.00010563,False
rs5750211,45,157,-0.200699,0.00013328,False
rs5750211,45,158,-0.203682,0.000106955,False
rs5750211,45,159,-0.19965,0.000151078,False
rs5750211,45,160,-0.205451,9.95369e-05,False
rs5750211,45,161,-0.211348,6.47241e-05,False
rs5750211,45,162,-0.198709,0.000175258,False
rs5750211,45,163,-0.193225,0.000269452,False
rs5750211,45,164,-0.18733,0.000425476,False
rs5750211,45,165,-0.197176,0.000214154,False
rs5750211,45,166,-0.218253,4.42436e-05,False
rs5750211,45,167,-0.204183,0.000137175,False
rs5750211,45,168,-0.20495,0.000132849,False
rs5750211,45,169,-0.21326,7.31183e-05,False
rs5750211,45,170,-0.211743,8.54272e-05,False
rs5750211,45,171,-0.211216,8.95855e-05,False
rs5750211,45,172,-0.209212,0.000107944,False
rs5750211,45,173,-0.215592,6.81885e-05,False
rs5750211,45,174,-0.212525,8.89988e-05,False
rs5750211,45,175,-0.225263,3.33545e-05,False
rs5750211,45,176,-0.219926,5.3378e-05,False
rs5750211,45,177,-0.22225,4.48214e-05,False
rs5750211,45,178,-0.22513,3.65404e-05,False
rs5750211,45,179,-0.223225,4.24917e-05,False
rs5750211,45,180,-0.223037,4.37108e-05,False
rs5750211,45,181,-0.226936,3.19248e-05,False
rs5750211,45,182,-0.223463,4.33709e-05,False
rs5750211,45,183,-0.229635,2.6604e-05,False
rs5750211,45,184,-0.236098,1.57797e-05,False
rs5750211,45,185,-0.224076,4.10679e-05,False
rs5750211,45,186,-0.239277,1.22043e-05,False
rs5750211,45,187,-0.230612,2.42531e-05,False
rs5750211,45,188,-0.221455,5.02879e-05,False
rs5750211,45,189,-0.239558,1.14691e-05,False
rs5750211,45,190,-0.230367,2.38603e-05,False
rs5750211,45,191,-0.243588,7.86631e-06,False
rs5750211,45,192,-0.23688,1.35418e-05,False
rs5750211,45,193,-0.247237,5.49925e-06,False
rs5750211,45,194,-0.239814,1.04806e-05,False
rs5750211,45,195,-0.24226,8.3706e-06,False
rs5750211,45,196,-0.235329,1.47621e-05,False
rs5750211,45,197,-0.231485,1.99225e-05,False
rs5750211,45,198,-0.241503,8.63848e-06,False
rs5750211,45,199,-0.230901,2.09913e-05,False
rs5750211,45,200,-0.232066,1.87453e-05,False
rs5750211,45,201,-0.234461,1.53597e-05,False
rs5750211,45,202,-0.233546,1.63044e-05,False
rs5750211,45,203,-0.236528,1.24498e-05,False
rs5750211,45,204,-0.239782,9.38333e-06,False
rs5750211,45,205,-0.247421,4.75009e-06,False
rs5750211,45,206,-0.247508,4.73833e-06,False
rs5750211,45,207,-0.261801,1.29119e-06,False
rs5750211,45,208,-0.256969,1.97314e-06,False
rs5750211,45,209,-0.243628,6.48503e-06,False
rs5750211,45,210,-0.239636,8.91752e-06,False
rs5750211,45,211,-0.232522,1.65868e-05,False
rs5750211,45,212,-0.247751,4.58914e-06,False
rs5750211,45,213,-0.247226,4.77303e-06,False
rs5750211,45,214,-0.256258,2.16224e-06,False
rs5750211,45,215,-0.24816,4.6753e-06,False
rs5750211,45,216,-0.244039,6.71077e-06,False
rs5750211,45,217,-0.250592,3.84537e-06,False
rs5750211,45,218,-0.261257,1.49555e-06,False
rs5750211,45,219,-0.245507,6.26527e-06,False
rs5750211,45,220,-0.264685,1.17107e-06,False
rs5750211,45,221,-0.278266,3.42618e-07,False
rs5750211,45,222,-0.257203,2.5915e-06,False
rs5750211,45,223,-0.266039,1.27589e-06,False
rs5750211,45,224,-0.251969,4.80372e-06,False
rs5750211,45,225,-0.255101,3.96348e-06,False
rs5750211,45,226,-0.277103,5.81117e-07,False
rs5750211,45,227,-0.261492,2.70173e-06,False
rs5750211,45,228,-0.269545,1.47448e-06,False
rs5750211,45,229,-0.266031,2.36433e-06,False
rs5750211,45,230,-0.264822,2.91843e-06,False
rs5750211,45,231,-0.277454,1.08072e-06,False
rs5750211,45,232,-0.278423,1.22647e-06,False
rs5750211,45,233,-0.28936,5.46629e-07,False
rs5750211,45,234,-0.281009,1.34652e-06,False
rs5750211,45,235,-0.271147,3.71512e-06,False
rs5750211,45,236,-0.276663,2.82326e-06,False
rs5750211,45,237,-0.278805,2.87129e-06,False
rs5750211,45,238,-0.274464,4.98164e-06,False
rs5750211,45,239,-0.257672,2.23433e-05,False
rs5750211,45,240,-0.254901,3.30259e-05,False
rs5750211,45,241,-0.273072,1.07042e-05,False
rs5750211,45,242,-0.281399,7.08312e-06,False
rs5750211,45,243,-0.267237,2.47675e-05,False
rs5750211,45,244,-0.267627,3.04716e-05,False
rs5750211,45,245,-0.288003,9.65762e-06,False
rs5750211,45,246,-0.288564,1.26964e-05,False
rs5750211,45,247,-0.286831,1.93785e-05,False
rs5750211,45,248,-0.273615,6.16301e-05,False
rs5750211,45,249,-0.278716,6.10681e-05,False
rs5750211,45,250,-0.275489,0.000100855,False
rs5750211,45,251,-0.281209,9.68105e-05,False
rs5750211,46,6,-0.123943,0.00356743,False
rs5750211,46,7,-0.129322,0.00223905,False
rs5750211,46,8,-0.128727,0.00217012,False
rs5750211,46,9,-0.114004,0.00635467,False
rs5750211,46,10,-0.134001,0.00125848,False
rs5750211,46,11,-0.136268,0.000955201,False
rs5750211,46,12,-0.136644,0.000869082,False
rs5750211,46,13,-0.133574,0.00113749,False
rs5750211,46,14,-0.119034,0.00357359,False
rs5750211,46,15,-0.12652,0.00194874,False
rs5750211,46,16,-0.115747,0.00453124,False
rs5750211,46,17,-0.116375,0.00435696,False
rs5750211,46,18,-0.125735,0.00211195,False
rs5750211,46,19,-0.12327,0.00258478,False
rs5750211,46,20,-0.125573,0.00219998,False
rs5750211,46,21,-0.10548,0.0102575,False
rs5750211,46,22,-0.102419,0.0130742,False
rs5750211,46,23,-0.105341,0.0109318,False
rs5750211,46,24,-0.126599,0.00225807,False
rs5750211,46,25,-0.108079,0.0093307,False
rs5750211,46,26,-0.106917,0.0103439,False
rs5750211,46,27,-0.128917,0.00208882,False
rs5750211,46,28,-0.127704,0.00234878,False
rs5750211,46,29,-0.123619,0.00325227,False
rs5750211,46,30,-0.12783,0.00247609,False
rs5750211,46,31,-0.122747,0.00375108,False
rs5750211,46,32,-0.131791,0.00190554,False
rs5750211,46,33,-0.131845,0.00199051,False
rs5750211,46,34,-0.124508,0.00366033,False
rs5750211,46,35,-0.110683,0.0100365,False
rs5750211,46,36,-0.133887,0.00192324,False
rs5750211,46,37,-0.120422,0.00545334,False
rs5750211,46,38,-0.117173,0.00710126,False
rs5750211,46,39,-0.128237,0.00333277,False
rs5750211,46,40,-0.143893,0.0010457,False
rs5750211,46,41,-0.122811,0.00537822,False
rs5750211,46,42,-0.125476,0.00454202,False
rs5750211,46,43,-0.112471,0.0112716,False
rs5750211,46,44,-0.110969,0.01286,False
rs5750211,46,45,-0.110442,0.013739,False
rs5750211,46,46,-0.111256,0.0133797,False
rs5750211,46,47,-0.106508,0.0184892,False
rs5750211,46,48,-0.109568,0.0158452,False
rs5750211,46,49,-0.113143,0.013222,False
rs5750211,46,50,-0.109063,0.0172935,False
rs5750211,46,51,-0.0936869,0.04166,False
rs5750211,46,52,-0.0951444,0.0396049,False
rs5750211,46,53,-0.114697,0.0134932,False
rs5750211,46,54,-0.108392,0.0202199,False
rs5750211,46,55,-0.132684,0.00457239,False
rs5750211,46,56,-0.10551,0.024799,False
rs5750211,46,57,-0.107419,0.0226882,False
rs5750211,46,58,-0.104162,0.0278757,False
rs5750211,46,59,-0.116708,0.0142712,False
rs5750211,46,60,-0.134345,0.00491393,False
rs5750211,46,61,-0.121431,0.0112312,False
rs5750211,46,62,-0.134363,0.00516889,False
rs5750211,46,63,-0.116822,0.0154826,False
rs5750211,46,64,-0.140175,0.00378581,False
rs5750211,46,65,-0.119307,0.0141607,False
rs5750211,46,66,-0.132004,0.00685708,False
rs5750211,46,67,-0.125286,0.0103703,False
rs5750211,46,68,-0.139008,0.00463957,False
rs5750211,46,69,-0.114243,0.0200943,False
rs5750211,46,70,-0.119587,0.0152402,False
rs5750211,46,71,-0.120614,0.0147736,False
rs5750211,46,72,-0.146516,0.00317876,False
rs5750211,46,73,-0.143304,0.00397845,False
rs5750211,46,74,-0.120513,0.0155685,False
rs5750211,46,75,-0.116599,0.0195859,False
rs5750211,46,76,-0.135253,0.00692168,False
rs5750211,46,77,-0.128467,0.0104957,False
rs5750211,46,78,-0.115413,0.0215835,False
rs5750211,46,79,-0.135072,0.00715057,False
rs5750211,46,80,-0.132947,0.00825913,False
rs5750211,46,81,-0.13553,0.00721107,False
rs5750211,46,82,-0.122021,0.01562,False
rs5750211,46,83,-0.125288,0.0130068,False
rs5750211,46,84,-0.118122,0.019173,False
rs5750211,46,85,-0.121115,0.0164342,False
rs5750211,46,86,-0.124343,0.013668,False
rs5750211,46,87,-0.135017,0.00742345,False
rs5750211,46,88,-0.124604,0.0135216,False
rs5750211,46,89,-0.127308,0.0115451,False
rs5750211,46,90,-0.126838,0.0118812,False
rs5750211,46,91,-0.120768,0.0165894,False
rs5750211,46,92,-0.130306,0.00953455,False
rs5750211,46,93,-0.155634,0.00194146,False
rs5750211,46,94,-0.144675,0.0039475,False
rs5750211,46,95,-0.138268,0.00580789,False
rs5750211,46,96,-0.127352,0.0110645,False
rs5750211,46,97,-0.127724,0.0108893,False
rs5750211,46,98,-0.142405,0.00451584,False
rs5750211,46,99,-0.135111,0.00695363,False
rs5750211,46,100,-0.117821,0.018682,False
rs5750211,46,101,-0.112786,0.0242883,False
rs5750211,46,102,-0.112564,0.0245278,False
rs5750211,46,103,-0.118949,0.0176355,False
rs5750211,46,104,-0.120832,0.0160232,False
rs5750211,46,105,-0.115553,0.0211931,False
rs5750211,46,106,-0.12489,0.0129197,False
rs5750211,46,107,-0.120895,0.0164804,False
rs5750211,46,108,-0.142901,0.00461093,False
rs5750211,46,109,-0.13631,0.00693917,False
rs5750211,46,110,-0.118693,0.0191062,False
rs5750211,46,111,-0.132689,0.00897648,False
rs5750211,46,112,-0.124766,0.0143412,False
rs5750211,46,113,-0.128645,0.0117197,False
rs5750211,46,114,-0.127933,0.0124319,False
rs5750211,46,115,-0.127905,0.0126374,False
rs5750211,46,116,-0.126921,0.0136894,False
rs5750211,46,117,-0.120634,0.0194585,False
rs5750211,46,118,-0.121885,0.0186962,False
rs5750211,46,119,-0.124913,0.0162266,False
rs5750211,46,120,-0.121957,0.0194135,False
rs5750211,46,121,-0.114885,0.0281931,False
rs5750211,46,122,-0.121563,0.0207337,False
rs5750211,46,123,-0.109793,0.0372225,False
rs5750211,46,124,-0.0946412,0.07286,False
rs5750211,46,125,-0.100902,0.0563549,False
rs5750211,46,126,-0.109323,0.0389347,False
rs5750211,46,127,-0.104411,0.0487466,False
rs5750211,46,128,-0.11453,0.0308526,False
rs5750211,46,129,-0.114792,0.030594,False
rs5750211,46,130,-0.105866,0.0460947,False
rs5750211,46,131,-0.118148,0.0260255,False
rs5750211,46,132,-0.132947,0.0122839,False
rs5750211,46,133,-0.128838,0.0152281,False
rs5750211,46,134,-0.119454,0.0243009,False
rs5750211,46,135,-0.120196,0.0230952,False
rs5750211,46,136,-0.12414,0.0187939,False
rs5750211,46,137,-0.109247,0.0383578,False
rs5750211,46,138,-0.115153,0.028936,False
rs5750211,46,139,-0.128148,0.0147144,False
rs5750211,46,140,-0.117623,0.0249859,False
rs5750211,46,141,-0.125286,0.0167942,False
rs5750211,46,142,-0.133526,0.0107019,False
rs5750211,46,143,-0.135698,0.00936436,False
rs5750211,46,144,-0.135966,0.00906194,False
rs5750211,46,145,-0.151923,0.00355117,False
rs5750211,46,146,-0.151703,0.00353013,False
rs5750211,46,147,-0.16625,0.00137143,False
rs5750211,46,148,-0.169097,0.00111639,False
rs5750211,46,149,-0.164474,0.00151949,False
rs5750211,46,150,-0.17182,0.000924711,False
rs5750211,46,151,-0.166889,0.00129688,False
rs5750211,46,152,-0.165957,0.001397,False
rs5750211,46,153,-0.167432,0.00125854,False
rs5750211,46,154,-0.171341,0.000962571,False
rs5750211,46,155,-0.172887,0.000866801,False
rs5750211,46,156,-0.193891,0.000192686,False
rs5750211,46,157,-0.201843,0.000105004,False
rs5750211,46,158,-0.203344,9.71887e-05,False
rs5750211,46,159,-0.200779,0.000122795,False
rs5750211,46,160,-0.202741,0.00010859,False
rs5750211,46,161,-0.206421,8.338e-05,False
rs5750211,46,162,-0.197683,0.000168869,False
rs5750211,46,163,-0.196788,0.000187909,False
rs5750211,46,164,-0.1948,0.0002228,False
rs5750211,46,165,-0.207826,8.63371e-05,False
rs5750211,46,166,-0.199444,0.000169981,False
rs5750211,46,167,-0.197437,0.000201009,False
rs5750211,46,168,-0.207416,9.61397e-05,False
rs5750211,46,169,-0.210222,8.06682e-05,False
rs5750211,46,170,-0.198613,0.000206353,False
rs5750211,46,171,-0.212669,7.33047e-05,False
rs5750211,46,172,-0.21254,7.60682e-05,False
rs5750211,46,173,-0.225727,2.73778e-05,False
rs5750211,46,174,-0.220082,4.57579e-05,False
rs5750211,46,175,-0.227166,2.61558e-05,False
rs5750211,46,176,-0.220616,4.59329e-05,False
rs5750211,46,177,-0.227376,2.73397e-05,False
rs5750211,46,178,-0.223219,3.82881e-05,False
rs5750211,46,179,-0.218994,5.48925e-05,False
rs5750211,46,180,-0.22068,5.00514e-05,False
rs5750211,46,181,-0.242269,8.65398e-06,False
rs5750211,46,182,-0.245181,6.62247e-06,False
rs5750211,46,183,-0.245717,6.44515e-06,False
rs5750211,46,184,-0.247422,5.68743e-06,False
rs5750211,46,185,-0.235631,1.562e-05,False
rs5750211,46,186,-0.233029,1.91257e-05,False
rs5750211,46,187,-0.230092,2.39726e-05,False
rs5750211,46,188,-0.243525,8.02794e-06,False
rs5750211,46,189,-0.253195,3.35151e-06,False
rs5750211,46,190,-0.252178,3.53697e-06,False
rs5750211,46,191,-0.249869,4.50247e-06,False
rs5750211,46,192,-0.262557,1.38869e-06,False
rs5750211,46,193,-0.254157,2.95813e-06,False
rs5750211,46,194,-0.267122,8.50906e-07,False
rs5750211,46,195,-0.276563,3.50505e-07,False
rs5750211,46,196,-0.270713,5.99211e-07,False
rs5750211,46,197,-0.270948,5.87984e-07,False
rs5750211,46,198,-0.269066,7.21181e-07,False
rs5750211,46,199,-0.265101,1.01944e-06,False
rs5750211,46,200,-0.260974,1.48804e-06,False
rs5750211,46,201,-0.268939,6.71975e-07,False
rs5750211,46,202,-0.270498,5.96556e-07,False
rs5750211,46,203,-0.260175,1.56994e-06,False
rs5750211,46,204,-0.284472,1.44104e-07,False
rs5750211,46,205,-0.273217,4.35855e-07,False
rs5750211,46,206,-0.27083,5.53013e-07,False
rs5750211,46,207,-0.262076,1.23526e-06,False
rs5750211,46,208,-0.264636,9.35863e-07,False
rs5750211,46,209,-0.263588,1.07816e-06,False
rs5750211,46,210,-0.267443,7.4296e-07,False
rs5750211,46,211,-0.255686,2.24342e-06,False
rs5750211,46,212,-0.275738,3.327e-07,False
rs5750211,46,213,-0.276051,3.18688e-07,False
rs5750211,46,214,-0.267408,7.28778e-07,False
rs5750211,46,215,-0.267816,7.26936e-07,False
rs5750211,46,216,-0.262518,1.19345e-06,False
rs5750211,46,217,-0.271475,5.21529e-07,False
rs5750211,46,218,-0.25783,1.95012e-06,False
rs5750211,46,219,-0.274388,4.35744e-07,False
rs5750211,46,220,-0.276395,3.69555e-07,False
rs5750211,46,221,-0.287339,1.31427e-07,False
rs5750211,46,222,-0.283014,2.2678e-07,False
rs5750211,46,223,-0.283162,2.37237e-07,False
rs5750211,46,224,-0.289487,1.3786e-07,False
rs5750211,46,225,-0.289301,1.51737e-07,False
rs5750211,46,226,-0.291058,1.50745e-07,False
rs5750211,46,227,-0.289691,1.98148e-07,False
rs5750211,46,228,-0.279512,5.60593e-07,False
rs5750211,46,229,-0.309949,3.28447e-08,False
rs5750211,46,230,-0.317996,1.7756e-08,False
rs5750211,46,231,-0.321101,1.52439e-08,False
rs5750211,46,232,-0.315966,3.2262e-08,False
rs5750211,46,233,-0.307702,8.82206e-08,False
rs5750211,46,234,-0.314949,5.32057e-08,False
rs5750211,46,235,-0.327611,1.95468e-08,False
rs5750211,46,236,-0.332764,1.46799e-08,False
rs5750211,46,237,-0.327535,3.27804e-08,False
rs5750211,46,238,-0.32529,5.06448e-08,False
rs5750211,46,239,-0.335424,2.63767e-08,False
rs5750211,46,240,-0.318602,1.62729e-07,False
rs5750211,46,241,-0.32249,1.46956e-07,False
rs5750211,46,242,-0.335981,6.26946e-08,False
rs5750211,46,243,-0.314013,5.83008e-07,False
rs5750211,46,244,-0.318743,5.41368e-07,False
rs5750211,46,245,-0.329497,3.25998e-07,False
rs5750211,46,246,-0.319756,1.02677e-06,False
rs5750211,46,247,-0.323738,1.13118e-06,False
rs5750211,46,248,-0.327359,1.27213e-06,False
rs5750211,46,249,-0.327886,1.96153e-06,False
rs5750211,46,250,-0.316773,6.31632e-06,False
rs5750211,46,251,-0.309795,1.45978e-05,False
rs5750211,47,6,-0.124766,0.00355644,False
rs5750211,47,7,-0.141384,0.000909822,False
rs5750211,47,8,-0.144469,0.000652457,False
rs5750211,47,9,-0.132503,0.0016132,False
rs5750211,47,10,-0.129192,0.00197202,False
rs5750211,47,11,-0.136399,0.000983555,False
rs5750211,47,12,-0.129601,0.00165195,False
rs5750211,47,13,-0.145108,0.000423294,False
rs5750211,47,14,-0.130059,0.00151698,False
rs5750211,47,15,-0.150222,0.000252116,False
rs5750211,47,16,-0.117077,0.00430004,False
rs5750211,47,17,-0.123203,0.00270381,False
rs5750211,47,18,-0.132855,0.00122931,False
rs5750211,47,19,-0.116445,0.00469526,False
rs5750211,47,20,-0.14383,0.000473658,False
rs5750211,47,21,-0.130441,0.00159141,False
rs5750211,47,22,-0.12445,0.00261813,False
rs5750211,47,23,-0.121297,0.0034553,False
rs5750211,47,24,-0.128209,0.00203316,False
rs5750211,47,25,-0.123359,0.00309885,False
rs5750211,47,26,-0.127196,0.00234221,False
rs5750211,47,27,-0.111298,0.00798295,False
rs5750211,47,28,-0.130912,0.00186646,False
rs5750211,47,29,-0.119815,0.0044736,False
rs5750211,47,30,-0.112065,0.00809176,False
rs5750211,47,31,-0.125412,0.00321255,False
rs5750211,47,32,-0.118979,0.00528709,False
rs5750211,47,33,-0.127069,0.00301209,False
rs5750211,47,34,-0.100218,0.0196413,False
rs5750211,47,35,-0.109115,0.0114517,False
rs5750211,47,36,-0.124274,0.00411032,False
rs5750211,47,37,-0.120576,0.00557679,False
rs5750211,47,38,-0.106377,0.0149715,False
rs5750211,47,39,-0.11439,0.00913073,False
rs5750211,47,40,-0.123514,0.00504558,False
rs5750211,47,41,-0.111579,0.0117864,False
rs5750211,47,42,-0.0983032,0.0270023,False
rs5750211,47,43,-0.103284,0.0207963,False
rs5750211,47,44,-0.102239,0.0225761,False
rs5750211,47,45,-0.115569,0.010378,False
rs5750211,47,46,-0.102999,0.0231794,False
rs5750211,47,47,-0.106469,0.019402,False
rs5750211,47,48,-0.113408,0.0131615,False
rs5750211,47,49,-0.120045,0.00893881,False
rs5750211,47,50,-0.103853,0.0244452,False
rs5750211,47,51,-0.118546,0.0105799,False
rs5750211,47,52,-0.118821,0.0107006,False
rs5750211,47,53,-0.126537,0.00677689,False
rs5750211,47,54,-0.123011,0.00877819,False
rs5750211,47,55,-0.115518,0.0141515,False
rs5750211,47,56,-0.111502,0.0182618,False
rs5750211,47,57,-0.112774,0.0174168,False
rs5750211,47,58,-0.101961,0.0325296,False
rs5750211,47,59,-0.109717,0.0219102,False
rs5750211,47,60,-0.118765,0.0133394,False
rs5750211,47,61,-0.119867,0.0128198,False
rs5750211,47,62,-0.118266,0.0143141,False
rs5750211,47,63,-0.132029,0.00641578,False
rs5750211,47,64,-0.140129,0.00393608,False
rs5750211,47,65,-0.132439,0.00661651,False
rs5750211,47,66,-0.133109,0.00650925,False
rs5750211,47,67,-0.126822,0.00971598,False
rs5750211,47,68,-0.138128,0.00493559,False
rs5750211,47,69,-0.112105,0.0231665,False
rs5750211,47,70,-0.126004,0.0107972,False
rs5750211,47,71,-0.131094,0.00816708,False
rs5750211,47,72,-0.140116,0.00484607,False
rs5750211,47,73,-0.147812,0.00296606,False
rs5750211,47,74,-0.135926,0.0063725,False
rs5750211,47,75,-0.133312,0.00758498,False
rs5750211,47,76,-0.1228,0.0142264,False
rs5750211,47,77,-0.118528,0.017966,False
rs5750211,47,78,-0.126536,0.0116213,False
rs5750211,47,79,-0.145806,0.00366222,False
rs5750211,47,80,-0.12425,0.0134951,False
rs5750211,47,81,-0.118985,0.0180682,False
rs5750211,47,82,-0.128753,0.0103184,False
rs5750211,47,83,-0.120338,0.0165,False
rs5750211,47,84,-0.114162,0.022966,False
rs5750211,47,85,-0.118647,0.0181508,False
rs5750211,47,86,-0.12903,0.0101521,False
rs5750211,47,87,-0.134714,0.00728916,False
rs5750211,47,88,-0.130274,0.00946675,False
rs5750211,47,89,-0.125673,0.012221,False
rs5750211,47,90,-0.131152,0.00879449,False
rs5750211,47,91,-0.125823,0.0119271,False
rs5750211,47,92,-0.12507,0.0125347,False
rs5750211,47,93,-0.127058,0.0111176,False
rs5750211,47,94,-0.133473,0.00761471,False
rs5750211,47,95,-0.120889,0.0155669,False
rs5750211,47,96,-0.115234,0.0209542,False
rs5750211,47,97,-0.124481,0.0125404,False
rs5750211,47,98,-0.121956,0.0143098,False
rs5750211,47,99,-0.128361,0.00991196,False
rs5750211,47,100,-0.119316,0.0165886,False
rs5750211,47,101,-0.113873,0.0222655,False
rs5750211,47,102,-0.100762,0.0431379,False
rs5750211,47,103,-0.104711,0.0357373,False
rs5750211,47,104,-0.111339,0.0255708,False
rs5750211,47,105,-0.10697,0.0324662,False
rs5750211,47,106,-0.117631,0.0189655,False
rs5750211,47,107,-0.115982,0.0209846,False
rs5750211,47,108,-0.11375,0.0236903,False
rs5750211,47,109,-0.122115,0.0154979,False
rs5750211,47,110,-0.117444,0.0203319,False
rs5750211,47,111,-0.0992838,0.0500903,False
rs5750211,47,112,-0.103454,0.0421145,False
rs5750211,47,113,-0.110702,0.0303647,False
rs5750211,47,114,-0.112392,0.028828,False
rs5750211,47,115,-0.115855,0.0247352,False
rs5750211,47,116,-0.11115,0.0318181,False
rs5750211,47,117,-0.111686,0.0317282,False
rs5750211,47,118,-0.114753,0.0279392,False
rs5750211,47,119,-0.106765,0.0419687,False
rs5750211,47,120,-0.102697,0.0512869,False
rs5750211,47,121,-0.112889,0.0327639,False
rs5750211,47,122,-0.0949585,0.0736791,False
rs5750211,47,123,-0.0903905,0.0898232,False
rs5750211,47,124,-0.095989,0.0726497,False
rs5750211,47,125,-0.103204,0.0543291,False
rs5750211,47,126,-0.117104,0.0293554,False
rs5750211,47,127,-0.109653,0.0416428,False
rs5750211,47,128,-0.102998,0.0558859,False
rs5750211,47,129,-0.110923,0.0397403,False
rs5750211,47,130,-0.108193,0.0447379,False
rs5750211,47,131,-0.108472,0.0444462,False
rs5750211,47,132,-0.0871738,0.106483,False
rs5750211,47,133,-0.107164,0.0467042,False
rs5750211,47,134,-0.102708,0.0561874,False
rs5750211,47,135,-0.102331,0.0569162,False
rs5750211,47,136,-0.1151,0.0316013,False
rs5750211,47,137,-0.112687,0.0348026,False
rs5750211,47,138,-0.114755,0.0314776,False
rs5750211,47,139,-0.101708,0.0556631,False
rs5750211,47,140,-0.100473,0.0578384,False
rs5750211,47,141,-0.0985268,0.0622268,False
rs5750211,47,142,-0.107598,0.0409657,False
rs5750211,47,143,-0.114667,0.0293011,False
rs5750211,47,144,-0.123199,0.0189632,False
rs5750211,47,145,-0.12199,0.019694,False
rs5750211,47,146,-0.132506,0.0111092,False
rs5750211,47,147,-0.123152,0.017974,False
rs5750211,47,148,-0.131113,0.0116276,False
rs5750211,47,149,-0.135048,0.00932539,False
rs5750211,47,150,-0.136689,0.00839753,False
rs5750211,47,151,-0.134959,0.00911551,False
rs5750211,47,152,-0.129471,0.0124184,False
rs5750211,47,153,-0.133967,0.00964332,False
rs5750211,47,154,-0.154496,0.002839,False
rs5750211,47,155,-0.152636,0.0032022,False
rs5750211,47,156,-0.155269,0.00274291,False
rs5750211,47,157,-0.162064,0.00177816,False
rs5750211,47,158,-0.16083,0.0019454,False
rs5750211,47,159,-0.175771,0.000728858,False
rs5750211,47,160,-0.172224,0.000946666,False
rs5750211,47,161,-0.175532,0.000772907,False
rs5750211,47,162,-0.170302,0.00112103,False
rs5750211,47,163,-0.181176,0.000543054,False
rs5750211,47,164,-0.172366,0.00103201,False
rs5750211,47,165,-0.186404,0.000395245,False
rs5750211,47,166,-0.180591,0.000603908,False
rs5750211,47,167,-0.195954,0.000203778,False
rs5750211,47,168,-0.196573,0.000203806,False
rs5750211,47,169,-0.191213,0.000315914,False
rs5750211,47,170,-0.196756,0.000218285,False
rs5750211,47,171,-0.188875,0.000396405,False
rs5750211,47,172,-0.206178,0.000113575,False
rs5750211,47,173,-0.205101,0.000125909,False
rs5750211,47,174,-0.206782,0.00011577,False
rs5750211,47,175,-0.22075,3.98701e-05,False
rs5750211,47,176,-0.219236,4.82115e-05,False
rs5750211,47,177,-0.222551,3.84496e-05,False
rs5750211,47,178,-0.222271,4.0112e-05,False
rs5750211,47,179,-0.227492,2.66557e-05,False
rs5750211,47,180,-0.237673,1.16722e-05,False
rs5750211,47,181,-0.233663,1.72397e-05,False
rs5750211,47,182,-0.230934,2.21162e-05,False
rs5750211,47,183,-0.234179,1.70849e-05,False
rs5750211,47,184,-0.220974,4.92149e-05,False
rs5750211,47,185,-0.217945,6.28755e-05,False
rs5750211,47,186,-0.221574,4.79064e-05,False
rs5750211,47,187,-0.235034,1.63377e-05,False
rs5750211,47,188,-0.251895,3.90522e-06,False
rs5750211,47,189,-0.24465,7.46028e-06,False
rs5750211,47,190,-0.250127,4.4712e-06,False
rs5750211,47,191,-0.25437,3.04864e-06,False
rs5750211,47,192,-0.255751,2.68846e-06,False
rs5750211,47,193,-0.249755,4.52238e-06,False
rs5750211,47,194,-0.243334,7.88793e-06,False
rs5750211,47,195,-0.237212,1.31448e-05,False
rs5750211,47,196,-0.228247,2.74307e-05,False
rs5750211,47,197,-0.24609,6.24754e-06,False
rs5750211,47,198,-0.259116,1.97056e-06,False
rs5750211,47,199,-0.254807,2.90522e-06,False
rs5750211,47,200,-0.261721,1.52703e-06,False
rs5750211,47,201,-0.266091,9.73087e-07,False
rs5750211,47,202,-0.260319,1.63887e-06,False
rs5750211,47,203,-0.261957,1.41576e-06,False
rs5750211,47,204,-0.252969,3.20561e-06,False
rs5750211,47,205,-0.248942,4.59601e-06,False
rs5750211,47,206,-0.249018,4.40002e-06,False
rs5750211,47,207,-0.250908,3.64795e-06,False
rs5750211,47,208,-0.262483,1.29351e-06,False
rs5750211,47,209,-0.261137,1.48151e-06,False
rs5750211,47,210,-0.2537,2.82633e-06,False
rs5750211,47,211,-0.264013,1.12001e-06,False
rs5750211,47,212,-0.269611,6.71403e-07,False
rs5750211,47,213,-0.249315,4.19797e-06,False
rs5750211,47,214,-0.239348,9.98407e-06,False
rs5750211,47,215,-0.252859,3.12592e-06,False
rs5750211,47,216,-0.247993,4.83437e-06,False
rs5750211,47,217,-0.251402,3.61655e-06,False
rs5750211,47,218,-0.246982,5.39286e-06,False
rs5750211,47,219,-0.259088,1.93184e-06,False
rs5750211,47,220,-0.259851,1.85757e-06,False
rs5750211,47,221,-0.25391,3.2681e-06,False
rs5750211,47,222,-0.260032,1.9969e-06,False
rs5750211,47,223,-0.243381,8.95966e-06,False
rs5750211,47,224,-0.256296,3.20978e-06,False
rs5750211,47,225,-0.268273,1.17556e-06,False
rs5750211,47,226,-0.281068,4.09425e-07,False
rs5750211,47,227,-0.281142,4.3663e-07,False
rs5750211,47,228,-0.287909,2.64286e-07,False
rs5750211,47,229,-0.294762,1.5036e-07,False
rs5750211,47,230,-0.279507,7.44756e-07,False
rs5750211,47,231,-0.27049,1.8893e-06,False
rs5750211,47,232,-0.287886,4.47604e-07,False
rs5750211,47,233,-0.28402,7.55435e-07,False
rs5750211,47,234,-0.274868,1.93418e-06,False
rs5750211,47,235,-0.292124,4.91357e-07,False
rs5750211,47,236,-0.293906,5.19062e-07,False
rs5750211,47,237,-0.287814,1.06181e-06,False
rs5750211,47,238,-0.30358,3.26342e-07,False
rs5750211,47,239,-0.305157,3.56128e-07,False
rs5750211,47,240,-0.304205,4.83278e-07,False
rs5750211,47,241,-0.299838,8.68399e-07,False
rs5750211,47,242,-0.298418,1.2724e-06,False
rs5750211,47,243,-0.288193,3.75247e-06,False
rs5750211,47,244,-0.296512,2.58143e-06,False
rs5750211,47,245,-0.284671,8.34526e-06,False
rs5750211,47,246,-0.279501,1.64332e-05,False
rs5750211,47,247,-0.270023,4.1896e-05,False
rs5750211,47,248,-0.278696,3.18987e-05,False
rs5750211,47,249,-0.266508,9.26168e-05,False
rs5750211,47,250,-0.260532,0.000178856,False
rs5750211,47,251,-0.263853,0.000196929,False
rs5750211,48,6,-0.132342,0.00226608,False
rs5750211,48,7,-0.137951,0.0013796,False
rs5750211,48,8,-0.164662,0.000120205,False
rs5750211,48,9,-0.15494,0.000254078,False
rs5750211,48,10,-0.128239,0.00235191,False
rs5750211,48,11,-0.154451,0.000219868,False
rs5750211,48,12,-0.136665,0.00102129,False
rs5750211,48,13,-0.124218,0.00274472,False
rs5750211,48,14,-0.138099,0.000867792,False
rs5750211,48,15,-0.139597,0.00074835,False
rs5750211,48,16,-0.120053,0.00363111,False
rs5750211,48,17,-0.116179,0.00493621,False
rs5750211,48,18,-0.12351,0.00281528,False
rs5750211,48,19,-0.1294,0.00179813,False
rs5750211,48,20,-0.138266,0.000861713,False
rs5750211,48,21,-0.124719,0.00271418,False
rs5750211,48,22,-0.121905,0.003419,False
rs5750211,48,23,-0.121095,0.003817,False
rs5750211,48,24,-0.120675,0.00392107,False
rs5750211,48,25,-0.11087,0.00834218,False
rs5750211,48,26,-0.109867,0.00920705,False
rs5750211,48,27,-0.119348,0.00471766,False
rs5750211,48,28,-0.127493,0.00264872,False
rs5750211,48,29,-0.101665,0.0169347,False
rs5750211,48,30,-0.107182,0.0119207,False
rs5750211,48,31,-0.118254,0.00573523,False
rs5750211,48,32,-0.109181,0.0111106,False
rs5750211,48,33,-0.120858,0.00504793,False
rs5750211,48,34,-0.123412,0.00439857,False
rs5750211,48,35,-0.116897,0.00708984,False
rs5750211,48,36,-0.116233,0.00776682,False
rs5750211,48,37,-0.108518,0.0133613,False
rs5750211,48,38,-0.121102,0.00602112,False
rs5750211,48,39,-0.127765,0.00387394,False
rs5750211,48,40,-0.119066,0.00733237,False
rs5750211,48,41,-0.121709,0.00640352,False
rs5750211,48,42,-0.117143,0.00901122,False
rs5750211,48,43,-0.114834,0.010681,False
rs5750211,48,44,-0.118369,0.00883124,False
rs5750211,48,45,-0.109666,0.0159173,False
rs5750211,48,46,-0.100255,0.0283319,False
rs5750211,48,47,-0.108534,0.0181199,False
rs5750211,48,48,-0.107926,0.0192421,False
rs5750211,48,49,-0.0998975,0.030952,False
rs5750211,48,50,-0.100876,0.0300767,False
rs5750211,48,51,-0.0998799,0.0327353,False
rs5750211,48,52,-0.0997862,0.0335942,False
rs5750211,48,53,-0.097275,0.038966,False
rs5750211,48,54,-0.102929,0.0293542,False
rs5750211,48,55,-0.0921653,0.0522457,False
rs5750211,48,56,-0.0892213,0.0610273,False
rs5750211,48,57,-0.0915211,0.0556588,False
rs5750211,48,58,-0.106545,0.0264188,False
rs5750211,48,59,-0.0984021,0.0408384,False
rs5750211,48,60,-0.108417,0.0245784,False
rs5750211,48,61,-0.105986,0.0285184,False
rs5750211,48,62,-0.104469,0.0315282,False
rs5750211,48,63,-0.101472,0.0372314,False
rs5750211,48,64,-0.12218,0.0123117,False
rs5750211,48,65,-0.12553,0.0102288,False
rs5750211,48,66,-0.125699,0.010385,False
rs5750211,48,67,-0.0992951,0.0433503,False
rs5750211,48,68,-0.101404,0.0397265,False
rs5750211,48,69,-0.109183,0.0271065,False
rs5750211,48,70,-0.0993658,0.0447707,False
rs5750211,48,71,-0.109031,0.0280756,False
rs5750211,48,72,-0.116654,0.0191869,False
rs5750211,48,73,-0.112524,0.023894,False
rs5750211,48,74,-0.103399,0.0382814,False
rs5750211,48,75,-0.103279,0.0389296,False
rs5750211,48,76,-0.10402,0.0377408,False
rs5750211,48,77,-0.114483,0.022306,False
rs5750211,48,78,-0.116354,0.0203685,False
rs5750211,48,79,-0.120805,0.015928,False
rs5750211,48,80,-0.112585,0.025015,False
rs5750211,48,81,-0.120812,0.0161436,False
rs5750211,48,82,-0.110212,0.0281742,False
rs5750211,48,83,-0.111946,0.0256039,False
rs5750211,48,84,-0.122002,0.014876,False
rs5750211,48,85,-0.11309,0.0239725,False
rs5750211,48,86,-0.108162,0.0306509,False
rs5750211,48,87,-0.11737,0.0189256,False
rs5750211,48,88,-0.114235,0.0222264,False
rs5750211,48,89,-0.112118,0.0248349,False
rs5750211,48,90,-0.118218,0.0177208,False
rs5750211,48,91,-0.103536,0.0375685,False
rs5750211,48,92,-0.0984995,0.0478988,False
rs5750211,48,93,-0.104271,0.0358825,False
rs5750211,48,94,-0.0932607,0.0608474,False
rs5750211,48,95,-0.102451,0.0395548,False
rs5750211,48,96,-0.1075,0.0301939,False
rs5750211,48,97,-0.111741,0.0241044,False
rs5750211,48,98,-0.112217,0.0236602,False
rs5750211,48,99,-0.118038,0.0173761,False
rs5750211,48,100,-0.119857,0.0158124,False
rs5750211,48,101,-0.11437,0.0213619,False
rs5750211,48,102,-0.112927,0.0232071,False
rs5750211,48,103,-0.0995249,0.0458265,False
rs5750211,48,104,-0.104609,0.0363014,False
rs5750211,48,105,-0.110926,0.0267037,False
rs5750211,48,106,-0.100098,0.0459048,False
rs5750211,48,107,-0.09215,0.066961,False
rs5750211,48,108,-0.0969552,0.0545383,False
rs5750211,48,109,-0.105496,0.0370911,False
rs5750211,48,110,-0.110014,0.0305636,False
rs5750211,48,111,-0.113223,0.0266767,False
rs5750211,48,112,-0.109382,0.0330567,False
rs5750211,48,113,-0.117956,0.0221744,False
rs5750211,48,114,-0.10949,0.0347843,False
rs5750211,48,115,-0.107164,0.0400604,False
rs5750211,48,116,-0.101993,0.0520035,False
rs5750211,48,117,-0.104454,0.0476329,False
rs5750211,48,118,-0.112453,0.0339647,False
rs5750211,48,119,-0.102476,0.0542886,False
rs5750211,48,120,-0.108863,0.042212,False
rs5750211,48,121,-0.110438,0.0402567,False
rs5750211,48,122,-0.108341,0.045468,False
rs5750211,48,123,-0.0993846,0.0676589,False
rs5750211,48,124,-0.0996508,0.0677628,False
rs5750211,48,125,-0.0907988,0.0972207,False
rs5750211,48,126,-0.0857129,0.118784,False
rs5750211,48,127,-0.0810667,0.140434,False
rs5750211,48,128,-0.0927775,0.0919948,False
rs5750211,48,129,-0.0869181,0.114659,False
rs5750211,48,130,-0.0746438,0.175611,False
rs5750211,48,131,-0.0812131,0.140575,False
rs5750211,48,132,-0.0950501,0.0843114,False
rs5750211,48,133,-0.0878304,0.110428,False
rs5750211,48,134,-0.0841062,0.125869,False
rs5750211,48,135,-0.08987,0.100928,False
rs5750211,48,136,-0.100086,0.0668431,False
rs5750211,48,137,-0.109181,0.0449893,False
rs5750211,48,138,-0.108817,0.0446522,False
rs5750211,48,139,-0.0961544,0.0753317,False
rs5750211,48,140,-0.0854357,0.112292,False
rs5750211,48,141,-0.103786,0.052748,False
rs5750211,48,142,-0.108424,0.0420308,False
rs5750211,48,143,-0.129964,0.0145518,False
rs5750211,48,144,-0.114306,0.0310145,False
rs5750211,48,145,-0.099877,0.0583957,False
rs5750211,48,146,-0.106879,0.0421892,False
rs5750211,48,147,-0.123889,0.0182439,False
rs5750211,48,148,-0.131112,0.0121139,False
rs5750211,48,149,-0.136683,0.00877007,False
rs5750211,48,150,-0.117434,0.0241165,False
rs5750211,48,151,-0.143734,0.00566812,False
rs5750211,48,152,-0.134531,0.00953304,False
rs5750211,48,153,-0.128828,0.0129542,False
rs5750211,48,154,-0.144705,0.00527398,False
rs5750211,48,155,-0.167786,0.00120083,False
rs5750211,48,156,-0.165239,0.00141037,False
rs5750211,48,157,-0.164961,0.00142554,False
rs5750211,48,158,-0.165469,0.00137469,False
rs5750211,48,159,-0.166505,0.00129667,False
rs5750211,48,160,-0.181688,0.000456461,False
rs5750211,48,161,-0.176172,0.000697599,False
rs5750211,48,162,-0.17755,0.000641067,False
rs5750211,48,163,-0.18894,0.000295279,False
rs5750211,48,164,-0.187272,0.000340762,False
rs5750211,48,165,-0.179794,0.000599322,False
rs5750211,48,166,-0.188628,0.000322846,False
rs5750211,48,167,-0.210854,6.03091e-05,False
rs5750211,48,168,-0.183075,0.000510925,False
rs5750211,48,169,-0.195178,0.000221395,False
rs5750211,48,170,-0.222401,2.73256e-05,False
rs5750211,48,171,-0.209029,8.27128e-05,False
rs5750211,48,172,-0.213934,5.82799e-05,False
rs5750211,48,173,-0.222373,3.10761e-05,False
rs5750211,48,174,-0.216021,5.34852e-05,False
rs5750211,48,175,-0.217938,4.89133e-05,False
rs5750211,48,176,-0.218427,4.70845e-05,False
rs5750211,48,177,-0.213555,7.19651e-05,False
rs5750211,48,178,-0.22313,3.54144e-05,False
rs5750211,48,179,-0.221131,4.28641e-05,False
rs5750211,48,180,-0.227204,2.76688e-05,False
rs5750211,48,181,-0.244124,6.65627e-06,False
rs5750211,48,182,-0.255191,2.52999e-06,False
rs5750211,48,183,-0.246903,5.43766e-06,False
rs5750211,48,184,-0.245615,6.14357e-06,False
rs5750211,48,185,-0.241745,8.98528e-06,False
rs5750211,48,186,-0.265294,1.11866e-06,False
rs5750211,48,187,-0.263604,1.2686e-06,False
rs5750211,48,188,-0.272009,5.97834e-07,False
rs5750211,48,189,-0.269713,7.41527e-07,False
rs5750211,48,190,-0.276391,4.05088e-07,False
rs5750211,48,191,-0.264455,1.19994e-06,False
rs5750211,48,192,-0.281113,2.44495e-07,False
rs5750211,48,193,-0.265568,1.08807e-06,False
rs5750211,48,194,-0.262649,1.42096e-06,False
rs5750211,48,195,-0.252432,3.54833e-06,False
rs5750211,48,196,-0.266533,9.71266e-07,False
rs5750211,48,197,-0.261327,1.62898e-06,False
rs5750211,48,198,-0.256538,2.53177e-06,False
rs5750211,48,199,-0.248544,5.04975e-06,False
rs5750211,48,200,-0.245815,6.41596e-06,False
rs5750211,48,201,-0.257579,2.29892e-06,False
rs5750211,48,202,-0.244237,7.22346e-06,False
rs5750211,48,203,-0.249172,4.5754e-06,False
rs5750211,48,204,-0.23901,1.09757e-05,False
rs5750211,48,205,-0.246913,5.63875e-06,False
rs5750211,48,206,-0.259147,1.87577e-06,False
rs5750211,48,207,-0.255514,2.61463e-06,False
rs5750211,48,208,-0.243595,7.31844e-06,False
rs5750211,48,209,-0.244319,6.65666e-06,False
rs5750211,48,210,-0.244059,6.91902e-06,False
rs5750211,48,211,-0.254388,2.75588e-06,False
rs5750211,48,212,-0.260964,1.48635e-06,False
rs5750211,48,213,-0.270868,5.68513e-07,False
rs5750211,48,214,-0.267119,8.49851e-07,False
rs5750211,48,215,-0.260452,1.58728e-06,False
rs5750211,48,216,-0.263778,1.18124e-06,False
rs5750211,48,217,-0.268273,7.99229e-07,False
rs5750211,48,218,-0.264079,1.19879e-06,False
rs5750211,48,219,-0.265274,1.12895e-06,False
rs5750211,48,220,-0.256419,2.62763e-06,False
rs5750211,48,221,-0.263162,1.49361e-06,False
rs5750211,48,222,-0.25753,2.58045e-06,False
rs5750211,48,223,-0.26657,1.20008e-06,False
rs5750211,48,224,-0.259855,2.41399e-06,False
rs5750211,48,225,-0.272784,8.23728e-07,False
rs5750211,48,226,-0.271074,1.03963e-06,False
rs5750211,48,227,-0.261499,2.58492e-06,False
rs5750211,48,228,-0.267763,1.63874e-06,False
rs5750211,48,229,-0.256678,4.81328e-06,False
rs5750211,48,230,-0.265351,2.5102e-06,False
rs5750211,48,231,-0.252586,8.28495e-06,False
rs5750211,48,232,-0.259309,5.32057e-06,False
rs5750211,48,233,-0.26316,4.37569e-06,False
rs5750211,48,234,-0.250934,1.336e-05,False
rs5750211,48,235,-0.266043,4.43778e-06,False
rs5750211,48,236,-0.274455,2.61098e-06,False
rs5750211,48,237,-0.276893,2.43084e-06,False
rs5750211,48,238,-0.266971,6.27019e-06,False
rs5750211,48,239,-0.276618,3.41191e-06,False
rs5750211,48,240,-0.280603,2.98331e-06,False
rs5750211,48,241,-0.274965,5.62997e-06,False
rs5750211,48,242,-0.273102,8.03269e-06,False
rs5750211,48,243,-0.283898,4.28371e-06,False
rs5750211,48,244,-0.279837,7.57086e-06,False
rs5750211,48,245,-0.303272,1.66984e-06,False
rs5750211,48,246,-0.282503,1.08868e-05,False
rs5750211,48,247,-0.294867,6.19808e-06,False
rs5750211,48,248,-0.29636,7.94285e-06,False
rs5750211,48,249,-0.29979,9.1187e-06,False
rs5750211,48,250,-0.284829,3.5627e-05,False
rs5750211,48,251,-0.287493,4.21446e-05,False
rs5750211,49,6,-0.0808381,0.0625641,False
rs5750211,49,7,-0.0838292,0.051909,False
rs5750211,49,8,-0.0945676,0.027273,False
rs5750211,49,9,-0.0830314,0.0508782,False
rs5750211,49,10,-0.0943501,0.0254083,False
rs5750211,49,11,-0.0967268,0.0209055,False
rs5750211,49,12,-0.108223,0.00950934,False
rs5750211,49,13,-0.0914233,0.0278917,False
rs5750211,49,14,-0.108116,0.00925593,False
rs5750211,49,15,-0.0997689,0.0161603,False
rs5750211,49,16,-0.0949049,0.0219674,False
rs5750211,49,17,-0.106576,0.010146,False
rs5750211,49,18,-0.106254,0.0103075,False
rs5750211,49,19,-0.105688,0.0108277,False
rs5750211,49,20,-0.114513,0.00587094,False
rs5750211,49,21,-0.102598,0.0137896,False
rs5750211,49,22,-0.117179,0.004972,False
rs5750211,49,23,-0.123493,0.00317557,False
rs5750211,49,24,-0.114829,0.00620516,False
rs5750211,49,25,-0.111307,0.00817232,False
rs5750211,49,26,-0.121428,0.0041062,False
rs5750211,49,27,-0.114635,0.00683886,False
rs5750211,49,28,-0.118204,0.00544659,False
rs5750211,49,29,-0.127666,0.00284168,False
rs5750211,49,30,-0.104169,0.0152434,False
rs5750211,49,31,-0.117408,0.00640628,False
rs5750211,49,32,-0.113078,0.00891647,False
rs5750211,49,33,-0.107987,0.0128596,False
rs5750211,49,34,-0.119133,0.00623452,False
rs5750211,49,35,-0.107137,0.0143634,False
rs5750211,49,36,-0.107239,0.0145639,False
rs5750211,49,37,-0.0953268,0.0302446,False
rs5750211,49,38,-0.103664,0.0190652,False
rs5750211,49,39,-0.102571,0.0211044,False
rs5750211,49,40,-0.112845,0.0115346,False
rs5750211,49,41,-0.116987,0.00899837,False
rs5750211,49,42,-0.103763,0.021168,False
rs5750211,49,43,-0.095589,0.0345538,False
rs5750211,49,44,-0.11215,0.0137099,False
rs5750211,49,45,-0.0995771,0.029418,False
rs5750211,49,46,-0.104529,0.022755,False
rs5750211,49,47,-0.108457,0.0187868,False
rs5750211,49,48,-0.11653,0.0119031,False
rs5750211,49,49,-0.123511,0.0080142,False
rs5750211,49,50,-0.0991197,0.0337764,False
rs5750211,49,51,-0.0967202,0.0396591,False
rs5750211,49,52,-0.0923281,0.0501376,False
rs5750211,49,53,-0.106607,0.0245753,False
rs5750211,49,54,-0.113221,0.0172272,False
rs5750211,49,55,-0.101602,0.0330437,False
rs5750211,49,56,-0.114073,0.0170851,False
rs5750211,49,57,-0.110817,0.0208888,False
rs5750211,49,58,-0.108613,0.024027,False
rs5750211,49,59,-0.106769,0.0271621,False
rs5750211,49,60,-0.105769,0.028925,False
rs5750211,49,61,-0.102103,0.035605,False
rs5750211,49,62,-0.104635,0.0316849,False
rs5750211,49,63,-0.10748,0.0276196,False
rs5750211,49,64,-0.111914,0.0223538,False
rs5750211,49,65,-0.103352,0.0351429,False
rs5750211,49,66,-0.116523,0.0178341,False
rs5750211,49,67,-0.102767,0.0372183,False
rs5750211,49,68,-0.0932202,0.059031,False
rs5750211,49,69,-0.10375,0.0358393,False
rs5750211,49,70,-0.103689,0.0368099,False
rs5750211,49,71,-0.0999396,0.0448265,False
rs5750211,49,72,-0.0933673,0.061118,False
rs5750211,49,73,-0.109038,0.0289103,False
rs5750211,49,74,-0.090897,0.0689058,False
rs5750211,49,75,-0.0956682,0.0557341,False
rs5750211,49,76,-0.0922279,0.0653988,False
rs5750211,49,77,-0.087414,0.0803935,False
rs5750211,49,78,-0.10394,0.0378197,False
rs5750211,49,79,-0.120805,0.0157909,False
rs5750211,49,80,-0.118174,0.0181963,False
rs5750211,49,81,-0.110322,0.0272386,False
rs5750211,49,82,-0.103479,0.0386334,False
rs5750211,49,83,-0.101627,0.0419425,False
rs5750211,49,84,-0.111051,0.0261493,False
rs5750211,49,85,-0.100339,0.0442728,False
rs5750211,49,86,-0.107787,0.0302412,False
rs5750211,49,87,-0.110112,0.0267446,False
rs5750211,49,88,-0.0965333,0.0522188,False
rs5750211,49,89,-0.0918079,0.0641798,False
rs5750211,49,90,-0.105241,0.0339592,False
rs5750211,49,91,-0.119926,0.0155256,False
rs5750211,49,92,-0.111934,0.0237539,False
rs5750211,49,93,-0.10291,0.0372801,False
rs5750211,49,94,-0.0851181,0.085346,False
rs5750211,49,95,-0.0869247,0.0784082,False
rs5750211,49,96,-0.0975317,0.0483523,False
rs5750211,49,97,-0.100979,0.0410915,False
rs5750211,49,98,-0.0914357,0.0645749,False
rs5750211,49,99,-0.0928351,0.060502,False
rs5750211,49,100,-0.0957538,0.0531221,False
rs5750211,49,101,-0.105063,0.0339784,False
rs5750211,49,102,-0.0984346,0.0473885,False
rs5750211,49,103,-0.0916842,0.0654105,False
rs5750211,49,104,-0.105305,0.0347207,False
rs5750211,49,105,-0.111946,0.0252913,False
rs5750211,49,106,-0.101137,0.0440712,False
rs5750211,49,107,-0.0943424,0.0613312,False
rs5750211,49,108,-0.105333,0.0377605,False
rs5750211,49,109,-0.103962,0.0409656,False
rs5750211,49,110,-0.109674,0.0320609,False
rs5750211,49,111,-0.0978219,0.0574635,False
rs5750211,49,112,-0.10118,0.0510194,False
rs5750211,49,113,-0.100634,0.0535218,False
rs5750211,49,114,-0.0908925,0.0833316,False
rs5750211,49,115,-0.0962689,0.0684907,False
rs5750211,49,116,-0.101314,0.0568277,False
rs5750211,49,117,-0.0946315,0.0772162,False
rs5750211,49,118,-0.0995498,0.064675,False
rs5750211,49,119,-0.105902,0.0508924,False
rs5750211,49,120,-0.107481,0.0488854,False
rs5750211,49,121,-0.0978507,0.0758113,False
rs5750211,49,122,-0.100747,0.0692047,False
rs5750211,49,123,-0.0934901,0.0937619,False
rs5750211,49,124,-0.0812486,0.146364,False
rs5750211,49,125,-0.0970992,0.0835405,False
rs5750211,49,126,-0.0965315,0.0863897,False
rs5750211,49,127,-0.0822744,0.144999,False
rs5750211,49,128,-0.0946612,0.0942956,False
rs5750211,49,129,-0.0890991,0.115378,False
rs5750211,49,130,-0.101134,0.0741431,False
rs5750211,49,131,-0.107663,0.0570071,False
rs5750211,49,132,-0.102857,0.0683414,False
rs5750211,49,133,-0.0967814,0.086047,False
rs5750211,49,134,-0.0995901,0.0767812,False
rs5750211,49,135,-0.106599,0.057148,False
rs5750211,49,136,-0.107507,0.0542916,False
rs5750211,49,137,-0.101056,0.0692972,False
rs5750211,49,138,-0.107254,0.0522867,False
rs5750211,49,139,-0.100121,0.06921,False
rs5750211,49,140,-0.110084,0.0446328,False
rs5750211,49,141,-0.108291,0.0473493,False
rs5750211,49,142,-0.116853,0.0313939,False
rs5750211,49,143,-0.11263,0.0373184,False
rs5750211,49,144,-0.121808,0.0234117,False
rs5750211,49,145,-0.10848,0.0426091,False
rs5750211,49,146,-0.112687,0.034299,False
rs5750211,49,147,-0.114912,0.0301667,False
rs5750211,49,148,-0.107121,0.0425974,False
rs5750211,49,149,-0.116354,0.0268425,False
rs5750211,49,150,-0.124327,0.0176655,False
rs5750211,49,151,-0.116805,0.0252865,False
rs5750211,49,152,-0.11817,0.0232793,False
rs5750211,49,153,-0.124249,0.0167916,False
rs5750211,49,154,-0.122754,0.0180822,False
rs5750211,49,155,-0.128568,0.0131048,False
rs5750211,49,156,-0.137819,0.00778765,False
rs5750211,49,157,-0.158382,0.00218717,False
rs5750211,49,158,-0.171597,0.000895493,False
rs5750211,49,159,-0.173632,0.00079798,False
rs5750211,49,160,-0.151484,0.00341067,False
rs5750211,49,161,-0.157302,0.0024043,False
rs5750211,49,162,-0.174109,0.000784722,False
rs5750211,49,163,-0.164396,0.00156976,False
rs5750211,49,164,-0.170431,0.00105392,False
rs5750211,49,165,-0.172106,0.000954191,False
rs5750211,49,166,-0.184287,0.000414191,False
rs5750211,49,167,-0.183092,0.00046096,False
rs5750211,49,168,-0.190928,0.000268647,False
rs5750211,49,169,-0.181636,0.00054154,False
rs5750211,49,170,-0.174633,0.000918228,False
rs5750211,49,171,-0.196074,0.000206463,False
rs5750211,49,172,-0.203121,0.000127091,False
rs5750211,49,173,-0.193714,0.000263375,False
rs5750211,49,174,-0.197198,0.000214477,False
rs5750211,49,175,-0.20427,0.000132341,False
rs5750211,49,176,-0.215265,5.76973e-05,False
rs5750211,49,177,-0.208234,0.000104921,False
rs5750211,49,178,-0.204085,0.000146113,False
rs5750211,49,179,-0.201053,0.000190286,False
rs5750211,49,180,-0.220112,4.43912e-05,False
rs5750211,49,181,-0.223787,3.36457e-05,False
rs5750211,49,182,-0.227389,2.61224e-05,False
rs5750211,49,183,-0.222569,3.9069e-05,False
rs5750211,49,184,-0.226974,2.88672e-05,False
rs5750211,49,185,-0.244644,6.70259e-06,False
rs5750211,49,186,-0.256423,2.44454e-06,False
rs5750211,49,187,-0.250111,4.16782e-06,False
rs5750211,49,188,-0.249024,4.64872e-06,False
rs5750211,49,189,-0.24591,6.12348e-06,False
rs5750211,49,190,-0.23584,1.45688e-05,False
rs5750211,49,191,-0.232638,1.93962e-05,False
rs5750211,49,192,-0.246407,6.13912e-06,False
rs5750211,49,193,-0.251004,4.16404e-06,False
rs5750211,49,194,-0.248575,4.97204e-06,False
rs5750211,49,195,-0.239212,1.12084e-05,False
rs5750211,49,196,-0.230692,2.27791e-05,False
rs5750211,49,197,-0.243781,7.81331e-06,False
rs5750211,49,198,-0.226788,3.17826e-05,False
rs5750211,49,199,-0.240242,1.04905e-05,False
rs5750211,49,200,-0.244924,6.91316e-06,False
rs5750211,49,201,-0.239552,1.08229e-05,False
rs5750211,49,202,-0.251247,4.11833e-06,False
rs5750211,49,203,-0.257342,2.40131e-06,False
rs5750211,49,204,-0.254605,2.97305e-06,False
rs5750211,49,205,-0.262078,1.54597e-06,False
rs5750211,49,206,-0.242485,8.43729e-06,False
rs5750211,49,207,-0.252567,3.57279e-06,False
rs5750211,49,208,-0.236663,1.37658e-05,False
rs5750211,49,209,-0.240567,9.90647e-06,False
rs5750211,49,210,-0.236328,1.36193e-05,False
rs5750211,49,211,-0.240052,9.9676e-06,False
rs5750211,49,212,-0.243832,7.08565e-06,False
rs5750211,49,213,-0.252001,3.47466e-06,False
rs5750211,49,214,-0.255521,2.56621e-06,False
rs5750211,49,215,-0.25164,3.64825e-06,False
rs5750211,49,216,-0.249203,4.49447e-06,False
rs5750211,49,217,-0.25913,1.88471e-06,False
rs5750211,49,218,-0.259408,1.84536e-06,False
rs5750211,49,219,-0.267262,9.22587e-07,False
rs5750211,49,220,-0.261609,1.59992e-06,False
rs5750211,49,221,-0.2565,2.64455e-06,False
rs5750211,49,222,-0.253441,3.54019e-06,False
rs5750211,49,223,-0.265469,1.27568e-06,False
rs5750211,49,224,-0.267696,1.10585e-06,False
rs5750211,49,225,-0.272208,7.96683e-07,False
rs5750211,49,226,-0.280215,4.02167e-07,False
rs5750211,49,227,-0.284692,2.94181e-07,False
rs5750211,49,228,-0.294058,1.33857e-07,False
rs5750211,49,229,-0.291974,1.81311e-07,False
rs5750211,49,230,-0.290258,2.42487e-07,False
rs5750211,49,231,-0.298241,1.27007e-07,False
rs5750211,49,232,-0.300143,1.27122e-07,False
rs5750211,49,233,-0.289182,4.03995e-07,False
rs5750211,49,234,-0.288516,4.85624e-07,False
rs5750211,49,235,-0.291961,4.1545e-07,False
rs5750211,49,236,-0.307608,1.16975e-07,False
rs5750211,49,237,-0.295081,4.43252e-07,False
rs5750211,49,238,-0.302471,2.73245e-07,False
rs5750211,49,239,-0.295794,6.3045e-07,False
rs5750211,49,240,-0.292982,9.76441e-07,False
rs5750211,49,241,-0.300548,6.48046e-07,False
rs5750211,49,242,-0.297614,1.07161e-06,False
rs5750211,49,243,-0.29339,1.94522e-06,False
rs5750211,49,244,-0.291325,2.9621e-06,False
rs5750211,49,245,-0.268302,2.15873e-05,False
rs5750211,49,246,-0.291174,5.60897e-06,False
rs5750211,49,247,-0.290876,8.03181e-06,False
rs5750211,49,248,-0.290095,1.26383e-05,False
rs5750211,49,249,-0.285026,2.53971e-05,False
rs5750211,49,250,-0.27322,7.6879e-05,False
rs5750211,49,251,-0.26909,0.000132142,False
rs5750211,50,6,-0.110911,0.011029,False
rs5750211,50,7,-0.0999877,0.0207972,False
rs5750211,50,8,-0.0959013,0.0254805,False
rs5750211,50,9,-0.109634,0.0100721,False
rs5750211,50,10,-0.10139,0.016468,False
rs5750211,50,11,-0.101773,0.0155291,False
rs5750211,50,12,-0.111612,0.00760709,False
rs5750211,50,13,-0.105044,0.0118249,False
rs5750211,50,14,-0.0985128,0.0183589,False
rs5750211,50,15,-0.102442,0.0138499,False
rs5750211,50,16,-0.0954236,0.0217886,False
rs5750211,50,17,-0.10007,0.0160881,False
rs5750211,50,18,-0.0982893,0.0183348,False
rs5750211,50,19,-0.117203,0.00497194,False
rs5750211,50,20,-0.0884714,0.0341646,False
rs5750211,50,21,-0.0909428,0.0299187,False
rs5750211,50,22,-0.103628,0.0137098,False
rs5750211,50,23,-0.0998038,0.0176514,False
rs5750211,50,24,-0.0976226,0.0206641,False
rs5750211,50,25,-0.0952795,0.0246427,False
rs5750211,50,26,-0.0968355,0.0226188,False
rs5750211,50,27,-0.0919205,0.0308276,False
rs5750211,50,28,-0.0873366,0.0410398,False
rs5750211,50,29,-0.104365,0.0148595,False
rs5750211,50,30,-0.0984715,0.0222062,False
rs5750211,50,31,-0.0807971,0.0615394,False
rs5750211,50,32,-0.0981367,0.0235786,False
rs5750211,50,33,-0.0989068,0.0230318,False
rs5750211,50,34,-0.101952,0.0197842,False
rs5750211,50,35,-0.0970839,0.026946,False
rs5750211,50,36,-0.103465,0.0188908,False
rs5750211,50,37,-0.107438,0.015208,False
rs5750211,50,38,-0.107178,0.0159072,False
rs5750211,50,39,-0.102452,0.0217391,False
rs5750211,50,40,-0.0919433,0.0403653,False
rs5750211,50,41,-0.0973113,0.0309148,False
rs5750211,50,42,-0.0970179,0.0321877,False
rs5750211,50,43,-0.104243,0.0220144,False
rs5750211,50,44,-0.105003,0.0218598,False
rs5750211,50,45,-0.104413,0.0231133,False
rs5750211,50,46,-0.106952,0.0206354,False
rs5750211,50,47,-0.102499,0.0271021,False
rs5750211,50,48,-0.095917,0.0394814,False
rs5750211,50,49,-0.100114,0.0322099,False
rs5750211,50,50,-0.107418,0.0221806,False
rs5750211,50,51,-0.103685,0.0280745,False
rs5750211,50,52,-0.0839619,0.0764024,False
rs5750211,50,53,-0.104122,0.0283882,False
rs5750211,50,54,-0.113513,0.0174342,False
rs5750211,50,55,-0.116951,0.0146572,False
rs5750211,50,56,-0.0944143,0.0494648,False
rs5750211,50,57,-0.0965088,0.0457763,False
rs5750211,50,58,-0.106401,0.0280544,False
rs5750211,50,59,-0.109088,0.0245127,False
rs5750211,50,60,-0.0995011,0.0410341,False
rs5750211,50,61,-0.122605,0.0120936,False
rs5750211,50,62,-0.11453,0.019261,False
rs5750211,50,63,-0.101355,0.038602,False
rs5750211,50,64,-0.0936479,0.0568484,False
rs5750211,50,65,-0.102087,0.0383338,False
rs5750211,50,66,-0.103651,0.0357026,False
rs5750211,50,67,-0.107182,0.0300476,False
rs5750211,50,68,-0.106681,0.0312755,False
rs5750211,50,69,-0.101182,0.0412566,False
rs5750211,50,70,-0.102307,0.0394505,False
rs5750211,50,71,-0.102756,0.0388484,False
rs5750211,50,72,-0.0966033,0.052498,False
rs5750211,50,73,-0.109068,0.0285574,False
rs5750211,50,74,-0.0966027,0.0529987,False
rs5750211,50,75,-0.0988556,0.0478018,False
rs5750211,50,76,-0.101725,0.0417247,False
rs5750211,50,77,-0.0924314,0.0641964,False
rs5750211,50,78,-0.110914,0.0263128,False
rs5750211,50,79,-0.105635,0.0343057,False
rs5750211,50,80,-0.102486,0.0399274,False
rs5750211,50,81,-0.0942642,0.0589839,False
rs5750211,50,82,-0.107811,0.0304081,False
rs5750211,50,83,-0.105263,0.0344314,False
rs5750211,50,84,-0.0856571,0.0844302,False
rs5750211,50,85,-0.102032,0.0398353,False
rs5750211,50,86,-0.0998386,0.0441445,False
rs5750211,50,87,-0.106797,0.0308536,False
rs5750211,50,88,-0.100241,0.0425944,False
rs5750211,50,89,-0.103042,0.0368151,False
rs5750211,50,90,-0.0976962,0.0475351,False
rs5750211,50,91,-0.0890398,0.070692,False
rs5750211,50,92,-0.109274,0.0265816,False
rs5750211,50,93,-0.0917988,0.0626415,False
rs5750211,50,94,-0.102355,0.0378851,False
rs5750211,50,95,-0.100304,0.041884,False
rs5750211,50,96,-0.10241,0.0377863,False
rs5750211,50,97,-0.0917604,0.0628147,False
rs5750211,50,98,-0.0976864,0.0478052,False
rs5750211,50,99,-0.107132,0.0302148,False
rs5750211,50,100,-0.0960114,0.0524287,False
rs5750211,50,101,-0.0926394,0.0619897,False
rs5750211,50,102,-0.0898135,0.0710552,False
rs5750211,50,103,-0.0911025,0.0679385,False
rs5750211,50,104,-0.090792,0.0696278,False
rs5750211,50,105,-0.0933939,0.0634093,False
rs5750211,50,106,-0.106988,0.0341741,False
rs5750211,50,107,-0.0944889,0.0627184,False
rs5750211,50,108,-0.0960967,0.0597706,False
rs5750211,50,109,-0.101554,0.0479847,False
rs5750211,50,110,-0.10273,0.0463957,False
rs5750211,50,111,-0.100526,0.0530927,False
rs5750211,50,112,-0.0959909,0.0667692,False
rs5750211,50,113,-0.101701,0.0540894,False
rs5750211,50,114,-0.0953186,0.0733987,False
rs5750211,50,115,-0.0872186,0.104225,False
rs5750211,50,116,-0.0853621,0.114841,False
rs5750211,50,117,-0.0945479,0.0829718,False
rs5750211,50,118,-0.108135,0.0495221,False
rs5750211,50,119,-0.0839404,0.130594,False
rs5750211,50,120,-0.081653,0.144456,False
rs5750211,50,121,-0.0883781,0.116677,False
rs5750211,50,122,-0.0858477,0.130504,False
rs5750211,50,123,-0.0890233,0.119106,False
rs5750211,50,124,-0.0897897,0.117729,False
rs5750211,50,125,-0.0946357,0.101085,False
rs5750211,50,126,-0.0808758,0.162492,False
rs5750211,50,127,-0.0689993,0.235195,False
rs5750211,50,128,-0.0700716,0.22841,False
rs5750211,50,129,-0.0849891,0.144939,False
rs5750211,50,130,-0.0803235,0.168996,False
rs5750211,50,131,-0.0892537,0.125879,False
rs5750211,50,132,-0.0937932,0.106941,False
rs5750211,50,133,-0.106758,0.0659934,False
rs5750211,50,134,-0.0865672,0.134549,False
rs5750211,50,135,-0.0890656,0.122602,False
rs5750211,50,136,-0.0865049,0.131834,False
rs5750211,50,137,-0.0845397,0.139164,False
rs5750211,50,138,-0.0862157,0.129565,False
rs5750211,50,139,-0.0941263,0.095938,False
rs5750211,50,140,-0.0787743,0.160021,False
rs5750211,50,141,-0.0807026,0.148116,False
rs5750211,50,142,-0.0738978,0.183471,False
rs5750211,50,143,-0.0806673,0.143548,False
rs5750211,50,144,-0.0761817,0.164792,False
rs5750211,50,145,-0.0803046,0.140841,False
rs5750211,50,146,-0.0889855,0.100565,False
rs5750211,50,147,-0.0900742,0.0944753,False
rs5750211,50,148,-0.0989771,0.0648173,False
rs5750211,50,149,-0.108285,0.0422794,False
rs5750211,50,150,-0.112656,0.0339133,False
rs5750211,50,151,-0.0931318,0.0779658,False
rs5750211,50,152,-0.0949598,0.0711867,False
rs5750211,50,153,-0.112398,0.0322072,False
rs5750211,50,154,-0.119593,0.0222003,False
rs5750211,50,155,-0.0981031,0.0602064,False
rs5750211,50,156,-0.109593,0.0353819,False
rs5750211,50,157,-0.091061,0.0795757,False
rs5750211,50,158,-0.117001,0.0240136,False
rs5750211,50,159,-0.141788,0.00622059,False
rs5750211,50,160,-0.127781,0.0135284,False
rs5750211,50,161,-0.136807,0.00813649,False
rs5750211,50,162,-0.146925,0.00450006,False
rs5750211,50,163,-0.162361,0.00169669,False
rs5750211,50,164,-0.175012,0.000737431,False
rs5750211,50,165,-0.165694,0.0014156,False
rs5750211,50,166,-0.157108,0.00250633,False
rs5750211,50,167,-0.172814,0.000911731,False
rs5750211,50,168,-0.191963,0.000237466,False
rs5750211,50,169,-0.189225,0.000296333,False
rs5750211,50,170,-0.19084,0.000268343,False
rs5750211,50,171,-0.201226,0.00012822,False
rs5750211,50,172,-0.199121,0.000155776,False
rs5750211,50,173,-0.196066,0.000201658,False
rs5750211,50,174,-0.196699,0.000203794,False
rs5750211,50,175,-0.203336,0.000125283,False
rs5750211,50,176,-0.211519,6.91996e-05,False
rs5750211,50,177,-0.221468,3.22634e-05,False
rs5750211,50,178,-0.235389,1.04259e-05,False
rs5750211,50,179,-0.211669,7.66092e-05,False
rs5750211,50,180,-0.21028,8.77986e-05,False
rs5750211,50,181,-0.215242,6.31282e-05,False
rs5750211,50,182,-0.223398,3.45754e-05,False
rs5750211,50,183,-0.230285,2.00498e-05,False
rs5750211,50,184,-0.223582,3.49645e-05,False
rs5750211,50,185,-0.221609,4.21939e-05,False
rs5750211,50,186,-0.232509,1.76592e-05,False
rs5750211,50,187,-0.236257,1.339e-05,False
rs5750211,50,188,-0.236633,1.32519e-05,False
rs5750211,50,189,-0.252467,3.43778e-06,False
rs5750211,50,190,-0.260799,1.63513e-06,False
rs5750211,50,191,-0.251209,3.90215e-06,False
rs5750211,50,192,-0.24785,5.22774e-06,False
rs5750211,50,193,-0.242859,8.10751e-06,False
rs5750211,50,194,-0.26131,1.5855e-06,False
rs5750211,50,195,-0.2552,2.83233e-06,False
rs5750211,50,196,-0.265741,1.08459e-06,False
rs5750211,50,197,-0.259317,1.96828e-06,False
rs5750211,50,198,-0.264851,1.13248e-06,False
rs5750211,50,199,-0.273727,4.94112e-07,False
rs5750211,50,200,-0.261353,1.57287e-06,False
rs5750211,50,201,-0.252228,3.7491e-06,False
rs5750211,50,202,-0.25673,2.53248e-06,False
rs5750211,50,203,-0.259603,1.95522e-06,False
rs5750211,50,204,-0.25932,1.97922e-06,False
rs5750211,50,205,-0.252011,3.70414e-06,False
rs5750211,50,206,-0.243382,7.6445e-06,False
rs5750211,50,207,-0.24935,4.58287e-06,False
rs5750211,50,208,-0.256099,2.50144e-06,False
rs5750211,50,209,-0.263042,1.29984e-06,False
rs5750211,50,210,-0.242639,8.11671e-06,False
rs5750211,50,211,-0.245031,6.50433e-06,False
rs5750211,50,212,-0.252769,3.25388e-06,False
rs5750211,50,213,-0.24894,4.70673e-06,False
rs5750211,50,214,-0.251472,3.73329e-06,False
rs5750211,50,215,-0.242073,8.3076e-06,False
rs5750211,50,216,-0.271587,5.64783e-07,False
rs5750211,50,217,-0.276711,3.53875e-07,False
rs5750211,50,218,-0.266166,1.01295e-06,False
rs5750211,50,219,-0.267299,9.08819e-07,False
rs5750211,50,220,-0.258674,2.10107e-06,False
rs5750211,50,221,-0.2651,1.20199e-06,False
rs5750211,50,222,-0.270786,7.46144e-07,False
rs5750211,50,223,-0.269723,8.5003e-07,False
rs5750211,50,224,-0.269931,8.56603e-07,False
rs5750211,50,225,-0.257186,2.90924e-06,False
rs5750211,50,226,-0.259851,2.49033e-06,False
rs5750211,50,227,-0.268875,1.18271e-06,False
rs5750211,50,228,-0.272685,8.94611e-07,False
rs5750211,50,229,-0.272142,1.0395e-06,False
rs5750211,50,230,-0.293768,1.52389e-07,False
rs5750211,50,231,-0.275031,1.00614e-06,False
rs5750211,50,232,-0.288021,3.43553e-07,False
rs5750211,50,233,-0.277016,1.08106e-06,False
rs5750211,50,234,-0.287625,4.8253e-07,False
rs5750211,50,235,-0.306439,9.93296e-08,False
rs5750211,50,236,-0.300907,1.99993e-07,False
rs5750211,50,237,-0.302775,2.01662e-07,False
rs5750211,50,238,-0.300928,2.90125e-07,False
rs5750211,50,239,-0.308908,1.76142e-07,False
rs5750211,50,240,-0.322043,6.53153e-08,False
rs5750211,50,241,-0.318115,1.2136e-07,False
rs5750211,50,242,-0.309669,3.34676e-07,False
rs5750211,50,243,-0.304848,6.53673e-07,False
rs5750211,50,244,-0.302481,1.08278e-06,False
rs5750211,50,245,-0.288656,4.30301e-06,False
rs5750211,50,246,-0.286679,6.61999e-06,False
rs5750211,50,247,-0.289437,7.66012e-06,False
rs5750211,50,248,-0.290583,1.0159e-05,False
rs5750211,50,249,-0.288251,1.80531e-05,False
rs5750211,50,250,-0.286708,2.94249e-05,False
rs5750211,50,251,-0.293552,2.78147e-05,False
rs5750211,51,6,-0.134619,0.00216376,False
rs5750211,51,7,-0.113025,0.00947309,False
rs5750211,51,8,-0.120914,0.00523407,False
rs5750211,51,9,-0.121057,0.00475782,False
rs5750211,51,10,-0.117078,0.00593544,False
rs5750211,51,11,-0.118731,0.00493696,False
rs5750211,51,12,-0.104844,0.012567,False
rs5750211,51,13,-0.0980935,0.0193233,False
rs5750211,51,14,-0.122773,0.00331709,False
rs5750211,51,15,-0.118052,0.00471322,False
rs5750211,51,16,-0.118898,0.00439879,False
rs5750211,51,17,-0.120734,0.00382487,False
rs5750211,51,18,-0.129963,0.00187315,False
rs5750211,51,19,-0.127251,0.00237096,False
rs5750211,51,20,-0.119248,0.00451824,False
rs5750211,51,21,-0.132982,0.00157531,False
rs5750211,51,22,-0.129682,0.00209156,False
rs5750211,51,23,-0.123448,0.00349369,False
rs5750211,51,24,-0.125507,0.00306143,False
rs5750211,51,25,-0.1269,0.00283008,False
rs5750211,51,26,-0.12874,0.00251871,False
rs5750211,51,27,-0.120177,0.00502944,False
rs5750211,51,28,-0.114652,0.00765979,False
rs5750211,51,29,-0.123394,0.00422038,False
rs5750211,51,30,-0.127944,0.00314364,False
rs5750211,51,31,-0.13249,0.00226408,False
rs5750211,51,32,-0.144368,0.000902094,False
rs5750211,51,33,-0.131442,0.00266973,False
rs5750211,51,34,-0.135825,0.00200721,False
rs5750211,51,35,-0.122803,0.00534631,False
rs5750211,51,36,-0.12898,0.00361248,False
rs5750211,51,37,-0.0984101,0.0270619,False
rs5750211,51,38,-0.114117,0.0108235,False
rs5750211,51,39,-0.129457,0.00395236,False
rs5750211,51,40,-0.107501,0.0174019,False
rs5750211,51,41,-0.0964513,0.0336973,False
rs5750211,51,42,-0.10272,0.0242596,False
rs5750211,51,43,-0.10378,0.0233751,False
rs5750211,51,44,-0.082771,0.0720724,False
rs5750211,51,45,-0.0890672,0.0540467,False
rs5750211,51,46,-0.0941879,0.0428886,False
rs5750211,51,47,-0.0868281,0.0626118,False
rs5750211,51,48,-0.0871203,0.0628787,False
rs5750211,51,49,-0.0698369,0.138076,False
rs5750211,51,50,-0.0814829,0.0849492,False
rs5750211,51,51,-0.0913021,0.0544915,False
rs5750211,51,52,-0.102011,0.0322207,False
rs5750211,51,53,-0.081263,0.0897184,False
rs5750211,51,54,-0.0867069,0.0713391,False
rs5750211,51,55,-0.0995798,0.0388871,False
rs5750211,51,56,-0.102209,0.0350162,False
rs5750211,51,57,-0.0860459,0.0763453,False
rs5750211,51,58,-0.0854155,0.0794972,False
rs5750211,51,59,-0.104686,0.0321474,False
rs5750211,51,60,-0.112567,0.0216647,False
rs5750211,51,61,-0.0978045,0.0463508,False
rs5750211,51,62,-0.09873,0.0447064,False
rs5750211,51,63,-0.107052,0.0298329,False
rs5750211,51,64,-0.0986835,0.0458402,False
rs5750211,51,65,-0.0942016,0.0571562,False
rs5750211,51,66,-0.0799956,0.106964,False
rs5750211,51,67,-0.0872382,0.0794633,False
rs5750211,51,68,-0.0933079,0.0604532,False
rs5750211,51,69,-0.0847256,0.0888159,False
rs5750211,51,70,-0.0852653,0.0868424,False
rs5750211,51,71,-0.0863482,0.0834531,False
rs5750211,51,72,-0.100668,0.0436845,False
rs5750211,51,73,-0.0862506,0.0839618,False
rs5750211,51,74,-0.0874423,0.0799882,False
rs5750211,51,75,-0.0935951,0.0610128,False
rs5750211,51,76,-0.0805493,0.106967,False
rs5750211,51,77,-0.0912729,0.0672007,False
rs5750211,51,78,-0.0850279,0.0881738,False
rs5750211,51,79,-0.0911176,0.0679307,False
rs5750211,51,80,-0.0866925,0.0814564,False
rs5750211,51,81,-0.105013,0.0346954,False
rs5750211,51,82,-0.0830622,0.0946054,False
rs5750211,51,83,-0.0860053,0.0832213,False
rs5750211,51,84,-0.0887034,0.0734961,False
rs5750211,51,85,-0.090348,0.0679299,False
rs5750211,51,86,-0.0932484,0.0591187,False
rs5750211,51,87,-0.0914272,0.0637983,False
rs5750211,51,88,-0.0832707,0.0907998,False
rs5750211,51,89,-0.0963868,0.0500127,False
rs5750211,51,90,-0.0978463,0.0465572,False
rs5750211,51,91,-0.0904052,0.0659027,False
rs5750211,51,92,-0.0925632,0.059601,False
rs5750211,51,93,-0.087851,0.073927,False
rs5750211,51,94,-0.0926862,0.0595532,False
rs5750211,51,95,-0.0919878,0.0613398,False
rs5750211,51,96,-0.0895105,0.0689567,False
rs5750211,51,97,-0.0855871,0.0827469,False
rs5750211,51,98,-0.0980418,0.0472593,False
rs5750211,51,99,-0.0811204,0.101368,False
rs5750211,51,100,-0.0843087,0.0895564,False
rs5750211,51,101,-0.0940644,0.0589992,False
rs5750211,51,102,-0.105466,0.0348981,False
rs5750211,51,103,-0.0959127,0.0562138,False
rs5750211,51,104,-0.0979612,0.0520886,False
rs5750211,51,105,-0.0996619,0.0491247,False
rs5750211,51,106,-0.0897044,0.0782691,False
rs5750211,51,107,-0.0869286,0.0897403,False
rs5750211,51,108,-0.0893607,0.0832748,False
rs5750211,51,109,-0.099706,0.0554544,False
rs5750211,51,110,-0.0760509,0.14657,False
rs5750211,51,111,-0.0904791,0.0868157,False
rs5750211,51,112,-0.102816,0.0535501,False
rs5750211,51,113,-0.0914919,0.0885874,False
rs5750211,51,114,-0.0942736,0.0822471,False
rs5750211,51,115,-0.104231,0.0570103,False
rs5750211,51,116,-0.0912386,0.0989787,False
rs5750211,51,117,-0.0771967,0.167241,False
rs5750211,51,118,-0.0928531,0.0998854,False
rs5750211,51,119,-0.098608,0.083526,False
rs5750211,51,120,-0.0879793,0.126007,False
rs5750211,51,121,-0.0852758,0.141855,False
rs5750211,51,122,-0.107453,0.0666283,False
rs5750211,51,123,-0.0952874,0.106196,False
rs5750211,51,124,-0.0926863,0.118351,False
rs5750211,51,125,-0.0921151,0.12281,False
rs5750211,51,126,-0.0855862,0.153571,False
rs5750211,51,127,-0.0985484,0.101456,False
rs5750211,51,128,-0.0910063,0.131576,False
rs5750211,51,129,-0.0798176,0.186417,False
rs5750211,51,130,-0.0833141,0.167762,False
rs5750211,51,131,-0.0823895,0.172604,False
rs5750211,51,132,-0.0842318,0.162178,False
rs5750211,51,133,-0.0774964,0.196855,False
rs5750211,51,134,-0.0710089,0.235712,False
rs5750211,51,135,-0.0865287,0.146291,False
rs5750211,51,136,-0.0734327,0.215134,False
rs5750211,51,137,-0.0788427,0.180577,False
rs5750211,51,138,-0.083403,0.153813,False
rs5750211,51,139,-0.0877906,0.13113,False
rs5750211,51,140,-0.0939573,0.10325,False
rs5750211,51,141,-0.0833066,0.146093,False
rs5750211,51,142,-0.0900384,0.113972,False
rs5750211,51,143,-0.0892605,0.11428,False
rs5750211,51,144,-0.0925224,0.0991555,False
rs5750211,51,145,-0.0824921,0.139011,False
rs5750211,51,146,-0.0937534,0.0902776,False
rs5750211,51,147,-0.0978235,0.074897,False
rs5750211,51,148,-0.0803391,0.140973,False
rs5750211,51,149,-0.0951779,0.0789623,False
rs5750211,51,150,-0.111942,0.0376991,False
rs5750211,51,151,-0.1092,0.0415065,False
rs5750211,51,152,-0.11178,0.0357959,False
rs5750211,51,153,-0.109342,0.0390946,False
rs5750211,51,154,-0.104713,0.047447,False
rs5750211,51,155,-0.0943686,0.0727869,False
rs5750211,51,156,-0.100328,0.0557132,False
rs5750211,51,157,-0.107107,0.0404947,False
rs5750211,51,158,-0.129129,0.0132445,False
rs5750211,51,159,-0.119929,0.021115,False
rs5750211,51,160,-0.117923,0.023048,False
rs5750211,51,161,-0.116728,0.024269,False
rs5750211,51,162,-0.136069,0.00861336,False
rs5750211,51,163,-0.146238,0.00474881,False
rs5750211,51,164,-0.155304,0.00274946,False
rs5750211,51,165,-0.16131,0.00188431,False
rs5750211,51,166,-0.165383,0.00142782,False
rs5750211,51,167,-0.17019,0.00104748,False
rs5750211,51,168,-0.149078,0.00416065,False
rs5750211,51,169,-0.172963,0.000911723,False
rs5750211,51,170,-0.170558,0.00109191,False
rs5750211,51,171,-0.183526,0.000454866,False
rs5750211,51,172,-0.182843,0.000486567,False
rs5750211,51,173,-0.190834,0.000284197,False
rs5750211,51,174,-0.18518,0.00044346,False
rs5750211,51,175,-0.193769,0.000246892,False
rs5750211,51,176,-0.194614,0.000239219,False
rs5750211,51,177,-0.201252,0.000153145,False
rs5750211,51,178,-0.209819,8.04685e-05,False
rs5750211,51,179,-0.210982,7.63452e-05,False
rs5750211,51,180,-0.212586,7.12413e-05,False
rs5750211,51,181,-0.227524,2.18063e-05,False
rs5750211,51,182,-0.214187,6.63393e-05,False
rs5750211,51,183,-0.223871,3.21655e-05,False
rs5750211,51,184,-0.235998,1.20859e-05,False
rs5750211,51,185,-0.231389,1.82905e-05,False
rs5750211,51,186,-0.231282,1.89507e-05,False
rs5750211,51,187,-0.234734,1.46237e-05,False
rs5750211,51,188,-0.236146,1.37633e-05,False
rs5750211,51,189,-0.239062,1.08082e-05,False
rs5750211,51,190,-0.247548,5.25076e-06,False
rs5750211,51,191,-0.246749,5.69107e-06,False
rs5750211,51,192,-0.248058,5.2218e-06,False
rs5750211,51,193,-0.239802,1.05574e-05,False
rs5750211,51,194,-0.247617,5.50096e-06,False
rs5750211,51,195,-0.25037,4.32984e-06,False
rs5750211,51,196,-0.244373,7.4977e-06,False
rs5750211,51,197,-0.238382,1.25984e-05,False
rs5750211,51,198,-0.237883,1.30149e-05,False
rs5750211,51,199,-0.253209,3.42242e-06,False
rs5750211,51,200,-0.26503,1.2029e-06,False
rs5750211,51,201,-0.251682,4.08369e-06,False
rs5750211,51,202,-0.249677,4.7784e-06,False
rs5750211,51,203,-0.253474,3.38965e-06,False
rs5750211,51,204,-0.255827,2.68624e-06,False
rs5750211,51,205,-0.262117,1.52343e-06,False
rs5750211,51,206,-0.241967,8.98524e-06,False
rs5750211,51,207,-0.252397,3.66665e-06,False
rs5750211,51,208,-0.250086,4.45214e-06,False
rs5750211,51,209,-0.263512,1.30457e-06,False
rs5750211,51,210,-0.247837,5.32239e-06,False
rs5750211,51,211,-0.248765,4.89013e-06,False
rs5750211,51,212,-0.248521,5.07052e-06,False
rs5750211,51,213,-0.250292,4.35902e-06,False
rs5750211,51,214,-0.247789,5.37288e-06,False
rs5750211,51,215,-0.243124,7.95128e-06,False
rs5750211,51,216,-0.243618,7.83703e-06,False
rs5750211,51,217,-0.231095,2.20841e-05,False
rs5750211,51,218,-0.23985,1.07745e-05,False
rs5750211,51,219,-0.231751,2.15247e-05,False
rs5750211,51,220,-0.23296,1.96393e-05,False
rs5750211,51,221,-0.235322,1.65327e-05,False
rs5750211,51,222,-0.244377,7.79573e-06,False
rs5750211,51,223,-0.245049,8.0297e-06,False
rs5750211,51,224,-0.23699,1.61739e-05,False
rs5750211,51,225,-0.232745,2.4155e-05,False
rs5750211,51,226,-0.237984,1.6461e-05,False
rs5750211,51,227,-0.256495,3.64326e-06,False
rs5750211,51,228,-0.260575,2.78612e-06,False
rs5750211,51,229,-0.260227,3.12405e-06,False
rs5750211,51,230,-0.262238,2.8428e-06,False
rs5750211,51,231,-0.273178,1.18693e-06,False
rs5750211,51,232,-0.286957,3.76216e-07,False
rs5750211,51,233,-0.304271,8.50895e-08,False
rs5750211,51,234,-0.298362,1.74271e-07,False
rs5750211,51,235,-0.310941,6.12817e-08,False
rs5750211,51,236,-0.305755,1.17435e-07,False
rs5750211,51,237,-0.316896,4.69416e-08,False
rs5750211,51,238,-0.298979,3.08282e-07,False
rs5750211,51,239,-0.297151,4.64751e-07,False
rs5750211,51,240,-0.301772,3.81169e-07,False
rs5750211,51,241,-0.295745,8.15663e-07,False
rs5750211,51,242,-0.308823,3.28989e-07,False
rs5750211,51,243,-0.297229,1.1334e-06,False
rs5750211,51,244,-0.303864,9.03062e-07,False
rs5750211,51,245,-0.292001,3.16706e-06,False
rs5750211,51,246,-0.286417,6.65453e-06,False
rs5750211,51,247,-0.302036,2.87162e-06,False
rs5750211,51,248,-0.295998,6.7854e-06,False
rs5750211,51,249,-0.290869,1.45468e-05,False
rs5750211,51,250,-0.285199,3.10328e-05,False
rs5750211,51,251,-0.288586,3.64249e-05,False
rs5750211,52,6,-0.114746,0.00936365,False
rs5750211,52,7,-0.123728,0.0048495,False
rs5750211,52,8,-0.111374,0.0104329,False
rs5750211,52,9,-0.131187,0.00237257,False
rs5750211,52,10,-0.128156,0.00275861,False
rs5750211,52,11,-0.121275,0.00436213,False
rs5750211,52,12,-0.116896,0.00581243,False
rs5750211,52,13,-0.121794,0.00386789,False
rs5750211,52,14,-0.120663,0.0041803,False
rs5750211,52,15,-0.105874,0.0116349,False
rs5750211,52,16,-0.122041,0.00367542,False
rs5750211,52,17,-0.126936,0.00253413,False
rs5750211,52,18,-0.126857,0.00253246,False
rs5750211,52,19,-0.135639,0.00129036,False
rs5750211,52,20,-0.115939,0.0060265,False
rs5750211,52,21,-0.116545,0.00590863,False
rs5750211,52,22,-0.127613,0.00257257,False
rs5750211,52,23,-0.125491,0.00314427,False
rs5750211,52,24,-0.123828,0.00366281,False
rs5750211,52,25,-0.124541,0.00352065,False
rs5750211,52,26,-0.115102,0.00715799,False
rs5750211,52,27,-0.118981,0.00562343,False
rs5750211,52,28,-0.117095,0.00663919,False
rs5750211,52,29,-0.116638,0.00709576,False
rs5750211,52,30,-0.118599,0.00631667,False
rs5750211,52,31,-0.112065,0.0103208,False
rs5750211,52,32,-0.119645,0.0063595,False
rs5750211,52,33,-0.122908,0.00521708,False
rs5750211,52,34,-0.109777,0.0131358,False
rs5750211,52,35,-0.118243,0.00781943,False
rs5750211,52,36,-0.127206,0.00438103,False
rs5750211,52,37,-0.115194,0.0101652,False
rs5750211,52,38,-0.116688,0.00961299,False
rs5750211,52,39,-0.108207,0.0169706,False
rs5750211,52,40,-0.0994895,0.028555,False
rs5750211,52,41,-0.104838,0.0217405,False
rs5750211,52,42,-0.105482,0.0214632,False
rs5750211,52,43,-0.12289,0.00776423,False
rs5750211,52,44,-0.114014,0.0139282,False
rs5750211,52,45,-0.106094,0.0226682,False
rs5750211,52,46,-0.109891,0.0187057,False
rs5750211,52,47,-0.110711,0.0184723,False
rs5750211,52,48,-0.108805,0.0210723,False
rs5750211,52,49,-0.109532,0.020802,False
rs5750211,52,50,-0.0983583,0.0386813,False
rs5750211,52,51,-0.104254,0.0291613,False
rs5750211,52,52,-0.102046,0.0335184,False
rs5750211,52,53,-0.092603,0.0545389,False
rs5750211,52,54,-0.118843,0.0139551,False
rs5750211,52,55,-0.1008,0.0376602,False
rs5750211,52,56,-0.109031,0.0252369,False
rs5750211,52,57,-0.10557,0.0306294,False
rs5750211,52,58,-0.098654,0.0435914,False
rs5750211,52,59,-0.0953626,0.0522383,False
rs5750211,52,60,-0.0956909,0.0522707,False
rs5750211,52,61,-0.0889552,0.0711765,False
rs5750211,52,62,-0.0962205,0.0515791,False
rs5750211,52,63,-0.105723,0.0326926,False
rs5750211,52,64,-0.103003,0.0377445,False
rs5750211,52,65,-0.10794,0.0298486,False
rs5750211,52,66,-0.112716,0.0233805,False
rs5750211,52,67,-0.0978897,0.0490213,False
rs5750211,52,68,-0.0985002,0.0480244,False
rs5750211,52,69,-0.0781533,0.117038,False
rs5750211,52,70,-0.0935106,0.0608361,False
rs5750211,52,71,-0.0846532,0.089567,False
rs5750211,52,72,-0.0827815,0.097161,False
rs5750211,52,73,-0.0966958,0.0526355,False
rs5750211,52,74,-0.0878119,0.0782413,False
rs5750211,52,75,-0.104245,0.0366254,False
rs5750211,52,76,-0.0987392,0.0476296,False
rs5750211,52,77,-0.0892398,0.0736583,False
rs5750211,52,78,-0.0861646,0.0832243,False
rs5750211,52,79,-0.0848077,0.0883566,False
rs5750211,52,80,-0.0833444,0.0931197,False
rs5750211,52,81,-0.100323,0.0429609,False
rs5750211,52,82,-0.0869052,0.0789005,False
rs5750211,52,83,-0.0727333,0.141141,False
rs5750211,52,84,-0.0769616,0.118476,False
rs5750211,52,85,-0.0834884,0.0896958,False
rs5750211,52,86,-0.0729507,0.138132,False
rs5750211,52,87,-0.0760026,0.121622,False
rs5750211,52,88,-0.0806496,0.0999616,False
rs5750211,52,89,-0.0765388,0.118758,False
rs5750211,52,90,-0.0713423,0.145936,False
rs5750211,52,91,-0.0770103,0.116245,False
rs5750211,52,92,-0.0748801,0.126265,False
rs5750211,52,93,-0.0902877,0.0654228,False
rs5750211,52,94,-0.0865966,0.0776133,False
rs5750211,52,95,-0.0838188,0.0879882,False
rs5750211,52,96,-0.0806345,0.10123,False
rs5750211,52,97,-0.0933577,0.0578967,False
rs5750211,52,98,-0.0768119,0.119875,False
rs5750211,52,99,-0.0790459,0.110742,False
rs5750211,52,100,-0.0790271,0.111914,False
rs5750211,52,101,-0.0899148,0.0719534,False
rs5750211,52,102,-0.0787067,0.116957,False
rs5750211,52,103,-0.0826333,0.101038,False
rs5750211,52,104,-0.095682,0.0594942,False
rs5750211,52,105,-0.0912088,0.0736926,False
rs5750211,52,106,-0.0782212,0.127886,False
rs5750211,52,107,-0.0651761,0.20726,False
rs5750211,52,108,-0.0922556,0.0768755,False
rs5750211,52,109,-0.0897888,0.0878505,False
rs5750211,52,110,-0.0841296,0.112811,False
rs5750211,52,111,-0.105398,0.0491586,False
rs5750211,52,112,-0.0920009,0.0893777,False
rs5750211,52,113,-0.0833735,0.127772,False
rs5750211,52,114,-0.080713,0.144646,False
rs5750211,52,115,-0.0802347,0.15179,False
rs5750211,52,116,-0.080992,0.153173,False
rs5750211,52,117,-0.0765843,0.181393,False
rs5750211,52,118,-0.0822994,0.155368,False
rs5750211,52,119,-0.0868773,0.138643,False
rs5750211,52,120,-0.0897763,0.129953,False
rs5750211,52,121,-0.0812231,0.175933,False
rs5750211,52,122,-0.0728458,0.229589,False
rs5750211,52,123,-0.0713881,0.243064,False
rs5750211,52,124,-0.0768875,0.211835,False
rs5750211,52,125,-0.0664255,0.284267,False
rs5750211,52,126,-0.0704886,0.258099,False
rs5750211,52,127,-0.0780494,0.211905,False
rs5750211,52,128,-0.0756786,0.22738,False
rs5750211,52,129,-0.0727241,0.247449,False
rs5750211,52,130,-0.0762008,0.22488,False
rs5750211,52,131,-0.0759699,0.225835,False
rs5750211,52,132,-0.0826435,0.18631,False
rs5750211,52,133,-0.0881287,0.157083,False
rs5750211,52,134,-0.0762005,0.219341,False
rs5750211,52,135,-0.068327,0.26777,False
rs5750211,52,136,-0.0755613,0.217383,False
rs5750211,52,137,-0.0814749,0.180504,False
rs5750211,52,138,-0.077369,0.200225,False
rs5750211,52,139,-0.0748403,0.21181,False
rs5750211,52,140,-0.0718819,0.226912,False
rs5750211,52,141,-0.0789604,0.180019,False
rs5750211,52,142,-0.0723491,0.214984,False
rs5750211,52,143,-0.0726628,0.209679,False
rs5750211,52,144,-0.0685017,0.23343,False
rs5750211,52,145,-0.0599451,0.293016,False
rs5750211,52,146,-0.0740134,0.190469,False
rs5750211,52,147,-0.0679957,0.225304,False
rs5750211,52,148,-0.0812503,0.144141,False
rs5750211,52,149,-0.0630673,0.25293,False
rs5750211,52,150,-0.0671219,0.220041,False
rs5750211,52,151,-0.0733425,0.178055,False
rs5750211,52,152,-0.0767733,0.155735,False
rs5750211,52,153,-0.0647979,0.228222,False
rs5750211,52,154,-0.083204,0.119676,False
rs5750211,52,155,-0.0891074,0.0934442,False
rs5750211,52,156,-0.0876651,0.0975289,False
rs5750211,52,157,-0.0901913,0.0867649,False
rs5750211,52,158,-0.0915678,0.0807066,False
rs5750211,52,159,-0.0959481,0.0662458,False
rs5750211,52,160,-0.114416,0.0281288,False
rs5750211,52,161,-0.112126,0.0310203,False
rs5750211,52,162,-0.123499,0.0173038,False
rs5750211,52,163,-0.145135,0.00511521,False
rs5750211,52,164,-0.146079,0.00483552,False
rs5750211,52,165,-0.142929,0.00584439,False
rs5750211,52,166,-0.153687,0.00303631,False
rs5750211,52,167,-0.163099,0.00166601,False
rs5750211,52,168,-0.17927,0.000545925,False
rs5750211,52,169,-0.166853,0.00132121,False
rs5750211,52,170,-0.177373,0.000659377,False
rs5750211,52,171,-0.175108,0.000782998,False
rs5750211,52,172,-0.191786,0.000240079,False
rs5750211,52,173,-0.201239,0.000121674,False
rs5750211,52,174,-0.193742,0.000226673,False
rs5750211,52,175,-0.190636,0.000291202,False
rs5750211,52,176,-0.215384,4.42009e-05,False
rs5750211,52,177,-0.226547,1.83019e-05,False
rs5750211,52,178,-0.213391,5.71425e-05,False
rs5750211,52,179,-0.218041,4.01139e-05,False
rs5750211,52,180,-0.224865,2.43475e-05,False
rs5750211,52,181,-0.225803,2.33723e-05,False
rs5750211,52,182,-0.226879,2.27363e-05,False
rs5750211,52,183,-0.228756,1.96933e-05,False
rs5750211,52,184,-0.23987,7.96695e-06,False
rs5750211,52,185,-0.234125,1.37855e-05,False
rs5750211,52,186,-0.234715,1.33431e-05,False
rs5750211,52,187,-0.23002,2.10227e-05,False
rs5750211,52,188,-0.245111,6.01289e-06,False
rs5750211,52,189,-0.254866,2.58759e-06,False
rs5750211,52,190,-0.243656,7.02655e-06,False
rs5750211,52,191,-0.242814,7.69338e-06,False
rs5750211,52,192,-0.245702,6.01406e-06,False
rs5750211,52,193,-0.245796,6.16998e-06,False
rs5750211,52,194,-0.254329,2.89007e-06,False
rs5750211,52,195,-0.263684,1.29536e-06,False
rs5750211,52,196,-0.249517,4.6804e-06,False
rs5750211,52,197,-0.242919,8.19203e-06,False
rs5750211,52,198,-0.254783,2.93355e-06,False
rs5750211,52,199,-0.257914,2.23909e-06,False
rs5750211,52,200,-0.263489,1.36793e-06,False
rs5750211,52,201,-0.259696,1.89713e-06,False
rs5750211,52,202,-0.268375,8.60589e-07,False
rs5750211,52,203,-0.261191,1.58877e-06,False
rs5750211,52,204,-0.260521,1.72489e-06,False
rs5750211,52,205,-0.256347,2.54024e-06,False
rs5750211,52,206,-0.256878,2.35359e-06,False
rs5750211,52,207,-0.250199,4.31708e-06,False
rs5750211,52,208,-0.254154,3.03604e-06,False
rs5750211,52,209,-0.275024,4.32239e-07,False
rs5750211,52,210,-0.248719,4.8141e-06,False
rs5750211,52,211,-0.246739,5.66811e-06,False
rs5750211,52,212,-0.249772,4.40756e-06,False
rs5750211,52,213,-0.243716,7.46084e-06,False
rs5750211,52,214,-0.246754,5.80741e-06,False
rs5750211,52,215,-0.256809,2.32979e-06,False
rs5750211,52,216,-0.242868,8.21167e-06,False
rs5750211,52,217,-0.251358,3.91835e-06,False
rs5750211,52,218,-0.262643,1.3996e-06,False
rs5750211,52,219,-0.251926,3.91328e-06,False
rs5750211,52,220,-0.259597,1.99804e-06,False
rs5750211,52,221,-0.247413,6.18945e-06,False
rs5750211,52,222,-0.260258,2.04845e-06,False
rs5750211,52,223,-0.249022,5.56235e-06,False
rs5750211,52,224,-0.253222,4.07012e-06,False
rs5750211,52,225,-0.258599,2.62788e-06,False
rs5750211,52,226,-0.265091,1.54504e-06,False
rs5750211,52,227,-0.252856,4.8691e-06,False
rs5750211,52,228,-0.270559,1.11921e-06,False
rs5750211,52,229,-0.284622,3.28986e-07,False
rs5750211,52,230,-0.292035,1.81433e-07,False
rs5750211,52,231,-0.287742,3.0538e-07,False
rs5750211,52,232,-0.295151,1.6857e-07,False
rs5750211,52,233,-0.299774,1.27564e-07,False
rs5750211,52,234,-0.314406,3.5519e-08,False
rs5750211,52,235,-0.308069,7.82914e-08,False
rs5750211,52,236,-0.302946,1.4785e-07,False
rs5750211,52,237,-0.319269,3.74566e-08,False
rs5750211,52,238,-0.321592,3.58587e-08,False
rs5750211,52,239,-0.315595,8.24988e-08,False
rs5750211,52,240,-0.321655,5.59026e-08,False
rs5750211,52,241,-0.323253,6.20699e-08,False
rs5750211,52,242,-0.325294,6.8167e-08,False
rs5750211,52,243,-0.315162,2.32365e-07,False
rs5750211,52,244,-0.318617,2.2985e-07,False
rs5750211,52,245,-0.307072,8.44176e-07,False
rs5750211,52,246,-0.317401,5.29371e-07,False
rs5750211,52,247,-0.316282,8.5679e-07,False
rs5750211,52,248,-0.321387,8.81684e-07,False
rs5750211,52,249,-0.317061,1.93422e-06,False
rs5750211,52,250,-0.331353,1.1333e-06,False
rs5750211,52,251,-0.317665,4.66889e-06,False
rs5750211,53,6,-0.160512,0.000286774,False
rs5750211,53,7,-0.161371,0.00023595,False
rs5750211,53,8,-0.159218,0.000251279,False
rs5750211,53,9,-0.143107,0.000905325,False
rs5750211,53,10,-0.139342,0.00112722,False
rs5750211,53,11,-0.137182,0.00130681,False
rs5750211,53,12,-0.123911,0.00351887,False
rs5750211,53,13,-0.117022,0.00562452,False
rs5750211,53,14,-0.114599,0.00656533,False
rs5750211,53,15,-0.11783,0.0051505,False
rs5750211,53,16,-0.122415,0.00359087,False
rs5750211,53,17,-0.127748,0.00239482,False
rs5750211,53,18,-0.10244,0.015055,False
rs5750211,53,19,-0.100674,0.0170479,False
rs5750211,53,20,-0.114738,0.00668417,False
rs5750211,53,21,-0.11439,0.00700039,False
rs5750211,53,22,-0.105732,0.012889,False
rs5750211,53,23,-0.106355,0.0126038,False
rs5750211,53,24,-0.103024,0.0161164,False
rs5750211,53,25,-0.119645,0.00525376,False
rs5750211,53,26,-0.119374,0.00559797,False
rs5750211,53,27,-0.14429,0.000862032,False
rs5750211,53,28,-0.135578,0.00179896,False
rs5750211,53,29,-0.124436,0.00430734,False
rs5750211,53,30,-0.137183,0.00172491,False
rs5750211,53,31,-0.137844,0.00170436,False
rs5750211,53,32,-0.138844,0.00164001,False
rs5750211,53,33,-0.125604,0.00460536,False
rs5750211,53,34,-0.143267,0.00128114,False
rs5750211,53,35,-0.149296,0.000825125,False
rs5750211,53,36,-0.118173,0.00842248,False
rs5750211,53,37,-0.119421,0.00798484,False
rs5750211,53,38,-0.119066,0.00853771,False
rs5750211,53,39,-0.119208,0.008847,False
rs5750211,53,40,-0.111066,0.0150559,False
rs5750211,53,41,-0.121068,0.00834514,False
rs5750211,53,42,-0.110463,0.0167234,False
rs5750211,53,43,-0.110779,0.0170453,False
rs5750211,53,44,-0.102849,0.0273177,False
rs5750211,53,45,-0.0968103,0.039097,False
rs5750211,53,46,-0.108352,0.02128,False
rs5750211,53,47,-0.0893374,0.0589288,False
rs5750211,53,48,-0.100888,0.033614,False
rs5750211,53,49,-0.111679,0.0190374,False
rs5750211,53,50,-0.101867,0.033319,False
rs5750211,53,51,-0.107082,0.0257394,False
rs5750211,53,52,-0.0946015,0.0495061,False
rs5750211,53,53,-0.0983371,0.0419563,False
rs5750211,53,54,-0.0952839,0.04986,False
rs5750211,53,55,-0.0989029,0.0423894,False
rs5750211,53,56,-0.100739,0.0391602,False
rs5750211,53,57,-0.113932,0.0197686,False
rs5750211,53,58,-0.0954561,0.0515412,False
rs5750211,53,59,-0.108011,0.0281902,False
rs5750211,53,60,-0.106599,0.0307076,False
rs5750211,53,61,-0.111263,0.0243689,False
rs5750211,53,62,-0.106308,0.0319231,False
rs5750211,53,63,-0.100734,0.0426416,False
rs5750211,53,64,-0.105767,0.0333506,False
rs5750211,53,65,-0.1051,0.0343918,False
rs5750211,53,66,-0.0919012,0.0645314,False
rs5750211,53,67,-0.0900421,0.0701282,False
rs5750211,53,68,-0.0918705,0.0647766,False
rs5750211,53,69,-0.0959977,0.0541302,False
rs5750211,53,70,-0.0905951,0.0691036,False
rs5750211,53,71,-0.0928123,0.0628975,False
rs5750211,53,72,-0.0978206,0.0496276,False
rs5750211,53,73,-0.097004,0.0517002,False
rs5750211,53,74,-0.090139,0.0702853,False
rs5750211,53,75,-0.100308,0.0439522,False
rs5750211,53,76,-0.0955277,0.0548228,False
rs5750211,53,77,-0.0859023,0.0839926,False
rs5750211,53,78,-0.0832801,0.0930974,False
rs5750211,53,79,-0.0844759,0.0883854,False
rs5750211,53,80,-0.0947933,0.0555833,False
rs5750211,53,81,-0.10471,0.0340172,False
rs5750211,53,82,-0.0899992,0.0681664,False
rs5750211,53,83,-0.0690579,0.160861,False
rs5750211,53,84,-0.0762641,0.121118,False
rs5750211,53,85,-0.0862061,0.0795532,False
rs5750211,53,86,-0.0864757,0.078544,False
rs5750211,53,87,-0.0741812,0.130935,False
rs5750211,53,88,-0.0722581,0.140615,False
rs5750211,53,89,-0.0801496,0.102085,False
rs5750211,53,90,-0.0867032,0.0770489,False
rs5750211,53,91,-0.0896222,0.0675495,False
rs5750211,53,92,-0.090016,0.0659663,False
rs5750211,53,93,-0.0811482,0.0980387,False
rs5750211,53,94,-0.0606985,0.217415,False
rs5750211,53,95,-0.0659121,0.181387,False
rs5750211,53,96,-0.0669365,0.175465,False
rs5750211,53,97,-0.0771525,0.119109,False
rs5750211,53,98,-0.0669693,0.177208,False
rs5750211,53,99,-0.0569174,0.253351,False
rs5750211,53,100,-0.0712352,0.154508,False
rs5750211,53,101,-0.0672887,0.180883,False
rs5750211,53,102,-0.0637702,0.207398,False
rs5750211,53,103,-0.062432,0.219709,False
rs5750211,53,104,-0.079065,0.12185,False
rs5750211,53,105,-0.0681382,0.185906,False
rs5750211,53,106,-0.0599157,0.249217,False
rs5750211,53,107,-0.0669171,0.201778,False
rs5750211,53,108,-0.0633057,0.230592,False
rs5750211,53,109,-0.0767988,0.150476,False
rs5750211,53,110,-0.0741072,0.169538,False
rs5750211,53,111,-0.0608246,0.265382,False
rs5750211,53,112,-0.0606005,0.272837,False
rs5750211,53,113,-0.0744983,0.182007,False
rs5750211,53,114,-0.070401,0.214006,False
rs5750211,53,115,-0.0715469,0.21267,False
rs5750211,53,116,-0.0663171,0.254844,False
rs5750211,53,117,-0.0565835,0.337799,False
rs5750211,53,118,-0.062147,0.29887,False
rs5750211,53,119,-0.0559584,0.356431,False
rs5750211,53,120,-0.0592947,0.334611,False
rs5750211,53,121,-0.0530026,0.394244,False
rs5750211,53,122,-0.0620347,0.324317,False
rs5750211,53,123,-0.0577356,0.363926,False
rs5750211,53,124,-0.0530232,0.407906,False
rs5750211,53,125,-0.0533169,0.408821,False
rs5750211,53,126,-0.0620638,0.338943,False
rs5750211,53,127,-0.0476627,0.464422,False
rs5750211,53,128,-0.0437741,0.503233,False
rs5750211,53,129,-0.0625232,0.339353,False
rs5750211,53,130,-0.0500204,0.444106,False
rs5750211,53,131,-0.0491996,0.450642,False
rs5750211,53,132,-0.0508274,0.434283,False
rs5750211,53,133,-0.0574024,0.37507,False
rs5750211,53,134,-0.0510497,0.427534,False
rs5750211,53,135,-0.0426574,0.504591,False
rs5750211,53,136,-0.0350887,0.579848,False
rs5750211,53,137,-0.0569301,0.365148,False
rs5750211,53,138,-0.0422326,0.497583,False
rs5750211,53,139,-0.0552705,0.370389,False
rs5750211,53,140,-0.0528043,0.387682,False
rs5750211,53,141,-0.0476742,0.430648,False
rs5750211,53,142,-0.0660247,0.27073,False
rs5750211,53,143,-0.0668803,0.260097,False
rs5750211,53,144,-0.0682613,0.246506,False
rs5750211,53,145,-0.0766481,0.188885,False
rs5750211,53,146,-0.0512015,0.37582,False
rs5750211,53,147,-0.0611445,0.285818,False
rs5750211,53,148,-0.0577016,0.310098,False
rs5750211,53,149,-0.064358,0.25369,False
rs5750211,53,150,-0.0574884,0.304317,False
rs5750211,53,151,-0.0644812,0.245264,False
rs5750211,53,152,-0.0714926,0.194107,False
rs5750211,53,153,-0.0600365,0.271655,False
rs5750211,53,154,-0.0736036,0.174821,False
rs5750211,53,155,-0.0689626,0.20063,False
rs5750211,53,156,-0.0825103,0.123354,False
rs5750211,53,157,-0.0850911,0.110088,False
rs5750211,53,158,-0.0791116,0.135482,False
rs5750211,53,159,-0.102784,0.0513616,False
rs5750211,53,160,-0.127892,0.0149263,False
rs5750211,53,161,-0.128029,0.0143983,False
rs5750211,53,162,-0.127183,0.0146252,False
rs5750211,53,163,-0.134542,0.00964712,False
rs5750211,53,164,-0.138611,0.00758318,False
rs5750211,53,165,-0.143836,0.00556085,False
rs5750211,53,166,-0.149236,0.00403993,False
rs5750211,53,167,-0.138096,0.00777631,False
rs5750211,53,168,-0.143703,0.00560747,False
rs5750211,53,169,-0.172782,0.000881343,False
rs5750211,53,170,-0.177023,0.000660594,False
rs5750211,53,171,-0.188324,0.000293501,False
rs5750211,53,172,-0.202992,9.67173e-05,False
rs5750211,53,173,-0.187635,0.000327694,False
rs5750211,53,174,-0.197613,0.000159075,False
rs5750211,53,175,-0.195097,0.000200208,False
rs5750211,53,176,-0.204501,9.91598e-05,False
rs5750211,53,177,-0.208177,7.74051e-05,False
rs5750211,53,178,-0.21849,3.62379e-05,False
rs5750211,53,179,-0.207304,9.14108e-05,False
rs5750211,53,180,-0.22001,3.48825e-05,False
rs5750211,53,181,-0.215653,5.20117e-05,False
rs5750211,53,182,-0.225837,2.36164e-05,False
rs5750211,53,183,-0.23121,1.57268e-05,False
rs5750211,53,184,-0.248315,3.67324e-06,False
rs5750211,53,185,-0.234423,1.30918e-05,False
rs5750211,53,186,-0.23836,9.68067e-06,False
rs5750211,53,187,-0.244442,5.89473e-06,False
rs5750211,53,188,-0.243435,6.65111e-06,False
rs5750211,53,189,-0.245078,5.98318e-06,False
rs5750211,53,190,-0.249353,4.1639e-06,False
rs5750211,53,191,-0.262065,1.328e-06,False
rs5750211,53,192,-0.256049,2.38114e-06,False
rs5750211,53,193,-0.253016,3.1347e-06,False
rs5750211,53,194,-0.228713,2.52225e-05,False
rs5750211,53,195,-0.239569,1.05434e-05,False
rs5750211,53,196,-0.23611,1.43258e-05,False
rs5750211,53,197,-0.245577,6.46052e-06,False
rs5750211,53,198,-0.23912,1.13557e-05,False
rs5750211,53,199,-0.256423,2.5574e-06,False
rs5750211,53,200,-0.246206,6.43591e-06,False
rs5750211,53,201,-0.244623,7.21158e-06,False
rs5750211,53,202,-0.243354,7.9787e-06,False
rs5750211,53,203,-0.247735,5.50421e-06,False
rs5750211,53,204,-0.242963,8.05353e-06,False
rs5750211,53,205,-0.236139,1.45442e-05,False
rs5750211,53,206,-0.251696,3.72513e-06,False
rs5750211,53,207,-0.257781,2.18441e-06,False
rs5750211,53,208,-0.254638,2.95318e-06,False
rs5750211,53,209,-0.253156,3.46136e-06,False
rs5750211,53,210,-0.254137,3.09585e-06,False
rs5750211,53,211,-0.2528,3.49642e-06,False
rs5750211,53,212,-0.24159,9.27452e-06,False
rs5750211,53,213,-0.256954,2.37386e-06,False
rs5750211,53,214,-0.259525,1.87e-06,False
rs5750211,53,215,-0.260766,1.72996e-06,False
rs5750211,53,216,-0.247428,5.63818e-06,False
rs5750211,53,217,-0.25835,2.18706e-06,False
rs5750211,53,218,-0.260912,1.7745e-06,False
rs5750211,53,219,-0.264472,1.33514e-06,False
rs5750211,53,220,-0.269568,8.41256e-07,False
rs5750211,53,221,-0.259977,2.05469e-06,False
rs5750211,53,222,-0.262598,1.61563e-06,False
rs5750211,53,223,-0.268523,9.68048e-07,False
rs5750211,53,224,-0.270852,8.17836e-07,False
rs5750211,53,225,-0.284254,2.46532e-07,False
rs5750211,53,226,-0.284111,2.70373e-07,False
rs5750211,53,227,-0.295647,9.62514e-08,False
rs5750211,53,228,-0.299979,6.74611e-08,False
rs5750211,53,229,-0.285683,3.03141e-07,False
rs5750211,53,230,-0.296422,1.19993e-07,False
rs5750211,53,231,-0.290008,2.37911e-07,False
rs5750211,53,232,-0.292381,2.0961e-07,False
rs5750211,53,233,-0.282321,6.27012e-07,False
rs5750211,53,234,-0.28983,3.53451e-07,False
rs5750211,53,235,-0.277494,1.21795e-06,False
rs5750211,53,236,-0.283956,7.62605e-07,False
rs5750211,53,237,-0.273243,2.28026e-06,False
rs5750211,53,238,-0.280981,1.33089e-06,False
rs5750211,53,239,-0.289513,7.693e-07,False
rs5750211,53,240,-0.282084,1.73613e-06,False
rs5750211,53,241,-0.286491,1.47914e-06,False
rs5750211,53,242,-0.304432,3.85504e-07,False
rs5750211,53,243,-0.315199,1.93572e-07,False
rs5750211,53,244,-0.299412,1.00692e-06,False
rs5750211,53,245,-0.316709,3.31064e-07,False
rs5750211,53,246,-0.307373,1.06483e-06,False
rs5750211,53,247,-0.295051,4.01877e-06,False
rs5750211,53,248,-0.281903,1.51774e-05,False
rs5750211,53,249,-0.290516,1.24779e-05,False
rs5750211,53,250,-0.295598,1.30149e-05,False
rs5750211,53,251,-0.293932,2.22688e-05,False
rs5750211,54,6,-0.156953,0.000428965,False
rs5750211,54,7,-0.155774,0.0004193,False
rs5750211,54,8,-0.165791,0.000155278,False
rs5750211,54,9,-0.161299,0.000207232,False
rs5750211,54,10,-0.146505,0.000678292,False
rs5750211,54,11,-0.145535,0.000652491,False
rs5750211,54,12,-0.144642,0.000649758,False
rs5750211,54,13,-0.143541,0.000716208,False
rs5750211,54,14,-0.155004,0.000245911,False
rs5750211,54,15,-0.133668,0.0015015,False
rs5750211,54,16,-0.139977,0.000895056,False
rs5750211,54,17,-0.148735,0.000424327,False
rs5750211,54,18,-0.139689,0.000918292,False
rs5750211,54,19,-0.152086,0.000315309,False
rs5750211,54,20,-0.144998,0.00062133,False
rs5750211,54,21,-0.134534,0.00150574,False
rs5750211,54,22,-0.143871,0.000727615,False
rs5750211,54,23,-0.151087,0.000403476,False
rs5750211,54,24,-0.145056,0.000715328,False
rs5750211,54,25,-0.137005,0.00145283,False
rs5750211,54,26,-0.138698,0.00131453,False
rs5750211,54,27,-0.149432,0.000573081,False
rs5750211,54,28,-0.128656,0.00318377,False
rs5750211,54,29,-0.113199,0.00955883,False
rs5750211,54,30,-0.13123,0.00282256,False
rs5750211,54,31,-0.12708,0.00398808,False
rs5750211,54,32,-0.12631,0.00433279,False
rs5750211,54,33,-0.129092,0.0036986,False
rs5750211,54,34,-0.127366,0.00439986,False
rs5750211,54,35,-0.121663,0.00673892,False
rs5750211,54,36,-0.119271,0.0082083,False
rs5750211,54,37,-0.116471,0.0101811,False
rs5750211,54,38,-0.121633,0.00744723,False
rs5750211,54,39,-0.129671,0.0045554,False
rs5750211,54,40,-0.117918,0.0103469,False
rs5750211,54,41,-0.105387,0.0223246,False
rs5750211,54,42,-0.128957,0.00547919,False
rs5750211,54,43,-0.128811,0.00578629,False
rs5750211,54,44,-0.111933,0.0169495,False
rs5750211,54,45,-0.121881,0.00971317,False
rs5750211,54,46,-0.114836,0.0153809,False
rs5750211,54,47,-0.101243,0.0335041,False
rs5750211,54,48,-0.11411,0.0168821,False
rs5750211,54,49,-0.107998,0.0244777,False
rs5750211,54,50,-0.101395,0.035199,False
rs5750211,54,51,-0.120771,0.0124844,False
rs5750211,54,52,-0.113395,0.0193991,False
rs5750211,54,53,-0.110745,0.0229756,False
rs5750211,54,54,-0.118518,0.0152254,False
rs5750211,54,55,-0.102057,0.0369101,False
rs5750211,54,56,-0.112284,0.0221808,False
rs5750211,54,57,-0.0997595,0.042689,False
rs5750211,54,58,-0.10641,0.03118,False
rs5750211,54,59,-0.106924,0.0306758,False
rs5750211,54,60,-0.111992,0.023875,False
rs5750211,54,61,-0.0973537,0.0500657,False
rs5750211,54,62,-0.106752,0.0317766,False
rs5750211,54,63,-0.105276,0.0345325,False
rs5750211,54,64,-0.107455,0.0310011,False
rs5750211,54,65,-0.0882672,0.0769187,False
rs5750211,54,66,-0.103335,0.0383512,False
rs5750211,54,67,-0.0995455,0.0463444,False
rs5750211,54,68,-0.118505,0.0176446,False
rs5750211,54,69,-0.104514,0.036305,False
rs5750211,54,70,-0.0916839,0.0663338,False
rs5750211,54,71,-0.094222,0.0591276,False
rs5750211,54,72,-0.092706,0.0631247,False
rs5750211,54,73,-0.0883486,0.0760453,False
rs5750211,54,74,-0.0817911,0.100761,False
rs5750211,54,75,-0.0874683,0.0797546,False
rs5750211,54,76,-0.0805072,0.105622,False
rs5750211,54,77,-0.0831689,0.0941685,False
rs5750211,54,78,-0.0585972,0.238009,False
rs5750211,54,79,-0.0711139,0.151201,False
rs5750211,54,80,-0.0743124,0.133111,False
rs5750211,54,81,-0.0719203,0.14588,False
rs5750211,54,82,-0.0867738,0.078309,False
rs5750211,54,83,-0.0758103,0.123593,False
rs5750211,54,84,-0.0717717,0.144566,False
rs5750211,54,85,-0.0530384,0.279853,False
rs5750211,54,86,-0.0647423,0.186476,False
rs5750211,54,87,-0.0718935,0.142032,False
rs5750211,54,88,-0.0717391,0.142901,False
rs5750211,54,89,-0.07096,0.147227,False
rs5750211,54,90,-0.0798801,0.103037,False
rs5750211,54,91,-0.0664916,0.175116,False
rs5750211,54,92,-0.0612094,0.21252,False
rs5750211,54,93,-0.0614544,0.211225,False
rs5750211,54,94,-0.0630306,0.20092,False
rs5750211,54,95,-0.0448601,0.363791,False
rs5750211,54,96,-0.0614392,0.214698,False
rs5750211,54,97,-0.044789,0.366108,False
rs5750211,54,98,-0.034928,0.483839,False
rs5750211,54,99,-0.0587222,0.24106,False
rs5750211,54,100,-0.0726788,0.149375,False
rs5750211,54,101,-0.0554727,0.273507,False
rs5750211,54,102,-0.0580618,0.254853,False
rs5750211,54,103,-0.0564379,0.270859,False
rs5750211,54,104,-0.0495806,0.33699,False
rs5750211,54,105,-0.0682093,0.190025,False
rs5750211,54,106,-0.0610871,0.24515,False
rs5750211,54,107,-0.0640722,0.227821,False
rs5750211,54,108,-0.0662719,0.217151,False
rs5750211,54,109,-0.0673565,0.214541,False
rs5750211,54,110,-0.078302,0.153791,False
rs5750211,54,111,-0.059534,0.28416,False
rs5750211,54,112,-0.0682206,0.226226,False
rs5750211,54,113,-0.0678111,0.235808,False
rs5750211,54,114,-0.075519,0.192464,False
rs5750211,54,115,-0.0781674,0.184926,False
rs5750211,54,116,-0.0754903,0.207462,False
rs5750211,54,117,-0.0774364,0.203656,False
rs5750211,54,118,-0.0800604,0.195091,False
rs5750211,54,119,-0.0736971,0.240378,False
rs5750211,54,120,-0.0746132,0.242103,False
rs5750211,54,121,-0.079281,0.220049,False
rs5750211,54,122,-0.0781258,0.232493,False
rs5750211,54,123,-0.0726244,0.272709,False
rs5750211,54,124,-0.0684985,0.305627,False
rs5750211,54,125,-0.0709604,0.292284,False
rs5750211,54,126,-0.0712969,0.292984,False
rs5750211,54,127,-0.0685719,0.314017,False
rs5750211,54,128,-0.0684472,0.315937,False
rs5750211,54,129,-0.0755389,0.269059,False
rs5750211,54,130,-0.0766619,0.261413,False
rs5750211,54,131,-0.0596132,0.380819,False
rs5750211,54,132,-0.0541122,0.424477,False
rs5750211,54,133,-0.0361734,0.590879,False
rs5750211,54,134,-0.036941,0.580504,False
rs5750211,54,135,-0.0503394,0.447434,False
rs5750211,54,136,-0.0432061,0.510338,False
rs5750211,54,137,-0.0457652,0.481224,False
rs5750211,54,138,-0.0447227,0.486658,False
rs5750211,54,139,-0.0285339,0.654061,False
rs5750211,54,140,-0.0442877,0.48172,False
rs5750211,54,141,-0.0557214,0.370336,False
rs5750211,54,142,-0.0463853,0.451236,False
rs5750211,54,143,-0.0471022,0.439113,False
rs5750211,54,144,-0.0673988,0.262715,False
rs5750211,54,145,-0.0608961,0.306799,False
rs5750211,54,146,-0.0523366,0.375281,False
rs5750211,54,147,-0.0662598,0.257397,False
rs5750211,54,148,-0.061633,0.288135,False
rs5750211,54,149,-0.0711781,0.214779,False
rs5750211,54,150,-0.0722738,0.203554,False
rs5750211,54,151,-0.0769604,0.172522,False
rs5750211,54,152,-0.0766054,0.170984,False
rs5750211,54,153,-0.0825515,0.137029,False
rs5750211,54,154,-0.0810145,0.141315,False
rs5750211,54,155,-0.0861797,0.11531,False
rs5750211,54,156,-0.0872342,0.10835,False
rs5750211,54,157,-0.0985729,0.0673685,False
rs5750211,54,158,-0.106627,0.0466759,False
rs5750211,54,159,-0.101953,0.0558304,False
rs5750211,54,160,-0.118598,0.0253644,False
rs5750211,54,161,-0.124165,0.0186119,False
rs5750211,54,162,-0.137253,0.00906888,False
rs5750211,54,163,-0.116657,0.0258732,False
rs5750211,54,164,-0.116777,0.0252118,False
rs5750211,54,165,-0.129765,0.012722,False
rs5750211,54,166,-0.136698,0.0086,False
rs5750211,54,167,-0.137128,0.008356,False
rs5750211,54,168,-0.155498,0.00277135,False
rs5750211,54,169,-0.147396,0.00456289,False
rs5750211,54,170,-0.153829,0.00306816,False
rs5750211,54,171,-0.179435,0.000556135,False
rs5750211,54,172,-0.180788,0.000522873,False
rs5750211,54,173,-0.19118,0.000251046,False
rs5750211,54,174,-0.198722,0.000145742,False
rs5750211,54,175,-0.203894,9.94583e-05,False
rs5750211,54,176,-0.20623,8.48359e-05,False
rs5750211,54,177,-0.201145,0.000131245,False
rs5750211,54,178,-0.196586,0.000188418,False
rs5750211,54,179,-0.210978,6.34174e-05,False
rs5750211,54,180,-0.206418,9.61441e-05,False
rs5750211,54,181,-0.196479,0.000214709,False
rs5750211,54,182,-0.197419,0.000210582,False
rs5750211,54,183,-0.200398,0.000174848,False
rs5750211,54,184,-0.203403,0.000143594,False
rs5750211,54,185,-0.221431,3.57206e-05,False
rs5750211,54,186,-0.232589,1.49596e-05,False
rs5750211,54,187,-0.218276,4.94709e-05,False
rs5750211,54,188,-0.23107,1.75049e-05,False
rs5750211,54,189,-0.227982,2.3518e-05,False
rs5750211,54,190,-0.23748,1.08148e-05,False
rs5750211,54,191,-0.250248,3.81329e-06,False
rs5750211,54,192,-0.243324,7.1897e-06,False
rs5750211,54,193,-0.240731,8.96459e-06,False
rs5750211,54,194,-0.232058,1.8898e-05,False
rs5750211,54,195,-0.22894,2.51064e-05,False
rs5750211,54,196,-0.251707,3.68558e-06,False
rs5750211,54,197,-0.243814,7.43685e-06,False
rs5750211,54,198,-0.254388,3.03652e-06,False
rs5750211,54,199,-0.245747,6.50285e-06,False
rs5750211,54,200,-0.241577,9.21436e-06,False
rs5750211,54,201,-0.248914,4.98476e-06,False
rs5750211,54,202,-0.256073,2.66191e-06,False
rs5750211,54,203,-0.260285,1.81001e-06,False
rs5750211,54,204,-0.273418,5.45355e-07,False
rs5750211,54,205,-0.270674,7.05405e-07,False
rs5750211,54,206,-0.253933,3.15791e-06,False
rs5750211,54,207,-0.233021,1.91224e-05,False
rs5750211,54,208,-0.25151,3.87547e-06,False
rs5750211,54,209,-0.246379,6.03614e-06,False
rs5750211,54,210,-0.248068,5.21225e-06,False
rs5750211,54,211,-0.246505,5.95904e-06,False
rs5750211,54,212,-0.257917,2.0967e-06,False
rs5750211,54,213,-0.261522,1.52762e-06,False
rs5750211,54,214,-0.242131,8.52123e-06,False
rs5750211,54,215,-0.252913,3.45963e-06,False
rs5750211,54,216,-0.262107,1.51964e-06,False
rs5750211,54,217,-0.26297,1.33067e-06,False
rs5750211,54,218,-0.250614,4.1628e-06,False
rs5750211,54,219,-0.245341,6.65072e-06,False
rs5750211,54,220,-0.266367,1.03011e-06,False
rs5750211,54,221,-0.273857,5.34757e-07,False
rs5750211,54,222,-0.27293,5.97472e-07,False
rs5750211,54,223,-0.262617,1.61123e-06,False
rs5750211,54,224,-0.255034,3.28033e-06,False
rs5750211,54,225,-0.27016,8.69725e-07,False
rs5750211,54,226,-0.278067,4.35073e-07,False
rs5750211,54,227,-0.269282,1.10377e-06,False
rs5750211,54,228,-0.29802,7.80054e-08,False
rs5750211,54,229,-0.299237,7.2653e-08,False
rs5750211,54,230,-0.309211,2.89499e-08,False
rs5750211,54,231,-0.30729,4.1012e-08,False
rs5750211,54,232,-0.311356,3.06389e-08,False
rs5750211,54,233,-0.327883,6.61262e-09,False
rs5750211,54,234,-0.318786,1.90175e-08,False
rs5750211,54,235,-0.315947,2.89353e-08,False
rs5750211,54,236,-0.317241,2.99102e-08,False
rs5750211,54,237,-0.320138,2.60878e-08,False
rs5750211,54,238,-0.319511,3.5317e-08,False
rs5750211,54,239,-0.322303,3.27622e-08,False
rs5750211,54,240,-0.317511,6.46905e-08,False
rs5750211,54,241,-0.314402,1.12633e-07,False
rs5750211,54,242,-0.322803,6.79171e-08,False
rs5750211,54,243,-0.32275,9.19758e-08,False
rs5750211,54,244,-0.325899,9.52787e-08,False
rs5750211,54,245,-0.326242,1.3504e-07,False
rs5750211,54,246,-0.309849,8.38167e-07,False
rs5750211,54,247,-0.305777,1.66908e-06,False
rs5750211,54,248,-0.3231,6.84105e-07,False
rs5750211,54,249,-0.322834,1.17295e-06,False
rs5750211,54,250,-0.342498,4.33722e-07,False
rs5750211,54,251,-0.352675,3.43042e-07,False
rs5750211,55,6,-0.124409,0.00577717,False
rs5750211,55,7,-0.128292,0.00399963,False
rs5750211,55,8,-0.139274,0.00161603,False
rs5750211,55,9,-0.142692,0.00109958,False
rs5750211,55,10,-0.140959,0.00114898,False
rs5750211,55,11,-0.125561,0.00351994,False
rs5750211,55,12,-0.140382,0.00104777,False
rs5750211,55,13,-0.13979,0.00103832,False
rs5750211,55,14,-0.149501,0.000428491,False
rs5750211,55,15,-0.139334,0.00100258,False
rs5750211,55,16,-0.151314,0.000353932,False
rs5750211,55,17,-0.152959,0.000305686,False
rs5750211,55,18,-0.148506,0.00045047,False
rs5750211,55,19,-0.148367,0.000469762,False
rs5750211,55,20,-0.150816,0.000383185,False
rs5750211,55,21,-0.13816,0.00119132,False
rs5750211,55,22,-0.14613,0.000635908,False
rs5750211,55,23,-0.122918,0.00421753,False
rs5750211,55,24,-0.130158,0.00251116,False
rs5750211,55,25,-0.146422,0.000705056,False
rs5750211,55,26,-0.137142,0.00158252,False
rs5750211,55,27,-0.134662,0.00199365,False
rs5750211,55,28,-0.127391,0.00368276,False
rs5750211,55,29,-0.134759,0.00216381,False
rs5750211,55,30,-0.12512,0.00461864,False
rs5750211,55,31,-0.128469,0.00380529,False
rs5750211,55,32,-0.134148,0.00266535,False
rs5750211,55,33,-0.141847,0.00153127,False
rs5750211,55,34,-0.127181,0.00467171,False
rs5750211,55,35,-0.121119,0.00735781,False
rs5750211,55,36,-0.12153,0.00743453,False
rs5750211,55,37,-0.135321,0.00302347,False
rs5750211,55,38,-0.128281,0.00519386,False
rs5750211,55,39,-0.121796,0.00830263,False
rs5750211,55,40,-0.115363,0.0127848,False
rs5750211,55,41,-0.130019,0.00520225,False
rs5750211,55,42,-0.134374,0.00404924,False
rs5750211,55,43,-0.129914,0.00572785,False
rs5750211,55,44,-0.129194,0.00618944,False
rs5750211,55,45,-0.124199,0.00883041,False
rs5750211,55,46,-0.120762,0.0112802,False
rs5750211,55,47,-0.124233,0.00938906,False
rs5750211,55,48,-0.131018,0.00640187,False
rs5750211,55,49,-0.133778,0.00548393,False
rs5750211,55,50,-0.113913,0.0186163,False
rs5750211,55,51,-0.122534,0.0116837,False
rs5750211,55,52,-0.116302,0.0170755,False
rs5750211,55,53,-0.108535,0.0265029,False
rs5750211,55,54,-0.101358,0.0390296,False
rs5750211,55,55,-0.111092,0.0241059,False
rs5750211,55,56,-0.131133,0.00797765,False
rs5750211,55,57,-0.117199,0.018113,False
rs5750211,55,58,-0.106291,0.0322005,False
rs5750211,55,59,-0.12007,0.015672,False
rs5750211,55,60,-0.130638,0.00868224,False
rs5750211,55,61,-0.113662,0.0226703,False
rs5750211,55,62,-0.110329,0.0270971,False
rs5750211,55,63,-0.115457,0.0208428,False
rs5750211,55,64,-0.115576,0.0208281,False
rs5750211,55,65,-0.11347,0.0234413,False
rs5750211,55,66,-0.108489,0.0300248,False
rs5750211,55,67,-0.10551,0.0350415,False
rs5750211,55,68,-0.117439,0.0187581,False
rs5750211,55,69,-0.110825,0.026605,False
rs5750211,55,70,-0.103804,0.037715,False
rs5750211,55,71,-0.0923127,0.0643491,False
rs5750211,55,72,-0.0966476,0.0527432,False
rs5750211,55,73,-0.109942,0.0275108,False
rs5750211,55,74,-0.0943668,0.0579452,False
rs5750211,55,75,-0.0920605,0.0643708,False
rs5750211,55,76,-0.0827952,0.0957436,False
rs5750211,55,77,-0.0887553,0.0736887,False
rs5750211,55,78,-0.0835465,0.0918409,False
rs5750211,55,79,-0.0744181,0.132211,False
rs5750211,55,80,-0.0700709,0.155728,False
rs5750211,55,81,-0.0835178,0.0902946,False
rs5750211,55,82,-0.0707971,0.150167,False
rs5750211,55,83,-0.0697581,0.155031,False
rs5750211,55,84,-0.0628839,0.200261,False
rs5750211,55,85,-0.0661073,0.177581,False
rs5750211,55,86,-0.0582136,0.23532,False
rs5750211,55,87,-0.0580264,0.23682,False
rs5750211,55,88,-0.0620289,0.205781,False
rs5750211,55,89,-0.0512825,0.295049,False
rs5750211,55,90,-0.0631271,0.198062,False
rs5750211,55,91,-0.0483353,0.325075,False
rs5750211,55,92,-0.0581791,0.236733,False
rs5750211,55,93,-0.0523659,0.287486,False
rs5750211,55,94,-0.0501084,0.311358,False
rs5750211,55,95,-0.0603454,0.224308,False
rs5750211,55,96,-0.0598885,0.228975,False
rs5750211,55,97,-0.0519192,0.299156,False
rs5750211,55,98,-0.0422964,0.399979,False
rs5750211,55,99,-0.0527285,0.296548,False
rs5750211,55,100,-0.0550166,0.279073,False
rs5750211,55,101,-0.0410978,0.421605,False
rs5750211,55,102,-0.0443786,0.388666,False
rs5750211,55,103,-0.0545439,0.293528,False
rs5750211,55,104,-0.03564,0.495992,False
rs5750211,55,105,-0.0454743,0.3894,False
rs5750211,55,106,-0.0521132,0.328689,False
rs5750211,55,107,-0.0507774,0.346411,False
rs5750211,55,108,-0.0633048,0.24585,False
rs5750211,55,109,-0.0607804,0.271461,False
rs5750211,55,110,-0.0452863,0.418845,False
rs5750211,55,111,-0.0553014,0.330289,False
rs5750211,55,112,-0.06522,0.258414,False
rs5750211,55,113,-0.0586679,0.3176,False
rs5750211,55,114,-0.0532595,0.372859,False
rs5750211,55,115,-0.0590572,0.331802,False
rs5750211,55,116,-0.0633594,0.306343,False
rs5750211,55,117,-0.0545587,0.386783,False
rs5750211,55,118,-0.0633849,0.324018,False
rs5750211,55,119,-0.0679742,0.298628,False
rs5750211,55,120,-0.054575,0.411744,False
rs5750211,55,121,-0.0640614,0.342975,False
rs5750211,55,122,-0.0604068,0.378137,False
rs5750211,55,123,-0.0726463,0.294744,False
rs5750211,55,124,-0.0702592,0.31608,False
rs5750211,55,125,-0.0556676,0.430474,False
rs5750211,55,126,-0.0593773,0.403347,False
rs5750211,55,127,-0.0513789,0.471154,False
rs5750211,55,128,-0.0493482,0.489605,False
rs5750211,55,129,-0.0553468,0.438651,False
rs5750211,55,130,-0.0671547,0.346242,False
rs5750211,55,131,-0.0557796,0.432352,False
rs5750211,55,132,-0.0682174,0.334345,False
rs5750211,55,133,-0.0560652,0.424237,False
rs5750211,55,134,-0.0522448,0.45281,False
rs5750211,55,135,-0.050909,0.459648,False
rs5750211,55,136,-0.0599807,0.378598,False
rs5750211,55,137,-0.0609348,0.365617,False
rs5750211,55,138,-0.0467109,0.482027,False
rs5750211,55,139,-0.0495712,0.450205,False
rs5750211,55,140,-0.0594182,0.359123,False
rs5750211,55,141,-0.0535335,0.403252,False
rs5750211,55,142,-0.0466224,0.461014,False
rs5750211,55,143,-0.0543374,0.384449,False
rs5750211,55,144,-0.0443365,0.47252,False
rs5750211,55,145,-0.0535952,0.379557,False
rs5750211,55,146,-0.0530491,0.379212,False
rs5750211,55,147,-0.0547773,0.360021,False
rs5750211,55,148,-0.050341,0.394561,False
rs5750211,55,149,-0.0601506,0.304536,False
rs5750211,55,150,-0.0651345,0.261223,False
rs5750211,55,151,-0.0650847,0.257739,False
rs5750211,55,152,-0.0646981,0.256454,False
rs5750211,55,153,-0.0751449,0.183481,False
rs5750211,55,154,-0.0798371,0.153992,False
rs5750211,55,155,-0.0748987,0.177821,False
rs5750211,55,156,-0.0858316,0.119415,False
rs5750211,55,157,-0.0833848,0.127858,False
rs5750211,55,158,-0.086443,0.111403,False
rs5750211,55,159,-0.105115,0.051391,False
rs5750211,55,160,-0.100228,0.061395,False
rs5750211,55,161,-0.110131,0.0385927,False
rs5750211,55,162,-0.11674,0.0278968,False
rs5750211,55,163,-0.11541,0.0288922,False
rs5750211,55,164,-0.129807,0.0135743,False
rs5750211,55,165,-0.118055,0.024311,False
rs5750211,55,166,-0.129886,0.0130291,False
rs5750211,55,167,-0.134671,0.00987036,False
rs5750211,55,168,-0.156139,0.00270265,False
rs5750211,55,169,-0.150343,0.00386853,False
rs5750211,55,170,-0.163565,0.00166221,False
rs5750211,55,171,-0.157263,0.00250205,False
rs5750211,55,172,-0.16562,0.00145149,False
rs5750211,55,173,-0.172812,0.000890427,False
rs5750211,55,174,-0.16725,0.00132169,False
rs5750211,55,175,-0.182183,0.000483152,False
rs5750211,55,176,-0.187923,0.00033046,False
rs5750211,55,177,-0.178422,0.00066676,False
rs5750211,55,178,-0.184709,0.000441922,False
rs5750211,55,179,-0.197988,0.000175782,False
rs5750211,55,180,-0.187998,0.000376604,False
rs5750211,55,181,-0.202558,0.000130869,False
rs5750211,55,182,-0.214034,5.52284e-05,False
rs5750211,55,183,-0.218918,3.88608e-05,False
rs5750211,55,184,-0.213385,6.22908e-05,False
rs5750211,55,185,-0.202416,0.000155614,False
rs5750211,55,186,-0.211202,8.02166e-05,False
rs5750211,55,187,-0.212358,7.54696e-05,False
rs5750211,55,188,-0.218456,4.91071e-05,False
rs5750211,55,189,-0.210955,9.01158e-05,False
rs5750211,55,190,-0.221373,4.20264e-05,False
rs5750211,55,191,-0.210598,9.71244e-05,False
rs5750211,55,192,-0.225172,3.1695e-05,False
rs5750211,55,193,-0.222153,4.398e-05,False
rs5750211,55,194,-0.221395,4.66934e-05,False
rs5750211,55,195,-0.238769,1.11558e-05,False
rs5750211,55,196,-0.227795,2.79188e-05,False
rs5750211,55,197,-0.240274,1.03167e-05,False
rs5750211,55,198,-0.243638,8.07554e-06,False
rs5750211,55,199,-0.23456,1.75888e-05,False
rs5750211,55,200,-0.229837,2.56924e-05,False
rs5750211,55,201,-0.253879,3.2673e-06,False
rs5750211,55,202,-0.239949,1.08161e-05,False
rs5750211,55,203,-0.262704,1.51459e-06,False
rs5750211,55,204,-0.255893,2.76521e-06,False
rs5750211,55,205,-0.252743,3.67102e-06,False
rs5750211,55,206,-0.252506,3.69976e-06,False
rs5750211,55,207,-0.260938,1.73948e-06,False
rs5750211,55,208,-0.266324,1.04169e-06,False
rs5750211,55,209,-0.260448,1.74902e-06,False
rs5750211,55,210,-0.261423,1.60182e-06,False
rs5750211,55,211,-0.268576,8.24078e-07,False
rs5750211,55,212,-0.250046,4.49458e-06,False
rs5750211,55,213,-0.255018,2.78302e-06,False
rs5750211,55,214,-0.252518,3.50132e-06,False
rs5750211,55,215,-0.249779,4.50038e-06,False
rs5750211,55,216,-0.265186,1.13074e-06,False
rs5750211,55,217,-0.264341,1.20729e-06,False
rs5750211,55,218,-0.280628,2.6048e-07,False
rs5750211,55,219,-0.267814,8.92434e-07,False
rs5750211,55,220,-0.272505,5.94158e-07,False
rs5750211,55,221,-0.261179,1.75022e-06,False
rs5750211,55,222,-0.263515,1.47939e-06,False
rs5750211,55,223,-0.256699,2.75469e-06,False
rs5750211,55,224,-0.28048,3.10218e-07,False
rs5750211,55,225,-0.286751,1.80977e-07,False
rs5750211,55,226,-0.274934,5.94596e-07,False
rs5750211,55,227,-0.282783,3.05521e-07,False
rs5750211,55,228,-0.277183,5.63019e-07,False
rs5750211,55,229,-0.27074,1.0817e-06,False
rs5750211,55,230,-0.270413,1.2092e-06,False
rs5750211,55,231,-0.269678,1.41312e-06,False
rs5750211,55,232,-0.291875,1.96456e-07,False
rs5750211,55,233,-0.273117,1.2725e-06,False
rs5750211,55,234,-0.271932,1.57893e-06,False
rs5750211,55,235,-0.277197,1.10337e-06,False
rs5750211,55,236,-0.280311,9.24024e-07,False
rs5750211,55,237,-0.285907,6.57253e-07,False
rs5750211,55,238,-0.301162,1.95867e-07,False
rs5750211,55,239,-0.30541,1.57207e-07,False
rs5750211,55,240,-0.301441,2.76812e-07,False
rs5750211,55,241,-0.305573,2.34968e-07,False
rs5750211,55,242,-0.288176,1.36764e-06,False
rs5750211,55,243,-0.287892,1.82299e-06,False
rs5750211,55,244,-0.292461,1.58442e-06,False
rs5750211,55,245,-0.281556,5.14989e-06,False
rs5750211,55,246,-0.289336,3.94763e-06,False
rs5750211,55,247,-0.267832,2.63561e-05,False
rs5750211,55,248,-0.284998,1.11132e-05,False
rs5750211,55,249,-0.285423,1.60576e-05,False
rs5750211,55,250,-0.282956,2.76834e-05,False
rs5750211,55,251,-0.292459,2.17244e-05,False
rs5750211,56,6,-0.144578,0.00131396,False
rs5750211,56,7,-0.132727,0.00291565,False
rs5750211,56,8,-0.129714,0.00329388,False
rs5750211,56,9,-0.138465,0.00154749,False
rs5750211,56,10,-0.133845,0.00197808,False
rs5750211,56,11,-0.130433,0.00239347,False
rs5750211,56,12,-0.128226,0.00267726,False
rs5750211,56,13,-0.138536,0.00113194,False
rs5750211,56,14,-0.134022,0.00159639,False
rs5750211,56,15,-0.13093,0.00202081,False
rs5750211,56,16,-0.12941,0.00223899,False
rs5750211,56,17,-0.127403,0.00260626,False
rs5750211,56,18,-0.133197,0.0016852,False
rs5750211,56,19,-0.13123,0.0020313,False
rs5750211,56,20,-0.11793,0.00558671,False
rs5750211,56,21,-0.114009,0.00763282,False
rs5750211,56,22,-0.123128,0.00414903,False
rs5750211,56,23,-0.124994,0.00373312,False
rs5750211,56,24,-0.119468,0.00568308,False
rs5750211,56,25,-0.121992,0.00490658,False
rs5750211,56,26,-0.124826,0.00421092,False
rs5750211,56,27,-0.119348,0.00640117,False
rs5750211,56,28,-0.131282,0.00277727,False
rs5750211,56,29,-0.117721,0.00769641,False
rs5750211,56,30,-0.120735,0.00657291,False
rs5750211,56,31,-0.113436,0.0108626,False
rs5750211,56,32,-0.116687,0.00903887,False
rs5750211,56,33,-0.0984555,0.028585,False
rs5750211,56,34,-0.101512,0.0245162,False
rs5750211,56,35,-0.103533,0.0226882,False
rs5750211,56,36,-0.10097,0.0267748,False
rs5750211,56,37,-0.109454,0.0168138,False
rs5750211,56,38,-0.102994,0.024978,False
rs5750211,56,39,-0.104287,0.0240575,False
rs5750211,56,40,-0.114295,0.0137875,False
rs5750211,56,41,-0.110901,0.0176452,False
rs5750211,56,42,-0.114135,0.0150338,False
rs5750211,56,43,-0.0988594,0.0359597,False
rs5750211,56,44,-0.0920204,0.0522304,False
rs5750211,56,45,-0.112882,0.0179829,False
rs5750211,56,46,-0.112907,0.0186035,False
rs5750211,56,47,-0.11131,0.0207023,False
rs5750211,56,48,-0.104163,0.0312272,False
rs5750211,56,49,-0.102964,0.0340805,False
rs5750211,56,50,-0.105899,0.0299366,False
rs5750211,56,51,-0.095538,0.0508316,False
rs5750211,56,52,-0.0779223,0.11274,False
rs5750211,56,53,-0.102473,0.0374426,False
rs5750211,56,54,-0.110268,0.025745,False
rs5750211,56,55,-0.0987214,0.046715,False
rs5750211,56,56,-0.103862,0.036597,False
rs5750211,56,57,-0.0965149,0.0522048,False
rs5750211,56,58,-0.0941359,0.0587748,False
rs5750211,56,59,-0.0997723,0.0456944,False
rs5750211,56,60,-0.105471,0.035021,False
rs5750211,56,61,-0.0963168,0.0539943,False
rs5750211,56,62,-0.0963359,0.0544514,False
rs5750211,56,63,-0.107748,0.031361,False
rs5750211,56,64,-0.122655,0.0143397,False
rs5750211,56,65,-0.110859,0.0271303,False
rs5750211,56,66,-0.101751,0.042402,False
rs5750211,56,67,-0.103457,0.038919,False
rs5750211,56,68,-0.100923,0.0440166,False
rs5750211,56,69,-0.098366,0.0493512,False
rs5750211,56,70,-0.100844,0.0439468,False
rs5750211,56,71,-0.102087,0.0409608,False
rs5750211,56,72,-0.0897516,0.0723562,False
rs5750211,56,73,-0.0804851,0.106603,False
rs5750211,56,74,-0.0875352,0.0789293,False
rs5750211,56,75,-0.0822381,0.0981146,False
rs5750211,56,76,-0.0735089,0.139338,False
rs5750211,56,77,-0.0727788,0.142155,False
rs5750211,56,78,-0.0790592,0.110263,False
rs5750211,56,79,-0.069547,0.159238,False
rs5750211,56,80,-0.07274,0.140175,False
rs5750211,56,81,-0.0452919,0.357491,False
rs5750211,56,82,-0.0591869,0.229136,False
rs5750211,56,83,-0.0596119,0.225431,False
rs5750211,56,84,-0.0492161,0.316502,False
rs5750211,56,85,-0.0308666,0.529964,False
rs5750211,56,86,-0.0473672,0.335318,False
rs5750211,56,87,-0.0557227,0.256485,False
rs5750211,56,88,-0.0462332,0.346399,False
rs5750211,56,89,-0.0445219,0.364676,False
rs5750211,56,90,-0.0430843,0.381095,False
rs5750211,56,91,-0.0304801,0.536299,False
rs5750211,56,92,-0.0409506,0.406907,False
rs5750211,56,93,-0.0374378,0.449928,False
rs5750211,56,94,-0.0297301,0.549563,False
rs5750211,56,95,-0.0313609,0.52992,False
rs5750211,56,96,-0.0351769,0.482339,False
rs5750211,56,97,-0.0386917,0.441951,False
rs5750211,56,98,-0.0236277,0.640233,False
rs5750211,56,99,-0.024318,0.632533,False
rs5750211,56,100,-0.0401303,0.433541,False
rs5750211,56,101,-0.029599,0.566643,False
rs5750211,56,102,-0.0495152,0.342067,False
rs5750211,56,103,-0.0268513,0.609211,False
rs5750211,56,104,-0.0273004,0.606464,False
rs5750211,56,105,-0.0483961,0.366325,False
rs5750211,56,106,-0.0303367,0.575243,False
rs5750211,56,107,-0.0492138,0.36938,False
rs5750211,56,108,-0.0415668,0.454222,False
rs5750211,56,109,-0.0236314,0.674851,False
rs5750211,56,110,-0.0310788,0.587215,False
rs5750211,56,111,-0.044396,0.446388,False
rs5750211,56,112,-0.0470566,0.428159,False
rs5750211,56,113,-0.0419369,0.48823,False
rs5750211,56,114,-0.0322167,0.601779,False
rs5750211,56,115,-0.036664,0.561011,False
rs5750211,56,116,-0.0540788,0.401054,False
rs5750211,56,117,-0.0505976,0.441556,False
rs5750211,56,118,-0.0411503,0.539689,False
rs5750211,56,119,-0.0538397,0.431166,False
rs5750211,56,120,-0.0458235,0.510563,False
rs5750211,56,121,-0.0632522,0.371275,False
rs5750211,56,122,-0.0520455,0.467968,False
rs5750211,56,123,-0.0553614,0.445305,False
rs5750211,56,124,-0.0531311,0.468654,False
rs5750211,56,125,-0.041927,0.570157,False
rs5750211,56,126,-0.0366972,0.620683,False
rs5750211,56,127,-0.0428954,0.564172,False
rs5750211,56,128,-0.0433799,0.560066,False
rs5750211,56,129,-0.0393614,0.596899,False
rs5750211,56,130,-0.046846,0.527426,False
rs5750211,56,131,-0.0401145,0.587074,False
rs5750211,56,132,-0.038136,0.603267,False
rs5750211,56,133,-0.0237929,0.743896,False
rs5750211,56,134,-0.0137511,0.848891,False
rs5750211,56,135,-0.0296555,0.678226,False
rs5750211,56,136,-0.0250254,0.722807,False
rs5750211,56,137,-0.029898,0.66743,False
rs5750211,56,138,-0.00912698,0.894301,False
rs5750211,56,139,-0.0254261,0.707364,False
rs5750211,56,140,-0.0261264,0.695679,False
rs5750211,56,141,-0.0239006,0.716497,False
rs5750211,56,142,-0.0250325,0.699831,False
rs5750211,56,143,-0.0292471,0.647951,False
rs5750211,56,144,-0.0271981,0.667211,False
rs5750211,56,145,-0.0321517,0.606496,False
rs5750211,56,146,-0.0323815,0.600026,False
rs5750211,56,147,-0.025035,0.681616,False
rs5750211,56,148,-0.0295379,0.624082,False
rs5750211,56,149,-0.045089,0.450052,False
rs5750211,56,150,-0.062479,0.289745,False
rs5750211,56,151,-0.0525065,0.369412,False
rs5750211,56,152,-0.065092,0.261422,False
rs5750211,56,153,-0.0700294,0.222596,False
rs5750211,56,154,-0.0637611,0.262172,False
rs5750211,56,155,-0.0773121,0.169981,False
rs5750211,56,156,-0.0931938,0.0953906,False
rs5750211,56,157,-0.0819253,0.139138,False
rs5750211,56,158,-0.0827891,0.132259,False
rs5750211,56,159,-0.0937581,0.086203,False
rs5750211,56,160,-0.0938724,0.083486,False
rs5750211,56,161,-0.0992776,0.0646576,False
rs5750211,56,162,-0.0974228,0.0683207,False
rs5750211,56,163,-0.105482,0.0470544,False
rs5750211,56,164,-0.0925636,0.0799204,False
rs5750211,56,165,-0.0975634,0.06392,False
rs5750211,56,166,-0.100188,0.0560336,False
rs5750211,56,167,-0.126937,0.0152376,False
rs5750211,56,168,-0.13549,0.00955028,False
rs5750211,56,169,-0.132213,0.0112136,False
rs5750211,56,170,-0.126826,0.0147809,False
rs5750211,56,171,-0.143136,0.00597419,False
rs5750211,56,172,-0.141587,0.00651342,False
rs5750211,56,173,-0.140344,0.00700712,False
rs5750211,56,174,-0.156875,0.00263606,False
rs5750211,56,175,-0.160442,0.00212019,False
rs5750211,56,176,-0.186308,0.000365151,False
rs5750211,56,177,-0.171139,0.00108733,False
rs5750211,56,178,-0.160795,0.00218813,False
rs5750211,56,179,-0.167435,0.00146353,False
rs5750211,56,180,-0.180964,0.000593735,False
rs5750211,56,181,-0.181777,0.000598501,False
rs5750211,56,182,-0.196095,0.000218561,False
rs5750211,56,183,-0.19208,0.000303938,False
rs5750211,56,184,-0.205835,0.000112024,False
rs5750211,56,185,-0.19281,0.000310232,False
rs5750211,56,186,-0.186855,0.00048184,False
rs5750211,56,187,-0.208365,0.00010192,False
rs5750211,56,188,-0.209036,0.000100202,False
rs5750211,56,189,-0.204952,0.000140242,False
rs5750211,56,190,-0.208076,0.000115731,False
rs5750211,56,191,-0.221513,4.11989e-05,False
rs5750211,56,192,-0.222612,3.90584e-05,False
rs5750211,56,193,-0.217879,5.83468e-05,False
rs5750211,56,194,-0.217782,6.03183e-05,False
rs5750211,56,195,-0.229226,2.43222e-05,False
rs5750211,56,196,-0.222292,4.31749e-05,False
rs5750211,56,197,-0.239973,1.06531e-05,False
rs5750211,56,198,-0.247394,5.55559e-06,False
rs5750211,56,199,-0.242868,8.45123e-06,False
rs5750211,56,200,-0.244567,7.42796e-06,False
rs5750211,56,201,-0.255324,2.92791e-06,False
rs5750211,56,202,-0.269763,7.67395e-07,False
rs5750211,56,203,-0.269425,8.05681e-07,False
rs5750211,56,204,-0.277435,3.7536e-07,False
rs5750211,56,205,-0.27009,7.71564e-07,False
rs5750211,56,206,-0.2617,1.62418e-06,False
rs5750211,56,207,-0.278918,3.15431e-07,False
rs5750211,56,208,-0.26977,7.6558e-07,False
rs5750211,56,209,-0.280561,2.73032e-07,False
rs5750211,56,210,-0.282167,2.18312e-07,False
rs5750211,56,211,-0.262652,1.41924e-06,False
rs5750211,56,212,-0.268044,8.80679e-07,False
rs5750211,56,213,-0.290993,9.2752e-08,False
rs5750211,56,214,-0.292944,7.63979e-08,False
rs5750211,56,215,-0.285006,1.74735e-07,False
rs5750211,56,216,-0.278158,3.32562e-07,False
rs5750211,56,217,-0.27894,3.03679e-07,False
rs5750211,56,218,-0.283497,1.9585e-07,False
rs5750211,56,219,-0.294022,6.91096e-08,False
rs5750211,56,220,-0.27979,2.89568e-07,False
rs5750211,56,221,-0.290166,1.03514e-07,False
rs5750211,56,222,-0.294278,7.39291e-08,False
rs5750211,56,223,-0.288249,1.38747e-07,False
rs5750211,56,224,-0.296354,6.473e-08,False
rs5750211,56,225,-0.30403,3.15241e-08,False
rs5750211,56,226,-0.309181,1.90578e-08,False
rs5750211,56,227,-0.297737,6.63766e-08,False
rs5750211,56,228,-0.294031,1.05316e-07,False
rs5750211,56,229,-0.292858,1.25702e-07,False
rs5750211,56,230,-0.306765,3.43025e-08,False
rs5750211,56,231,-0.302812,5.81192e-08,False
rs5750211,56,232,-0.292871,1.76521e-07,False
rs5750211,56,233,-0.297175,1.29133e-07,False
rs5750211,56,234,-0.315818,2.43013e-08,False
rs5750211,56,235,-0.312513,4.05348e-08,False
rs5750211,56,236,-0.316163,3.18279e-08,False
rs5750211,56,237,-0.307802,8.62585e-08,False
rs5750211,56,238,-0.309029,9.09277e-08,False
rs5750211,56,239,-0.298026,3.08877e-07,False
rs5750211,56,240,-0.288573,8.67513e-07,False
rs5750211,56,241,-0.30097,3.45956e-07,False
rs5750211,56,242,-0.291033,1.02164e-06,False
rs5750211,56,243,-0.282702,2.53033e-06,False
rs5750211,56,244,-0.273082,7.02808e-06,False
rs5750211,56,245,-0.267062,1.43441e-05,False
rs5750211,56,246,-0.26766,1.80543e-05,False
rs5750211,56,247,-0.272348,1.7271e-05,False
rs5750211,56,248,-0.276335,1.88989e-05,False
rs5750211,56,249,-0.273364,3.33009e-05,False
rs5750211,56,250,-0.267508,6.92212e-05,False
rs5750211,56,251,-0.279558,4.55472e-05,False
rs5750211,57,6,-0.121171,0.00727178,False
rs5750211,57,7,-0.13407,0.00275032,False
rs5750211,57,8,-0.135074,0.00232958,False
rs5750211,57,9,-0.140045,0.00141473,False
rs5750211,57,10,-0.12242,0.00490215,False
rs5750211,57,11,-0.120623,0.00524715,False
rs5750211,57,12,-0.150328,0.000478863,False
rs5750211,57,13,-0.12108,0.0046844,False
rs5750211,57,14,-0.142729,0.000821036,False
rs5750211,57,15,-0.127749,0.00271154,False
rs5750211,57,16,-0.112319,0.00828727,False
rs5750211,57,17,-0.12817,0.00262163,False
rs5750211,57,18,-0.121779,0.00431341,False
rs5750211,57,19,-0.125412,0.00328245,False
rs5750211,57,20,-0.124874,0.0035248,False
rs5750211,57,21,-0.139818,0.00112285,False
rs5750211,57,22,-0.14042,0.00113209,False
rs5750211,57,23,-0.124912,0.00384488,False
rs5750211,57,24,-0.12932,0.00286326,False
rs5750211,57,25,-0.119055,0.0063429,False
rs5750211,57,26,-0.127862,0.00347473,False
rs5750211,57,27,-0.126232,0.00405707,False
rs5750211,57,28,-0.127852,0.00371844,False
rs5750211,57,29,-0.128586,0.00373379,False
rs5750211,57,30,-0.127721,0.0040663,False
rs5750211,57,31,-0.110433,0.0133256,False
rs5750211,57,32,-0.133809,0.00280778,False
rs5750211,57,33,-0.125847,0.00511977,False
rs5750211,57,34,-0.124442,0.00594011,False
rs5750211,57,35,-0.117848,0.00966652,False
rs5750211,57,36,-0.107518,0.0186352,False
rs5750211,57,37,-0.121475,0.00819638,False
rs5750211,57,38,-0.113096,0.0143282,False
rs5750211,57,39,-0.124149,0.00749784,False
rs5750211,57,40,-0.126645,0.0066597,False
rs5750211,57,41,-0.12325,0.00866999,False
rs5750211,57,42,-0.115211,0.0146923,False
rs5750211,57,43,-0.103712,0.0287852,False
rs5750211,57,44,-0.120665,0.0114821,False
rs5750211,57,45,-0.14034,0.00343984,False
rs5750211,57,46,-0.123153,0.0106349,False
rs5750211,57,47,-0.12338,0.0109187,False
rs5750211,57,48,-0.123742,0.0110495,False
rs5750211,57,49,-0.111157,0.0227654,False
rs5750211,57,50,-0.123689,0.0116874,False
rs5750211,57,51,-0.118074,0.0164005,False
rs5750211,57,52,-0.107448,0.0296022,False
rs5750211,57,53,-0.124518,0.011853,False
rs5750211,57,54,-0.100458,0.0432086,False
rs5750211,57,55,-0.113238,0.0229741,False
rs5750211,57,56,-0.112578,0.0241014,False
rs5750211,57,57,-0.10203,0.0414674,False
rs5750211,57,58,-0.102968,0.0399328,False
rs5750211,57,59,-0.100195,0.0458897,False
rs5750211,57,60,-0.10603,0.0345691,False
rs5750211,57,61,-0.104208,0.0382021,False
rs5750211,57,62,-0.0979819,0.0513727,False
rs5750211,57,63,-0.0931489,0.063936,False
rs5750211,57,64,-0.0968136,0.0544989,False
rs5750211,57,65,-0.0982388,0.0507314,False
rs5750211,57,66,-0.0889246,0.0771804,False
rs5750211,57,67,-0.101517,0.0435274,False
rs5750211,57,68,-0.0981336,0.0506825,False
rs5750211,57,69,-0.095142,0.0579567,False
rs5750211,57,70,-0.106082,0.0341491,False
rs5750211,57,71,-0.0833929,0.0955764,False
rs5750211,57,72,-0.0856463,0.086711,False
rs5750211,57,73,-0.0969316,0.0522815,False
rs5750211,57,74,-0.102479,0.039579,False
rs5750211,57,75,-0.104934,0.0350177,False
rs5750211,57,76,-0.0768551,0.12158,False
rs5750211,57,77,-0.0823515,0.0965375,False
rs5750211,57,78,-0.0797282,0.108033,False
rs5750211,57,79,-0.0684205,0.166657,False
rs5750211,57,80,-0.0779017,0.114355,False
rs5750211,57,81,-0.0831739,0.0914997,False
rs5750211,57,82,-0.071999,0.144275,False
rs5750211,57,83,-0.0710554,0.148894,False
rs5750211,57,84,-0.0652554,0.18446,False
rs5750211,57,85,-0.0691915,0.159277,False
rs5750211,57,86,-0.0558539,0.255924,False
rs5750211,57,87,-0.0618223,0.209279,False
rs5750211,57,88,-0.0521426,0.289648,False
rs5750211,57,89,-0.0644199,0.191778,False
rs5750211,57,90,-0.044155,0.371348,False
rs5750211,57,91,-0.0274686,0.578828,False
rs5750211,57,92,-0.0242756,0.625236,False
rs5750211,57,93,-0.0326746,0.512152,False
rs5750211,57,94,-0.0415848,0.405854,False
rs5750211,57,95,-0.0322299,0.521284,False
rs5750211,57,96,-0.0215179,0.669688,False
rs5750211,57,97,-0.0294547,0.561845,False
rs5750211,57,98,-0.0306682,0.547761,False
rs5750211,57,99,-0.0119919,0.815688,False
rs5750211,57,100,-0.0132767,0.797532,False
rs5750211,57,101,-0.0183747,0.724941,False
rs5750211,57,102,-0.0104008,0.843617,False
rs5750211,57,103,-0.00526024,0.92128,False
rs5750211,57,104,-0.0259173,0.629661,False
rs5750211,57,105,-0.0151955,0.780073,False
rs5750211,57,106,-0.0175657,0.750143,False
rs5750211,57,107,-0.0309124,0.579978,False
rs5750211,57,108,-0.0210176,0.711165,False
rs5750211,57,109,-0.0256145,0.657557,False
rs5750211,57,110,-0.0272186,0.643091,False
rs5750211,57,111,-0.0289589,0.628758,False
rs5750211,57,112,-0.0330365,0.590419,False
rs5750211,57,113,-0.0418431,0.504111,False
rs5750211,57,114,-0.0543873,0.396306,False
rs5750211,57,115,-0.0445132,0.497506,False
rs5750211,57,116,-0.0519486,0.438665,False
rs5750211,57,117,-0.0665074,0.331938,False
rs5750211,57,118,-0.066173,0.34407,False
rs5750211,57,119,-0.0709205,0.319162,False
rs5750211,57,120,-0.072308,0.317242,False
rs5750211,57,121,-0.0650703,0.374837,False
rs5750211,57,122,-0.0742167,0.316556,False
rs5750211,57,123,-0.0716183,0.338539,False
rs5750211,57,124,-0.0621957,0.408943,False
rs5750211,57,125,-0.0722541,0.34026,False
rs5750211,57,126,-0.0646941,0.39461,False
rs5750211,57,127,-0.0667015,0.380326,False
rs5750211,57,128,-0.0558595,0.462744,False
rs5750211,57,129,-0.053904,0.478141,False
rs5750211,57,130,-0.0552698,0.466343,False
rs5750211,57,131,-0.0446988,0.554209,False
rs5750211,57,132,-0.037202,0.620625,False
rs5750211,57,133,-0.0415951,0.577666,False
rs5750211,57,134,-0.0446374,0.547643,False
rs5750211,57,135,-0.0420568,0.567238,False
rs5750211,57,136,-0.033107,0.648774,False
rs5750211,57,137,-0.0173774,0.809167,False
rs5750211,57,138,-0.0119517,0.866183,False
rs5750211,57,139,-0.0173407,0.804192,False
rs5750211,57,140,-0.00813885,0.905988,False
rs5750211,57,141,-0.0104743,0.877299,False
rs5750211,57,142,-0.0193091,0.772777,False
rs5750211,57,143,-0.0165872,0.801189,False
rs5750211,57,144,-0.0365702,0.573426,False
rs5750211,57,145,-0.0156317,0.807214,False
rs5750211,57,146,-0.0385485,0.541306,False
rs5750211,57,147,-0.024699,0.692253,False
rs5750211,57,148,-0.0435406,0.479609,False
rs5750211,57,149,-0.0341477,0.575247,False
rs5750211,57,150,-0.0288925,0.631269,False
rs5750211,57,151,-0.0409449,0.492453,False
rs5750211,57,152,-0.0482708,0.413106,False
rs5750211,57,153,-0.0477234,0.413984,False
rs5750211,57,154,-0.0590717,0.307209,False
rs5750211,57,155,-0.0522766,0.361572,False
rs5750211,57,156,-0.0592712,0.297332,False
rs5750211,57,157,-0.0619937,0.27061,False
rs5750211,57,158,-0.065011,0.243481,False
rs5750211,57,159,-0.0714415,0.196436,False
rs5750211,57,160,-0.067632,0.217758,False
rs5750211,57,161,-0.0837009,0.12433,False
rs5750211,57,162,-0.0830539,0.124605,False
rs5750211,57,163,-0.0923544,0.0855362,False
rs5750211,57,164,-0.116256,0.0296939,False
rs5750211,57,165,-0.105544,0.0469593,False
rs5750211,57,166,-0.107424,0.0421701,False
rs5750211,57,167,-0.122384,0.0203607,False
rs5750211,57,168,-0.129185,0.0139617,False
rs5750211,57,169,-0.136383,0.00924777,False
rs5750211,57,170,-0.128933,0.0136958,False
rs5750211,57,171,-0.147639,0.00470044,False
rs5750211,57,172,-0.136688,0.00891564,False
rs5750211,57,173,-0.157336,0.00257673,False
rs5750211,57,174,-0.159494,0.00222897,False
rs5750211,57,175,-0.159036,0.0022833,False
rs5750211,57,176,-0.170049,0.00111378,False
rs5750211,57,177,-0.174696,0.000831629,False
rs5750211,57,178,-0.182228,0.000512004,False
rs5750211,57,179,-0.181937,0.000532434,False
rs5750211,57,180,-0.173495,0.000986227,False
rs5750211,57,181,-0.187388,0.000387467,False
rs5750211,57,182,-0.1937,0.000252768,False
rs5750211,57,183,-0.183683,0.000532901,False
rs5750211,57,184,-0.182015,0.00061252,False
rs5750211,57,185,-0.186404,0.000471042,False
rs5750211,57,186,-0.183763,0.00058731,False
rs5750211,57,187,-0.190641,0.000365344,False
rs5750211,57,188,-0.202406,0.000162005,False
rs5750211,57,189,-0.197194,0.0002431,False
rs5750211,57,190,-0.193049,0.000336713,False
rs5750211,57,191,-0.201019,0.000196248,False
rs5750211,57,192,-0.204819,0.00015191,False
rs5750211,57,193,-0.200874,0.000210109,False
rs5750211,57,194,-0.211679,9.58411e-05,False
rs5750211,57,195,-0.218369,5.8469e-05,False
rs5750211,57,196,-0.21784,6.15358e-05,False
rs5750211,57,197,-0.223005,4.17422e-05,False
rs5750211,57,198,-0.227293,2.97561e-05,False
rs5750211,57,199,-0.219525,5.60307e-05,False
rs5750211,57,200,-0.226417,3.35322e-05,False
rs5750211,57,201,-0.222887,4.50887e-05,False
rs5750211,57,202,-0.209189,0.000130621,False
rs5750211,57,203,-0.215878,7.83456e-05,False
rs5750211,57,204,-0.246504,6.37443e-06,False
rs5750211,57,205,-0.242782,8.64692e-06,False
rs5750211,57,206,-0.242262,8.92199e-06,False
rs5750211,57,207,-0.255706,2.87067e-06,False
rs5750211,57,208,-0.254151,3.17566e-06,False
rs5750211,57,209,-0.25325,3.40989e-06,False
rs5750211,57,210,-0.252284,3.62738e-06,False
rs5750211,57,211,-0.244532,7.17372e-06,False
rs5750211,57,212,-0.255743,2.64338e-06,False
rs5750211,57,213,-0.256317,2.43965e-06,False
rs5750211,57,214,-0.255543,2.68946e-06,False
rs5750211,57,215,-0.270272,6.71774e-07,False
rs5750211,57,216,-0.273852,4.79163e-07,False
rs5750211,57,217,-0.270261,7.023e-07,False
rs5750211,57,218,-0.284574,1.73731e-07,False
rs5750211,57,219,-0.258906,1.98029e-06,False
rs5750211,57,220,-0.266334,1.05271e-06,False
rs5750211,57,221,-0.265745,1.09401e-06,False
rs5750211,57,222,-0.26296,1.45026e-06,False
rs5750211,57,223,-0.282381,2.39291e-07,False
rs5750211,57,224,-0.286656,1.65824e-07,False
rs5750211,57,225,-0.285505,1.90057e-07,False
rs5750211,57,226,-0.286928,1.7641e-07,False
rs5750211,57,227,-0.287846,1.6987e-07,False
rs5750211,57,228,-0.290105,1.45857e-07,False
rs5750211,57,229,-0.293496,1.1708e-07,False
rs5750211,57,230,-0.29725,8.89257e-08,False
rs5750211,57,231,-0.283938,3.65356e-07,False
rs5750211,57,232,-0.304193,5.569e-08,False
rs5750211,57,233,-0.317318,1.62328e-08,False
rs5750211,57,234,-0.316833,2.00284e-08,False
rs5750211,57,235,-0.32136,1.46244e-08,False
rs5750211,57,236,-0.320465,1.94592e-08,False
rs5750211,57,237,-0.321143,2.04898e-08,False
rs5750211,57,238,-0.318375,3.31189e-08,False
rs5750211,57,239,-0.322881,2.50715e-08,False
rs5750211,57,240,-0.321795,3.62016e-08,False
rs5750211,57,241,-0.31988,5.4687e-08,False
rs5750211,57,242,-0.321978,5.88327e-08,False
rs5750211,57,243,-0.335662,2.18178e-08,False
rs5750211,57,244,-0.325263,8.23133e-08,False
rs5750211,57,245,-0.332269,6.25634e-08,False
rs5750211,57,246,-0.320488,2.6735e-07,False
rs5750211,57,247,-0.334224,1.27774e-07,False
rs5750211,57,248,-0.337778,1.60122e-07,False
rs5750211,57,249,-0.343977,1.6137e-07,False
rs5750211,57,250,-0.344423,2.72216e-07,False
rs5750211,57,251,-0.343792,4.99453e-07,False
rs5750211,58,6,-0.120029,0.00838042,False
rs5750211,58,7,-0.121153,0.00720633,False
rs5750211,58,8,-0.122359,0.00611126,False
rs5750211,58,9,-0.130044,0.00327299,False
rs5750211,58,10,-0.133176,0.00239656,False
rs5750211,58,11,-0.131979,0.00243081,False
rs5750211,58,12,-0.122275,0.00471423,False
rs5750211,58,13,-0.120021,0.00530819,False
rs5750211,58,14,-0.13377,0.00183615,False
rs5750211,58,15,-0.135623,0.00155871,False
rs5750211,58,16,-0.130556,0.00232425,False
rs5750211,58,17,-0.108074,0.0117422,False
rs5750211,58,18,-0.132192,0.00204284,False
rs5750211,58,19,-0.132723,0.00196178,False
rs5750211,58,20,-0.127513,0.00306325,False
rs5750211,58,21,-0.150856,0.000479774,False
rs5750211,58,22,-0.145853,0.000764513,False
rs5750211,58,23,-0.134184,0.00202194,False
rs5750211,58,24,-0.146025,0.000830208,False
rs5750211,58,25,-0.137877,0.00165815,False
rs5750211,58,26,-0.125046,0.00449977,False
rs5750211,58,27,-0.123618,0.00520254,False
rs5750211,58,28,-0.130117,0.00339903,False
rs5750211,58,29,-0.123357,0.00558357,False
rs5750211,58,30,-0.112316,0.0121732,False
rs5750211,58,31,-0.116456,0.00970721,False
rs5750211,58,32,-0.127739,0.0048015,False
rs5750211,58,33,-0.110523,0.0152371,False
rs5750211,58,34,-0.116007,0.0112998,False
rs5750211,58,35,-0.10742,0.0194407,False
rs5750211,58,36,-0.109309,0.0178518,False
rs5750211,58,37,-0.115206,0.0129612,False
rs5750211,58,38,-0.126333,0.00673185,False
rs5750211,58,39,-0.108021,0.0209264,False
rs5750211,58,40,-0.0985586,0.0359206,False
rs5750211,58,41,-0.100835,0.0330177,False
rs5750211,58,42,-0.117342,0.0134465,False
rs5750211,58,43,-0.101157,0.0342312,False
rs5750211,58,44,-0.120209,0.0123156,False
rs5750211,58,45,-0.109562,0.0231744,False
rs5750211,58,46,-0.105651,0.0293111,False
rs5750211,58,47,-0.108672,0.0256993,False
rs5750211,58,48,-0.102392,0.0363633,False
rs5750211,58,49,-0.116725,0.0175576,False
rs5750211,58,50,-0.118301,0.0165113,False
rs5750211,58,51,-0.116329,0.0187522,False
rs5750211,58,52,-0.107998,0.0296411,False
rs5750211,58,53,-0.0929079,0.0620984,False
rs5750211,58,54,-0.0954128,0.0561301,False
rs5750211,58,55,-0.0829829,0.0976164,False
rs5750211,58,56,-0.0960283,0.0555557,False
rs5750211,58,57,-0.0991987,0.0482474,False
rs5750211,58,58,-0.0853638,0.0902929,False
rs5750211,58,59,-0.099751,0.048294,False
rs5750211,58,60,-0.109155,0.030588,False
rs5750211,58,61,-0.103067,0.041038,False
rs5750211,58,62,-0.0904196,0.0734333,False
rs5750211,58,63,-0.0827529,0.101802,False
rs5750211,58,64,-0.0967198,0.0555615,False
rs5750211,58,65,-0.102749,0.0420446,False
rs5750211,58,66,-0.104028,0.0392193,False
rs5750211,58,67,-0.103342,0.0402972,False
rs5750211,58,68,-0.0997636,0.0474031,False
rs5750211,58,69,-0.0898476,0.0742854,False
rs5750211,58,70,-0.0902283,0.0729495,False
rs5750211,58,71,-0.11077,0.0272789,False
rs5750211,58,72,-0.104784,0.0364487,False
rs5750211,58,73,-0.0999634,0.045463,False
rs5750211,58,74,-0.081168,0.104085,False
rs5750211,58,75,-0.0793806,0.1105,False
rs5750211,58,76,-0.074304,0.134986,False
rs5750211,58,77,-0.0658779,0.184239,False
rs5750211,58,78,-0.0684535,0.167727,False
rs5750211,58,79,-0.0728783,0.1404,False
rs5750211,58,80,-0.0651678,0.187489,False
rs5750211,58,81,-0.0618658,0.210314,False
rs5750211,58,82,-0.0492386,0.317912,False
rs5750211,58,83,-0.0546027,0.26712,False
rs5750211,58,84,-0.0573091,0.245187,False
rs5750211,58,85,-0.0432359,0.380865,False
rs5750211,58,86,-0.0410793,0.404941,False
rs5750211,58,87,-0.040878,0.408125,False
rs5750211,58,88,-0.0497019,0.314364,False
rs5750211,58,89,-0.0348713,0.481012,False
rs5750211,58,90,-0.0374454,0.450647,False
rs5750211,58,91,-0.0311546,0.531168,False
rs5750211,58,92,-0.0180568,0.71758,False
rs5750211,58,93,-0.0185898,0.710753,False
rs5750211,58,94,-0.0357924,0.477361,False
rs5750211,58,95,-0.0409306,0.418709,False
rs5750211,58,96,-0.0159433,0.754044,False
rs5750211,58,97,-0.0253134,0.620512,False
rs5750211,58,98,-0.0397734,0.43947,False
rs5750211,58,99,-0.024529,0.636307,False
rs5750211,58,100,-0.0183924,0.725456,False
rs5750211,58,101,-0.0172576,0.74367,False
rs5750211,58,102,-0.0101589,0.848473,False
rs5750211,58,103,-0.0206573,0.701295,False
rs5750211,58,104,-0.0139925,0.797155,False
rs5750211,58,105,-0.0363046,0.510323,False
rs5750211,58,106,-0.0154883,0.78192,False
rs5750211,58,107,-0.0195377,0.73096,False
rs5750211,58,108,-0.0338836,0.558195,False
rs5750211,58,109,-0.0330614,0.575743,False
rs5750211,58,110,-0.0326701,0.58804,False
rs5750211,58,111,-0.0285579,0.643739,False
rs5750211,58,112,-0.0202761,0.74817,False
rs5750211,58,113,-0.0415594,0.520731,False
rs5750211,58,114,-0.0606988,0.360222,False
rs5750211,58,115,-0.044498,0.511951,False
rs5750211,58,116,-0.0491905,0.478063,False
rs5750211,58,117,-0.0480766,0.496547,False
rs5750211,58,118,-0.0685004,0.340599,False
rs5750211,58,119,-0.0653358,0.370037,False
rs5750211,58,120,-0.0642279,0.382898,False
rs5750211,58,121,-0.0670338,0.366346,False
rs5750211,58,122,-0.0570823,0.444674,False
rs5750211,58,123,-0.0516422,0.491211,False
rs5750211,58,124,-0.0478009,0.525112,False
rs5750211,58,125,-0.0530807,0.481402,False
rs5750211,58,126,-0.0493708,0.513341,False
rs5750211,58,127,-0.0442807,0.557809,False
rs5750211,58,128,-0.0320884,0.671029,False
rs5750211,58,129,-0.0282754,0.708005,False
rs5750211,58,130,-0.0264847,0.725484,False
rs5750211,58,131,-0.0121921,0.871294,False
rs5750211,58,132,-0.0131444,0.861106,False
rs5750211,58,133,-0.000215264,0.99771,False
rs5750211,58,134,-0.0119815,0.87267,False
rs5750211,58,135,-0.00378578,0.959387,False
rs5750211,58,136,0.00587854,0.936563,False
rs5750211,58,137,-0.00127333,0.986124,False
rs5750211,58,138,-0.0128483,0.859156,False
rs5750211,58,139,-0.0070874,0.921199,False
rs5750211,58,140,0.00855607,0.903711,False
rs5750211,58,141,0.0128048,0.854206,False
rs5750211,58,142,0.017107,0.803035,False
rs5750211,58,143,-0.00491345,0.942012,False
rs5750211,58,144,-0.0186524,0.778831,False
rs5750211,58,145,-0.0146362,0.823045,False
rs5750211,58,146,-0.0160849,0.803041,False
rs5750211,58,147,-0.0300826,0.636092,False
rs5750211,58,148,-0.0355906,0.570281,False
rs5750211,58,149,-0.017244,0.780549,False
rs5750211,58,150,-0.0299778,0.623985,False
rs5750211,58,151,-0.0434455,0.472372,False
rs5750211,58,152,-0.0340263,0.569239,False
rs5750211,58,153,-0.0267734,0.650937,False
rs5750211,58,154,-0.050323,0.389809,False
rs5750211,58,155,-0.0524211,0.365308,False
rs5750211,58,156,-0.0680959,0.235511,False
rs5750211,58,157,-0.072577,0.201684,False
rs5750211,58,158,-0.0861382,0.126621,False
rs5750211,58,159,-0.0691064,0.215588,False
rs5750211,58,160,-0.0591306,0.285114,False
rs5750211,58,161,-0.0646651,0.239377,False
rs5750211,58,162,-0.0758254,0.163957,False
rs5750211,58,163,-0.095708,0.0768676,False
rs5750211,58,164,-0.101166,0.059828,False
rs5750211,58,165,-0.104169,0.0514498,False
rs5750211,58,166,-0.113253,0.0333133,False
rs5750211,58,167,-0.113085,0.0325879,False
rs5750211,58,168,-0.118515,0.0244022,False
rs5750211,58,169,-0.115602,0.0276476,False
rs5750211,58,170,-0.127452,0.0150377,False
rs5750211,58,171,-0.128842,0.0138872,False
rs5750211,58,172,-0.126381,0.0154866,False
rs5750211,58,173,-0.136839,0.00870286,False
rs5750211,58,174,-0.141396,0.0067596,False
rs5750211,58,175,-0.145278,0.00539354,False
rs5750211,58,176,-0.149912,0.00411016,False
rs5750211,58,177,-0.144161,0.00582417,False
rs5750211,58,178,-0.174562,0.000865616,False
rs5750211,58,179,-0.175088,0.000855596,False
rs5750211,58,180,-0.172119,0.0010771,False
rs5750211,58,181,-0.173583,0.000999371,False
rs5750211,58,182,-0.195425,0.000217754,False
rs5750211,58,183,-0.19174,0.000295923,False
rs5750211,58,184,-0.190084,0.000341598,False
rs5750211,58,185,-0.1982,0.000195136,False
rs5750211,58,186,-0.205943,0.000113996,False
rs5750211,58,187,-0.207334,0.000104453,False
rs5750211,58,188,-0.221794,3.48905e-05,False
rs5750211,58,189,-0.216319,5.53174e-05,False
rs5750211,58,190,-0.211171,8.56801e-05,False
rs5750211,58,191,-0.21126,9.18118e-05,False
rs5750211,58,192,-0.210637,9.67707e-05,False
rs5750211,58,193,-0.227799,2.58479e-05,False
rs5750211,58,194,-0.234593,1.52123e-05,False
rs5750211,58,195,-0.240695,9.28053e-06,False
rs5750211,58,196,-0.250991,3.93097e-06,False
rs5750211,58,197,-0.251079,4.03518e-06,False
rs5750211,58,198,-0.245498,6.76946e-06,False
rs5750211,58,199,-0.24705,6.21427e-06,False
rs5750211,58,200,-0.24172,9.74061e-06,False
rs5750211,58,201,-0.250688,4.61765e-06,False
rs5750211,58,202,-0.259337,2.12322e-06,False
rs5750211,58,203,-0.256865,2.62376e-06,False
rs5750211,58,204,-0.256347,2.84265e-06,False
rs5750211,58,205,-0.271172,7.213e-07,False
rs5750211,58,206,-0.255403,3.09164e-06,False
rs5750211,58,207,-0.260204,2.02421e-06,False
rs5750211,58,208,-0.256022,2.91977e-06,False
rs5750211,58,209,-0.254258,3.40514e-06,False
rs5750211,58,210,-0.266742,1.07484e-06,False
rs5750211,58,211,-0.257829,2.34994e-06,False
rs5750211,58,212,-0.250684,4.48912e-06,False
rs5750211,58,213,-0.261616,1.63872e-06,False
rs5750211,58,214,-0.253757,3.25298e-06,False
rs5750211,58,215,-0.259594,1.92358e-06,False
rs5750211,58,216,-0.273775,5.13555e-07,False
rs5750211,58,217,-0.265002,1.17001e-06,False
rs5750211,58,218,-0.275359,4.57655e-07,False
rs5750211,58,219,-0.276856,3.94848e-07,False
rs5750211,58,220,-0.265862,1.10522e-06,False
rs5750211,58,221,-0.275211,4.68087e-07,False
rs5750211,58,222,-0.281322,2.61957e-07,False
rs5750211,58,223,-0.280454,3.05155e-07,False
rs5750211,58,224,-0.291164,1.08087e-07,False
rs5750211,58,225,-0.293957,8.88133e-08,False
rs5750211,58,226,-0.287848,1.69729e-07,False
rs5750211,58,227,-0.293694,1.01783e-07,False
rs5750211,58,228,-0.309068,2.27103e-08,False
rs5750211,58,229,-0.30609,3.34591e-08,False
rs5750211,58,230,-0.291394,1.58587e-07,False
rs5750211,58,231,-0.297125,1.0243e-07,False
rs5750211,58,232,-0.313166,2.29513e-08,False
rs5750211,58,233,-0.291478,2.17596e-07,False
rs5750211,58,234,-0.306141,5.90652e-08,False
rs5750211,58,235,-0.307752,5.95504e-08,False
rs5750211,58,236,-0.309838,5.37901e-08,False
rs5750211,58,237,-0.306058,9.56762e-08,False
rs5750211,58,238,-0.29655,2.80019e-07,False
rs5750211,58,239,-0.31235,7.51089e-08,False
rs5750211,58,240,-0.318256,5.21513e-08,False
rs5750211,58,241,-0.332143,1.73433e-08,False
rs5750211,58,242,-0.325656,4.24807e-08,False
rs5750211,58,243,-0.331744,3.13706e-08,False
rs5750211,58,244,-0.341148,1.89994e-08,False
rs5750211,58,245,-0.366271,2.4771e-09,False
rs5750211,58,246,-0.345538,2.83513e-08,False
rs5750211,58,247,-0.347192,3.9511e-08,False
rs5750211,58,248,-0.355123,3.25799e-08,False
rs5750211,58,249,-0.370593,1.56341e-08,False
rs5750211,58,250,-0.370169,3.04032e-08,False
rs5750211,58,251,-0.376853,3.30499e-08,False
rs5750211,59,6,-0.15008,0.00110651,False
rs5750211,59,7,-0.13145,0.00386858,False
rs5750211,59,8,-0.128041,0.00452534,False
rs5750211,59,9,-0.143306,0.00128405,False
rs5750211,59,10,-0.12321,0.00522785,False
rs5750211,59,11,-0.136359,0.00180124,False
rs5750211,59,12,-0.134626,0.00201651,False
rs5750211,59,13,-0.120561,0.00552404,False
rs5750211,59,14,-0.126192,0.0035252,False
rs5750211,59,15,-0.122257,0.0047022,False
rs5750211,59,16,-0.124746,0.0038386,False
rs5750211,59,17,-0.122249,0.00451436,False
rs5750211,59,18,-0.116223,0.00702481,False
rs5750211,59,19,-0.117499,0.00652854,False
rs5750211,59,20,-0.126069,0.00354537,False
rs5750211,59,21,-0.130677,0.00257862,False
rs5750211,59,22,-0.127983,0.00328461,False
rs5750211,59,23,-0.110922,0.0109336,False
rs5750211,59,24,-0.114271,0.00896659,False
rs5750211,59,25,-0.109345,0.0127997,False
rs5750211,59,26,-0.124891,0.00462734,False
rs5750211,59,27,-0.120001,0.00678054,False
rs5750211,59,28,-0.126292,0.00450742,False
rs5750211,59,29,-0.1527,0.000633324,False
rs5750211,59,30,-0.120607,0.00717452,False
rs5750211,59,31,-0.115649,0.0103181,False
rs5750211,59,32,-0.103924,0.0214998,False
rs5750211,59,33,-0.113748,0.0124399,False
rs5750211,59,34,-0.110379,0.0158672,False
rs5750211,59,35,-0.113966,0.0131684,False
rs5750211,59,36,-0.110213,0.017086,False
rs5750211,59,37,-0.109236,0.0188274,False
rs5750211,59,38,-0.106774,0.0222352,False
rs5750211,59,39,-0.105982,0.0239236,False
rs5750211,59,40,-0.10657,0.0238291,False
rs5750211,59,41,-0.101935,0.0316009,False
rs5750211,59,42,-0.108652,0.0226933,False
rs5750211,59,43,-0.101172,0.0345236,False
rs5750211,59,44,-0.100972,0.035995,False
rs5750211,59,45,-0.0974611,0.044171,False
rs5750211,59,46,-0.0846591,0.0812261,False
rs5750211,59,47,-0.105661,0.0303248,False
rs5750211,59,48,-0.110234,0.0245889,False
rs5750211,59,49,-0.105952,0.0317818,False
rs5750211,59,50,-0.104977,0.0341085,False
rs5750211,59,51,-0.0981006,0.0481851,False
rs5750211,59,52,-0.113888,0.0224866,False
rs5750211,59,53,-0.102634,0.0402795,False
rs5750211,59,54,-0.103585,0.0386887,False
rs5750211,59,55,-0.104659,0.0372286,False
rs5750211,59,56,-0.101497,0.0438964,False
rs5750211,59,57,-0.0972016,0.0543276,False
rs5750211,59,58,-0.102908,0.0417768,False
rs5750211,59,59,-0.109222,0.030674,False
rs5750211,59,60,-0.0994703,0.0491479,False
rs5750211,59,61,-0.0879284,0.0824756,False
rs5750211,59,62,-0.100307,0.047451,False
rs5750211,59,63,-0.0945687,0.0616363,False
rs5750211,59,64,-0.0929318,0.0662567,False
rs5750211,59,65,-0.0759869,0.133286,False
rs5750211,59,66,-0.100703,0.0463309,False
rs5750211,59,67,-0.100828,0.0456137,False
rs5750211,59,68,-0.0927098,0.0658203,False
rs5750211,59,69,-0.0953401,0.0585658,False
rs5750211,59,70,-0.0950539,0.0591539,False
rs5750211,59,71,-0.0867184,0.0843236,False
rs5750211,59,72,-0.0809348,0.105888,False
rs5750211,59,73,-0.0823199,0.0998212,False
rs5750211,59,74,-0.0825701,0.097657,False
rs5750211,59,75,-0.0721228,0.147637,False
rs5750211,59,76,-0.0660227,0.184269,False
rs5750211,59,77,-0.0821445,0.0975233,False
rs5750211,59,78,-0.0795412,0.108542,False
rs5750211,59,79,-0.0712897,0.150024,False
rs5750211,59,80,-0.0595979,0.228662,False
rs5750211,59,81,-0.0597024,0.226916,False
rs5750211,59,82,-0.055933,0.257395,False
rs5750211,59,83,-0.0689728,0.162995,False
rs5750211,59,84,-0.0574554,0.244752,False
rs5750211,59,85,-0.0557133,0.259801,False
rs5750211,59,86,-0.0329564,0.504218,False
rs5750211,59,87,-0.0413815,0.402588,False
rs5750211,59,88,-0.0373025,0.451774,False
rs5750211,59,89,-0.039805,0.423022,False
rs5750211,59,90,-0.0252698,0.611545,False
rs5750211,59,91,-0.0133912,0.788646,False
rs5750211,59,92,-0.0158255,0.752187,False
rs5750211,59,93,-0.0215265,0.668472,False
rs5750211,59,94,-0.0236582,0.639602,False
rs5750211,59,95,-0.0271728,0.593037,False
rs5750211,59,96,-0.0084297,0.869032,False
rs5750211,59,97,-0.0129141,0.802003,False
rs5750211,59,98,-0.0397655,0.443228,False
rs5750211,59,99,-0.0171558,0.74274,False
rs5750211,59,100,-0.00400504,0.939456,False
rs5750211,59,101,-0.00962523,0.856746,False
rs5750211,59,102,-0.00882124,0.869913,False
rs5750211,59,103,-0.00617024,0.909887,False
rs5750211,59,104,-0.0125039,0.820937,False
rs5750211,59,105,-0.020813,0.710517,False
rs5750211,59,106,-0.0220352,0.69863,False
rs5750211,59,107,-0.0380725,0.511626,False
rs5750211,59,108,-0.0191904,0.745944,False
rs5750211,59,109,-0.0284904,0.638215,False
rs5750211,59,110,-0.0446689,0.471019,False
rs5750211,59,111,-0.0321863,0.612432,False
rs5750211,59,112,-0.0394619,0.544619,False
rs5750211,59,113,-0.0511309,0.443589,False
rs5750211,59,114,-0.0486512,0.475794,False
rs5750211,59,115,-0.0609476,0.381477,False
rs5750211,59,116,-0.0614444,0.385004,False
rs5750211,59,117,-0.0580892,0.417868,False
rs5750211,59,118,-0.0574996,0.427704,False
rs5750211,59,119,-0.0647062,0.37504,False
rs5750211,59,120,-0.0779793,0.286999,False
rs5750211,59,121,-0.0791393,0.281107,False
rs5750211,59,122,-0.0609004,0.406984,False
rs5750211,59,123,-0.0693092,0.345795,False
rs5750211,59,124,-0.0524657,0.475378,False
rs5750211,59,125,-0.0506237,0.490459,False
rs5750211,59,126,-0.0515608,0.482229,False
rs5750211,59,127,-0.0457893,0.532978,False
rs5750211,59,128,-0.0452304,0.537569,False
rs5750211,59,129,-0.0408816,0.577098,False
rs5750211,59,130,-0.0165212,0.821769,False
rs5750211,59,131,-0.0196122,0.789266,False
rs5750211,59,132,-0.0327402,0.655687,False
rs5750211,59,133,-0.0220351,0.764328,False
rs5750211,59,134,-0.020881,0.776387,False
rs5750211,59,135,-0.019902,0.786528,False
rs5750211,59,136,-0.0170247,0.816476,False
rs5750211,59,137,-0.0132736,0.856128,False
rs5750211,59,138,-0.00134416,0.985296,False
rs5750211,59,139,-0.000852945,0.990596,False
rs5750211,59,140,0.0045679,0.949211,False
rs5750211,59,141,0.00797277,0.910452,False
rs5750211,59,142,0.00722916,0.917631,False
rs5750211,59,143,0.00602148,0.930406,False
rs5750211,59,144,0.000311446,0.996341,False
rs5750211,59,145,0.00456133,0.945602,False
rs5750211,59,146,-0.0111499,0.865242,False
rs5750211,59,147,-0.00840508,0.896719,False
rs5750211,59,148,-0.0260617,0.682575,False
rs5750211,59,149,-0.0257548,0.681743,False
rs5750211,59,150,-0.0318977,0.606976,False
rs5750211,59,151,-0.0251075,0.681449,False
rs5750211,59,152,-0.0278668,0.644837,False
rs5750211,59,153,-0.0311306,0.60256,False
rs5750211,59,154,-0.0510593,0.388333,False
rs5750211,59,155,-0.0499595,0.39318,False
rs5750211,59,156,-0.0553802,0.338966,False
rs5750211,59,157,-0.0446939,0.435765,False
rs5750211,59,158,-0.0439059,0.439876,False
rs5750211,59,159,-0.0519167,0.356496,False
rs5750211,59,160,-0.0586292,0.29356,False
rs5750211,59,161,-0.0770722,0.162798,False
rs5750211,59,162,-0.0635568,0.246496,False
rs5750211,59,163,-0.0696299,0.200814,False
rs5750211,59,164,-0.0881337,0.10318,False
rs5750211,59,165,-0.0895854,0.0954777,False
rs5750211,59,166,-0.10035,0.0601753,False
rs5750211,59,167,-0.101031,0.0570218,False
rs5750211,59,168,-0.101199,0.0554792,False
rs5750211,59,169,-0.114679,0.0294891,False
rs5750211,59,170,-0.124621,0.0175505,False
rs5750211,59,171,-0.118771,0.0234004,False
rs5750211,59,172,-0.124204,0.017518,False
rs5750211,59,173,-0.118887,0.0227825,False
rs5750211,59,174,-0.1235,0.0180119,False
rs5750211,59,175,-0.130718,0.0122301,False
rs5750211,59,176,-0.147219,0.00478464,False
rs5750211,59,177,-0.151196,0.00380607,False
rs5750211,59,178,-0.154495,0.00317537,False
rs5750211,59,179,-0.167212,0.0014213,False
rs5750211,59,180,-0.152051,0.00382072,False
rs5750211,59,181,-0.166942,0.00151984,False
rs5750211,59,182,-0.169715,0.00128263,False
rs5750211,59,183,-0.171567,0.00118616,False
rs5750211,59,184,-0.180601,0.000653323,False
rs5750211,59,185,-0.176781,0.000878538,False
rs5750211,59,186,-0.186765,0.000456768,False
rs5750211,59,187,-0.202847,0.00014451,False
rs5750211,59,188,-0.183358,0.000616882,False
rs5750211,59,189,-0.184679,0.000567898,False
rs5750211,59,190,-0.200239,0.000192536,False
rs5750211,59,191,-0.205899,0.000134636,False
rs5750211,59,192,-0.224215,3.32127e-05,False
rs5750211,59,193,-0.22607,2.83518e-05,False
rs5750211,59,194,-0.231807,1.78667e-05,False
rs5750211,59,195,-0.228351,2.4584e-05,False
rs5750211,59,196,-0.23104,2.03482e-05,False
rs5750211,59,197,-0.213411,8.52723e-05,False
rs5750211,59,198,-0.23434,1.6528e-05,False
rs5750211,59,199,-0.242606,8.47675e-06,False
rs5750211,59,200,-0.249255,4.93785e-06,False
rs5750211,59,201,-0.252794,3.71176e-06,False
rs5750211,59,202,-0.24975,4.76137e-06,False
rs5750211,59,203,-0.25236,3.74182e-06,False
rs5750211,59,204,-0.253288,3.48908e-06,False
rs5750211,59,205,-0.251594,4.18301e-06,False
rs5750211,59,206,-0.239097,1.20375e-05,False
rs5750211,59,207,-0.253902,3.35104e-06,False
rs5750211,59,208,-0.266976,1.0047e-06,False
rs5750211,59,209,-0.254214,3.17431e-06,False
rs5750211,59,210,-0.251125,4.15262e-06,False
rs5750211,59,211,-0.252474,3.69125e-06,False
rs5750211,59,212,-0.25495,2.80863e-06,False
rs5750211,59,213,-0.267759,8.47253e-07,False
rs5750211,59,214,-0.271971,5.7709e-07,False
rs5750211,59,215,-0.28192,2.2032e-07,False
rs5750211,59,216,-0.272242,5.64211e-07,False
rs5750211,59,217,-0.282763,2.08157e-07,False
rs5750211,59,218,-0.276532,3.77003e-07,False
rs5750211,59,219,-0.27316,5.33283e-07,False
rs5750211,59,220,-0.271981,5.93446e-07,False
rs5750211,59,221,-0.279994,2.75526e-07,False
rs5750211,59,222,-0.295908,5.69225e-08,False
rs5750211,59,223,-0.297809,4.91866e-08,False
rs5750211,59,224,-0.300688,3.71346e-08,False
rs5750211,59,225,-0.308589,1.72438e-08,False
rs5750211,59,226,-0.305217,2.61579e-08,False
rs5750211,59,227,-0.317681,7.39449e-09,False
rs5750211,59,228,-0.323593,4.28121e-09,False
rs5750211,59,229,-0.329982,2.30024e-09,False
rs5750211,59,230,-0.33111,2.34409e-09,False
rs5750211,59,231,-0.328915,3.45673e-09,False
rs5750211,59,232,-0.342022,9.38352e-10,False
rs5750211,59,233,-0.347579,5.8612e-10,False
rs5750211,59,234,-0.343506,1.03964e-09,False
rs5750211,59,235,-0.336124,2.94584e-09,False
rs5750211,59,236,-0.345359,1.30398e-09,False
rs5750211,59,237,-0.344394,1.72293e-09,False
rs5750211,59,238,-0.357366,5.37549e-10,False
rs5750211,59,239,-0.362155,4.12124e-10,False
rs5750211,59,240,-0.355404,1.11435e-09,False
rs5750211,59,241,-0.351932,2.16794e-09,False
rs5750211,59,242,-0.34048,9.52415e-09,False
rs5750211,59,243,-0.333237,2.53449e-08,False
rs5750211,59,244,-0.346376,1.02171e-08,False
rs5750211,59,245,-0.350468,1.07804e-08,False
rs5750211,59,246,-0.346231,2.58375e-08,False
rs5750211,59,247,-0.344459,4.91497e-08,False
rs5750211,59,248,-0.356618,2.78726e-08,False
rs5750211,59,249,-0.343176,1.5825e-07,False
rs5750211,59,250,-0.364702,4.74422e-08,False
rs5750211,59,251,-0.354815,1.93959e-07,False
rs5750211,60,6,-0.120397,0.0089679,False
rs5750211,60,7,-0.12594,0.00573025,False
rs5750211,60,8,-0.133904,0.00293291,False
rs5750211,60,9,-0.122556,0.00597156,False
rs5750211,60,10,-0.121008,0.00613211,False
rs5750211,60,11,-0.123649,0.00478655,False
rs5750211,60,12,-0.103646,0.0171409,False
rs5750211,60,13,-0.131671,0.0023424,False
rs5750211,60,14,-0.127238,0.00317878,False
rs5750211,60,15,-0.113042,0.00860041,False
rs5750211,60,16,-0.130199,0.00247301,False
rs5750211,60,17,-0.114087,0.00797486,False
rs5750211,60,18,-0.125127,0.0036961,False
rs5750211,60,19,-0.120732,0.00510704,False
rs5750211,60,20,-0.121336,0.00502655,False
rs5750211,60,21,-0.0961288,0.0266945,False
rs5750211,60,22,-0.106189,0.0146463,False
rs5750211,60,23,-0.132367,0.00242277,False
rs5750211,60,24,-0.104069,0.0174749,False
rs5750211,60,25,-0.113294,0.00989515,False
rs5750211,60,26,-0.112169,0.0110036,False
rs5750211,60,27,-0.119092,0.00723042,False
rs5750211,60,28,-0.114921,0.00988936,False
rs5750211,60,29,-0.115677,0.00980046,False
rs5750211,60,30,-0.108173,0.0162243,False
rs5750211,60,31,-0.122992,0.00658339,False
rs5750211,60,32,-0.102509,0.0240141,False
rs5750211,60,33,-0.103079,0.0240914,False
rs5750211,60,34,-0.116224,0.0114758,False
rs5750211,60,35,-0.105349,0.0225871,False
rs5750211,60,36,-0.101109,0.029083,False
rs5750211,60,37,-0.10523,0.0240291,False
rs5750211,60,38,-0.108982,0.0200628,False
rs5750211,60,39,-0.107305,0.0227642,False
rs5750211,60,40,-0.108436,0.0220117,False
rs5750211,60,41,-0.123291,0.00945474,False
rs5750211,60,42,-0.1154,0.0159504,False
rs5750211,60,43,-0.118084,0.0141139,False
rs5750211,60,44,-0.127099,0.0086289,False
rs5750211,60,45,-0.125173,0.0101286,False
rs5750211,60,46,-0.126327,0.00975514,False
rs5750211,60,47,-0.125432,0.0105826,False
rs5750211,60,48,-0.138281,0.00499458,False
rs5750211,60,49,-0.133644,0.00688208,False
rs5750211,60,50,-0.121929,0.0142798,False
rs5750211,60,51,-0.135192,0.0067373,False
rs5750211,60,52,-0.118065,0.0182809,False
rs5750211,60,53,-0.107364,0.0323608,False
rs5750211,60,54,-0.106527,0.0341627,False
rs5750211,60,55,-0.106733,0.0341931,False
rs5750211,60,56,-0.111692,0.0269097,False
rs5750211,60,57,-0.100226,0.047565,False
rs5750211,60,58,-0.102288,0.0434008,False
rs5750211,60,59,-0.109115,0.0314933,False
rs5750211,60,60,-0.0979494,0.0534418,False
rs5750211,60,61,-0.111305,0.0283413,False
rs5750211,60,62,-0.102954,0.0424305,False
rs5750211,60,63,-0.114993,0.023491,False
rs5750211,60,64,-0.0990222,0.0507931,False
rs5750211,60,65,-0.0876551,0.0835255,False
rs5750211,60,66,-0.0901769,0.0748562,False
rs5750211,60,67,-0.104846,0.0381434,False
rs5750211,60,68,-0.0987824,0.0511342,False
rs5750211,60,69,-0.10371,0.0401095,False
rs5750211,60,70,-0.083438,0.0979153,False
rs5750211,60,71,-0.0950979,0.0587776,False
rs5750211,60,72,-0.0729091,0.146495,False
rs5750211,60,73,-0.0766756,0.125932,False
rs5750211,60,74,-0.0830855,0.0969831,False
rs5750211,60,75,-0.0749107,0.13387,False
rs5750211,60,76,-0.0606572,0.224714,False
rs5750211,60,77,-0.0625804,0.209178,False
rs5750211,60,78,-0.0698415,0.160029,False
rs5750211,60,79,-0.0756895,0.127678,False
rs5750211,60,80,-0.0585603,0.237395,False
rs5750211,60,81,-0.0548798,0.268212,False
rs5750211,60,82,-0.0549456,0.267175,False
rs5750211,60,83,-0.0382524,0.439811,False
rs5750211,60,84,-0.0304499,0.538411,False
rs5750211,60,85,-0.042425,0.391789,False
rs5750211,60,86,-0.0411979,0.405791,False
rs5750211,60,87,-0.0285249,0.565725,False
rs5750211,60,88,-0.0312949,0.52963,False
rs5750211,60,89,-0.0451453,0.365618,False
rs5750211,60,90,-0.0478882,0.337738,False
rs5750211,60,91,-0.027715,0.580576,False
rs5750211,60,92,-0.0427975,0.395654,False
rs5750211,60,93,-0.0515128,0.308256,False
rs5750211,60,94,-0.0396828,0.435093,False
rs5750211,60,95,-0.0211449,0.679128,False
rs5750211,60,96,-0.0267743,0.602854,False
rs5750211,60,97,-0.0182065,0.72515,False
rs5750211,60,98,-0.0135672,0.794986,False
rs5750211,60,99,-0.00998978,0.849547,False
rs5750211,60,100,-0.0191393,0.718539,False
rs5750211,60,101,-0.0330011,0.538567,False
rs5750211,60,102,-0.0140881,0.795423,False
rs5750211,60,103,-0.0115261,0.834059,False
rs5750211,60,104,-0.0177216,0.751684,False
rs5750211,60,105,-0.00220717,0.969081,False
rs5750211,60,106,-0.01166,0.840522,False
rs5750211,60,107,-0.0176948,0.764631,False
rs5750211,60,108,-0.0160922,0.790168,False
rs5750211,60,109,-0.0242266,0.695858,False
rs5750211,60,110,-0.0143602,0.821223,False
rs5750211,60,111,-0.0299657,0.644937,False
rs5750211,60,112,-0.0133967,0.840598,False
rs5750211,60,113,-0.0160571,0.813394,False
rs5750211,60,114,-0.0319683,0.645137,False
rs5750211,60,115,-0.0549436,0.434604,False
rs5750211,60,116,-0.0528602,0.456859,False
rs5750211,60,117,-0.0463938,0.517369,False
rs5750211,60,118,-0.0533425,0.458125,False
rs5750211,60,119,-0.0445901,0.535352,False
rs5750211,60,120,-0.0621286,0.387727,False
rs5750211,60,121,-0.0474067,0.508498,False
rs5750211,60,122,-0.0468644,0.512348,False
rs5750211,60,123,-0.0425099,0.551455,False
rs5750211,60,124,-0.0474549,0.504972,False
rs5750211,60,125,-0.0479646,0.499693,False
rs5750211,60,126,-0.0478982,0.499572,False
rs5750211,60,127,-0.0493238,0.486678,False
rs5750211,60,128,-0.0342447,0.628965,False
rs5750211,60,129,-0.0258894,0.714976,False
rs5750211,60,130,-0.0286202,0.686396,False
rs5750211,60,131,-0.0266114,0.707673,False
rs5750211,60,132,-0.0313579,0.659152,False
rs5750211,60,133,-0.0172177,0.808936,False
rs5750211,60,134,-0.0090228,0.899552,False
rs5750211,60,135,0.00772869,0.914144,False
rs5750211,60,136,0.000674904,0.992524,False
rs5750211,60,137,-0.00135332,0.985061,False
rs5750211,60,138,0.00269047,0.970313,False
rs5750211,60,139,-0.00602864,0.933395,False
rs5750211,60,140,-0.00376041,0.958259,False
rs5750211,60,141,0.000699547,0.992184,False
rs5750211,60,142,-0.00453144,0.948863,False
rs5750211,60,143,-0.00525659,0.940025,False
rs5750211,60,144,-0.0244241,0.722862,False
rs5750211,60,145,-0.01907,0.778782,False
rs5750211,60,146,-0.014762,0.825226,False
rs5750211,60,147,-0.0332773,0.612947,False
rs5750211,60,148,-0.0194074,0.764145,False
rs5750211,60,149,-0.0147267,0.81726,False
rs5750211,60,150,-0.0200856,0.748864,False
rs5750211,60,151,-0.0283325,0.647409,False
rs5750211,60,152,-0.0536759,0.380055,False
rs5750211,60,153,-0.050431,0.403966,False
rs5750211,60,154,-0.0612037,0.305142,False
rs5750211,60,155,-0.0619751,0.293705,False
rs5750211,60,156,-0.0686304,0.239946,False
rs5750211,60,157,-0.0776146,0.179522,False
rs5750211,60,158,-0.0721751,0.207663,False
rs5750211,60,159,-0.0718746,0.204453,False
rs5750211,60,160,-0.0755841,0.178401,False
rs5750211,60,161,-0.0705037,0.205736,False
rs5750211,60,162,-0.0735189,0.183358,False
rs5750211,60,163,-0.089743,0.101256,False
rs5750211,60,164,-0.0888829,0.102046,False
rs5750211,60,165,-0.0948172,0.0787905,False
rs5750211,60,166,-0.0933716,0.081511,False
rs5750211,60,167,-0.111655,0.0361872,False
rs5750211,60,168,-0.104104,0.0497554,False
rs5750211,60,169,-0.11008,0.0372057,False
rs5750211,60,170,-0.114566,0.0296519,False
rs5750211,60,171,-0.1268,0.0157239,False
rs5750211,60,172,-0.142437,0.00656953,False
rs5750211,60,173,-0.142564,0.0064149,False
rs5750211,60,174,-0.165904,0.00153442,False
rs5750211,60,175,-0.144211,0.00582897,False
rs5750211,60,176,-0.135313,0.00967544,False
rs5750211,60,177,-0.143117,0.0061973,False
rs5750211,60,178,-0.158071,0.00254664,False
rs5750211,60,179,-0.163171,0.00185408,False
rs5750211,60,180,-0.171799,0.00106773,False
rs5750211,60,181,-0.188593,0.000341232,False
rs5750211,60,182,-0.194028,0.000237312,False
rs5750211,60,183,-0.187543,0.000394185,False
rs5750211,60,184,-0.185911,0.000450571,False
rs5750211,60,185,-0.187025,0.000425827,False
rs5750211,60,186,-0.193093,0.000273584,False
rs5750211,60,187,-0.208043,9.30474e-05,False
rs5750211,60,188,-0.19678,0.000223578,False
rs5750211,60,189,-0.19822,0.000211753,False
rs5750211,60,190,-0.215069,6.18832e-05,False
rs5750211,60,191,-0.21468,6.70184e-05,False
rs5750211,60,192,-0.228713,2.23023e-05,False
rs5750211,60,193,-0.24149,7.82194e-06,False
rs5750211,60,194,-0.233332,1.56156e-05,False
rs5750211,60,195,-0.230857,1.97775e-05,False
rs5750211,60,196,-0.237274,1.21677e-05,False
rs5750211,60,197,-0.245486,6.32138e-06,False
rs5750211,60,198,-0.243683,7.55574e-06,False
rs5750211,60,199,-0.249635,4.62493e-06,False
rs5750211,60,200,-0.246457,6.29505e-06,False
rs5750211,60,201,-0.247131,6.02676e-06,False
rs5750211,60,202,-0.249105,5.03738e-06,False
rs5750211,60,203,-0.25997,1.9032e-06,False
rs5750211,60,204,-0.262082,1.58917e-06,False
rs5750211,60,205,-0.249556,4.84888e-06,False
rs5750211,60,206,-0.266931,1.0408e-06,False
rs5750211,60,207,-0.280255,2.96906e-07,False
rs5750211,60,208,-0.254787,3.08748e-06,False
rs5750211,60,209,-0.271241,6.74665e-07,False
rs5750211,60,210,-0.276023,4.17163e-07,False
rs5750211,60,211,-0.289251,1.13336e-07,False
rs5750211,60,212,-0.280329,2.78635e-07,False
rs5750211,60,213,-0.283289,2.04018e-07,False
rs5750211,60,214,-0.281288,2.47231e-07,False
rs5750211,60,215,-0.278904,3.04379e-07,False
rs5750211,60,216,-0.292501,7.36201e-08,False
rs5750211,60,217,-0.306509,1.75747e-08,False
rs5750211,60,218,-0.295194,5.58722e-08,False
rs5750211,60,219,-0.29465,5.88047e-08,False
rs5750211,60,220,-0.291189,8.46681e-08,False
rs5750211,60,221,-0.282898,1.98494e-07,False
rs5750211,60,222,-0.296791,5.1531e-08,False
rs5750211,60,223,-0.291661,8.77845e-08,False
rs5750211,60,224,-0.294101,7.08294e-08,False
rs5750211,60,225,-0.304547,2.5447e-08,False
rs5750211,60,226,-0.307587,1.93405e-08,False
rs5750211,60,227,-0.313247,1.1449e-08,False
rs5750211,60,228,-0.299546,5.3962e-08,False
rs5750211,60,229,-0.30855,2.37307e-08,False
rs5750211,60,230,-0.313226,1.57875e-08,False
rs5750211,60,231,-0.335979,1.55236e-09,False
rs5750211,60,232,-0.337999,1.38719e-09,False
rs5750211,60,233,-0.326747,5.41554e-09,False
rs5750211,60,234,-0.345893,8.18928e-10,False
rs5750211,60,235,-0.346784,8.7462e-10,False
rs5750211,60,236,-0.345375,1.2657e-09,False
rs5750211,60,237,-0.341807,2.35655e-09,False
rs5750211,60,238,-0.321635,2.257e-08,False
rs5750211,60,239,-0.334956,6.97915e-09,False
rs5750211,60,240,-0.34343,3.63319e-09,False
rs5750211,60,241,-0.332485,1.47445e-08,False
rs5750211,60,242,-0.334205,1.71221e-08,False
rs5750211,60,243,-0.332465,2.78973e-08,False
rs5750211,60,244,-0.325971,6.90811e-08,False
rs5750211,60,245,-0.340473,2.58021e-08,False
rs5750211,60,246,-0.328105,1.22753e-07,False
rs5750211,60,247,-0.340878,6.30856e-08,False
rs5750211,60,248,-0.315247,8.48511e-07,False
rs5750211,60,249,-0.339702,1.89365e-07,False
rs5750211,60,250,-0.348961,1.56855e-07,False
rs5750211,60,251,-0.346576,3.33984e-07,False
rs5750211,61,6,-0.129097,0.00492293,False
rs5750211,61,7,-0.125048,0.00589203,False
rs5750211,61,8,-0.120447,0.00740539,False
rs5750211,61,9,-0.119725,0.00728083,False
rs5750211,61,10,-0.131642,0.00285048,False
rs5750211,61,11,-0.110465,0.0117949,False
rs5750211,61,12,-0.121183,0.005412,False
rs5750211,61,13,-0.118311,0.00647437,False
rs5750211,61,14,-0.120284,0.00550317,False
rs5750211,61,15,-0.116851,0.00694968,False
rs5750211,61,16,-0.111738,0.00971831,False
rs5750211,61,17,-0.134798,0.00178471,False
rs5750211,61,18,-0.119102,0.0058418,False
rs5750211,61,19,-0.110221,0.0108404,False
rs5750211,61,20,-0.102043,0.0187006,False
rs5750211,61,21,-0.0947874,0.0292853,False
rs5750211,61,22,-0.102737,0.0183938,False
rs5750211,61,23,-0.0975564,0.0258998,False
rs5750211,61,24,-0.112482,0.0104874,False
rs5750211,61,25,-0.124874,0.00460324,False
rs5750211,61,26,-0.10092,0.0226277,False
rs5750211,61,27,-0.110709,0.0127634,False
rs5750211,61,28,-0.108576,0.0150678,False
rs5750211,61,29,-0.122671,0.00626493,False
rs5750211,61,30,-0.116214,0.0099272,False
rs5750211,61,31,-0.109502,0.0154939,False
rs5750211,61,32,-0.125672,0.00568231,False
rs5750211,61,33,-0.115963,0.0110535,False
rs5750211,61,34,-0.110773,0.0159515,False
rs5750211,61,35,-0.110003,0.0172768,False
rs5750211,61,36,-0.108914,0.0190767,False
rs5750211,61,37,-0.115196,0.0137486,False
rs5750211,61,38,-0.120642,0.010331,False
rs5750211,61,39,-0.11758,0.0127914,False
rs5750211,61,40,-0.115064,0.0156323,False
rs5750211,61,41,-0.110871,0.0204872,False
rs5750211,61,42,-0.103618,0.0308403,False
rs5750211,61,43,-0.114353,0.0178928,False
rs5750211,61,44,-0.106228,0.0287752,False
rs5750211,61,45,-0.117997,0.0155156,False
rs5750211,61,46,-0.10248,0.03647,False
rs5750211,61,47,-0.099589,0.0431556,False
rs5750211,61,48,-0.113782,0.0214752,False
rs5750211,61,49,-0.106145,0.0323918,False
rs5750211,61,50,-0.104996,0.0350802,False
rs5750211,61,51,-0.0890137,0.075318,False
rs5750211,61,52,-0.0833583,0.0971977,False
rs5750211,61,53,-0.0879391,0.0810105,False
rs5750211,61,54,-0.101751,0.0437968,False
rs5750211,61,55,-0.10288,0.0418961,False
rs5750211,61,56,-0.108383,0.0327235,False
rs5750211,61,57,-0.0954915,0.0599796,False
rs5750211,61,58,-0.0889379,0.0802,False
rs5750211,61,59,-0.102622,0.0435407,False
rs5750211,61,60,-0.103346,0.0421888,False
rs5750211,61,61,-0.0973216,0.0559192,False
rs5750211,61,62,-0.109871,0.0305541,False
rs5750211,61,63,-0.0972949,0.0553822,False
rs5750211,61,64,-0.0950386,0.0616539,False
rs5750211,61,65,-0.0954143,0.0605064,False
rs5750211,61,66,-0.0959439,0.0587744,False
rs5750211,61,67,-0.106314,0.0360582,False
rs5750211,61,68,-0.0957057,0.0587478,False
rs5750211,61,69,-0.0956491,0.0587428,False
rs5750211,61,70,-0.0799369,0.113571,False
rs5750211,61,71,-0.0819969,0.104421,False
rs5750211,61,72,-0.0965416,0.0551796,False
rs5750211,61,73,-0.0825282,0.100569,False
rs5750211,61,74,-0.0726085,0.14822,False
rs5750211,61,75,-0.0792664,0.114005,False
rs5750211,61,76,-0.0738618,0.139773,False
rs5750211,61,77,-0.0664125,0.183772,False
rs5750211,61,78,-0.0710855,0.154019,False
rs5750211,61,79,-0.0549102,0.271297,False
rs5750211,61,80,-0.061249,0.219368,False
rs5750211,61,81,-0.0632565,0.203657,False
rs5750211,61,82,-0.0559393,0.25994,False
rs5750211,61,83,-0.0563832,0.255507,False
rs5750211,61,84,-0.0561195,0.258301,False
rs5750211,61,85,-0.043248,0.384781,False
rs5750211,61,86,-0.0501967,0.313321,False
rs5750211,61,87,-0.0345871,0.488255,False
rs5750211,61,88,-0.0381558,0.445334,False
rs5750211,61,89,-0.0474029,0.344186,False
rs5750211,61,90,-0.0336507,0.503372,False
rs5750211,61,91,-0.0334695,0.507041,False
rs5750211,61,92,-0.0223305,0.659423,False
rs5750211,61,93,-0.0316575,0.533504,False
rs5750211,61,94,-0.0263486,0.606295,False
rs5750211,61,95,-0.0254545,0.621031,False
rs5750211,61,96,-0.0238868,0.64446,False
rs5750211,61,97,-0.0112728,0.828798,False
rs5750211,61,98,-0.0469617,0.371473,False
rs5750211,61,99,-0.0346719,0.513066,False
rs5750211,61,100,-0.0142364,0.790414,False
rs5750211,61,101,-0.039341,0.467802,False
rs5750211,61,102,-0.0181086,0.741292,False
rs5750211,61,103,-0.0166096,0.765658,False
rs5750211,61,104,-0.0301467,0.593932,False
rs5750211,61,105,-0.0312133,0.588053,False
rs5750211,61,106,-0.0206195,0.726013,False
rs5750211,61,107,-0.0260233,0.665637,False
rs5750211,61,108,-0.0298116,0.628517,False
rs5750211,61,109,-0.036108,0.567042,False
rs5750211,61,110,-0.0213773,0.740464,False
rs5750211,61,111,-0.0323839,0.624378,False
rs5750211,61,112,-0.0327999,0.626901,False
rs5750211,61,113,-0.0485042,0.480068,False
rs5750211,61,114,-0.0586902,0.399352,False
rs5750211,61,115,-0.057971,0.409426,False
rs5750211,61,116,-0.0572368,0.418517,False
rs5750211,61,117,-0.0694116,0.327047,False
rs5750211,61,118,-0.0628491,0.374528,False
rs5750211,61,119,-0.0707867,0.315332,False
rs5750211,61,120,-0.0609643,0.384443,False
rs5750211,61,121,-0.0564473,0.418097,False
rs5750211,61,122,-0.0674966,0.330775,False
rs5750211,61,123,-0.0699991,0.311127,False
rs5750211,61,124,-0.0746473,0.279211,False
rs5750211,61,125,-0.0646715,0.346498,False
rs5750211,61,126,-0.0505144,0.461065,False
rs5750211,61,127,-0.0514679,0.452467,False
rs5750211,61,128,-0.03913,0.567843,False
rs5750211,61,129,-0.050119,0.464408,False
rs5750211,61,130,-0.0493864,0.471442,False
rs5750211,61,131,-0.0332664,0.628397,False
rs5750211,61,132,-0.0206098,0.764943,False
rs5750211,61,133,-0.0185149,0.788916,False
rs5750211,61,134,-0.0293465,0.672804,False
rs5750211,61,135,-0.00814371,0.9073,False
rs5750211,61,136,-0.00406284,0.953998,False
rs5750211,61,137,-0.012261,0.86265,False
rs5750211,61,138,-0.000667865,0.992528,False
rs5750211,61,139,-0.000772098,0.991391,False
rs5750211,61,140,0.00612867,0.931712,False
rs5750211,61,141,-0.00292846,0.967261,False
rs5750211,61,142,0.0127505,0.857344,False
rs5750211,61,143,0.00567551,0.9356,False
rs5750211,61,144,0.0138051,0.842447,False
rs5750211,61,145,-0.00212126,0.97528,False
rs5750211,61,146,-0.0129279,0.848024,False
rs5750211,61,147,0.00103712,0.987537,False
rs5750211,61,148,-0.0157884,0.809138,False
rs5750211,61,149,-0.0276621,0.666881,False
rs5750211,61,150,-0.0290253,0.646467,False
rs5750211,61,151,-0.0229903,0.712946,False
rs5750211,61,152,-0.0170169,0.782119,False
rs5750211,61,153,-0.019743,0.745336,False
rs5750211,61,154,-0.0271088,0.651287,False
rs5750211,61,155,-0.0312862,0.598202,False
rs5750211,61,156,-0.0457907,0.434545,False
rs5750211,61,157,-0.0442828,0.44553,False
rs5750211,61,158,-0.0622713,0.278157,False
rs5750211,61,159,-0.0601142,0.29033,False
rs5750211,61,160,-0.0536011,0.341055,False
rs5750211,61,161,-0.0583522,0.29575,False
rs5750211,61,162,-0.0766982,0.166252,False
rs5750211,61,163,-0.0850881,0.121339,False
rs5750211,61,164,-0.0739062,0.174387,False
rs5750211,61,165,-0.0941733,0.0811339,False
rs5750211,61,166,-0.10407,0.0525754,False
rs5750211,61,167,-0.105634,0.0478687,False
rs5750211,61,168,-0.118928,0.0249134,False
rs5750211,61,169,-0.132051,0.0124156,False
rs5750211,61,170,-0.138335,0.00850028,False
rs5750211,61,171,-0.146635,0.00518742,False
rs5750211,61,172,-0.154194,0.00320171,False
rs5750211,61,173,-0.151342,0.00376139,False
rs5750211,61,174,-0.159562,0.00221992,False
rs5750211,61,175,-0.157523,0.00253125,False
rs5750211,61,176,-0.150144,0.00399399,False
rs5750211,61,177,-0.165961,0.00146873,False
rs5750211,61,178,-0.164567,0.00164701,False
rs5750211,61,179,-0.162463,0.00191321,False
rs5750211,61,180,-0.172726,0.00100012,False
rs5750211,61,181,-0.183607,0.000478193,False
rs5750211,61,182,-0.194925,0.000218534,False
rs5750211,61,183,-0.187767,0.000373645,False
rs5750211,61,184,-0.183594,0.000523111,False
rs5750211,61,185,-0.185073,0.000487631,False
rs5750211,61,186,-0.186884,0.000440477,False
rs5750211,61,187,-0.203741,0.000133894,False
rs5750211,61,188,-0.207556,0.000102066,False
rs5750211,61,189,-0.206713,0.000112071,False
rs5750211,61,190,-0.203853,0.000144665,False
rs5750211,61,191,-0.214652,6.56805e-05,False
rs5750211,61,192,-0.222161,3.68531e-05,False
rs5750211,61,193,-0.233155,1.52735e-05,False
rs5750211,61,194,-0.253794,2.66063e-06,False
rs5750211,61,195,-0.247641,4.82091e-06,False
rs5750211,61,196,-0.240575,9.27454e-06,False
rs5750211,61,197,-0.234432,1.58043e-05,False
rs5750211,61,198,-0.236979,1.28509e-05,False
rs5750211,61,199,-0.23954,1.05784e-05,False
rs5750211,61,200,-0.255326,2.68725e-06,False
rs5750211,61,201,-0.25339,3.27622e-06,False
rs5750211,61,202,-0.252822,3.42362e-06,False
rs5750211,61,203,-0.265664,1.07244e-06,False
rs5750211,61,204,-0.269404,8.10022e-07,False
rs5750211,61,205,-0.272906,5.93864e-07,False
rs5750211,61,206,-0.291163,9.73215e-08,False
rs5750211,61,207,-0.282079,2.32801e-07,False
rs5750211,61,208,-0.28924,1.17382e-07,False
rs5750211,61,209,-0.267976,9.09056e-07,False
rs5750211,61,210,-0.294176,6.64555e-08,False
rs5750211,61,211,-0.296139,5.39989e-08,False
rs5750211,61,212,-0.29298,7.33193e-08,False
rs5750211,61,213,-0.290713,9.21774e-08,False
rs5750211,61,214,-0.291291,8.76791e-08,False
rs5750211,61,215,-0.293137,7.28623e-08,False
rs5750211,61,216,-0.297614,4.39175e-08,False
rs5750211,61,217,-0.291971,7.8295e-08,False
rs5750211,61,218,-0.295892,5.41279e-08,False
rs5750211,61,219,-0.303573,2.41269e-08,False
rs5750211,61,220,-0.315159,6.94517e-09,False
rs5750211,61,221,-0.321008,3.66913e-09,False
rs5750211,61,222,-0.325767,2.22925e-09,False
rs5750211,61,223,-0.322631,3.24182e-09,False
rs5750211,61,224,-0.327954,1.8258e-09,False
rs5750211,61,225,-0.326204,2.29867e-09,False
rs5750211,61,226,-0.332412,1.20686e-09,False
rs5750211,61,227,-0.315977,7.81818e-09,False
rs5750211,61,228,-0.324978,3.26871e-09,False
rs5750211,61,229,-0.327736,2.80084e-09,False
rs5750211,61,230,-0.324636,4.23451e-09,False
rs5750211,61,231,-0.349377,3.01567e-10,False
rs5750211,61,232,-0.346385,4.86548e-10,False
rs5750211,61,233,-0.331236,3.12897e-09,False
rs5750211,61,234,-0.325109,7.38856e-09,False
rs5750211,61,235,-0.31936,1.56735e-08,False
rs5750211,61,236,-0.333041,4.7864e-09,False
rs5750211,61,237,-0.337614,3.57441e-09,False
rs5750211,61,238,-0.341823,2.89525e-09,False
rs5750211,61,239,-0.330252,1.23749e-08,False
rs5750211,61,240,-0.341205,5.18146e-09,False
rs5750211,61,241,-0.342878,5.81564e-09,False
rs5750211,61,242,-0.337847,1.31518e-08,False
rs5750211,61,243,-0.338937,1.69032e-08,False
rs5750211,61,244,-0.333929,3.85138e-08,False
rs5750211,61,245,-0.308751,5.22093e-07,False
rs5750211,61,246,-0.320782,2.7654e-07,False
rs5750211,61,247,-0.33816,9.32008e-08,False
rs5750211,61,248,-0.320941,6.39149e-07,False
rs5750211,61,249,-0.327989,5.93063e-07,False
rs5750211,61,250,-0.322085,1.46946e-06,False
rs5750211,61,251,-0.321722,2.33746e-06,False
rs5750211,62,6,-0.137599,0.00280244,False
rs5750211,62,7,-0.138603,0.00228383,False
rs5750211,62,8,-0.151724,0.000748592,False
rs5750211,62,9,-0.152147,0.000640227,False
rs5750211,62,10,-0.149455,0.000723203,False
rs5750211,62,11,-0.14069,0.00134767,False
rs5750211,62,12,-0.148055,0.000700844,False
rs5750211,62,13,-0.136163,0.00169672,False
rs5750211,62,14,-0.142795,0.000989849,False
rs5750211,62,15,-0.124886,0.0038571,False
rs5750211,62,16,-0.120392,0.00527936,False
rs5750211,62,17,-0.113867,0.00835277,False
rs5750211,62,18,-0.123902,0.00411328,False
rs5750211,62,19,-0.123562,0.00432833,False
rs5750211,62,20,-0.117152,0.00703449,False
rs5750211,62,21,-0.133118,0.00224967,False
rs5750211,62,22,-0.120131,0.0059803,False
rs5750211,62,23,-0.127752,0.00362484,False
rs5750211,62,24,-0.123575,0.00506354,False
rs5750211,62,25,-0.132025,0.00280533,False
rs5750211,62,26,-0.113886,0.0101681,False
rs5750211,62,27,-0.132601,0.00289938,False
rs5750211,62,28,-0.127849,0.00426254,False
rs5750211,62,29,-0.125508,0.00517498,False
rs5750211,62,30,-0.121096,0.00724165,False
rs5750211,62,31,-0.112959,0.012596,False
rs5750211,62,32,-0.117427,0.00982702,False
rs5750211,62,33,-0.116427,0.0107799,False
rs5750211,62,34,-0.128435,0.00524077,False
rs5750211,62,35,-0.127516,0.00578356,False
rs5750211,62,36,-0.118374,0.0108217,False
rs5750211,62,37,-0.102135,0.0289076,False
rs5750211,62,38,-0.10173,0.0303472,False
rs5750211,62,39,-0.101218,0.0321044,False
rs5750211,62,40,-0.13071,0.00593224,False
rs5750211,62,41,-0.138688,0.00367246,False
rs5750211,62,42,-0.122627,0.0106863,False
rs5750211,62,43,-0.107258,0.0264262,False
rs5750211,62,44,-0.119716,0.0136278,False
rs5750211,62,45,-0.111857,0.021761,False
rs5750211,62,46,-0.120802,0.0138098,False
rs5750211,62,47,-0.107292,0.0293844,False
rs5750211,62,48,-0.123749,0.0123611,False
rs5750211,62,49,-0.110647,0.0258789,False
rs5750211,62,50,-0.108894,0.0288712,False
rs5750211,62,51,-0.109302,0.0290329,False
rs5750211,62,52,-0.102902,0.0406794,False
rs5750211,62,53,-0.123045,0.0145904,False
rs5750211,62,54,-0.097477,0.0536063,False
rs5750211,62,55,-0.107358,0.0336637,False
rs5750211,62,56,-0.10625,0.0360642,False
rs5750211,62,57,-0.112265,0.0269977,False
rs5750211,62,58,-0.111852,0.0279055,False
rs5750211,62,59,-0.105916,0.0374082,False
rs5750211,62,60,-0.101461,0.0463457,False
rs5750211,62,61,-0.0911975,0.0731915,False
rs5750211,62,62,-0.0980088,0.0543362,False
rs5750211,62,63,-0.105788,0.0380016,False
rs5750211,62,64,-0.0868166,0.0880396,False
rs5750211,62,65,-0.0987691,0.0522458,False
rs5750211,62,66,-0.0938265,0.0648129,False
rs5750211,62,67,-0.0873479,0.0851081,False
rs5750211,62,68,-0.0970495,0.0555802,False
rs5750211,62,69,-0.0851531,0.0924036,False
rs5750211,62,70,-0.0860037,0.0892621,False
rs5750211,62,71,-0.088786,0.0785382,False
rs5750211,62,72,-0.0924777,0.0662419,False
rs5750211,62,73,-0.0880836,0.0797019,False
rs5750211,62,74,-0.091697,0.0679199,False
rs5750211,62,75,-0.0904001,0.0711812,False
rs5750211,62,76,-0.0844511,0.0917057,False
rs5750211,62,77,-0.0759278,0.129318,False
rs5750211,62,78,-0.0635523,0.202537,False
rs5750211,62,79,-0.06455,0.195161,False
rs5750211,62,80,-0.0631275,0.205565,False
rs5750211,62,81,-0.0527984,0.289107,False
rs5750211,62,82,-0.0547268,0.271566,False
rs5750211,62,83,-0.0601333,0.226571,False
rs5750211,62,84,-0.0506425,0.309519,False
rs5750211,62,85,-0.0494208,0.321802,False
rs5750211,62,86,-0.0470105,0.345793,False
rs5750211,62,87,-0.0335388,0.502157,False
rs5750211,62,88,-0.0305582,0.542021,False
rs5750211,62,89,-0.0397796,0.427994,False
rs5750211,62,90,-0.0367806,0.4651,False
rs5750211,62,91,-0.0282437,0.576382,False
rs5750211,62,92,-0.0215578,0.671112,False
rs5750211,62,93,-0.0105448,0.835969,False
rs5750211,62,94,-0.0124778,0.807239,False
rs5750211,62,95,-0.00845283,0.869545,False
rs5750211,62,96,-0.0179991,0.72833,False
rs5750211,62,97,-0.00207928,0.968236,False
rs5750211,62,98,0.00428993,0.93507,False
rs5750211,62,99,-0.00557709,0.91651,False
rs5750211,62,100,0.00343267,0.949122,False
rs5750211,62,101,0.00143222,0.979001,False
rs5750211,62,102,-0.00912481,0.868592,False
rs5750211,62,103,-0.021436,0.70243,False
rs5750211,62,104,-0.00958143,0.866611,False
rs5750211,62,105,-0.00638204,0.912627,False
rs5750211,62,106,-0.00851769,0.886226,False
rs5750211,62,107,-0.0223949,0.712658,False
rs5750211,62,108,-0.0234435,0.706581,False
rs5750211,62,109,-0.0437001,0.493233,False
rs5750211,62,110,-0.0354773,0.586829,False
rs5750211,62,111,-0.0428295,0.520385,False
rs5750211,62,112,-0.0392634,0.562606,False
rs5750211,62,113,-0.041295,0.548463,False
rs5750211,62,114,-0.0488025,0.482866,False
rs5750211,62,115,-0.0641667,0.358913,False
rs5750211,62,116,-0.0488935,0.484883,False
rs5750211,62,117,-0.0539885,0.439695,False
rs5750211,62,118,-0.0506834,0.466198,False
rs5750211,62,119,-0.0270855,0.695106,False
rs5750211,62,120,-0.0419892,0.541251,False
rs5750211,62,121,-0.0512893,0.452866,False
rs5750211,62,122,-0.0586203,0.388147,False
rs5750211,62,123,-0.0496504,0.463735,False
rs5750211,62,124,-0.0456451,0.498487,False
rs5750211,62,125,-0.0483438,0.472505,False
rs5750211,62,126,-0.0594689,0.376162,False
rs5750211,62,127,-0.0510921,0.446178,False
rs5750211,62,128,-0.0573584,0.391955,False
rs5750211,62,129,-0.0538691,0.42208,False
rs5750211,62,130,-0.0355555,0.596428,False
rs5750211,62,131,-0.0354474,0.598175,False
rs5750211,62,132,-0.0361238,0.591844,False
rs5750211,62,133,-0.0226013,0.738625,False
rs5750211,62,134,-0.0277082,0.684178,False
rs5750211,62,135,-0.0312622,0.648466,False
rs5750211,62,136,-0.0134199,0.845911,False
rs5750211,62,137,-0.0214201,0.758423,False
rs5750211,62,138,-0.0227749,0.746013,False
rs5750211,62,139,-0.00075623,0.991475,False
rs5750211,62,140,-0.0022743,0.97446,False
rs5750211,62,141,0.00282816,0.968276,False
rs5750211,62,142,-0.00969315,0.891355,False
rs5750211,62,143,0.000162706,0.998156,False
rs5750211,62,144,0.00926066,0.894323,False
rs5750211,62,145,-0.0114218,0.868209,False
rs5750211,62,146,0.00534782,0.937172,False
rs5750211,62,147,-0.0010754,0.987156,False
rs5750211,62,148,-0.00551348,0.933181,False
rs5750211,62,149,-0.0162834,0.801216,False
rs5750211,62,150,-0.0161981,0.798974,False
rs5750211,62,151,-0.0382434,0.541234,False
rs5750211,62,152,-0.0252124,0.683083,False
rs5750211,62,153,-0.0391388,0.520876,False
rs5750211,62,154,-0.0302785,0.614804,False
rs5750211,62,155,-0.039963,0.501443,False
rs5750211,62,156,-0.0562586,0.338578,False
rs5750211,62,157,-0.0390498,0.50174,False
rs5750211,62,158,-0.0617585,0.283151,False
rs5750211,62,159,-0.0525425,0.355923,False
rs5750211,62,160,-0.0699124,0.214582,False
rs5750211,62,161,-0.0917674,0.100659,False
rs5750211,62,162,-0.0818202,0.139027,False
rs5750211,62,163,-0.0884105,0.10754,False
rs5750211,62,164,-0.0925296,0.0895645,False
rs5750211,62,165,-0.101438,0.0603432,False
rs5750211,62,166,-0.102819,0.0552119,False
rs5750211,62,167,-0.104366,0.0507452,False
rs5750211,62,168,-0.100567,0.0582099,False
rs5750211,62,169,-0.110706,0.0364016,False
rs5750211,62,170,-0.129631,0.0137423,False
rs5750211,62,171,-0.133752,0.0107953,False
rs5750211,62,172,-0.135921,0.00930206,False
rs5750211,62,173,-0.144287,0.00573723,False
rs5750211,62,174,-0.170525,0.00108658,False
rs5750211,62,175,-0.150028,0.00402442,False
rs5750211,62,176,-0.151279,0.00372131,False
rs5750211,62,177,-0.164628,0.00159875,False
rs5750211,62,178,-0.160678,0.0020832,False
rs5750211,62,179,-0.168285,0.00128766,False
rs5750211,62,180,-0.176154,0.000759889,False
rs5750211,62,181,-0.17525,0.000836783,False
rs5750211,62,182,-0.177513,0.000734533,False
rs5750211,62,183,-0.175941,0.000839904,False
rs5750211,62,184,-0.177847,0.000747951,False
rs5750211,62,185,-0.189803,0.000331529,False
rs5750211,62,186,-0.194313,0.000248074,False
rs5750211,62,187,-0.186383,0.000451591,False
rs5750211,62,188,-0.193154,0.000288751,False
rs5750211,62,189,-0.218058,4.52971e-05,False
rs5750211,62,190,-0.207009,0.000109862,False
rs5750211,62,191,-0.210863,8.33847e-05,False
rs5750211,62,192,-0.213068,7.49135e-05,False
rs5750211,62,193,-0.228142,2.25706e-05,False
rs5750211,62,194,-0.224337,3.14261e-05,False
rs5750211,62,195,-0.213068,7.99188e-05,False
rs5750211,62,196,-0.23134,1.94926e-05,False
rs5750211,62,197,-0.215767,6.93178e-05,False
rs5750211,62,198,-0.219024,5.3919e-05,False
rs5750211,62,199,-0.225631,3.26143e-05,False
rs5750211,62,200,-0.23571,1.4558e-05,False
rs5750211,62,201,-0.22841,2.73481e-05,False
rs5750211,62,202,-0.235321,1.56279e-05,False
rs5750211,62,203,-0.245117,6.90357e-06,False
rs5750211,62,204,-0.269476,7.89825e-07,False
rs5750211,62,205,-0.26255,1.45411e-06,False
rs5750211,62,206,-0.263823,1.2758e-06,False
rs5750211,62,207,-0.262989,1.36713e-06,False
rs5750211,62,208,-0.270104,7.03553e-07,False
rs5750211,62,209,-0.264939,1.09475e-06,False
rs5750211,62,210,-0.283995,1.79792e-07,False
rs5750211,62,211,-0.278047,3.13499e-07,False
rs5750211,62,212,-0.287102,1.25994e-07,False
rs5750211,62,213,-0.275419,3.87606e-07,False
rs5750211,62,214,-0.270138,6.54011e-07,False
rs5750211,62,215,-0.270163,6.31848e-07,False
rs5750211,62,216,-0.275077,3.97108e-07,False
rs5750211,62,217,-0.280676,2.21519e-07,False
rs5750211,62,218,-0.2953,4.88316e-08,False
rs5750211,62,219,-0.292566,6.66103e-08,False
rs5750211,62,220,-0.299835,3.25033e-08,False
rs5750211,62,221,-0.297939,4.00772e-08,False
rs5750211,62,222,-0.306664,1.69462e-08,False
rs5750211,62,223,-0.309408,1.25496e-08,False
rs5750211,62,224,-0.307431,1.62058e-08,False
rs5750211,62,225,-0.299827,3.79382e-08,False
rs5750211,62,226,-0.299702,4.04551e-08,False
rs5750211,62,227,-0.306557,2.19248e-08,False
rs5750211,62,228,-0.300208,4.61601e-08,False
rs5750211,62,229,-0.310375,1.74963e-08,False
rs5750211,62,230,-0.306403,2.91653e-08,False
rs5750211,62,231,-0.316796,1.12982e-08,False
rs5750211,62,232,-0.32118,7.9401e-09,False
rs5750211,62,233,-0.321182,9.32392e-09,False
rs5750211,62,234,-0.322493,9.29843e-09,False
rs5750211,62,235,-0.317662,1.85206e-08,False
rs5750211,62,236,-0.308815,5.74167e-08,False
rs5750211,62,237,-0.316692,3.12256e-08,False
rs5750211,62,238,-0.320247,2.68357e-08,False
rs5750211,62,239,-0.331988,1.00899e-08,False
rs5750211,62,240,-0.314005,7.71307e-08,False
rs5750211,62,241,-0.315897,8.18302e-08,False
rs5750211,62,242,-0.313095,1.3991e-07,False
rs5750211,62,243,-0.317212,1.24348e-07,False
rs5750211,62,244,-0.321546,1.21031e-07,False
rs5750211,62,245,-0.320346,1.90119e-07,False
rs5750211,62,246,-0.313224,5.21598e-07,False
rs5750211,62,247,-0.317627,5.30623e-07,False
rs5750211,62,248,-0.320347,6.45698e-07,False
rs5750211,62,249,-0.323663,8.09588e-07,False
rs5750211,62,250,-0.329502,8.26816e-07,False
rs5750211,62,251,-0.33624,7.87068e-07,False
rs5750211,63,6,-0.146765,0.00148672,False
rs5750211,63,7,-0.152691,0.000815215,False
rs5750211,63,8,-0.147152,0.00109984,False
rs5750211,63,9,-0.137344,0.00202251,False
rs5750211,63,10,-0.149691,0.000705938,False
rs5750211,63,11,-0.16049,0.000250741,False
rs5750211,63,12,-0.142082,0.00111391,False
rs5750211,63,13,-0.150092,0.000535905,False
rs5750211,63,14,-0.152982,0.000397594,False
rs5750211,63,15,-0.145788,0.000719067,False
rs5750211,63,16,-0.13197,0.00221408,False
rs5750211,63,17,-0.144852,0.000770956,False
rs5750211,63,18,-0.134387,0.00181229,False
rs5750211,63,19,-0.150831,0.00047632,False
rs5750211,63,20,-0.138228,0.00137112,False
rs5750211,63,21,-0.123776,0.00434298,False
rs5750211,63,22,-0.123772,0.00445128,False
rs5750211,63,23,-0.115857,0.00802896,False
rs5750211,63,24,-0.11158,0.011086,False
rs5750211,63,25,-0.123802,0.0049593,False
rs5750211,63,26,-0.114382,0.00979926,False
rs5750211,63,27,-0.118473,0.00768703,False
rs5750211,63,28,-0.105713,0.0178751,False
rs5750211,63,29,-0.107475,0.0165381,False
rs5750211,63,30,-0.117946,0.00874562,False
rs5750211,63,31,-0.12098,0.00756846,False
rs5750211,63,32,-0.135621,0.00286352,False
rs5750211,63,33,-0.12717,0.00548095,False
rs5750211,63,34,-0.117903,0.0103299,False
rs5750211,63,35,-0.114953,0.0128339,False
rs5750211,63,36,-0.133196,0.00419573,False
rs5750211,63,37,-0.127736,0.00638396,False
rs5750211,63,38,-0.1332,0.00460666,False
rs5750211,63,39,-0.105743,0.0251194,False
rs5750211,63,40,-0.0966706,0.0418049,False
rs5750211,63,41,-0.121616,0.0109085,False
rs5750211,63,42,-0.132161,0.00594537,False
rs5750211,63,43,-0.137543,0.00443252,False
rs5750211,63,44,-0.138482,0.00433852,False
rs5750211,63,45,-0.120037,0.0139112,False
rs5750211,63,46,-0.122641,0.0125049,False
rs5750211,63,47,-0.117784,0.0170611,False
rs5750211,63,48,-0.128853,0.00938469,False
rs5750211,63,49,-0.130455,0.00881194,False
rs5750211,63,50,-0.121451,0.0151884,False
rs5750211,63,51,-0.128422,0.0105518,False
rs5750211,63,52,-0.11404,0.0236685,False
rs5750211,63,53,-0.106772,0.0342178,False
rs5750211,63,54,-0.12033,0.0173708,False
rs5750211,63,55,-0.113136,0.0257132,False
rs5750211,63,56,-0.110152,0.0300176,False
rs5750211,63,57,-0.116691,0.021616,False
rs5750211,63,58,-0.11675,0.0217437,False
rs5750211,63,59,-0.134648,0.00816968,False
rs5750211,63,60,-0.1263,0.0132013,False
rs5750211,63,61,-0.117535,0.0209912,False
rs5750211,63,62,-0.115924,0.0227975,False
rs5750211,63,63,-0.126134,0.0131894,False
rs5750211,63,64,-0.133786,0.0085775,False
rs5750211,63,65,-0.117298,0.0209804,False
rs5750211,63,66,-0.119507,0.0185131,False
rs5750211,63,67,-0.106193,0.036242,False
rs5750211,63,68,-0.108201,0.0327016,False
rs5750211,63,69,-0.0883569,0.0810899,False
rs5750211,63,70,-0.0861636,0.0885003,False
rs5750211,63,71,-0.0929899,0.0654047,False
rs5750211,63,72,-0.0973201,0.0531054,False
rs5750211,63,73,-0.0870602,0.0830868,False
rs5750211,63,74,-0.0757963,0.130542,False
rs5750211,63,75,-0.0993309,0.0472409,False
rs5750211,63,76,-0.083602,0.0943054,False
rs5750211,63,77,-0.0970027,0.0523066,False
rs5750211,63,78,-0.0681624,0.172183,False
rs5750211,63,79,-0.0616786,0.215367,False
rs5750211,63,80,-0.0602534,0.225594,False
rs5750211,63,81,-0.0823635,0.0978973,False
rs5750211,63,82,-0.0778791,0.117501,False
rs5750211,63,83,-0.0718515,0.148855,False
rs5750211,63,84,-0.0848569,0.088231,False
rs5750211,63,85,-0.0797823,0.108942,False
rs5750211,63,86,-0.0643809,0.197486,False
rs5750211,63,87,-0.0605835,0.22548,False
rs5750211,63,88,-0.0586717,0.241438,False
rs5750211,63,89,-0.0510675,0.308922,False
rs5750211,63,90,-0.0496233,0.324766,False
rs5750211,63,91,-0.0465763,0.357092,False
rs5750211,63,92,-0.0366461,0.470742,False
rs5750211,63,93,-0.0384847,0.45059,False
rs5750211,63,94,-0.0297737,0.561088,False
rs5750211,63,95,-0.0311587,0.545646,False
rs5750211,63,96,-0.0124864,0.810017,False
rs5750211,63,97,-0.0198678,0.704428,False
rs5750211,63,98,-0.021843,0.679551,False
rs5750211,63,99,-0.00356923,0.946635,False
rs5750211,63,100,-0.00159223,0.976478,False
rs5750211,63,101,0.0221705,0.68475,False
rs5750211,63,102,0.0178191,0.747983,False
rs5750211,63,103,0.00626847,0.911527,False
rs5750211,63,104,0.00221309,0.969226,False
rs5750211,63,105,-0.00602457,0.918024,False
rs5750211,63,106,-0.022176,0.710998,False
rs5750211,63,107,-0.00944351,0.877359,False
rs5750211,63,108,-0.0131867,0.833359,False
rs5750211,63,109,-0.0279351,0.662813,False
rs5750211,63,110,-0.01839,0.778794,False
rs5750211,63,111,-0.0425556,0.524083,False
rs5750211,63,112,-0.0399731,0.555888,False
rs5750211,63,113,-0.0473576,0.49124,False
rs5750211,63,114,-0.0509141,0.462554,False
rs5750211,63,115,-0.0609455,0.381726,False
rs5750211,63,116,-0.0644277,0.354532,False
rs5750211,63,117,-0.0672337,0.332059,False
rs5750211,63,118,-0.0767664,0.265511,False
rs5750211,63,119,-0.0772717,0.259436,False
rs5750211,63,120,-0.0652838,0.336413,False
rs5750211,63,121,-0.0552081,0.413911,False
rs5750211,63,122,-0.054958,0.413768,False
rs5750211,63,123,-0.0476399,0.476786,False
rs5750211,63,124,-0.0551637,0.408836,False
rs5750211,63,125,-0.0498895,0.454157,False
rs5750211,63,126,-0.0312222,0.639227,False
rs5750211,63,127,-0.0281898,0.671722,False
rs5750211,63,128,-0.0363731,0.583855,False
rs5750211,63,129,-0.0272093,0.681888,False
rs5750211,63,130,-0.0282752,0.670743,False
rs5750211,63,131,-0.018833,0.776983,False
rs5750211,63,132,-0.0205942,0.757432,False
rs5750211,63,133,-0.0106831,0.873149,False
rs5750211,63,134,-0.00443973,0.947348,False
rs5750211,63,135,-0.00893274,0.895,False
rs5750211,63,136,-0.00747986,0.912705,False
rs5750211,63,137,-0.0033697,0.960964,False
rs5750211,63,138,0.0056338,0.935346,False
rs5750211,63,139,0.013423,0.847963,False
rs5750211,63,140,-0.00926783,0.895256,False
rs5750211,63,141,-0.00748982,0.915484,False
rs5750211,63,142,-0.000423795,0.995204,False
rs5750211,63,143,0.00308297,0.964944,False
rs5750211,63,144,-0.0017221,0.980259,False
rs5750211,63,145,-0.0066842,0.922631,False
rs5750211,63,146,-0.0116649,0.863467,False
rs5750211,63,147,-0.0101201,0.879615,False
rs5750211,63,148,-0.0171281,0.794578,False
rs5750211,63,149,-0.0144221,0.823789,False
rs5750211,63,150,-0.0220347,0.729244,False
rs5750211,63,151,-0.0222433,0.723084,False
rs5750211,63,152,-0.0216204,0.726594,False
rs5750211,63,153,-0.0264176,0.664256,False
rs5750211,63,154,-0.0365822,0.543194,False
rs5750211,63,155,-0.0557856,0.347942,False
rs5750211,63,156,-0.0530626,0.366948,False
rs5750211,63,157,-0.0495629,0.393558,False
rs5750211,63,158,-0.0546873,0.341311,False
rs5750211,63,159,-0.0563717,0.321513,False
rs5750211,63,160,-0.0526944,0.349732,False
rs5750211,63,161,-0.0737987,0.186448,False
rs5750211,63,162,-0.084557,0.126892,False
rs5750211,63,163,-0.0880861,0.108545,False
rs5750211,63,164,-0.0849593,0.118632,False
rs5750211,63,165,-0.101569,0.0601597,False
rs5750211,63,166,-0.0960889,0.0732517,False
rs5750211,63,167,-0.100509,0.0596487,False
rs5750211,63,168,-0.0917224,0.0840799,False
rs5750211,63,169,-0.107733,0.0414853,False
rs5750211,63,170,-0.126674,0.0161311,False
rs5750211,63,171,-0.129233,0.0138907,False
rs5750211,63,172,-0.130576,0.0125696,False
rs5750211,63,173,-0.146458,0.00503101,False
rs5750211,63,174,-0.147754,0.00467012,False
rs5750211,63,175,-0.156662,0.00268152,False
rs5750211,63,176,-0.153903,0.00315006,False
rs5750211,63,177,-0.175045,0.000796472,False
rs5750211,63,178,-0.169117,0.0011989,False
rs5750211,63,179,-0.182788,0.000482292,False
rs5750211,63,180,-0.18132,0.000544048,False
rs5750211,63,181,-0.193644,0.000228564,False
rs5750211,63,182,-0.182111,0.000542304,False
rs5750211,63,183,-0.184462,0.000464733,False
rs5750211,63,184,-0.180412,0.000637489,False
rs5750211,63,185,-0.191583,0.00029999,False
rs5750211,63,186,-0.210529,7.14563e-05,False
rs5750211,63,187,-0.221217,3.21651e-05,False
rs5750211,63,188,-0.195401,0.000250744,False
rs5750211,63,189,-0.205226,0.000124032,False
rs5750211,63,190,-0.221839,3.41477e-05,False
rs5750211,63,191,-0.229846,1.84866e-05,False
rs5750211,63,192,-0.22547,2.74958e-05,False
rs5750211,63,193,-0.230757,1.82973e-05,False
rs5750211,63,194,-0.22872,2.22298e-05,False
rs5750211,63,195,-0.242004,7.68505e-06,False
rs5750211,63,196,-0.242265,7.57558e-06,False
rs5750211,63,197,-0.226352,2.91675e-05,False
rs5750211,63,198,-0.234582,1.54936e-05,False
rs5750211,63,199,-0.246912,5.71595e-06,False
rs5750211,63,200,-0.235768,1.47726e-05,False
rs5750211,63,201,-0.236764,1.37976e-05,False
rs5750211,63,202,-0.234357,1.70534e-05,False
rs5750211,63,203,-0.233949,1.72198e-05,False
rs5750211,63,204,-0.239211,1.13294e-05,False
rs5750211,63,205,-0.251968,3.88587e-06,False
rs5750211,63,206,-0.250573,4.35643e-06,False
rs5750211,63,207,-0.258382,2.09815e-06,False
rs5750211,63,208,-0.257768,2.20747e-06,False
rs5750211,63,209,-0.254675,2.95875e-06,False
rs5750211,63,210,-0.269435,7.62327e-07,False
rs5750211,63,211,-0.274828,4.44279e-07,False
rs5750211,63,212,-0.26189,1.445e-06,False
rs5750211,63,213,-0.266327,9.66246e-07,False
rs5750211,63,214,-0.264728,1.0957e-06,False
rs5750211,63,215,-0.273379,4.8892e-07,False
rs5750211,63,216,-0.280074,2.52468e-07,False
rs5750211,63,217,-0.274544,4.26963e-07,False
rs5750211,63,218,-0.277572,3.04276e-07,False
rs5750211,63,219,-0.276287,3.56341e-07,False
rs5750211,63,220,-0.290543,8.50954e-08,False
rs5750211,63,221,-0.28436,1.62941e-07,False
rs5750211,63,222,-0.292924,7.26265e-08,False
rs5750211,63,223,-0.310449,1.1453e-08,False
rs5750211,63,224,-0.299395,3.98816e-08,False
rs5750211,63,225,-0.303578,2.73048e-08,False
rs5750211,63,226,-0.315839,7.69923e-09,False
rs5750211,63,227,-0.318218,6.65194e-09,False
rs5750211,63,228,-0.317291,7.44645e-09,False
rs5750211,63,229,-0.330913,1.86391e-09,False
rs5750211,63,230,-0.333188,1.63408e-09,False
rs5750211,63,231,-0.330813,2.33153e-09,False
rs5750211,63,232,-0.32193,7.16931e-09,False
rs5750211,63,233,-0.333277,2.41132e-09,False
rs5750211,63,234,-0.328884,4.67663e-09,False
rs5750211,63,235,-0.32766,6.53616e-09,False
rs5750211,63,236,-0.328903,7.04229e-09,False
rs5750211,63,237,-0.32019,2.16917e-08,False
rs5750211,63,238,-0.325277,1.55207e-08,False
rs5750211,63,239,-0.322841,2.50038e-08,False
rs5750211,63,240,-0.31591,6.18567e-08,False
rs5750211,63,241,-0.313767,1.02071e-07,False
rs5750211,63,242,-0.322493,5.98224e-08,False
rs5750211,63,243,-0.318595,1.18703e-07,False
rs5750211,63,244,-0.331029,5.46233e-08,False
rs5750211,63,245,-0.316966,2.78832e-07,False
rs5750211,63,246,-0.332809,1.07211e-07,False
rs5750211,63,247,-0.325956,2.9822e-07,False
rs5750211,63,248,-0.336521,2.00141e-07,False
rs5750211,63,249,-0.32778,6.76055e-07,False
rs5750211,63,250,-0.314262,2.94208e-06,False
rs5750211,63,251,-0.329284,1.54231e-06,False
rs5750211,64,6,-0.157193,0.000703753,False
rs5750211,64,7,-0.151943,0.000918158,False
rs5750211,64,8,-0.163774,0.000300424,False
rs5750211,64,9,-0.162688,0.000286041,False
rs5750211,64,10,-0.149696,0.000741696,False
rs5750211,64,11,-0.142959,0.00114959,False
rs5750211,64,12,-0.141007,0.00123512,False
rs5750211,64,13,-0.138826,0.00141033,False
rs5750211,64,14,-0.130907,0.00251615,False
rs5750211,64,15,-0.12716,0.00326071,False
rs5750211,64,16,-0.139914,0.00119937,False
rs5750211,64,17,-0.141053,0.00110128,False
rs5750211,64,18,-0.129927,0.00265137,False
rs5750211,64,19,-0.123434,0.00434246,False
rs5750211,64,20,-0.115007,0.00813109,False
rs5750211,64,21,-0.120017,0.00580796,False
rs5750211,64,22,-0.122414,0.00497424,False
rs5750211,64,23,-0.133073,0.00238567,False
rs5750211,64,24,-0.133309,0.00238358,False
rs5750211,64,25,-0.127214,0.00392959,False
rs5750211,64,26,-0.125474,0.0045881,False
rs5750211,64,27,-0.133251,0.00272388,False
rs5750211,64,28,-0.127556,0.00425135,False
rs5750211,64,29,-0.128143,0.00427054,False
rs5750211,64,30,-0.137764,0.00225309,False
rs5750211,64,31,-0.129731,0.00418635,False
rs5750211,64,32,-0.133341,0.00340583,False
rs5750211,64,33,-0.136222,0.00288934,False
rs5750211,64,34,-0.129184,0.00496208,False
rs5750211,64,35,-0.129371,0.00519065,False
rs5750211,64,36,-0.135477,0.00358136,False
rs5750211,64,37,-0.125048,0.00746233,False
rs5750211,64,38,-0.121692,0.00980942,False
rs5750211,64,39,-0.130079,0.00600952,False
rs5750211,64,40,-0.112428,0.0180475,False
rs5750211,64,41,-0.123863,0.00966442,False
rs5750211,64,42,-0.12112,0.0117957,False
rs5750211,64,43,-0.127781,0.00820594,False
rs5750211,64,44,-0.133866,0.00589872,False
rs5750211,64,45,-0.129049,0.00821101,False
rs5750211,64,46,-0.128012,0.00912792,False
rs5750211,64,47,-0.132743,0.00716248,False
rs5750211,64,48,-0.124127,0.0124486,False
rs5750211,64,49,-0.123426,0.0132653,False
rs5750211,64,50,-0.126139,0.0116033,False
rs5750211,64,51,-0.119284,0.0175995,False
rs5750211,64,52,-0.100823,0.0453699,False
rs5750211,64,53,-0.123616,0.0144062,False
rs5750211,64,54,-0.138357,0.00635265,False
rs5750211,64,55,-0.116983,0.0212644,False
rs5750211,64,56,-0.106523,0.0361919,False
rs5750211,64,57,-0.120575,0.0177092,False
rs5750211,64,58,-0.107347,0.0350278,False
rs5750211,64,59,-0.117022,0.0216712,False
rs5750211,64,60,-0.109344,0.031902,False
rs5750211,64,61,-0.108766,0.032794,False
rs5750211,64,62,-0.110436,0.0303206,False
rs5750211,64,63,-0.10293,0.0434469,False
rs5750211,64,64,-0.110166,0.0306986,False
rs5750211,64,65,-0.10692,0.0356943,False
rs5750211,64,66,-0.0947455,0.0624083,False
rs5750211,64,67,-0.0891484,0.0788893,False
rs5750211,64,68,-0.076889,0.129305,False
rs5750211,64,69,-0.0914521,0.0704321,False
rs5750211,64,70,-0.0675832,0.181052,False
rs5750211,64,71,-0.0685338,0.174479,False
rs5750211,64,72,-0.0780539,0.120902,False
rs5750211,64,73,-0.0875026,0.0812207,False
rs5750211,64,74,-0.0817566,0.103573,False
rs5750211,64,75,-0.0686341,0.171294,False
rs5750211,64,76,-0.0742339,0.138865,False
rs5750211,64,77,-0.0641371,0.199853,False
rs5750211,64,78,-0.0617614,0.215902,False
rs5750211,64,79,-0.0727031,0.145483,False
rs5750211,64,80,-0.0622655,0.211331,False
rs5750211,64,81,-0.0610306,0.220717,False
rs5750211,64,82,-0.0585415,0.240663,False
rs5750211,64,83,-0.0598849,0.229833,False
rs5750211,64,84,-0.0476317,0.339413,False
rs5750211,64,85,-0.0406931,0.414545,False
rs5750211,64,86,-0.0584122,0.241597,False
rs5750211,64,87,-0.0515542,0.302451,False
rs5750211,64,88,-0.0582243,0.245523,False
rs5750211,64,89,-0.0503503,0.316738,False
rs5750211,64,90,-0.0474552,0.345974,False
rs5750211,64,91,-0.0432289,0.392359,False
rs5750211,64,92,-0.0366342,0.47115,False
rs5750211,64,93,-0.046477,0.363237,False
rs5750211,64,94,-0.0312515,0.543229,False
rs5750211,64,95,-0.0329397,0.524221,False
rs5750211,64,96,-0.0289353,0.578294,False
rs5750211,64,97,-0.0300274,0.56657,False
rs5750211,64,98,-0.025465,0.630321,False
rs5750211,64,99,-0.0225524,0.672929,False
rs5750211,64,100,-0.0120192,0.823796,False
rs5750211,64,101,-0.0135417,0.804647,False
rs5750211,64,102,-0.0148102,0.789349,False
rs5750211,64,103,-0.00708463,0.900074,False
rs5750211,64,104,-0.0377269,0.511349,False
rs5750211,64,105,-0.0207188,0.72354,False
rs5750211,64,106,-0.0124622,0.835162,False
rs5750211,64,107,-0.0284418,0.642827,False
rs5750211,64,108,-0.0297338,0.635754,False
rs5750211,64,109,-0.0313669,0.625042,False
rs5750211,64,110,-0.05015,0.444926,False
rs5750211,64,111,-0.0369407,0.580603,False
rs5750211,64,112,-0.0370794,0.585788,False
rs5750211,64,113,-0.0408999,0.55283,False
rs5750211,64,114,-0.0501086,0.470848,False
rs5750211,64,115,-0.0428425,0.538669,False
rs5750211,64,116,-0.0686517,0.324237,False
rs5750211,64,117,-0.0589683,0.39553,False
rs5750211,64,118,-0.069568,0.313744,False
rs5750211,64,119,-0.0502769,0.463587,False
rs5750211,64,120,-0.0557502,0.413371,False
rs5750211,64,121,-0.050178,0.458544,False
rs5750211,64,122,-0.0387792,0.564627,False
rs5750211,64,123,-0.0537981,0.422293,False
rs5750211,64,124,-0.0388037,0.561456,False
rs5750211,64,125,-0.0493434,0.459447,False
rs5750211,64,126,-0.0385183,0.562877,False
rs5750211,64,127,-0.04624,0.487286,False
rs5750211,64,128,-0.0405545,0.541821,False
rs5750211,64,129,-0.02368,0.721675,False
rs5750211,64,130,-0.0303366,0.648183,False
rs5750211,64,131,-0.0470475,0.479426,False
rs5750211,64,132,-0.0259512,0.697144,False
rs5750211,64,133,-0.0286351,0.668668,False
rs5750211,64,134,-0.0275083,0.682801,False
rs5750211,64,135,-0.0243423,0.719232,False
rs5750211,64,136,-0.0241924,0.723163,False
rs5750211,64,137,-0.0196022,0.776086,False
rs5750211,64,138,-0.00457307,0.947601,False
rs5750211,64,139,-0.0166948,0.811848,False
rs5750211,64,140,-0.0146673,0.834896,False
rs5750211,64,141,-0.0184461,0.793911,False
rs5750211,64,142,-0.00856622,0.903295,False
rs5750211,64,143,-0.0047518,0.945964,False
rs5750211,64,144,-0.00147336,0.983092,False
rs5750211,64,145,-0.0170241,0.804321,False
rs5750211,64,146,-0.0181863,0.788511,False
rs5750211,64,147,-0.017326,0.795316,False
rs5750211,64,148,-0.0173028,0.792252,False
rs5750211,64,149,-0.0216216,0.737782,False
rs5750211,64,150,-0.0443985,0.485023,False
rs5750211,64,151,-0.032387,0.604919,False
rs5750211,64,152,-0.049861,0.418924,False
rs5750211,64,153,-0.039456,0.516918,False
rs5750211,64,154,-0.0425794,0.478743,False
rs5750211,64,155,-0.0522539,0.378475,False
rs5750211,64,156,-0.0590278,0.31428,False
rs5750211,64,157,-0.0705421,0.223242,False
rs5750211,64,158,-0.0616323,0.282528,False
rs5750211,64,159,-0.0703273,0.216096,False
rs5750211,64,160,-0.0631804,0.261712,False
rs5750211,64,161,-0.0687762,0.217254,False
rs5750211,64,162,-0.0769264,0.163425,False
rs5750211,64,163,-0.0824117,0.132544,False
rs5750211,64,164,-0.0897296,0.0989073,False
rs5750211,64,165,-0.0915213,0.0901648,False
rs5750211,64,166,-0.0926855,0.0837225,False
rs5750211,64,167,-0.0998169,0.0609741,False
rs5750211,64,168,-0.0995069,0.0606012,False
rs5750211,64,169,-0.115356,0.0288222,False
rs5750211,64,170,-0.114834,0.0290888,False
rs5750211,64,171,-0.136329,0.00929584,False
rs5750211,64,172,-0.148693,0.00445306,False
rs5750211,64,173,-0.14428,0.00576963,False
rs5750211,64,174,-0.13888,0.0077972,False
rs5750211,64,175,-0.144466,0.00565761,False
rs5750211,64,176,-0.148858,0.00434851,False
rs5750211,64,177,-0.141963,0.0065929,False
rs5750211,64,178,-0.154916,0.00300617,False
rs5750211,64,179,-0.152297,0.00359082,False
rs5750211,64,180,-0.160529,0.00217595,False
rs5750211,64,181,-0.175028,0.000848273,False
rs5750211,64,182,-0.180476,0.000600909,False
rs5750211,64,183,-0.172206,0.00109704,False
rs5750211,64,184,-0.181005,0.000616331,False
rs5750211,64,185,-0.194576,0.00024128,False
rs5750211,64,186,-0.188068,0.00039306,False
rs5750211,64,187,-0.187805,0.000412454,False
rs5750211,64,188,-0.185156,0.000520923,False
rs5750211,64,189,-0.206506,0.000111955,False
rs5750211,64,190,-0.209375,9.28398e-05,False
rs5750211,64,191,-0.21986,4.21993e-05,False
rs5750211,64,192,-0.206957,0.000118473,False
rs5750211,64,193,-0.213652,7.33913e-05,False
rs5750211,64,194,-0.207877,0.000117888,False
rs5750211,64,195,-0.203574,0.000164739,False
rs5750211,64,196,-0.231027,2.00403e-05,False
rs5750211,64,197,-0.233671,1.64768e-05,False
rs5750211,64,198,-0.241035,9.4055e-06,False
rs5750211,64,199,-0.234654,1.61698e-05,False
rs5750211,64,200,-0.24015,1.01242e-05,False
rs5750211,64,201,-0.235138,1.55648e-05,False
rs5750211,64,202,-0.233165,1.85053e-05,False
rs5750211,64,203,-0.259931,1.79047e-06,False
rs5750211,64,204,-0.252218,3.70162e-06,False
rs5750211,64,205,-0.233878,1.77194e-05,False
rs5750211,64,206,-0.247812,5.43186e-06,False
rs5750211,64,207,-0.274951,4.48416e-07,False
rs5750211,64,208,-0.26331,1.316e-06,False
rs5750211,64,209,-0.274634,4.42137e-07,False
rs5750211,64,210,-0.271147,6.15971e-07,False
rs5750211,64,211,-0.277585,3.21022e-07,False
rs5750211,64,212,-0.268701,7.50513e-07,False
rs5750211,64,213,-0.27528,3.89232e-07,False
rs5750211,64,214,-0.287792,1.12116e-07,False
rs5750211,64,215,-0.287818,1.16854e-07,False
rs5750211,64,216,-0.292975,6.57428e-08,False
rs5750211,64,217,-0.289144,9.94849e-08,False
rs5750211,64,218,-0.286953,1.25546e-07,False
rs5750211,64,219,-0.290176,8.77422e-08,False
rs5750211,64,220,-0.305866,1.69945e-08,False
rs5750211,64,221,-0.297423,4.39124e-08,False
rs5750211,64,222,-0.29956,3.54971e-08,False
rs5750211,64,223,-0.321654,3.41731e-09,False
rs5750211,64,224,-0.314868,7.6392e-09,False
rs5750211,64,225,-0.320778,4.19741e-09,False
rs5750211,64,226,-0.304377,2.67492e-08,False
rs5750211,64,227,-0.316007,7.95756e-09,False
rs5750211,64,228,-0.311347,1.44068e-08,False
rs5750211,64,229,-0.307189,2.45699e-08,False
rs5750211,64,230,-0.316564,1.01717e-08,False
rs5750211,64,231,-0.33264,1.9947e-09,False
rs5750211,64,232,-0.334418,1.93345e-09,False
rs5750211,64,233,-0.332244,2.86504e-09,False
rs5750211,64,234,-0.336103,2.16503e-09,False
rs5750211,64,235,-0.334161,3.3982e-09,False
rs5750211,64,236,-0.331352,5.56661e-09,False
rs5750211,64,237,-0.333616,5.73921e-09,False
rs5750211,64,238,-0.350218,1.27174e-09,False
rs5750211,64,239,-0.358353,6.72281e-10,False
rs5750211,64,240,-0.355323,1.35903e-09,False
rs5750211,64,241,-0.359469,1.31429e-09,False
rs5750211,64,242,-0.367379,7.86932e-10,False
rs5750211,64,243,-0.362785,2.00849e-09,False
rs5750211,64,244,-0.367143,2.16384e-09,False
rs5750211,64,245,-0.364413,4.49955e-09,False
rs5750211,64,246,-0.359156,1.22623e-08,False
rs5750211,64,247,-0.369282,8.82504e-09,False
rs5750211,64,248,-0.359187,3.77884e-08,False
rs5750211,64,249,-0.369702,2.81424e-08,False
rs5750211,64,250,-0.371063,4.48254e-08,False
rs5750211,64,251,-0.384206,2.60952e-08,False
rs5750211,65,6,-0.147101,0.00139847,False
rs5750211,65,7,-0.130489,0.00404092,False
rs5750211,65,8,-0.140697,0.00170322,False
rs5750211,65,9,-0.132386,0.00288886,False
rs5750211,65,10,-0.136237,0.00196469,False
rs5750211,65,11,-0.138388,0.00151862,False
rs5750211,65,12,-0.126541,0.0035338,False
rs5750211,65,13,-0.1087,0.0117814,False
rs5750211,65,14,-0.106997,0.0128562,False
rs5750211,65,15,-0.102003,0.0179416,False
rs5750211,65,16,-0.100376,0.0199364,False
rs5750211,65,17,-0.0911914,0.0341513,False
rs5750211,65,18,-0.0977195,0.0235518,False
rs5750211,65,19,-0.113102,0.00881758,False
rs5750211,65,20,-0.0941258,0.0297855,False
rs5750211,65,21,-0.079823,0.0663028,False
rs5750211,65,22,-0.102544,0.01868,False
rs5750211,65,23,-0.100955,0.0211497,False
rs5750211,65,24,-0.0917058,0.0367797,False
rs5750211,65,25,-0.0967805,0.0279704,False
rs5750211,65,26,-0.0997386,0.0241431,False
rs5750211,65,27,-0.102027,0.0216116,False
rs5750211,65,28,-0.101007,0.0235962,False
rs5750211,65,29,-0.106078,0.018049,False
rs5750211,65,30,-0.111782,0.0131854,False
rs5750211,65,31,-0.112542,0.0128801,False
rs5750211,65,32,-0.114448,0.0116992,False
rs5750211,65,33,-0.121081,0.0079835,False
rs5750211,65,34,-0.10731,0.0194277,False
rs5750211,65,35,-0.122392,0.00809097,False
rs5750211,65,36,-0.134152,0.0038745,False
rs5750211,65,37,-0.120391,0.00996329,False
rs5750211,65,38,-0.135309,0.00404893,False
rs5750211,65,39,-0.132515,0.00504319,False
rs5750211,65,40,-0.123869,0.00909437,False
rs5750211,65,41,-0.138673,0.0036908,False
rs5750211,65,42,-0.125967,0.00873506,False
rs5750211,65,43,-0.136925,0.00455236,False
rs5750211,65,44,-0.134281,0.0056675,False
rs5750211,65,45,-0.143096,0.00336528,False
rs5750211,65,46,-0.155949,0.00147584,False
rs5750211,65,47,-0.137143,0.00532042,False
rs5750211,65,48,-0.125309,0.0114046,False
rs5750211,65,49,-0.133795,0.00711463,False
rs5750211,65,50,-0.135599,0.00662213,False
rs5750211,65,51,-0.131552,0.00870037,False
rs5750211,65,52,-0.123803,0.013739,False
rs5750211,65,53,-0.122552,0.0150136,False
rs5750211,65,54,-0.114796,0.0232176,False
rs5750211,65,55,-0.130048,0.0102255,False
rs5750211,65,56,-0.127894,0.0115967,False
rs5750211,65,57,-0.0967404,0.0568238,False
rs5750211,65,58,-0.107868,0.0339409,False
rs5750211,65,59,-0.105503,0.0381621,False
rs5750211,65,60,-0.116408,0.0223781,False
rs5750211,65,61,-0.117863,0.020558,False
rs5750211,65,62,-0.120072,0.01828,False
rs5750211,65,63,-0.11256,0.0270408,False
rs5750211,65,64,-0.107069,0.0357146,False
rs5750211,65,65,-0.110077,0.0304454,False
rs5750211,65,66,-0.0989847,0.0513355,False
rs5750211,65,67,-0.0976697,0.0541085,False
rs5750211,65,68,-0.088001,0.0828428,False
rs5750211,65,69,-0.0837538,0.0979898,False
rs5750211,65,70,-0.0935278,0.0640051,False
rs5750211,65,71,-0.0833386,0.0982845,False
rs5750211,65,72,-0.0876031,0.0819041,False
rs5750211,65,73,-0.0833858,0.0968462,False
rs5750211,65,74,-0.0679429,0.17549,False
rs5750211,65,75,-0.0785059,0.11717,False
rs5750211,65,76,-0.0849765,0.0894803,False
rs5750211,65,77,-0.0856424,0.086462,False
rs5750211,65,78,-0.0746167,0.135148,False
rs5750211,65,79,-0.0587295,0.238918,False
rs5750211,65,80,-0.0774413,0.120157,False
rs5750211,65,81,-0.063766,0.200185,False
rs5750211,65,82,-0.063501,0.202074,False
rs5750211,65,83,-0.0590374,0.236136,False
rs5750211,65,84,-0.0659361,0.185248,False
rs5750211,65,85,-0.0488335,0.326664,False
rs5750211,65,86,-0.0507982,0.308943,False
rs5750211,65,87,-0.0390863,0.434423,False
rs5750211,65,88,-0.0432334,0.387903,False
rs5750211,65,89,-0.0328463,0.513551,False
rs5750211,65,90,-0.027058,0.59102,False
rs5750211,65,91,-0.0357189,0.479765,False
rs5750211,65,92,-0.0170644,0.736542,False
rs5750211,65,93,-0.0232456,0.648636,False
rs5750211,65,94,-0.00715818,0.888973,False
rs5750211,65,95,-0.0111527,0.829002,False
rs5750211,65,96,-0.0199085,0.701041,False
rs5750211,65,97,-0.00438056,0.933296,False
rs5750211,65,98,-0.0268187,0.611117,False
rs5750211,65,99,-0.0231159,0.664383,False
rs5750211,65,100,-0.0343878,0.522858,False
rs5750211,65,101,-0.00432757,0.93676,False
rs5750211,65,102,-0.0179663,0.745326,False
rs5750211,65,103,-0.000216682,0.996925,False
rs5750211,65,104,-0.00641988,0.910591,False
rs5750211,65,105,-0.037415,0.521209,False
rs5750211,65,106,-0.0126594,0.831512,False
rs5750211,65,107,-0.0236663,0.697514,False
rs5750211,65,108,-0.0330363,0.596496,False
rs5750211,65,109,-0.0224303,0.725149,False
rs5750211,65,110,-0.0417551,0.522994,False
rs5750211,65,111,-0.0477705,0.474303,False
rs5750211,65,112,-0.0567311,0.404052,False
rs5750211,65,113,-0.0696651,0.312364,False
rs5750211,65,114,-0.0926464,0.183902,False
rs5750211,65,115,-0.0882515,0.208813,False
rs5750211,65,116,-0.0931587,0.185162,False
rs5750211,65,117,-0.094916,0.176416,False
rs5750211,65,118,-0.100575,0.150037,False
rs5750211,65,119,-0.0860935,0.215873,False
rs5750211,65,120,-0.0852262,0.21713,False
rs5750211,65,121,-0.0851118,0.214904,False
rs5750211,65,122,-0.101811,0.135521,False
rs5750211,65,123,-0.0777072,0.252028,False
rs5750211,65,124,-0.0743591,0.271421,False
rs5750211,65,125,-0.0675831,0.316593,False
rs5750211,65,126,-0.0655051,0.330199,False
rs5750211,65,127,-0.066546,0.322289,False
rs5750211,65,128,-0.0606261,0.36634,False
rs5750211,65,129,-0.0488387,0.466652,False
rs5750211,65,130,-0.0376613,0.574441,False
rs5750211,65,131,-0.0500207,0.456483,False
rs5750211,65,132,-0.0326775,0.627441,False
rs5750211,65,133,-0.0490597,0.467753,False
rs5750211,65,134,-0.0352532,0.603658,False
rs5750211,65,135,-0.023123,0.7352,False
rs5750211,65,136,-0.0273865,0.690568,False
rs5750211,65,137,-0.026336,0.704396,False
rs5750211,65,138,-0.0311034,0.656826,False
rs5750211,65,139,-0.0162022,0.81817,False
rs5750211,65,140,-0.0168158,0.811774,False
rs5750211,65,141,-0.0222505,0.752902,False
rs5750211,65,142,-0.0180917,0.797475,False
rs5750211,65,143,-0.0232181,0.740182,False
rs5750211,65,144,-0.00146348,0.983146,False
rs5750211,65,145,-0.0100418,0.883222,False
rs5750211,65,146,0.00151139,0.982126,False
rs5750211,65,147,-0.0224815,0.735064,False
rs5750211,65,148,-0.0149388,0.819172,False
rs5750211,65,149,-0.0206679,0.747844,False
rs5750211,65,150,-0.0284886,0.652408,False
rs5750211,65,151,-0.0266087,0.669399,False
rs5750211,65,152,-0.0373293,0.543224,False
rs5750211,65,153,-0.0385421,0.524547,False
rs5750211,65,154,-0.0506604,0.397005,False
rs5750211,65,155,-0.043092,0.465258,False
rs5750211,65,156,-0.0454151,0.436773,False
rs5750211,65,157,-0.0465924,0.419544,False
rs5750211,65,158,-0.056665,0.321229,False
rs5750211,65,159,-0.0730076,0.196598,False
rs5750211,65,160,-0.0504418,0.367976,False
rs5750211,65,161,-0.0528922,0.340357,False
rs5750211,65,162,-0.0725272,0.187485,False
rs5750211,65,163,-0.0661507,0.225763,False
rs5750211,65,164,-0.0891235,0.0997165,False
rs5750211,65,165,-0.0848913,0.114055,False
rs5750211,65,166,-0.0943778,0.0770869,False
rs5750211,65,167,-0.0938481,0.0770793,False
rs5750211,65,168,-0.104791,0.047367,False
rs5750211,65,169,-0.118942,0.0239177,False
rs5750211,65,170,-0.129262,0.0137177,False
rs5750211,65,171,-0.139301,0.00773741,False
rs5750211,65,172,-0.139707,0.00739242,False
rs5750211,65,173,-0.141225,0.00673163,False
rs5750211,65,174,-0.14219,0.006308,False
rs5750211,65,175,-0.151292,0.00367441,False
rs5750211,65,176,-0.17555,0.000757334,False
rs5750211,65,177,-0.175341,0.000767945,False
rs5750211,65,178,-0.169434,0.00117287,False
rs5750211,65,179,-0.182283,0.000488755,False
rs5750211,65,180,-0.176237,0.000761351,False
rs5750211,65,181,-0.184723,0.00043008,False
rs5750211,65,182,-0.187019,0.000377382,False
rs5750211,65,183,-0.201559,0.000131378,False
rs5750211,65,184,-0.191023,0.000306541,False
rs5750211,65,185,-0.199101,0.000174371,False
rs5750211,65,186,-0.204056,0.000122672,False
rs5750211,65,187,-0.203382,0.000133723,False
rs5750211,65,188,-0.20166,0.000155584,False
rs5750211,65,189,-0.21953,4.01372e-05,False
rs5750211,65,190,-0.222779,3.25747e-05,False
rs5750211,65,191,-0.226584,2.42634e-05,False
rs5750211,65,192,-0.216491,5.69851e-05,False
rs5750211,65,193,-0.22444,3.17496e-05,False
rs5750211,65,194,-0.216966,5.94061e-05,False
rs5750211,65,195,-0.208446,0.000117413,False
rs5750211,65,196,-0.222045,4.19807e-05,False
rs5750211,65,197,-0.235184,1.43636e-05,False
rs5750211,65,198,-0.237391,1.21781e-05,False
rs5750211,65,199,-0.238131,1.20153e-05,False
rs5750211,65,200,-0.250301,4.13461e-06,False
rs5750211,65,201,-0.248634,4.83112e-06,False
rs5750211,65,202,-0.252998,3.29914e-06,False
rs5750211,65,203,-0.255541,2.59369e-06,False
rs5750211,65,204,-0.249097,4.73389e-06,False
rs5750211,65,205,-0.258205,2.03588e-06,False
rs5750211,65,206,-0.243322,7.67965e-06,False
rs5750211,65,207,-0.256458,2.45749e-06,False
rs5750211,65,208,-0.260318,1.6824e-06,False
rs5750211,65,209,-0.266917,9.31153e-07,False
rs5750211,65,210,-0.278134,3.12083e-07,False
rs5750211,65,211,-0.275142,4.1359e-07,False
rs5750211,65,212,-0.261153,1.4996e-06,False
rs5750211,65,213,-0.256114,2.32792e-06,False
rs5750211,65,214,-0.280279,2.43953e-07,False
rs5750211,65,215,-0.284996,1.53678e-07,False
rs5750211,65,216,-0.279341,2.59284e-07,False
rs5750211,65,217,-0.274028,4.3989e-07,False
rs5750211,65,218,-0.273994,4.18011e-07,False
rs5750211,65,219,-0.276745,3.26095e-07,False
rs5750211,65,220,-0.281054,2.12281e-07,False
rs5750211,65,221,-0.274703,4.12229e-07,False
rs5750211,65,222,-0.273893,4.52356e-07,False
rs5750211,65,223,-0.286499,1.33817e-07,False
rs5750211,65,224,-0.297208,4.67132e-08,False
rs5750211,65,225,-0.287371,1.34118e-07,False
rs5750211,65,226,-0.302101,3.17709e-08,False
rs5750211,65,227,-0.289557,1.23987e-07,False
rs5750211,65,228,-0.303491,3.21796e-08,False
rs5750211,65,229,-0.294517,8.42619e-08,False
rs5750211,65,230,-0.303743,3.76121e-08,False
rs5750211,65,231,-0.306383,3.21908e-08,False
rs5750211,65,232,-0.302817,5.26762e-08,False
rs5750211,65,233,-0.293018,1.59655e-07,False
rs5750211,65,234,-0.319226,1.31843e-08,False
rs5750211,65,235,-0.312051,3.47949e-08,False
rs5750211,65,236,-0.313819,3.55737e-08,False
rs5750211,65,237,-0.310741,5.90017e-08,False
rs5750211,65,238,-0.325231,1.70877e-08,False
rs5750211,65,239,-0.326452,2.04699e-08,False
rs5750211,65,240,-0.344438,4.66552e-09,False
rs5750211,65,241,-0.358417,1.46996e-09,False
rs5750211,65,242,-0.361424,1.58405e-09,False
rs5750211,65,243,-0.362877,2.13737e-09,False
rs5750211,65,244,-0.379939,5.96405e-10,False
rs5750211,65,245,-0.387989,4.3963e-10,False
rs5750211,65,246,-0.375041,2.98835e-09,False
rs5750211,65,247,-0.376429,4.86964e-09,False
rs5750211,65,248,-0.377927,7.50096e-09,False
rs5750211,65,249,-0.385384,7.50384e-09,False
rs5750211,65,250,-0.373894,3.84707e-08,False
rs5750211,65,251,-0.375788,5.6976e-08,False
rs5750211,66,6,-0.144532,0.0016535,False
rs5750211,66,7,-0.137553,0.00246976,False
rs5750211,66,8,-0.143041,0.00143493,False
rs5750211,66,9,-0.141253,0.00150514,False
rs5750211,66,10,-0.137582,0.00177959,False
rs5750211,66,11,-0.140048,0.00134932,False
rs5750211,66,12,-0.122331,0.00482368,False
rs5750211,66,13,-0.134717,0.00186225,False
rs5750211,66,14,-0.130863,0.0024349,False
rs5750211,66,15,-0.126476,0.0032967,False
rs5750211,66,16,-0.127553,0.00301309,False
rs5750211,66,17,-0.118919,0.00576926,False
rs5750211,66,18,-0.118309,0.00598302,False
rs5750211,66,19,-0.118272,0.00596804,False
rs5750211,66,20,-0.134051,0.00189549,False
rs5750211,66,21,-0.120124,0.00553865,False
rs5750211,66,22,-0.117814,0.00668629,False
rs5750211,66,23,-0.127625,0.00339733,False
rs5750211,66,24,-0.122373,0.00509361,False
rs5750211,66,25,-0.117551,0.00745046,False
rs5750211,66,26,-0.127588,0.00382252,False
rs5750211,66,27,-0.122714,0.00554079,False
rs5750211,66,28,-0.121029,0.00635239,False
rs5750211,66,29,-0.124474,0.00536726,False
rs5750211,66,30,-0.129043,0.00404963,False
rs5750211,66,31,-0.135986,0.00258331,False
rs5750211,66,32,-0.135032,0.00291026,False
rs5750211,66,33,-0.140122,0.00211464,False
rs5750211,66,34,-0.132247,0.00389007,False
rs5750211,66,35,-0.117267,0.0108474,False
rs5750211,66,36,-0.131034,0.00463495,False
rs5750211,66,37,-0.142062,0.00227683,False
rs5750211,66,38,-0.126241,0.00694432,False
rs5750211,66,39,-0.13084,0.00544721,False
rs5750211,66,40,-0.134011,0.00469494,False
rs5750211,66,41,-0.136915,0.00404302,False
rs5750211,66,42,-0.122865,0.0103385,False
rs5750211,66,43,-0.120792,0.012141,False
rs5750211,66,44,-0.122181,0.0116401,False
rs5750211,66,45,-0.111847,0.0216114,False
rs5750211,66,46,-0.135789,0.00552496,False
rs5750211,66,47,-0.131586,0.00750919,False
rs5750211,66,48,-0.13014,0.00839865,False
rs5750211,66,49,-0.148063,0.00284177,False
rs5750211,66,50,-0.126166,0.0113518,False
rs5750211,66,51,-0.111918,0.0250256,False
rs5750211,66,52,-0.11452,0.0223663,False
rs5750211,66,53,-0.136814,0.00652014,False
rs5750211,66,54,-0.12248,0.015163,False
rs5750211,66,55,-0.118153,0.0194433,False
rs5750211,66,56,-0.113593,0.0249689,False
rs5750211,66,57,-0.117761,0.0203443,False
rs5750211,66,58,-0.116665,0.0217209,False
rs5750211,66,59,-0.104419,0.0400046,False
rs5750211,66,60,-0.0935193,0.0660709,False
rs5750211,66,61,-0.0949816,0.0618021,False
rs5750211,66,62,-0.0946257,0.0627689,False
rs5750211,66,63,-0.0914128,0.0723834,False
rs5750211,66,64,-0.0878428,0.0842275,False
rs5750211,66,65,-0.0914578,0.0717636,False
rs5750211,66,66,-0.0993211,0.0499507,False
rs5750211,66,67,-0.0961422,0.0573898,False
rs5750211,66,68,-0.0901437,0.074312,False
rs5750211,66,69,-0.104611,0.03807,False
rs5750211,66,70,-0.0908508,0.0709479,False
rs5750211,66,71,-0.0861564,0.0866745,False
rs5750211,66,72,-0.0849132,0.0908382,False
rs5750211,66,73,-0.0903095,0.0717743,False
rs5750211,66,74,-0.074981,0.134479,False
rs5750211,66,75,-0.0776158,0.120553,False
rs5750211,66,76,-0.0729464,0.144152,False
rs5750211,66,77,-0.070208,0.158474,False
rs5750211,66,78,-0.0715283,0.150705,False
rs5750211,66,79,-0.0558246,0.262408,False
rs5750211,66,80,-0.0502045,0.313178,False
rs5750211,66,81,-0.0547291,0.270779,False
rs5750211,66,82,-0.0487479,0.326816,False
rs5750211,66,83,-0.0511111,0.304159,False
rs5750211,66,84,-0.0647969,0.192992,False
rs5750211,66,85,-0.0485405,0.329196,False
rs5750211,66,86,-0.045567,0.359532,False
rs5750211,66,87,-0.0502616,0.313074,False
rs5750211,66,88,-0.0448246,0.369583,False
rs5750211,66,89,-0.0378281,0.449406,False
rs5750211,66,90,-0.0136545,0.785563,False
rs5750211,66,91,-0.019546,0.698654,False
rs5750211,66,92,-0.0290811,0.565589,False
rs5750211,66,93,-0.0203343,0.689024,False
rs5750211,66,94,-0.0225131,0.659209,False
rs5750211,66,95,-0.0318806,0.534879,False
rs5750211,66,96,-0.0309561,0.549393,False
rs5750211,66,97,-0.0324484,0.53346,False
rs5750211,66,98,-0.0236717,0.65152,False
rs5750211,66,99,-0.0117804,0.823795,False
rs5750211,66,100,-0.0203069,0.704395,False
rs5750211,66,101,-0.0189233,0.726433,False
rs5750211,66,102,-0.0121504,0.824494,False
rs5750211,66,103,-0.0164637,0.767308,False
rs5750211,66,104,-0.0153949,0.785602,False
rs5750211,66,105,-0.0293737,0.610379,False
rs5750211,66,106,-0.0273139,0.642341,False
rs5750211,66,107,-0.0381371,0.525954,False
rs5750211,66,108,-0.0290341,0.637411,False
rs5750211,66,109,-0.0364677,0.563239,False
rs5750211,66,110,-0.0263529,0.683567,False
rs5750211,66,111,-0.0467737,0.479692,False
rs5750211,66,112,-0.0455256,0.500667,False
rs5750211,66,113,-0.0491425,0.474953,False
rs5750211,66,114,-0.0540058,0.438986,False
rs5750211,66,115,-0.060863,0.38885,False
rs5750211,66,116,-0.0623349,0.379587,False
rs5750211,66,117,-0.0755203,0.288743,False
rs5750211,66,118,-0.0652003,0.35878,False
rs5750211,66,119,-0.0760152,0.282819,False
rs5750211,66,120,-0.0610993,0.385341,False
rs5750211,66,121,-0.063672,0.363811,False
rs5750211,66,122,-0.0604816,0.385316,False
rs5750211,66,123,-0.0489888,0.480092,False
rs5750211,66,124,-0.0563723,0.414532,False
rs5750211,66,125,-0.0541316,0.432283,False
rs5750211,66,126,-0.0559108,0.416058,False
rs5750211,66,127,-0.0604414,0.378628,False
rs5750211,66,128,-0.0487689,0.476751,False
rs5750211,66,129,-0.0366961,0.592002,False
rs5750211,66,130,-0.0448969,0.512151,False
rs5750211,66,131,-0.0442801,0.517816,False
rs5750211,66,132,-0.0309737,0.652003,False
rs5750211,66,133,-0.0212254,0.757934,False
rs5750211,66,134,-0.0240966,0.727424,False
rs5750211,66,135,0.00166675,0.980861,False
rs5750211,66,136,-0.0156188,0.8231,False
rs5750211,66,137,-0.0131796,0.851325,False
rs5750211,66,138,-0.0176206,0.803142,False
rs5750211,66,139,-0.00718088,0.919247,False
rs5750211,66,140,-0.00571275,0.935799,False
rs5750211,66,141,0.00533541,0.939841,False
rs5750211,66,142,-0.000529197,0.993994,False
rs5750211,66,143,-0.00657203,0.924788,False
rs5750211,66,144,-0.00937085,0.891753,False
rs5750211,66,145,-0.00580319,0.931933,False
rs5750211,66,146,-0.0122105,0.854962,False
rs5750211,66,147,-0.0183741,0.780041,False
rs5750211,66,148,-0.0156059,0.80922,False
rs5750211,66,149,-0.0253549,0.689989,False
rs5750211,66,150,-0.0310525,0.619799,False
rs5750211,66,151,-0.0332953,0.589138,False
rs5750211,66,152,-0.0504781,0.40672,False
rs5750211,66,153,-0.0573715,0.339108,False
rs5750211,66,154,-0.0549847,0.354196,False
rs5750211,66,155,-0.0646084,0.270666,False
rs5750211,66,156,-0.0716807,0.216235,False
rs5750211,66,157,-0.0583743,0.30871,False
rs5750211,66,158,-0.0685981,0.227169,False
rs5750211,66,159,-0.0695825,0.215948,False
rs5750211,66,160,-0.0601627,0.280395,False
rs5750211,66,161,-0.0694351,0.208378,False
rs5750211,66,162,-0.0878762,0.108771,False
rs5750211,66,163,-0.093162,0.0865193,False
rs5750211,66,164,-0.083009,0.123976,False
rs5750211,66,165,-0.0951251,0.0762413,False
rs5750211,66,166,-0.104559,0.0496697,False
rs5750211,66,167,-0.116973,0.0275314,False
rs5750211,66,168,-0.121029,0.021725,False
rs5750211,66,169,-0.11632,0.0269365,False
rs5750211,66,170,-0.126955,0.015434,False
rs5750211,66,171,-0.134698,0.00996357,False
rs5750211,66,172,-0.136588,0.00891927,False
rs5750211,66,173,-0.149304,0.00420342,False
rs5750211,66,174,-0.13992,0.00727943,False
rs5750211,66,175,-0.152863,0.00336707,False
rs5750211,66,176,-0.149702,0.00409663,False
rs5750211,66,177,-0.156377,0.00269959,False
rs5750211,66,178,-0.160794,0.00208525,False
rs5750211,66,179,-0.151053,0.00390203,False
rs5750211,66,180,-0.172229,0.00099661,False
rs5750211,66,181,-0.172325,0.00103744,False
rs5750211,66,182,-0.177378,0.000750298,False
rs5750211,66,183,-0.188075,0.000361352,False
rs5750211,66,184,-0.193907,0.000240481,False
rs5750211,66,185,-0.172906,0.00109578,False
rs5750211,66,186,-0.196299,0.000217671,False
rs5750211,66,187,-0.204159,0.000125875,False
rs5750211,66,188,-0.199266,0.000189693,False
rs5750211,66,189,-0.205054,0.000125169,False
rs5750211,66,190,-0.224105,2.83342e-05,False
rs5750211,66,191,-0.217915,5.04592e-05,False
rs5750211,66,192,-0.222221,3.74019e-05,False
rs5750211,66,193,-0.225925,2.80983e-05,False
rs5750211,66,194,-0.247212,4.68271e-06,False
rs5750211,66,195,-0.238793,1.00125e-05,False
rs5750211,66,196,-0.229813,2.20824e-05,False
rs5750211,66,197,-0.227345,2.80931e-05,False
rs5750211,66,198,-0.251839,3.69122e-06,False
rs5750211,66,199,-0.235958,1.46597e-05,False
rs5750211,66,200,-0.240361,1.02404e-05,False
rs5750211,66,201,-0.245787,6.46259e-06,False
rs5750211,66,202,-0.24402,7.74568e-06,False
rs5750211,66,203,-0.240257,1.06314e-05,False
rs5750211,66,204,-0.251436,4.03011e-06,False
rs5750211,66,205,-0.250231,4.42221e-06,False
rs5750211,66,206,-0.246918,5.66638e-06,False
rs5750211,66,207,-0.265032,1.10086e-06,False
rs5750211,66,208,-0.268014,8.13261e-07,False
rs5750211,66,209,-0.25306,3.33992e-06,False
rs5750211,66,210,-0.266372,9.50936e-07,False
rs5750211,66,211,-0.275332,3.89654e-07,False
rs5750211,66,212,-0.260835,1.52213e-06,False
rs5750211,66,213,-0.2654,9.83597e-07,False
rs5750211,66,214,-0.267747,7.75888e-07,False
rs5750211,66,215,-0.270773,5.66759e-07,False
rs5750211,66,216,-0.272387,4.6806e-07,False
rs5750211,66,217,-0.286102,1.2322e-07,False
rs5750211,66,218,-0.273264,4.4861e-07,False
rs5750211,66,219,-0.300782,2.84722e-08,False
rs5750211,66,220,-0.293952,6.16078e-08,False
rs5750211,66,221,-0.294368,5.94683e-08,False
rs5750211,66,222,-0.287935,1.17375e-07,False
rs5750211,66,223,-0.284965,1.60883e-07,False
rs5750211,66,224,-0.293768,6.9034e-08,False
rs5750211,66,225,-0.304136,2.40961e-08,False
rs5750211,66,226,-0.294651,7.00431e-08,False
rs5750211,66,227,-0.30306,3.21757e-08,False
rs5750211,66,228,-0.314229,1.03222e-08,False
rs5750211,66,229,-0.310224,1.80001e-08,False
rs5750211,66,230,-0.312797,1.57369e-08,False
rs5750211,66,231,-0.31255,1.83829e-08,False
rs5750211,66,232,-0.293442,1.42365e-07,False
rs5750211,66,233,-0.302801,6.60438e-08,False
rs5750211,66,234,-0.314165,2.47611e-08,False
rs5750211,66,235,-0.308018,5.43681e-08,False
rs5750211,66,236,-0.33631,3.65485e-09,False
rs5750211,66,237,-0.352142,8.67493e-10,False
rs5750211,66,238,-0.349844,1.53272e-09,False
rs5750211,66,239,-0.345859,3.29229e-09,False
rs5750211,66,240,-0.334459,1.37863e-08,False
rs5750211,66,241,-0.354617,2.71238e-09,False
rs5750211,66,242,-0.357248,3.01622e-09,False
rs5750211,66,243,-0.359166,3.99292e-09,False
rs5750211,66,244,-0.355021,9.25485e-09,False
rs5750211,66,245,-0.358042,1.13388e-08,False
rs5750211,66,246,-0.373717,4.56774e-09,False
rs5750211,66,247,-0.393897,1.27308e-09,False
rs5750211,66,248,-0.383857,6.09096e-09,False
rs5750211,66,249,-0.39872,3.17661e-09,False
rs5750211,66,250,-0.399483,5.71075e-09,False
rs5750211,66,251,-0.399799,1.03867e-08,False
rs5750211,67,6,-0.164315,0.000351859,False
rs5750211,67,7,-0.15932,0.00045907,False
rs5750211,67,8,-0.142445,0.00155679,False
rs5750211,67,9,-0.143646,0.00128692,False
rs5750211,67,10,-0.146554,0.000923514,False
rs5750211,67,11,-0.142739,0.00113331,False
rs5750211,67,12,-0.131894,0.00248508,False
rs5750211,67,13,-0.128528,0.0030129,False
rs5750211,67,14,-0.115879,0.00727576,False
rs5750211,67,15,-0.110572,0.0102418,False
rs5750211,67,16,-0.124272,0.0038274,False
rs5750211,67,17,-0.123731,0.00396092,False
rs5750211,67,18,-0.132129,0.00217353,False
rs5750211,67,19,-0.118017,0.00622001,False
rs5750211,67,20,-0.117667,0.0064112,False
rs5750211,67,21,-0.11395,0.00846485,False
rs5750211,67,22,-0.12481,0.00400158,False
rs5750211,67,23,-0.119996,0.00586222,False
rs5750211,67,24,-0.130061,0.00289764,False
rs5750211,67,25,-0.133503,0.00233884,False
rs5750211,67,26,-0.113797,0.00979099,False
rs5750211,67,27,-0.12319,0.00530706,False
rs5750211,67,28,-0.123666,0.00547064,False
rs5750211,67,29,-0.128623,0.00394563,False
rs5750211,67,30,-0.129477,0.00384313,False
rs5750211,67,31,-0.116722,0.00934551,False
rs5750211,67,32,-0.123878,0.0061557,False
rs5750211,67,33,-0.111889,0.0137282,False
rs5750211,67,34,-0.114004,0.0125238,False
rs5750211,67,35,-0.107548,0.0191434,False
rs5750211,67,36,-0.123525,0.00753059,False
rs5750211,67,37,-0.131759,0.00454008,False
rs5750211,67,38,-0.126502,0.00670254,False
rs5750211,67,39,-0.125744,0.00739532,False
rs5750211,67,40,-0.136785,0.00371378,False
rs5750211,67,41,-0.129575,0.00632374,False
rs5750211,67,42,-0.129281,0.00673536,False
rs5750211,67,43,-0.129555,0.00696375,False
rs5750211,67,44,-0.127025,0.00844223,False
rs5750211,67,45,-0.123998,0.0105804,False
rs5750211,67,46,-0.123289,0.0113698,False
rs5750211,67,47,-0.122479,0.0124325,False
rs5750211,67,48,-0.11147,0.0235396,False
rs5750211,67,49,-0.126579,0.0104022,False
rs5750211,67,50,-0.112097,0.0236974,False
rs5750211,67,51,-0.145424,0.00354983,False
rs5750211,67,52,-0.129874,0.00940289,False
rs5750211,67,53,-0.128348,0.0104702,False
rs5750211,67,54,-0.141758,0.00472662,False
rs5750211,67,55,-0.138918,0.00588749,False
rs5750211,67,56,-0.143022,0.00462631,False
rs5750211,67,57,-0.131751,0.00921816,False
rs5750211,67,58,-0.132856,0.00867031,False
rs5750211,67,59,-0.125471,0.0132925,False
rs5750211,67,60,-0.12396,0.0145405,False
rs5750211,67,61,-0.132149,0.00929068,False
rs5750211,67,62,-0.114308,0.0243617,False
rs5750211,67,63,-0.105845,0.0370214,False
rs5750211,67,64,-0.109615,0.0307338,False
rs5750211,67,65,-0.111477,0.0281378,False
rs5750211,67,66,-0.102904,0.0421921,False
rs5750211,67,67,-0.0982391,0.0521416,False
rs5750211,67,68,-0.0994655,0.0490439,False
rs5750211,67,69,-0.0952629,0.0591367,False
rs5750211,67,70,-0.10574,0.0359419,False
rs5750211,67,71,-0.089765,0.0744051,False
rs5750211,67,72,-0.0833895,0.0969272,False
rs5750211,67,73,-0.0801116,0.110208,False
rs5750211,67,74,-0.0698692,0.162856,False
rs5750211,67,75,-0.0670232,0.179876,False
rs5750211,67,76,-0.0649251,0.193196,False
rs5750211,67,77,-0.0849114,0.0884122,False
rs5750211,67,78,-0.0761967,0.125443,False
rs5750211,67,79,-0.0604313,0.223413,False
rs5750211,67,80,-0.0580418,0.242411,False
rs5750211,67,81,-0.0685594,0.167024,False
rs5750211,67,82,-0.0654957,0.187392,False
rs5750211,67,83,-0.0563171,0.256268,False
rs5750211,67,84,-0.0625876,0.207241,False
rs5750211,67,85,-0.0479836,0.333273,False
rs5750211,67,86,-0.036244,0.465438,False
rs5750211,67,87,-0.040856,0.411296,False
rs5750211,67,88,-0.0299292,0.548372,False
rs5750211,67,89,-0.0257462,0.606188,False
rs5750211,67,90,-0.0411122,0.411769,False
rs5750211,67,91,-0.0374748,0.456629,False
rs5750211,67,92,-0.0276937,0.583424,False
rs5750211,67,93,-0.0205354,0.685573,False
rs5750211,67,94,-0.02246,0.65924,False
rs5750211,67,95,-0.0265887,0.603247,False
rs5750211,67,96,-0.020944,0.684233,False
rs5750211,67,97,-0.018517,0.720958,False
rs5750211,67,98,-0.0242782,0.641645,False
rs5750211,67,99,-0.0221338,0.673858,False
rs5750211,67,100,-0.0320051,0.546537,False
rs5750211,67,101,-0.0244352,0.648543,False
rs5750211,67,102,-0.0224973,0.678949,False
rs5750211,67,103,-0.0266523,0.628146,False
rs5750211,67,104,-0.0174333,0.75461,False
rs5750211,67,105,-0.0247895,0.662298,False
rs5750211,67,106,-0.0251716,0.66323,False
rs5750211,67,107,-0.0264653,0.653695,False
rs5750211,67,108,-0.0436307,0.469312,False
rs5750211,67,109,-0.0391402,0.525995,False
rs5750211,67,110,-0.054501,0.389305,False
rs5750211,67,111,-0.0483176,0.456168,False
rs5750211,67,112,-0.0447068,0.501128,False
rs5750211,67,113,-0.0556794,0.412362,False
rs5750211,67,114,-0.0821051,0.235713,False
rs5750211,67,115,-0.0660919,0.347088,False
rs5750211,67,116,-0.06826,0.337206,False
rs5750211,67,117,-0.0690259,0.335512,False
rs5750211,67,118,-0.0725184,0.313533,False
rs5750211,67,119,-0.0817762,0.256334,False
rs5750211,67,120,-0.0660436,0.357966,False
rs5750211,67,121,-0.0705426,0.325136,False
rs5750211,67,122,-0.0757815,0.289277,False
rs5750211,67,123,-0.0721592,0.311175,False
rs5750211,67,124,-0.0783033,0.270159,False
rs5750211,67,125,-0.0657048,0.353691,False
rs5750211,67,126,-0.0672875,0.341025,False
rs5750211,67,127,-0.0571393,0.417859,False
rs5750211,67,128,-0.0595998,0.397628,False
rs5750211,67,129,-0.0520698,0.459284,False
rs5750211,67,130,-0.025619,0.715748,False
rs5750211,67,131,-0.0467402,0.50648,False
rs5750211,67,132,-0.019742,0.779532,False
rs5750211,67,133,-0.033105,0.639264,False
rs5750211,67,134,-0.0173542,0.806189,False
rs5750211,67,135,-0.00950298,0.893491,False
rs5750211,67,136,-0.00127448,0.985719,False
rs5750211,67,137,0.00400571,0.955237,False
rs5750211,67,138,-0.000493408,0.994488,False
rs5750211,67,139,-0.00695238,0.92236,False
rs5750211,67,140,-0.00232749,0.9739,False
rs5750211,67,141,-0.00337609,0.961845,False
rs5750211,67,142,-0.000877634,0.989989,False
rs5750211,67,143,0.0101673,0.88286,False
rs5750211,67,144,-0.00815158,0.904626,False
rs5750211,67,145,-0.011831,0.859766,False
rs5750211,67,146,-0.0309625,0.638269,False
rs5750211,67,147,-0.0237551,0.713801,False
rs5750211,67,148,-0.0194618,0.759594,False
rs5750211,67,149,-0.0424709,0.498085,False
rs5750211,67,150,-0.0445608,0.470629,False
rs5750211,67,151,-0.0479199,0.431094,False
rs5750211,67,152,-0.0595526,0.321739,False
rs5750211,67,153,-0.0626489,0.291279,False
rs5750211,67,154,-0.0606848,0.300984,False
rs5750211,67,155,-0.0699305,0.227771,False
rs5750211,67,156,-0.0723759,0.207149,False
rs5750211,67,157,-0.0620324,0.274993,False
rs5750211,67,158,-0.0648799,0.248941,False
rs5750211,67,159,-0.0693554,0.213215,False
rs5750211,67,160,-0.06759,0.221118,False
rs5750211,67,161,-0.080425,0.14188,False
rs5750211,67,162,-0.0703665,0.195416,False
rs5750211,67,163,-0.0863043,0.10965,False
rs5750211,67,164,-0.0814435,0.128963,False
rs5750211,67,165,-0.0902613,0.090602,False
rs5750211,67,166,-0.100805,0.0572157,False
rs5750211,67,167,-0.107067,0.0426157,False
rs5750211,67,168,-0.116504,0.0265711,False
rs5750211,67,169,-0.133778,0.0106227,False
rs5750211,67,170,-0.135643,0.00953791,False
rs5750211,67,171,-0.134886,0.00974158,False
rs5750211,67,172,-0.149497,0.0041228,False
rs5750211,67,173,-0.142712,0.00615935,False
rs5750211,67,174,-0.156901,0.00256357,False
rs5750211,67,175,-0.147611,0.00453306,False
rs5750211,67,176,-0.141906,0.0064248,False
rs5750211,67,177,-0.166273,0.00142551,False
rs5750211,67,178,-0.166157,0.0014611,False
rs5750211,67,179,-0.178327,0.00066028,False
rs5750211,67,180,-0.165658,0.0015855,False
rs5750211,67,181,-0.166808,0.00151141,False
rs5750211,67,182,-0.162819,0.00199766,False
rs5750211,67,183,-0.161174,0.00228269,False
rs5750211,67,184,-0.1781,0.000767536,False
rs5750211,67,185,-0.189366,0.000366296,False
rs5750211,67,186,-0.184882,0.000508184,False
rs5750211,67,187,-0.206716,0.000105195,False
rs5750211,67,188,-0.200314,0.000176309,False
rs5750211,67,189,-0.208068,0.000102577,False
rs5750211,67,190,-0.219592,4.3172e-05,False
rs5750211,67,191,-0.220214,4.25315e-05,False
rs5750211,67,192,-0.233352,1.51095e-05,False
rs5750211,67,193,-0.235733,1.26241e-05,False
rs5750211,67,194,-0.235368,1.36091e-05,False
rs5750211,67,195,-0.235767,1.36528e-05,False
rs5750211,67,196,-0.233119,1.7843e-05,False
rs5750211,67,197,-0.245136,6.50486e-06,False
rs5750211,67,198,-0.23989,1.03276e-05,False
rs5750211,67,199,-0.238734,1.17297e-05,False
rs5750211,67,200,-0.236497,1.44009e-05,False
rs5750211,67,201,-0.250852,4.21568e-06,False
rs5750211,67,202,-0.256624,2.47811e-06,False
rs5750211,67,203,-0.259902,1.86695e-06,False
rs5750211,67,204,-0.27272,5.74469e-07,False
rs5750211,67,205,-0.263643,1.33913e-06,False
rs5750211,67,206,-0.271964,6.02036e-07,False
rs5750211,67,207,-0.266595,9.7221e-07,False
rs5750211,67,208,-0.271441,5.98291e-07,False
rs5750211,67,209,-0.270089,6.83606e-07,False
rs5750211,67,210,-0.268547,7.64592e-07,False
rs5750211,67,211,-0.265208,1.04929e-06,False
rs5750211,67,212,-0.260769,1.55978e-06,False
rs5750211,67,213,-0.271855,5.37965e-07,False
rs5750211,67,214,-0.280732,2.13921e-07,False
rs5750211,67,215,-0.282376,1.85806e-07,False
rs5750211,67,216,-0.294851,5.16137e-08,False
rs5750211,67,217,-0.287747,1.06736e-07,False
rs5750211,67,218,-0.299165,3.14813e-08,False
rs5750211,67,219,-0.303818,2.03281e-08,False
rs5750211,67,220,-0.317206,4.71369e-09,False
rs5750211,67,221,-0.322556,2.45911e-09,False
rs5750211,67,222,-0.301735,2.53219e-08,False
rs5750211,67,223,-0.304212,2.04864e-08,False
rs5750211,67,224,-0.29802,4.13489e-08,False
rs5750211,67,225,-0.31531,6.86072e-09,False
rs5750211,67,226,-0.303148,2.75735e-08,False
rs5750211,67,227,-0.3135,1.02624e-08,False
rs5750211,67,228,-0.317987,6.75505e-09,False
rs5750211,67,229,-0.325729,3.16896e-09,False
rs5750211,67,230,-0.326582,3.45537e-09,False
rs5750211,67,231,-0.325949,4.35818e-09,False
rs5750211,67,232,-0.334876,1.93398e-09,False
rs5750211,67,233,-0.332156,3.20797e-09,False
rs5750211,67,234,-0.3142,2.58993e-08,False
rs5750211,67,235,-0.332663,4.89155e-09,False
rs5750211,67,236,-0.334595,5.24362e-09,False
rs5750211,67,237,-0.324948,1.86821e-08,False
rs5750211,67,238,-0.326478,2.07089e-08,False
rs5750211,67,239,-0.338709,7.96061e-09,False
rs5750211,67,240,-0.349485,3.9007e-09,False
rs5750211,67,241,-0.352289,4.32767e-09,False
rs5750211,67,242,-0.356425,4.19063e-09,False
rs5750211,67,243,-0.354746,7.80212e-09,False
rs5750211,67,244,-0.357823,9.1132e-09,False
rs5750211,67,245,-0.354605,2.00194e-08,False
rs5750211,67,246,-0.352143,4.24649e-08,False
rs5750211,67,247,-0.358001,4.28805e-08,False
rs5750211,67,248,-0.376238,1.61399e-08,False
rs5750211,67,249,-0.371199,4.38791e-08,False
rs5750211,67,250,-0.385089,2.47596e-08,False
rs5750211,67,251,-0.398449,1.45492e-08,False
rs5750211,68,6,-0.109079,0.0166454,False
rs5750211,68,7,-0.100999,0.025149,False
rs5750211,68,8,-0.0905883,0.0420403,False
rs5750211,68,9,-0.102566,0.0202566,False
rs5750211,68,10,-0.119762,0.00619503,False
rs5750211,68,11,-0.117389,0.00694229,False
rs5750211,68,12,-0.108736,0.0118623,False
rs5750211,68,13,-0.0972712,0.0236336,False
rs5750211,68,14,-0.0977155,0.0225545,False
rs5750211,68,15,-0.100446,0.0188468,False
rs5750211,68,16,-0.0994095,0.0200108,False
rs5750211,68,17,-0.106991,0.0123932,False
rs5750211,68,18,-0.104363,0.0148977,False
rs5750211,68,19,-0.0979463,0.022168,False
rs5750211,68,20,-0.1142,0.00780556,False
rs5750211,68,21,-0.1377,0.0013472,False
rs5750211,68,22,-0.123768,0.00409422,False
rs5750211,68,23,-0.129522,0.00276437,False
rs5750211,68,24,-0.115195,0.00807626,False
rs5750211,68,25,-0.108386,0.0130357,False
rs5750211,68,26,-0.12092,0.00576436,False
rs5750211,68,27,-0.114713,0.0091249,False
rs5750211,68,28,-0.111447,0.0116814,False
rs5750211,68,29,-0.121985,0.00609027,False
rs5750211,68,30,-0.115284,0.00975409,False
rs5750211,68,31,-0.110489,0.0137344,False
rs5750211,68,32,-0.125242,0.00539064,False
rs5750211,68,33,-0.122437,0.00670289,False
rs5750211,68,34,-0.128541,0.00468034,False
rs5750211,68,35,-0.136104,0.00291208,False
rs5750211,68,36,-0.125453,0.00636311,False
rs5750211,68,37,-0.128089,0.00556923,False
rs5750211,68,38,-0.128754,0.00563435,False
rs5750211,68,39,-0.128391,0.00600912,False
rs5750211,68,40,-0.116451,0.013458,False
rs5750211,68,41,-0.122337,0.00973426,False
rs5750211,68,42,-0.121402,0.010722,False
rs5750211,68,43,-0.125528,0.00863323,False
rs5750211,68,44,-0.135042,0.00502467,False
rs5750211,68,45,-0.140809,0.00365292,False
rs5750211,68,46,-0.118601,0.0148268,False
rs5750211,68,47,-0.145988,0.00278145,False
rs5750211,68,48,-0.137927,0.00501102,False
rs5750211,68,49,-0.143862,0.00355619,False
rs5750211,68,50,-0.147845,0.00284068,False
rs5750211,68,51,-0.141185,0.00454387,False
rs5750211,68,52,-0.14576,0.00348973,False
rs5750211,68,53,-0.133306,0.00770178,False
rs5750211,68,54,-0.1266,0.0116176,False
rs5750211,68,55,-0.144819,0.00394105,False
rs5750211,68,56,-0.130665,0.00945949,False
rs5750211,68,57,-0.14459,0.00410901,False
rs5750211,68,58,-0.135692,0.00718554,False
rs5750211,68,59,-0.128457,0.0110943,False
rs5750211,68,60,-0.122508,0.0156879,False
rs5750211,68,61,-0.118337,0.0193893,False
rs5750211,68,62,-0.126528,0.0126231,False
rs5750211,68,63,-0.128575,0.0112438,False
rs5750211,68,64,-0.114763,0.0235502,False
rs5750211,68,65,-0.11522,0.022997,False
rs5750211,68,66,-0.12496,0.0135805,False
rs5750211,68,67,-0.102246,0.0431744,False
rs5750211,68,68,-0.109743,0.0298626,False
rs5750211,68,69,-0.0950505,0.059465,False
rs5750211,68,70,-0.0939146,0.0617958,False
rs5750211,68,71,-0.0969034,0.053707,False
rs5750211,68,72,-0.0823155,0.100677,False
rs5750211,68,73,-0.0845061,0.0912778,False
rs5750211,68,74,-0.0881207,0.0777175,False
rs5750211,68,75,-0.0741957,0.136985,False
rs5750211,68,76,-0.0758668,0.127059,False
rs5750211,68,77,-0.0715509,0.150193,False
rs5750211,68,78,-0.0735487,0.13869,False
rs5750211,68,79,-0.0631056,0.202597,False
rs5750211,68,80,-0.0748529,0.130517,False
rs5750211,68,81,-0.0785642,0.112241,False
rs5750211,68,82,-0.0589649,0.233,False
rs5750211,68,83,-0.0475938,0.335531,False
rs5750211,68,84,-0.0442233,0.371298,False
rs5750211,68,85,-0.050672,0.305841,False
rs5750211,68,86,-0.0496875,0.3157,False
rs5750211,68,87,-0.0628877,0.204538,False
rs5750211,68,88,-0.0505064,0.309181,False
rs5750211,68,89,-0.052051,0.295472,False
rs5750211,68,90,-0.0436712,0.381572,False
rs5750211,68,91,-0.0412891,0.409403,False
rs5750211,68,92,-0.0358093,0.475423,False
rs5750211,68,93,-0.0381835,0.447677,False
rs5750211,68,94,-0.0386889,0.444856,False
rs5750211,68,95,-0.0357903,0.481963,False
rs5750211,68,96,-0.0385424,0.451587,False
rs5750211,68,97,-0.0376859,0.464002,False
rs5750211,68,98,-0.0291996,0.573167,False
rs5750211,68,99,-0.0230724,0.659321,False
rs5750211,68,100,-0.0243456,0.644521,False
rs5750211,68,101,-0.0109827,0.836238,False
rs5750211,68,102,-0.0141338,0.792687,False
rs5750211,68,103,-0.0367705,0.498646,False
rs5750211,68,104,-0.0133523,0.808319,False
rs5750211,68,105,-0.0131964,0.813258,False
rs5750211,68,106,-0.0140974,0.803983,False
rs5750211,68,107,-0.0163553,0.777267,False
rs5750211,68,108,-0.0357127,0.544572,False
rs5750211,68,109,-0.0246233,0.682537,False
rs5750211,68,110,-0.0411789,0.504061,False
rs5750211,68,111,-0.0464981,0.461567,False
rs5750211,68,112,-0.0425472,0.510758,False
rs5750211,68,113,-0.0564956,0.394312,False
rs5750211,68,114,-0.0624859,0.356658,False
rs5750211,68,115,-0.0661725,0.339187,False
rs5750211,68,116,-0.0690926,0.32647,False
rs5750211,68,117,-0.052538,0.462325,False
rs5750211,68,118,-0.0708012,0.326941,False
rs5750211,68,119,-0.0379913,0.601681,False
rs5750211,68,120,-0.0574412,0.431849,False
rs5750211,68,121,-0.0639373,0.38298,False
rs5750211,68,122,-0.0572597,0.434383,False
rs5750211,68,123,-0.0569065,0.437066,False
rs5750211,68,124,-0.0539396,0.460974,False
rs5750211,68,125,-0.048926,0.50297,False
rs5750211,68,126,-0.0432017,0.55382,False
rs5750211,68,127,-0.0457639,0.530032,False
rs5750211,68,128,-0.0378581,0.603047,False
rs5750211,68,129,-0.0277313,0.702713,False
rs5750211,68,130,-0.0216542,0.765372,False
rs5750211,68,131,-0.0215494,0.766488,False
rs5750211,68,132,-0.00677342,0.925584,False
rs5750211,68,133,-0.010087,0.889396,False
rs5750211,68,134,-0.00916369,0.899322,False
rs5750211,68,135,-0.00470484,0.948197,False
rs5750211,68,136,0.00486436,0.946325,False
rs5750211,68,137,0.0161318,0.823322,False
rs5750211,68,138,0.00166177,0.981557,False
rs5750211,68,139,0.00201291,0.977501,False
rs5750211,68,140,0.00602073,0.93214,False
rs5750211,68,141,0.00399943,0.954388,False
rs5750211,68,142,-0.0117895,0.864329,False
rs5750211,68,143,-0.00767057,0.910205,False
rs5750211,68,144,-0.0190475,0.776074,False
rs5750211,68,145,-0.00922121,0.888497,False
rs5750211,68,146,-0.0293756,0.649653,False
rs5750211,68,147,-0.020114,0.751882,False
rs5750211,68,148,-0.0276534,0.658481,False
rs5750211,68,149,-0.0265416,0.666847,False
rs5750211,68,150,-0.0219364,0.718297,False
rs5750211,68,151,-0.0196483,0.743257,False
rs5750211,68,152,-0.0301086,0.611101,False
rs5750211,68,153,-0.0414587,0.479597,False
rs5750211,68,154,-0.0447578,0.439667,False
rs5750211,68,155,-0.0483282,0.399755,False
rs5750211,68,156,-0.0489546,0.38823,False
rs5750211,68,157,-0.0515787,0.359234,False
rs5750211,68,158,-0.0658942,0.236597,False
rs5750211,68,159,-0.0781908,0.156678,False
rs5750211,68,160,-0.0659026,0.229208,False
rs5750211,68,161,-0.0737181,0.174891,False
rs5750211,68,162,-0.0853073,0.113932,False
rs5750211,68,163,-0.0948905,0.0767082,False
rs5750211,68,164,-0.0979504,0.066306,False
rs5750211,68,165,-0.0891037,0.0928871,False
rs5750211,68,166,-0.101443,0.0544548,False
rs5750211,68,167,-0.102714,0.0504508,False
rs5750211,68,168,-0.124359,0.0175514,False
rs5750211,68,169,-0.118319,0.0233866,False
rs5750211,68,170,-0.135341,0.00929064,False
rs5750211,68,171,-0.133372,0.0103163,False
rs5750211,68,172,-0.139822,0.00705762,False
rs5750211,68,173,-0.150343,0.00378211,False
rs5750211,68,174,-0.163958,0.00157942,False
rs5750211,68,175,-0.163461,0.00164322,False
rs5750211,68,176,-0.162644,0.00177388,False
rs5750211,68,177,-0.16111,0.00198976,False
rs5750211,68,178,-0.166358,0.00143018,False
rs5750211,68,179,-0.163187,0.00180734,False
rs5750211,68,180,-0.180211,0.000589904,False
rs5750211,68,181,-0.17556,0.000834775,False
rs5750211,68,182,-0.179829,0.000645006,False
rs5750211,68,183,-0.186232,0.00043312,False
rs5750211,68,184,-0.189715,0.000346452,False
rs5750211,68,185,-0.193057,0.000288031,False
rs5750211,68,186,-0.194234,0.00026713,False
rs5750211,68,187,-0.190237,0.000368854,False
rs5750211,68,188,-0.195159,0.000266957,False
rs5750211,68,189,-0.201464,0.000174163,False
rs5750211,68,190,-0.206521,0.000124476,False
rs5750211,68,191,-0.193459,0.000333188,False
rs5750211,68,192,-0.21217,8.72346e-05,False
rs5750211,68,193,-0.230153,2.08529e-05,False
rs5750211,68,194,-0.232239,1.77294e-05,False
rs5750211,68,195,-0.242591,7.56562e-06,False
rs5750211,68,196,-0.233127,1.74358e-05,False
rs5750211,68,197,-0.236044,1.37304e-05,False
rs5750211,68,198,-0.234391,1.63276e-05,False
rs5750211,68,199,-0.245767,6.36782e-06,False
rs5750211,68,200,-0.251735,3.78206e-06,False
rs5750211,68,201,-0.245815,6.46846e-06,False
rs5750211,68,202,-0.230731,2.32766e-05,False
rs5750211,68,203,-0.250006,4.47081e-06,False
rs5750211,68,204,-0.245349,6.70608e-06,False
rs5750211,68,205,-0.258698,2.00111e-06,False
rs5750211,68,206,-0.262472,1.45989e-06,False
rs5750211,68,207,-0.261949,1.49053e-06,False
rs5750211,68,208,-0.262329,1.4297e-06,False
rs5750211,68,209,-0.281396,2.21315e-07,False
rs5750211,68,210,-0.264281,1.13447e-06,False
rs5750211,68,211,-0.272454,5.09803e-07,False
rs5750211,68,212,-0.259082,1.72578e-06,False
rs5750211,68,213,-0.273356,4.305e-07,False
rs5750211,68,214,-0.26412,1.02736e-06,False
rs5750211,68,215,-0.268092,7.26218e-07,False
rs5750211,68,216,-0.292444,6.55185e-08,False
rs5750211,68,217,-0.293186,5.90293e-08,False
rs5750211,68,218,-0.288869,9.1776e-08,False
rs5750211,68,219,-0.296933,3.97777e-08,False
rs5750211,68,220,-0.296195,4.27079e-08,False
rs5750211,68,221,-0.303884,1.89668e-08,False
rs5750211,68,222,-0.293172,6.16554e-08,False
rs5750211,68,223,-0.315871,5.7619e-09,False
rs5750211,68,224,-0.310404,1.15616e-08,False
rs5750211,68,225,-0.306068,1.9751e-08,False
rs5750211,68,226,-0.302255,3.0241e-08,False
rs5750211,68,227,-0.308599,1.69763e-08,False
rs5750211,68,228,-0.322704,4.1944e-09,False
rs5750211,68,229,-0.320936,5.76125e-09,False
rs5750211,68,230,-0.316818,1.03375e-08,False
rs5750211,68,231,-0.326554,4.102e-09,False
rs5750211,68,232,-0.312185,2.30994e-08,False
rs5750211,68,233,-0.329276,4.51504e-09,False
rs5750211,68,234,-0.314968,2.54994e-08,False
rs5750211,68,235,-0.328369,8.18838e-09,False
rs5750211,68,236,-0.33219,7.30896e-09,False
rs5750211,68,237,-0.340954,3.85307e-09,False
rs5750211,68,238,-0.324781,2.6356e-08,False
rs5750211,68,239,-0.313501,1.08426e-07,False
rs5750211,68,240,-0.325006,5.22253e-08,False
rs5750211,68,241,-0.341407,1.53895e-08,False
rs5750211,68,242,-0.337758,3.12879e-08,False
rs5750211,68,243,-0.333462,7.12133e-08,False
rs5750211,68,244,-0.328706,1.59736e-07,False
rs5750211,68,245,-0.33514,1.41635e-07,False
rs5750211,68,246,-0.352494,5.22512e-08,False
rs5750211,68,247,-0.358748,5.15072e-08,False
rs5750211,68,248,-0.362375,6.66866e-08,False
rs5750211,68,249,-0.373695,4.38621e-08,False
rs5750211,68,250,-0.380344,4.4842e-08,False
rs5750211,68,251,-0.395974,2.15628e-08,False
rs5750211,69,6,-0.116817,0.0103951,False
rs5750211,69,7,-0.122196,0.00681712,False
rs5750211,69,8,-0.136939,0.00218366,False
rs5750211,69,9,-0.127019,0.00407064,False
rs5750211,69,10,-0.117144,0.0074496,False
rs5750211,69,11,-0.132235,0.00228411,False
rs5750211,69,12,-0.139616,0.00122039,False
rs5750211,69,13,-0.11734,0.00637996,False
rs5750211,69,14,-0.127712,0.00280714,False
rs5750211,69,15,-0.138521,0.00117965,False
rs5750211,69,16,-0.135984,0.00145697,False
rs5750211,69,17,-0.135877,0.00143791,False
rs5750211,69,18,-0.133314,0.00176394,False
rs5750211,69,19,-0.126627,0.00313871,False
rs5750211,69,20,-0.127133,0.00302379,False
rs5750211,69,21,-0.12537,0.00356813,False
rs5750211,69,22,-0.119489,0.00556866,False
rs5750211,69,23,-0.121669,0.00484464,False
rs5750211,69,24,-0.131579,0.00240605,False
rs5750211,69,25,-0.131996,0.00242646,False
rs5750211,69,26,-0.139156,0.00143077,False
rs5750211,69,27,-0.133629,0.00236362,False
rs5750211,69,28,-0.120672,0.00621402,False
rs5750211,69,29,-0.120635,0.00647796,False
rs5750211,69,30,-0.11271,0.0112845,False
rs5750211,69,31,-0.121927,0.00634844,False
rs5750211,69,32,-0.137256,0.0022381,False
rs5750211,69,33,-0.116654,0.00969772,False
rs5750211,69,34,-0.125096,0.00586608,False
rs5750211,69,35,-0.132536,0.0036337,False
rs5750211,69,36,-0.133271,0.00367255,False
rs5750211,69,37,-0.127908,0.00554778,False
rs5750211,69,38,-0.133318,0.00402558,False
rs5750211,69,39,-0.138419,0.00296711,False
rs5750211,69,40,-0.138862,0.00301486,False
rs5750211,69,41,-0.14012,0.00292313,False
rs5750211,69,42,-0.136248,0.00408596,False
rs5750211,69,43,-0.130233,0.00628856,False
rs5750211,69,44,-0.134253,0.00511285,False
rs5750211,69,45,-0.128456,0.00767652,False
rs5750211,69,46,-0.127011,0.00871674,False
rs5750211,69,47,-0.130694,0.0071669,False
rs5750211,69,48,-0.136797,0.00512404,False
rs5750211,69,49,-0.141683,0.00392401,False
rs5750211,69,50,-0.124932,0.01124,False
rs5750211,69,51,-0.155845,0.0016506,False
rs5750211,69,52,-0.146648,0.00312722,False
rs5750211,69,53,-0.141917,0.00437787,False
rs5750211,69,54,-0.147634,0.00313122,False
rs5750211,69,55,-0.138523,0.00562844,False
rs5750211,69,56,-0.132164,0.00858173,False
rs5750211,69,57,-0.138845,0.00585815,False
rs5750211,69,58,-0.141293,0.00511189,False
rs5750211,69,59,-0.136411,0.00682391,False
rs5750211,69,60,-0.14296,0.00466664,False
rs5750211,69,61,-0.129082,0.0106791,False
rs5750211,69,62,-0.137872,0.00644072,False
rs5750211,69,63,-0.135233,0.00760351,False
rs5750211,69,64,-0.124516,0.0138091,False
rs5750211,69,65,-0.126151,0.0124351,False
rs5750211,69,66,-0.141089,0.00515419,False
rs5750211,69,67,-0.119256,0.0180291,False
rs5750211,69,68,-0.109837,0.0292622,False
rs5750211,69,69,-0.113256,0.0244301,False
rs5750211,69,70,-0.116293,0.0208449,False
rs5750211,69,71,-0.10317,0.0397328,False
rs5750211,69,72,-0.0945931,0.0589258,False
rs5750211,69,73,-0.108711,0.0297398,False
rs5750211,69,74,-0.108863,0.0291125,False
rs5750211,69,75,-0.100209,0.0445373,False
rs5750211,69,76,-0.0893699,0.0727164,False
rs5750211,69,77,-0.0840189,0.0907629,False
rs5750211,69,78,-0.0827909,0.0953146,False
rs5750211,69,79,-0.0770979,0.119372,False
rs5750211,69,80,-0.073919,0.135228,False
rs5750211,69,81,-0.0760726,0.123838,False
rs5750211,69,82,-0.0888008,0.0724353,False
rs5750211,69,83,-0.0721548,0.143803,False
rs5750211,69,84,-0.0587789,0.2337,False
rs5750211,69,85,-0.0663473,0.179211,False
rs5750211,69,86,-0.0672162,0.17371,False
rs5750211,69,87,-0.0578913,0.241574,False
rs5750211,69,88,-0.054294,0.272508,False
rs5750211,69,89,-0.0642713,0.195044,False
rs5750211,69,90,-0.0625056,0.209498,False
rs5750211,69,91,-0.0564985,0.257753,False
rs5750211,69,92,-0.0457357,0.360102,False
rs5750211,69,93,-0.0434601,0.386375,False
rs5750211,69,94,-0.0395969,0.432678,False
rs5750211,69,95,-0.0419381,0.40782,False
rs5750211,69,96,-0.0327274,0.520596,False
rs5750211,69,97,-0.0276335,0.589159,False
rs5750211,69,98,-0.0223891,0.663879,False
rs5750211,69,99,-0.0285785,0.582004,False
rs5750211,69,100,-0.0240837,0.644793,False
rs5750211,69,101,-0.0288319,0.584209,False
rs5750211,69,102,-0.0281077,0.597003,False
rs5750211,69,103,-0.0246136,0.646885,False
rs5750211,69,104,-0.0163465,0.763549,False
rs5750211,69,105,-0.0247426,0.652766,False
rs5750211,69,106,-0.0246341,0.658578,False
rs5750211,69,107,-0.0274905,0.627061,False
rs5750211,69,108,-0.0480419,0.404054,False
rs5750211,69,109,-0.0321077,0.583941,False
rs5750211,69,110,-0.0251334,0.674492,False
rs5750211,69,111,-0.0416974,0.495285,False
rs5750211,69,112,-0.0340201,0.586675,False
rs5750211,69,113,-0.038839,0.544858,False
rs5750211,69,114,-0.0563483,0.390996,False
rs5750211,69,115,-0.0652613,0.331325,False
rs5750211,69,116,-0.044,0.521875,False
rs5750211,69,117,-0.0682444,0.329998,False
rs5750211,69,118,-0.0669413,0.347488,False
rs5750211,69,119,-0.0797294,0.270225,False
rs5750211,69,120,-0.0709974,0.331296,False
rs5750211,69,121,-0.0657499,0.37202,False
rs5750211,69,122,-0.0707235,0.33964,False
rs5750211,69,123,-0.0665735,0.370943,False
rs5750211,69,124,-0.0621938,0.40447,False
rs5750211,69,125,-0.0700043,0.348368,False
rs5750211,69,126,-0.0571798,0.444056,False
rs5750211,69,127,-0.0517892,0.488224,False
rs5750211,69,128,-0.0638128,0.392677,False
rs5750211,69,129,-0.0558236,0.454151,False
rs5750211,69,130,-0.0521772,0.483065,False
rs5750211,69,131,-0.0551114,0.457572,False
rs5750211,69,132,-0.0572505,0.439114,False
rs5750211,69,133,-0.0461397,0.531705,False
rs5750211,69,134,-0.0364518,0.620011,False
rs5750211,69,135,-0.0379133,0.604011,False
rs5750211,69,136,-0.0377172,0.603496,False
rs5750211,69,137,-0.0400159,0.57833,False
rs5750211,69,138,-0.0187321,0.792985,False
rs5750211,69,139,-0.0251073,0.721698,False
rs5750211,69,140,-0.0332077,0.633228,False
rs5750211,69,141,-0.0161284,0.814027,False
rs5750211,69,142,-0.0335635,0.619123,False
rs5750211,69,143,-0.03428,0.606022,False
rs5750211,69,144,-0.0372492,0.5689,False
rs5750211,69,145,-0.0458193,0.475605,False
rs5750211,69,146,-0.0515628,0.415072,False
rs5750211,69,147,-0.0485178,0.436438,False
rs5750211,69,148,-0.0526365,0.391593,False
rs5750211,69,149,-0.0614396,0.310947,False
rs5750211,69,150,-0.04414,0.460748,False
rs5750211,69,151,-0.064849,0.272991,False
rs5750211,69,152,-0.0530411,0.364425,False
rs5750211,69,153,-0.0764867,0.186766,False
rs5750211,69,154,-0.0797894,0.163381,False
rs5750211,69,155,-0.0735921,0.194295,False
rs5750211,69,156,-0.0705841,0.208372,False
rs5750211,69,157,-0.0857773,0.123287,False
rs5750211,69,158,-0.0619365,0.261467,False
rs5750211,69,159,-0.0804438,0.141724,False
rs5750211,69,160,-0.101217,0.0624975,False
rs5750211,69,161,-0.0894554,0.0970585,False
rs5750211,69,162,-0.0899629,0.0928935,False
rs5750211,69,163,-0.0977305,0.0664748,False
rs5750211,69,164,-0.102625,0.0526273,False
rs5750211,69,165,-0.114934,0.02948,False
rs5750211,69,166,-0.111623,0.0334653,False
rs5750211,69,167,-0.117433,0.0246986,False
rs5750211,69,168,-0.120326,0.0210176,False
rs5750211,69,169,-0.134035,0.00995979,False
rs5750211,69,170,-0.144581,0.00541503,False
rs5750211,69,171,-0.147446,0.00453495,False
rs5750211,69,172,-0.169417,0.0010988,False
rs5750211,69,173,-0.156874,0.00249384,False
rs5750211,69,174,-0.158576,0.00227748,False
rs5750211,69,175,-0.153276,0.00321039,False
rs5750211,69,176,-0.141267,0.00667689,False
rs5750211,69,177,-0.164024,0.00166272,False
rs5750211,69,178,-0.15745,0.00256856,False
rs5750211,69,179,-0.156497,0.00280847,False
rs5750211,69,180,-0.168369,0.00132859,False
rs5750211,69,181,-0.180553,0.000603106,False
rs5750211,69,182,-0.184754,0.000471594,False
rs5750211,69,183,-0.18092,0.000638335,False
rs5750211,69,184,-0.183065,0.000567099,False
rs5750211,69,185,-0.189782,0.000370488,False
rs5750211,69,186,-0.194361,0.000277372,False
rs5750211,69,187,-0.206323,0.000117654,False
rs5750211,69,188,-0.194214,0.000297713,False
rs5750211,69,189,-0.204703,0.000145003,False
rs5750211,69,190,-0.207435,0.00012055,False
rs5750211,69,191,-0.217313,5.8638e-05,False
rs5750211,69,192,-0.231225,1.90003e-05,False
rs5750211,69,193,-0.21765,5.91768e-05,False
rs5750211,69,194,-0.224187,3.65638e-05,False
rs5750211,69,195,-0.229424,2.42971e-05,False
rs5750211,69,196,-0.217463,6.50882e-05,False
rs5750211,69,197,-0.211958,9.81773e-05,False
rs5750211,69,198,-0.245383,6.64028e-06,False
rs5750211,69,199,-0.249599,4.76069e-06,False
rs5750211,69,200,-0.23663,1.48834e-05,False
rs5750211,69,201,-0.249358,4.81607e-06,False
rs5750211,69,202,-0.240814,1.01752e-05,False
rs5750211,69,203,-0.245812,6.67187e-06,False
rs5750211,69,204,-0.251515,4.03137e-06,False
rs5750211,69,205,-0.247272,5.54066e-06,False
rs5750211,69,206,-0.241742,8.95796e-06,False
rs5750211,69,207,-0.245545,6.44661e-06,False
rs5750211,69,208,-0.269348,7.20358e-07,False
rs5750211,69,209,-0.259566,1.83935e-06,False
rs5750211,69,210,-0.263423,1.23269e-06,False
rs5750211,69,211,-0.278837,2.68407e-07,False
rs5750211,69,212,-0.265627,9.46744e-07,False
rs5750211,69,213,-0.289038,9.03352e-08,False
rs5750211,69,214,-0.279083,2.40031e-07,False
rs5750211,69,215,-0.285977,1.21353e-07,False
rs5750211,69,216,-0.285184,1.30591e-07,False
rs5750211,69,217,-0.290633,7.2229e-08,False
rs5750211,69,218,-0.283905,1.42532e-07,False
rs5750211,69,219,-0.276916,2.90642e-07,False
rs5750211,69,220,-0.284593,1.37269e-07,False
rs5750211,69,221,-0.298706,3.34843e-08,False
rs5750211,69,222,-0.297623,3.84257e-08,False
rs5750211,69,223,-0.281225,2.17052e-07,False
rs5750211,69,224,-0.291111,8.2575e-08,False
rs5750211,69,225,-0.300845,3.25637e-08,False
rs5750211,69,226,-0.296261,5.66811e-08,False
rs5750211,69,227,-0.301514,3.67786e-08,False
rs5750211,69,228,-0.298734,5.54288e-08,False
rs5750211,69,229,-0.307286,2.64015e-08,False
rs5750211,69,230,-0.306055,3.5449e-08,False
rs5750211,69,231,-0.316367,1.45437e-08,False
rs5750211,69,232,-0.305808,5.12681e-08,False
rs5750211,69,233,-0.320721,1.35602e-08,False
rs5750211,69,234,-0.32222,1.45212e-08,False
rs5750211,69,235,-0.329964,8.36929e-09,False
rs5750211,69,236,-0.326444,1.52995e-08,False
rs5750211,69,237,-0.325382,2.37184e-08,False
rs5750211,69,238,-0.331875,1.71206e-08,False
rs5750211,69,239,-0.320696,6.69374e-08,False
rs5750211,69,240,-0.323538,6.87546e-08,False
rs5750211,69,241,-0.317526,1.63475e-07,False
rs5750211,69,242,-0.320441,1.8137e-07,False
rs5750211,69,243,-0.322416,2.41834e-07,False
rs5750211,69,244,-0.325777,2.54521e-07,False
rs5750211,69,245,-0.331298,2.53804e-07,False
rs5750211,69,246,-0.327516,5.36329e-07,False
rs5750211,69,247,-0.333575,5.15888e-07,False
rs5750211,69,248,-0.347532,2.73723e-07,False
rs5750211,69,249,-0.343342,6.19172e-07,False
rs5750211,69,250,-0.347482,7.26265e-07,False
rs5750211,69,251,-0.367385,2.69691e-07,False
rs5750211,70,6,-0.145491,0.00129992,False
rs5750211,70,7,-0.133506,0.00291944,False
rs5750211,70,8,-0.126887,0.00421822,False
rs5750211,70,9,-0.129801,0.0031607,False
rs5750211,70,10,-0.116945,0.00740561,False
rs5750211,70,11,-0.112903,0.00915911,False
rs5750211,70,12,-0.118943,0.00568402,False
rs5750211,70,13,-0.10799,0.0118791,False
rs5750211,70,14,-0.103352,0.0155571,False
rs5750211,70,15,-0.128193,0.00267707,False
rs5750211,70,16,-0.115378,0.00682888,False
rs5750211,70,17,-0.0961323,0.0239927,False
rs5750211,70,18,-0.114312,0.00737186,False
rs5750211,70,19,-0.109595,0.0101046,False
rs5750211,70,20,-0.105463,0.0135993,False
rs5750211,70,21,-0.101167,0.018271,False
rs5750211,70,22,-0.0969284,0.0239212,False
rs5750211,70,23,-0.103272,0.0164244,False
rs5750211,70,24,-0.117283,0.00660076,False
rs5750211,70,25,-0.114939,0.00812628,False
rs5750211,70,26,-0.117725,0.0068797,False
rs5750211,70,27,-0.104133,0.0171904,False
rs5750211,70,28,-0.1039,0.0181219,False
rs5750211,70,29,-0.106775,0.0157118,False
rs5750211,70,30,-0.114337,0.00997851,False
rs5750211,70,31,-0.103284,0.020433,False
rs5750211,70,32,-0.104676,0.019294,False
rs5750211,70,33,-0.105933,0.0185908,False
rs5750211,70,34,-0.0935397,0.0383877,False
rs5750211,70,35,-0.103105,0.0230027,False
rs5750211,70,36,-0.104998,0.0217378,False
rs5750211,70,37,-0.0990179,0.031061,False
rs5750211,70,38,-0.103334,0.0250284,False
rs5750211,70,39,-0.109287,0.0184819,False
rs5750211,70,40,-0.108127,0.0203791,False
rs5750211,70,41,-0.0997124,0.0336058,False
rs5750211,70,42,-0.10063,0.0332789,False
rs5750211,70,43,-0.101035,0.0331236,False
rs5750211,70,44,-0.108396,0.0230167,False
rs5750211,70,45,-0.106364,0.0265529,False
rs5750211,70,46,-0.127965,0.00798395,False
rs5750211,70,47,-0.120969,0.0125238,False
rs5750211,70,48,-0.11731,0.0160645,False
rs5750211,70,49,-0.117276,0.0163796,False
rs5750211,70,50,-0.128788,0.00870254,False
rs5750211,70,51,-0.131308,0.00772824,False
rs5750211,70,52,-0.121228,0.0142248,False
rs5750211,70,53,-0.132536,0.00760891,False
rs5750211,70,54,-0.13087,0.00861092,False
rs5750211,70,55,-0.141643,0.00455403,False
rs5750211,70,56,-0.132426,0.00822218,False
rs5750211,70,57,-0.117759,0.0190165,False
rs5750211,70,58,-0.14814,0.00320277,False
rs5750211,70,59,-0.141219,0.00501999,False
rs5750211,70,60,-0.128835,0.0105776,False
rs5750211,70,61,-0.130626,0.00962822,False
rs5750211,70,62,-0.134033,0.00795759,False
rs5750211,70,63,-0.125834,0.0128034,False
rs5750211,70,64,-0.119207,0.0181646,False
rs5750211,70,65,-0.129963,0.00987987,False
rs5750211,70,66,-0.132889,0.00828858,False
rs5750211,70,67,-0.121265,0.0160948,False
rs5750211,70,68,-0.128406,0.0107342,False
rs5750211,70,69,-0.126884,0.0116305,False
rs5750211,70,70,-0.122148,0.0148285,False
rs5750211,70,71,-0.117278,0.0192626,False
rs5750211,70,72,-0.106709,0.0329943,False
rs5750211,70,73,-0.115589,0.0207924,False
rs5750211,70,74,-0.114287,0.0219403,False
rs5750211,70,75,-0.102566,0.0397299,False
rs5750211,70,76,-0.0869829,0.0802846,False
rs5750211,70,77,-0.101375,0.0411874,False
rs5750211,70,78,-0.0938272,0.0588339,False
rs5750211,70,79,-0.0918769,0.0635147,False
rs5750211,70,80,-0.0969411,0.0500067,False
rs5750211,70,81,-0.0795977,0.106826,False
rs5750211,70,82,-0.0716448,0.146537,False
rs5750211,70,83,-0.0603169,0.220571,False
rs5750211,70,84,-0.0621898,0.206923,False
rs5750211,70,85,-0.0602678,0.221596,False
rs5750211,70,86,-0.0580062,0.239419,False
rs5750211,70,87,-0.0518919,0.293598,False
rs5750211,70,88,-0.0453671,0.358185,False
rs5750211,70,89,-0.050225,0.309244,False
rs5750211,70,90,-0.0463928,0.348979,False
rs5750211,70,91,-0.0444925,0.369404,False
rs5750211,70,92,-0.0320888,0.518921,False
rs5750211,70,93,-0.049674,0.319576,False
rs5750211,70,94,-0.032913,0.51107,False
rs5750211,70,95,-0.0313047,0.533204,False
rs5750211,70,96,-0.0528616,0.294875,False
rs5750211,70,97,-0.0369464,0.46689,False
rs5750211,70,98,-0.0273864,0.591788,False
rs5750211,70,99,-0.0246098,0.631763,False
rs5750211,70,100,-0.0280579,0.587904,False
rs5750211,70,101,-0.0210642,0.686522,False
rs5750211,70,102,-0.0349902,0.505885,False
rs5750211,70,103,-0.0167607,0.752161,False
rs5750211,70,104,-0.0248821,0.642391,False
rs5750211,70,105,-0.00790596,0.884136,False
rs5750211,70,106,-0.0265053,0.628632,False
rs5750211,70,107,-0.0139306,0.802046,False
rs5750211,70,108,-0.0169912,0.763049,False
rs5750211,70,109,-0.0167711,0.769398,False
rs5750211,70,110,-0.0263533,0.650773,False
rs5750211,70,111,-0.0226581,0.702183,False
rs5750211,70,112,-0.0251981,0.676675,False
rs5750211,70,113,-0.0303173,0.622963,False
rs5750211,70,114,-0.0379966,0.546857,False
rs5750211,70,115,-0.0500665,0.437408,False
rs5750211,70,116,-0.057087,0.387281,False
rs5750211,70,117,-0.0502781,0.456075,False
rs5750211,70,118,-0.050823,0.460225,False
rs5750211,70,119,-0.0611509,0.382631,False
rs5750211,70,120,-0.0700059,0.326073,False
rs5750211,70,121,-0.0712192,0.32454,False
rs5750211,70,122,-0.0669108,0.360647,False
rs5750211,70,123,-0.0580963,0.431328,False
rs5750211,70,124,-0.0733301,0.323705,False
rs5750211,70,125,-0.071908,0.335544,False
rs5750211,70,126,-0.055879,0.455292,False
rs5750211,70,127,-0.0544265,0.467573,False
rs5750211,70,128,-0.057673,0.441754,False
rs5750211,70,129,-0.0599183,0.423657,False
rs5750211,70,130,-0.0514842,0.49059,False
rs5750211,70,131,-0.0423327,0.569374,False
rs5750211,70,132,-0.0384589,0.603614,False
rs5750211,70,133,-0.0213936,0.771346,False
rs5750211,70,134,-0.0358286,0.623845,False
rs5750211,70,135,-0.0348043,0.630557,False
rs5750211,70,136,-0.0285934,0.689405,False
rs5750211,70,137,-0.0303361,0.667854,False
rs5750211,70,138,-0.0136456,0.845,False
rs5750211,70,139,-0.0169006,0.80586,False
rs5750211,70,140,-0.0184155,0.785822,False
rs5750211,70,141,-0.0340516,0.609517,False
rs5750211,70,142,-0.0438997,0.503504,False
rs5750211,70,143,-0.0310111,0.63102,False
rs5750211,70,144,-0.0346585,0.585842,False
rs5750211,70,145,-0.0290416,0.643203,False
rs5750211,70,146,-0.0355576,0.564483,False
rs5750211,70,147,-0.0381293,0.531773,False
rs5750211,70,148,-0.0439886,0.465311,False
rs5750211,70,149,-0.0511293,0.389577,False
rs5750211,70,150,-0.0501984,0.392457,False
rs5750211,70,151,-0.0338634,0.560489,False
rs5750211,70,152,-0.0695996,0.226471,False
rs5750211,70,153,-0.0693457,0.223715,False
rs5750211,70,154,-0.0645061,0.253663,False
rs5750211,70,155,-0.0629384,0.260435,False
rs5750211,70,156,-0.0538181,0.332422,False
rs5750211,70,157,-0.0685354,0.213304,False
rs5750211,70,158,-0.0811364,0.136946,False
rs5750211,70,159,-0.0762476,0.159304,False
rs5750211,70,160,-0.0801897,0.135827,False
rs5750211,70,161,-0.0831834,0.119848,False
rs5750211,70,162,-0.0869077,0.101849,False
rs5750211,70,163,-0.102994,0.0514138,False
rs5750211,70,164,-0.109772,0.0367435,False
rs5750211,70,165,-0.111425,0.0332595,False
rs5750211,70,166,-0.117638,0.0241881,False
rs5750211,70,167,-0.109369,0.0357269,False
rs5750211,70,168,-0.107912,0.0376385,False
rs5750211,70,169,-0.114183,0.0274569,False
rs5750211,70,170,-0.124372,0.0163294,False
rs5750211,70,171,-0.133991,0.00976592,False
rs5750211,70,172,-0.132123,0.0108382,False
rs5750211,70,173,-0.143978,0.00550651,False
rs5750211,70,174,-0.152409,0.0033423,False
rs5750211,70,175,-0.162439,0.00179262,False
rs5750211,70,176,-0.164308,0.00161436,False
rs5750211,70,177,-0.163012,0.00179669,False
rs5750211,70,178,-0.159594,0.00226979,False
rs5750211,70,179,-0.172642,0.00100402,False
rs5750211,70,180,-0.174478,0.000916244,False
rs5750211,70,181,-0.172027,0.00110275,False
rs5750211,70,182,-0.189058,0.000355425,False
rs5750211,70,183,-0.201642,0.000145449,False
rs5750211,70,184,-0.187118,0.000440229,False
rs5750211,70,185,-0.190755,0.000357362,False
rs5750211,70,186,-0.184351,0.000575062,False
rs5750211,70,187,-0.190104,0.000399138,False
rs5750211,70,188,-0.19884,0.00022014,False
rs5750211,70,189,-0.213285,7.60388e-05,False
rs5750211,70,190,-0.213551,7.62679e-05,False
rs5750211,70,191,-0.195446,0.000299816,False
rs5750211,70,192,-0.19539,0.000307304,False
rs5750211,70,193,-0.201357,0.000202936,False
rs5750211,70,194,-0.214148,7.89131e-05,False
rs5750211,70,195,-0.227516,2.90203e-05,False
rs5750211,70,196,-0.226199,3.27927e-05,False
rs5750211,70,197,-0.211737,0.000101908,False
rs5750211,70,198,-0.226339,3.32805e-05,False
rs5750211,70,199,-0.216558,7.0653e-05,False
rs5750211,70,200,-0.236284,1.49446e-05,False
rs5750211,70,201,-0.235087,1.60624e-05,False
rs5750211,70,202,-0.227771,2.92945e-05,False
rs5750211,70,203,-0.227843,2.94088e-05,False
rs5750211,70,204,-0.24436,7.3272e-06,False
rs5750211,70,205,-0.218815,5.88357e-05,False
rs5750211,70,206,-0.244206,7.04874e-06,False
rs5750211,70,207,-0.254194,2.8284e-06,False
rs5750211,70,208,-0.25363,2.96934e-06,False
rs5750211,70,209,-0.255808,2.44212e-06,False
rs5750211,70,210,-0.247086,5.022e-06,False
rs5750211,70,211,-0.251841,3.1927e-06,False
rs5750211,70,212,-0.261223,1.33562e-06,False
rs5750211,70,213,-0.247718,4.64889e-06,False
rs5750211,70,214,-0.259838,1.53825e-06,False
rs5750211,70,215,-0.269683,5.95383e-07,False
rs5750211,70,216,-0.26816,6.80821e-07,False
rs5750211,70,217,-0.273638,4.00689e-07,False
rs5750211,70,218,-0.260754,1.37395e-06,False
rs5750211,70,219,-0.292374,6.26198e-08,False
rs5750211,70,220,-0.292634,6.12333e-08,False
rs5750211,70,221,-0.282757,1.73582e-07,False
rs5750211,70,222,-0.294137,5.42883e-08,False
rs5750211,70,223,-0.295131,5.20425e-08,False
rs5750211,70,224,-0.301314,2.94597e-08,False
rs5750211,70,225,-0.293444,6.88766e-08,False
rs5750211,70,226,-0.298304,4.50713e-08,False
rs5750211,70,227,-0.296733,5.73923e-08,False
rs5750211,70,228,-0.305801,2.62901e-08,False
rs5750211,70,229,-0.311851,1.55825e-08,False
rs5750211,70,230,-0.293525,1.16291e-07,False
rs5750211,70,231,-0.307338,3.38194e-08,False
rs5750211,70,232,-0.322145,9.47442e-09,False
rs5750211,70,233,-0.319373,1.58868e-08,False
rs5750211,70,234,-0.302568,1.0655e-07,False
rs5750211,70,235,-0.313274,4.61044e-08,False
rs5750211,70,236,-0.329085,1.28802e-08,False
rs5750211,70,237,-0.337181,8.06887e-09,False
rs5750211,70,238,-0.32754,2.81704e-08,False
rs5750211,70,239,-0.328375,3.77775e-08,False
rs5750211,70,240,-0.317713,1.45357e-07,False
rs5750211,70,241,-0.336516,3.74196e-08,False
rs5750211,70,242,-0.31047,5.37985e-07,False
rs5750211,70,243,-0.316585,4.73477e-07,False
rs5750211,70,244,-0.319992,5.3463e-07,False
rs5750211,70,245,-0.31912,8.36083e-07,False
rs5750211,70,246,-0.328986,6.08156e-07,False
rs5750211,70,247,-0.329554,9.14759e-07,False
rs5750211,70,248,-0.328495,1.51159e-06,False
rs5750211,70,249,-0.338132,1.14788e-06,False
rs5750211,70,250,-0.349666,7.86385e-07,False
rs5750211,70,251,-0.354994,7.7696e-07,False
rs5750211,71,6,-0.136686,0.00241707,False
rs5750211,71,7,-0.138938,0.00184978,False
rs5750211,71,8,-0.144882,0.00105441,False
rs5750211,71,9,-0.147147,0.000788278,False
rs5750211,71,10,-0.118414,0.00640685,False
rs5750211,71,11,-0.12558,0.00354827,False
rs5750211,71,12,-0.118901,0.00565777,False
rs5750211,71,13,-0.126918,0.00302092,False
rs5750211,71,14,-0.117864,0.00579948,False
rs5750211,71,15,-0.111325,0.00900313,False
rs5750211,71,16,-0.103978,0.014729,False
rs5750211,71,17,-0.106598,0.0120919,False
rs5750211,71,18,-0.116718,0.00614597,False
rs5750211,71,19,-0.096655,0.0233759,False
rs5750211,71,20,-0.110806,0.00946078,False
rs5750211,71,21,-0.109759,0.010409,False
rs5750211,71,22,-0.106261,0.0133497,False
rs5750211,71,23,-0.116126,0.00689617,False
rs5750211,71,24,-0.108019,0.0124992,False
rs5750211,71,25,-0.109542,0.0116623,False
rs5750211,71,26,-0.118276,0.00658841,False
rs5750211,71,27,-0.114075,0.00911384,False
rs5750211,71,28,-0.119832,0.00635541,False
rs5750211,71,29,-0.113273,0.0101942,False
rs5750211,71,30,-0.115269,0.00925312,False
rs5750211,71,31,-0.116565,0.00882658,False
rs5750211,71,32,-0.138507,0.0018995,False
rs5750211,71,33,-0.140725,0.00169226,False
rs5750211,71,34,-0.127744,0.00451639,False
rs5750211,71,35,-0.124777,0.00589224,False
rs5750211,71,36,-0.12505,0.00610218,False
rs5750211,71,37,-0.121357,0.00799348,False
rs5750211,71,38,-0.126866,0.0058618,False
rs5750211,71,39,-0.130749,0.00472497,False
rs5750211,71,40,-0.141257,0.00238472,False
rs5750211,71,41,-0.127624,0.0063151,False
rs5750211,71,42,-0.122922,0.00894313,False
rs5750211,71,43,-0.104259,0.0271196,False
rs5750211,71,44,-0.129511,0.0063438,False
rs5750211,71,45,-0.126308,0.00813322,False
rs5750211,71,46,-0.118601,0.0133935,False
rs5750211,71,47,-0.124432,0.00994496,False
rs5750211,71,48,-0.119003,0.0142185,False
rs5750211,71,49,-0.122652,0.0118671,False
rs5750211,71,50,-0.111258,0.0230108,False
rs5750211,71,51,-0.133221,0.00677085,False
rs5750211,71,52,-0.129578,0.00868918,False
rs5750211,71,53,-0.122761,0.0130783,False
rs5750211,71,54,-0.129383,0.00917228,False
rs5750211,71,55,-0.11186,0.0248848,False
rs5750211,71,56,-0.115641,0.0207697,False
rs5750211,71,57,-0.11669,0.0198596,False
rs5750211,71,58,-0.120717,0.0162122,False
rs5750211,71,59,-0.101765,0.0427805,False
rs5750211,71,60,-0.114884,0.0224756,False
rs5750211,71,61,-0.11641,0.0209118,False
rs5750211,71,62,-0.10812,0.0319012,False
rs5750211,71,63,-0.111428,0.02715,False
rs5750211,71,64,-0.11657,0.0207243,False
rs5750211,71,65,-0.113903,0.0238635,False
rs5750211,71,66,-0.11992,0.0173623,False
rs5750211,71,67,-0.125335,0.0129582,False
rs5750211,71,68,-0.113507,0.0241396,False
rs5750211,71,69,-0.112428,0.0253747,False
rs5750211,71,70,-0.105721,0.0354786,False
rs5750211,71,71,-0.0901914,0.072123,False
rs5750211,71,72,-0.0958544,0.0553942,False
rs5750211,71,73,-0.0942095,0.0595859,False
rs5750211,71,74,-0.101577,0.0418156,False
rs5750211,71,75,-0.086601,0.0821864,False
rs5750211,71,76,-0.0839109,0.0922683,False
rs5750211,71,77,-0.0957817,0.0540795,False
rs5750211,71,78,-0.0958343,0.0533764,False
rs5750211,71,79,-0.0786151,0.112055,False
rs5750211,71,80,-0.0815463,0.0990883,False
rs5750211,71,81,-0.0689169,0.162545,False
rs5750211,71,82,-0.0778402,0.114294,False
rs5750211,71,83,-0.0800273,0.104168,False
rs5750211,71,84,-0.0685909,0.163055,False
rs5750211,71,85,-0.0692001,0.159078,False
rs5750211,71,86,-0.0661449,0.178582,False
rs5750211,71,87,-0.054388,0.268427,False
rs5750211,71,88,-0.0521877,0.289088,False
rs5750211,71,89,-0.0457007,0.353106,False
rs5750211,71,90,-0.0434581,0.377851,False
rs5750211,71,91,-0.0265549,0.591062,False
rs5750211,71,92,-0.0342962,0.48811,False
rs5750211,71,93,-0.0395938,0.425316,False
rs5750211,71,94,-0.0492573,0.323795,False
rs5750211,71,95,-0.0436491,0.383314,False
rs5750211,71,96,-0.0328238,0.513276,False
rs5750211,71,97,-0.0448104,0.374872,False
rs5750211,71,98,-0.0371794,0.46296,False
rs5750211,71,99,-0.0263288,0.605536,False
rs5750211,71,100,-0.0256968,0.61631,False
rs5750211,71,101,-0.0369952,0.473568,False
rs5750211,71,102,-0.0284762,0.584327,False
rs5750211,71,103,-0.0354312,0.499305,False
rs5750211,71,104,-0.0352054,0.506196,False
rs5750211,71,105,-0.0305183,0.567725,False
rs5750211,71,106,-0.0330937,0.539556,False
rs5750211,71,107,-0.0112626,0.836484,False
rs5750211,71,108,-0.0334742,0.544582,False
rs5750211,71,109,-0.0162274,0.771956,False
rs5750211,71,110,-0.0225075,0.692112,False
rs5750211,71,111,-0.0339936,0.55572,False
rs5750211,71,112,-0.0376198,0.521485,False
rs5750211,71,113,-0.0224192,0.707175,False
rs5750211,71,114,-0.0345488,0.569659,False
rs5750211,71,115,-0.0269174,0.664067,False
rs5750211,71,116,-0.0259076,0.682137,False
rs5750211,71,117,-0.032127,0.618605,False
rs5750211,71,118,-0.0415097,0.528265,False
rs5750211,71,119,-0.0492251,0.462783,False
rs5750211,71,120,-0.0585507,0.391201,False
rs5750211,71,121,-0.0562149,0.417512,False
rs5750211,71,122,-0.0695664,0.322132,False
rs5750211,71,123,-0.05204,0.464263,False
rs5750211,71,124,-0.0722583,0.314335,False
rs5750211,71,125,-0.0506833,0.484116,False
rs5750211,71,126,-0.0515757,0.478685,False
rs5750211,71,127,-0.0490653,0.501644,False
rs5750211,71,128,-0.0388038,0.595367,False
rs5750211,71,129,-0.0443912,0.543188,False
rs5750211,71,130,-0.0499546,0.492541,False
rs5750211,71,131,-0.0498094,0.492059,False
rs5750211,71,132,-0.0405337,0.574009,False
rs5750211,71,133,-0.0459473,0.520906,False
rs5750211,71,134,-0.0397809,0.574949,False
rs5750211,71,135,-0.0389321,0.579023,False
rs5750211,71,136,-0.0398452,0.565465,False
rs5750211,71,137,-0.0419996,0.53908,False
rs5750211,71,138,-0.0198767,0.768372,False
rs5750211,71,139,-0.0269984,0.684615,False
rs5750211,71,140,-0.0260185,0.691405,False
rs5750211,71,141,-0.0427496,0.507858,False
rs5750211,71,142,-0.0308863,0.627019,False
rs5750211,71,143,-0.0418604,0.50421,False
rs5750211,71,144,-0.0295921,0.631967,False
rs5750211,71,145,-0.0534229,0.381124,False
rs5750211,71,146,-0.0474513,0.430746,False
rs5750211,71,147,-0.0481494,0.418465,False
rs5750211,71,148,-0.07068,0.22904,False
rs5750211,71,149,-0.0662235,0.254936,False
rs5750211,71,150,-0.0559861,0.331066,False
rs5750211,71,151,-0.0626933,0.271839,False
rs5750211,71,152,-0.0754528,0.181916,False
rs5750211,71,153,-0.0871462,0.120395,False
rs5750211,71,154,-0.0786007,0.157651,False
rs5750211,71,155,-0.0790914,0.151068,False
rs5750211,71,156,-0.0789713,0.147884,False
rs5750211,71,157,-0.085176,0.116757,False
rs5750211,71,158,-0.0939168,0.0815821,False
rs5750211,71,159,-0.0905294,0.091195,False
rs5750211,71,160,-0.0829467,0.119387,False
rs5750211,71,161,-0.0952289,0.0715957,False
rs5750211,71,162,-0.0952168,0.0701505,False
rs5750211,71,163,-0.0991636,0.0582666,False
rs5750211,71,164,-0.103184,0.0480053,False
rs5750211,71,165,-0.132296,0.0110005,False
rs5750211,71,166,-0.125331,0.0157228,False
rs5750211,71,167,-0.118653,0.0219714,False
rs5750211,71,168,-0.123658,0.0167299,False
rs5750211,71,169,-0.135546,0.00869056,False
rs5750211,71,170,-0.15104,0.0034786,False
rs5750211,71,171,-0.136502,0.0082604,False
rs5750211,71,172,-0.156789,0.00243632,False
rs5750211,71,173,-0.1578,0.00230579,False
rs5750211,71,174,-0.16365,0.00161242,False
rs5750211,71,175,-0.151311,0.00363846,False
rs5750211,71,176,-0.172509,0.000935145,False
rs5750211,71,177,-0.157007,0.00265426,False
rs5750211,71,178,-0.166557,0.00147925,False
rs5750211,71,179,-0.186331,0.000394549,False
rs5750211,71,180,-0.180787,0.000604621,False
rs5750211,71,181,-0.18305,0.000545054,False
rs5750211,71,182,-0.203077,0.000130517,False
rs5750211,71,183,-0.196465,0.000223452,False
rs5750211,71,184,-0.205035,0.000122046,False
rs5750211,71,185,-0.208285,9.90102e-05,False
rs5750211,71,186,-0.203038,0.000157009,False
rs5750211,71,187,-0.207083,0.000120864,False
rs5750211,71,188,-0.240198,8.46752e-06,False
rs5750211,71,189,-0.233188,1.58216e-05,False
rs5750211,71,190,-0.233279,1.61596e-05,False
rs5750211,71,191,-0.236572,1.29364e-05,False
rs5750211,71,192,-0.240449,9.2856e-06,False
rs5750211,71,193,-0.251202,3.90512e-06,False
rs5750211,71,194,-0.238417,1.17562e-05,False
rs5750211,71,195,-0.240139,1.04472e-05,False
rs5750211,71,196,-0.232664,1.98713e-05,False
rs5750211,71,197,-0.242895,8.50034e-06,False
rs5750211,71,198,-0.227078,3.20978e-05,False
rs5750211,71,199,-0.241523,9.63786e-06,False
rs5750211,71,200,-0.244135,7.66856e-06,False
rs5750211,71,201,-0.23952,1.13865e-05,False
rs5750211,71,202,-0.239439,1.12504e-05,False
rs5750211,71,203,-0.23225,2.01942e-05,False
rs5750211,71,204,-0.2376,1.27152e-05,False
rs5750211,71,205,-0.235562,1.48662e-05,False
rs5750211,71,206,-0.242257,8.56608e-06,False
rs5750211,71,207,-0.253929,3.03032e-06,False
rs5750211,71,208,-0.253633,3.04684e-06,False
rs5750211,71,209,-0.254875,2.66801e-06,False
rs5750211,71,210,-0.254226,2.67071e-06,False
rs5750211,71,211,-0.236967,1.18674e-05,False
rs5750211,71,212,-0.245749,5.48918e-06,False
rs5750211,71,213,-0.266496,8.09024e-07,False
rs5750211,71,214,-0.253396,2.77342e-06,False
rs5750211,71,215,-0.244284,6.01931e-06,False
rs5750211,71,216,-0.26667,7.92406e-07,False
rs5750211,71,217,-0.260406,1.41345e-06,False
rs5750211,71,218,-0.264073,1.01617e-06,False
rs5750211,71,219,-0.270335,5.56682e-07,False
rs5750211,71,220,-0.276625,3.10347e-07,False
rs5750211,71,221,-0.269172,6.55464e-07,False
rs5750211,71,222,-0.280412,2.32308e-07,False
rs5750211,71,223,-0.276119,3.62648e-07,False
rs5750211,71,224,-0.281988,2.1833e-07,False
rs5750211,71,225,-0.283734,1.97673e-07,False
rs5750211,71,226,-0.307658,1.87852e-08,False
rs5750211,71,227,-0.304871,2.83257e-08,False
rs5750211,71,228,-0.31756,8.07209e-09,False
rs5750211,71,229,-0.305105,3.5033e-08,False
rs5750211,71,230,-0.319505,8.72605e-09,False
rs5750211,71,231,-0.297541,1.04552e-07,False
rs5750211,71,232,-0.3036,6.75842e-08,False
rs5750211,71,233,-0.314528,2.85438e-08,False
rs5750211,71,234,-0.323284,1.49547e-08,False
rs5750211,71,235,-0.312707,5.51732e-08,False
rs5750211,71,236,-0.331211,1.21574e-08,False
rs5750211,71,237,-0.332143,1.54839e-08,False
rs5750211,71,238,-0.341678,8.25389e-09,False
rs5750211,71,239,-0.332265,3.01703e-08,False
rs5750211,71,240,-0.327612,6.62495e-08,False
rs5750211,71,241,-0.341207,2.85611e-08,False
rs5750211,71,242,-0.341673,4.28208e-08,False
rs5750211,71,243,-0.332153,1.51332e-07,False
rs5750211,71,244,-0.33184,2.35364e-07,False
rs5750211,71,245,-0.316605,1.24156e-06,False
rs5750211,71,246,-0.348095,1.64679e-07,False
rs5750211,71,247,-0.335097,7.35709e-07,False
rs5750211,71,248,-0.33776,9.13073e-07,False
rs5750211,71,249,-0.347701,6.72471e-07,False
rs5750211,71,250,-0.35661,5.61321e-07,False
rs5750211,71,251,-0.362793,5.48677e-07,False
rs5750211,72,6,-0.148197,0.00102347,False
rs5750211,72,7,-0.142996,0.00139556,False
rs5750211,72,8,-0.154867,0.000474942,False
rs5750211,72,9,-0.142474,0.001179,False
rs5750211,72,10,-0.138728,0.00142171,False
rs5750211,72,11,-0.14059,0.00112693,False
rs5750211,72,12,-0.138323,0.00128522,False
rs5750211,72,13,-0.134421,0.00164715,False
rs5750211,72,14,-0.106995,0.0120547,False
rs5750211,72,15,-0.119804,0.00486693,False
rs5750211,72,16,-0.130356,0.00210786,False
rs5750211,72,17,-0.125922,0.00298197,False
rs5750211,72,18,-0.112763,0.00806575,False
rs5750211,72,19,-0.110514,0.00941768,False
rs5750211,72,20,-0.115234,0.00682764,False
rs5750211,72,21,-0.110876,0.00934311,False
rs5750211,72,22,-0.114943,0.00720792,False
rs5750211,72,23,-0.128519,0.0027072,False
rs5750211,72,24,-0.13171,0.00220341,False
rs5750211,72,25,-0.122133,0.00474917,False
rs5750211,72,26,-0.136749,0.00164219,False
rs5750211,72,27,-0.122031,0.00514063,False
rs5750211,72,28,-0.134691,0.00206525,False
rs5750211,72,29,-0.136886,0.00183725,False
rs5750211,72,30,-0.133686,0.00247826,False
rs5750211,72,31,-0.139835,0.00162312,False
rs5750211,72,32,-0.125445,0.00487571,False
rs5750211,72,33,-0.127983,0.00423168,False
rs5750211,72,34,-0.122763,0.00642232,False
rs5750211,72,35,-0.120593,0.0076594,False
rs5750211,72,36,-0.120099,0.00817671,False
rs5750211,72,37,-0.131681,0.003976,False
rs5750211,72,38,-0.140103,0.00231327,False
rs5750211,72,39,-0.131533,0.00442028,False
rs5750211,72,40,-0.125934,0.00674213,False
rs5750211,72,41,-0.110245,0.0181051,False
rs5750211,72,42,-0.130816,0.00528986,False
rs5750211,72,43,-0.132865,0.00482556,False
rs5750211,72,44,-0.137609,0.00372125,False
rs5750211,72,45,-0.128121,0.00708951,False
rs5750211,72,46,-0.13583,0.00452201,False
rs5750211,72,47,-0.137705,0.00425274,False
rs5750211,72,48,-0.136868,0.00467698,False
rs5750211,72,49,-0.140318,0.00384064,False
rs5750211,72,50,-0.15151,0.00189444,False
rs5750211,72,51,-0.146687,0.00272708,False
rs5750211,72,52,-0.155843,0.00151773,False
rs5750211,72,53,-0.154445,0.00174694,False
rs5750211,72,54,-0.134767,0.00643677,False
rs5750211,72,55,-0.131663,0.00798268,False
rs5750211,72,56,-0.14497,0.00363351,False
rs5750211,72,57,-0.13111,0.00868678,False
rs5750211,72,58,-0.139844,0.00521321,False
rs5750211,72,59,-0.130675,0.00914726,False
rs5750211,72,60,-0.135603,0.00698928,False
rs5750211,72,61,-0.126863,0.0117224,False
rs5750211,72,62,-0.135495,0.00713481,False
rs5750211,72,63,-0.126218,0.0122105,False
rs5750211,72,64,-0.114808,0.0225215,False
rs5750211,72,65,-0.125186,0.0129115,False
rs5750211,72,66,-0.128292,0.0108401,False
rs5750211,72,67,-0.12966,0.0101855,False
rs5750211,72,68,-0.111715,0.0268492,False
rs5750211,72,69,-0.119668,0.0175563,False
rs5750211,72,70,-0.101607,0.0433853,False
rs5750211,72,71,-0.0985203,0.0496825,False
rs5750211,72,72,-0.104219,0.0377066,False
rs5750211,72,73,-0.112943,0.0240636,False
rs5750211,72,74,-0.0992425,0.047489,False
rs5750211,72,75,-0.0951914,0.0562792,False
rs5750211,72,76,-0.104418,0.0363717,False
rs5750211,72,77,-0.107051,0.031472,False
rs5750211,72,78,-0.0957059,0.0538101,False
rs5750211,72,79,-0.0860251,0.0823322,False
rs5750211,72,80,-0.0863617,0.0807322,False
rs5750211,72,81,-0.0928075,0.060209,False
rs5750211,72,82,-0.0916678,0.0632734,False
rs5750211,72,83,-0.0877489,0.0750123,False
rs5750211,72,84,-0.0807235,0.100931,False
rs5750211,72,85,-0.0876414,0.0745261,False
rs5750211,72,86,-0.0684687,0.163039,False
rs5750211,72,87,-0.0780152,0.112337,False
rs5750211,72,88,-0.0720878,0.142312,False
rs5750211,72,89,-0.0674385,0.170116,False
rs5750211,72,90,-0.0521062,0.290013,False
rs5750211,72,91,-0.0629368,0.201221,False
rs5750211,72,92,-0.0430149,0.383675,False
rs5750211,72,93,-0.043447,0.379514,False
rs5750211,72,94,-0.0452098,0.361504,False
rs5750211,72,95,-0.0524201,0.291484,False
rs5750211,72,96,-0.0495869,0.319941,False
rs5750211,72,97,-0.0373633,0.45564,False
rs5750211,72,98,-0.0488365,0.331329,False
rs5750211,72,99,-0.043829,0.38552,False
rs5750211,72,100,-0.0473774,0.351774,False
rs5750211,72,101,-0.054595,0.285654,False
rs5750211,72,102,-0.0545154,0.288837,False
rs5750211,72,103,-0.0543529,0.294245,False
rs5750211,72,104,-0.0338605,0.516724,False
rs5750211,72,105,-0.0446841,0.396434,False
rs5750211,72,106,-0.0466311,0.380013,False
rs5750211,72,107,-0.0453437,0.397948,False
rs5750211,72,108,-0.0588554,0.277791,False
rs5750211,72,109,-0.0428896,0.433784,False
rs5750211,72,110,-0.0502017,0.36596,False
rs5750211,72,111,-0.0517833,0.357965,False
rs5750211,72,112,-0.0464469,0.415359,False
rs5750211,72,113,-0.036365,0.530015,False
rs5750211,72,114,-0.0493475,0.401719,False
rs5750211,72,115,-0.0545691,0.361601,False
rs5750211,72,116,-0.0369842,0.543212,False
rs5750211,72,117,-0.0523366,0.398245,False
rs5750211,72,118,-0.0479882,0.446162,False
rs5750211,72,119,-0.0469946,0.463288,False
rs5750211,72,120,-0.0623109,0.339106,False
rs5750211,72,121,-0.0524445,0.427848,False
rs5750211,72,122,-0.0622311,0.353457,False
rs5750211,72,123,-0.0600137,0.376677,False
rs5750211,72,124,-0.046165,0.501388,False
rs5750211,72,125,-0.0515597,0.456288,False
rs5750211,72,126,-0.0477898,0.492576,False
rs5750211,72,127,-0.0470174,0.500967,False
rs5750211,72,128,-0.0437035,0.532826,False
rs5750211,72,129,-0.0452186,0.519199,False
rs5750211,72,130,-0.0469198,0.50335,False
rs5750211,72,131,-0.0439328,0.52925,False
rs5750211,72,132,-0.0498016,0.473233,False
rs5750211,72,133,-0.0531135,0.440719,False
rs5750211,72,134,-0.0497686,0.466208,False
rs5750211,72,135,-0.0399793,0.554829,False
rs5750211,72,136,-0.0541542,0.418356,False
rs5750211,72,137,-0.0447335,0.498284,False
rs5750211,72,138,-0.0342839,0.599187,False
rs5750211,72,139,-0.0487095,0.448896,False
rs5750211,72,140,-0.0466134,0.462151,False
rs5750211,72,141,-0.0444984,0.477529,False
rs5750211,72,142,-0.0505248,0.41347,False
rs5750211,72,143,-0.0352247,0.563384,False
rs5750211,72,144,-0.0363973,0.546229,False
rs5750211,72,145,-0.0337442,0.571134,False
rs5750211,72,146,-0.0496975,0.398596,False
rs5750211,72,147,-0.0616672,0.289761,False
rs5750211,72,148,-0.0678129,0.239624,False
rs5750211,72,149,-0.0617594,0.278987,False
rs5750211,72,150,-0.0695788,0.218864,False
rs5750211,72,151,-0.073394,0.190579,False
rs5750211,72,152,-0.0747898,0.178081,False
rs5750211,72,153,-0.0837295,0.128147,False
rs5750211,72,154,-0.0694006,0.203731,False
rs5750211,72,155,-0.0797808,0.141215,False
rs5750211,72,156,-0.0763329,0.156268,False
rs5750211,72,157,-0.0852295,0.111281,False
rs5750211,72,158,-0.0955461,0.0723827,False
rs5750211,72,159,-0.1023,0.0531119,False
rs5750211,72,160,-0.10607,0.043854,False
rs5750211,72,161,-0.118545,0.02349,False
rs5750211,72,162,-0.130385,0.0124839,False
rs5750211,72,163,-0.118888,0.0225768,False
rs5750211,72,164,-0.130095,0.0123107,False
rs5750211,72,165,-0.134148,0.00960326,False
rs5750211,72,166,-0.137715,0.00769904,False
rs5750211,72,167,-0.156378,0.00244262,False
rs5750211,72,168,-0.146573,0.00448486,False
rs5750211,72,169,-0.147277,0.00435327,False
rs5750211,72,170,-0.154883,0.00273836,False
rs5750211,72,171,-0.156396,0.00247805,False
rs5750211,72,172,-0.1575,0.00234021,False
rs5750211,72,173,-0.163142,0.00165149,False
rs5750211,72,174,-0.17492,0.000765893,False
rs5750211,72,175,-0.165896,0.00146914,False
rs5750211,72,176,-0.177692,0.000685074,False
rs5750211,72,177,-0.162216,0.00199892,False
rs5750211,72,178,-0.182566,0.00052986,False
rs5750211,72,179,-0.179238,0.000698083,False
rs5750211,72,180,-0.185295,0.000476385,False
rs5750211,72,181,-0.182527,0.000594551,False
rs5750211,72,182,-0.182348,0.000627502,False
rs5750211,72,183,-0.193367,0.000300142,False
rs5750211,72,184,-0.197878,0.000226617,False
rs5750211,72,185,-0.188914,0.000445117,False
rs5750211,72,186,-0.208232,0.000114092,False
rs5750211,72,187,-0.215319,6.82096e-05,False
rs5750211,72,188,-0.219234,5.12236e-05,False
rs5750211,72,189,-0.220431,4.83598e-05,False
rs5750211,72,190,-0.223951,3.7623e-05,False
rs5750211,72,191,-0.228379,2.71964e-05,False
rs5750211,72,192,-0.241985,8.77605e-06,False
rs5750211,72,193,-0.226581,3.20954e-05,False
rs5750211,72,194,-0.227268,3.06518e-05,False
rs5750211,72,195,-0.219095,5.9535e-05,False
rs5750211,72,196,-0.225394,3.7181e-05,False
rs5750211,72,197,-0.239996,1.10525e-05,False
rs5750211,72,198,-0.249149,5.11393e-06,False
rs5750211,72,199,-0.238202,1.31127e-05,False
rs5750211,72,200,-0.228939,2.77972e-05,False
rs5750211,72,201,-0.229829,2.52361e-05,False
rs5750211,72,202,-0.237812,1.30641e-05,False
rs5750211,72,203,-0.244128,7.71236e-06,False
rs5750211,72,204,-0.235542,1.5237e-05,False
rs5750211,72,205,-0.25342,3.27519e-06,False
rs5750211,72,206,-0.252973,3.37822e-06,False
rs5750211,72,207,-0.251202,3.86408e-06,False
rs5750211,72,208,-0.252186,3.458e-06,False
rs5750211,72,209,-0.250326,3.87146e-06,False
rs5750211,72,210,-0.258214,1.86295e-06,False
rs5750211,72,211,-0.25497,2.4636e-06,False
rs5750211,72,212,-0.255249,2.3689e-06,False
rs5750211,72,213,-0.253167,2.82382e-06,False
rs5750211,72,214,-0.257919,1.74146e-06,False
rs5750211,72,215,-0.259441,1.47222e-06,False
rs5750211,72,216,-0.246438,4.79577e-06,False
rs5750211,72,217,-0.248556,4.05582e-06,False
rs5750211,72,218,-0.265383,8.27522e-07,False
rs5750211,72,219,-0.26779,6.58678e-07,False
rs5750211,72,220,-0.263918,9.70676e-07,False
rs5750211,72,221,-0.264593,9.37215e-07,False
rs5750211,72,222,-0.270347,5.5554e-07,False
rs5750211,72,223,-0.282318,1.89219e-07,False
rs5750211,72,224,-0.27646,3.49852e-07,False
rs5750211,72,225,-0.283903,1.79231e-07,False
rs5750211,72,226,-0.29021,1.08576e-07,False
rs5750211,72,227,-0.286617,1.69174e-07,False
rs5750211,72,228,-0.29775,6.22355e-08,False
rs5750211,72,229,-0.292934,1.17319e-07,False
rs5750211,72,230,-0.298058,8.32021e-08,False
rs5750211,72,231,-0.301185,7.54625e-08,False
rs5750211,72,232,-0.297501,1.28566e-07,False
rs5750211,72,233,-0.308919,5.31502e-08,False
rs5750211,72,234,-0.316082,3.41824e-08,False
rs5750211,72,235,-0.329142,1.20399e-08,False
rs5750211,72,236,-0.323731,2.82024e-08,False
rs5750211,72,237,-0.3372,1.06092e-08,False
rs5750211,72,238,-0.329034,3.38826e-08,False
rs5750211,72,239,-0.336814,2.29848e-08,False
rs5750211,72,240,-0.343249,1.83136e-08,False
rs5750211,72,241,-0.34834,1.80089e-08,False
rs5750211,72,242,-0.330767,1.39509e-07,False
rs5750211,72,243,-0.334377,1.55388e-07,False
rs5750211,72,244,-0.343374,1.13351e-07,False
rs5750211,72,245,-0.357364,5.69589e-08,False
rs5750211,72,246,-0.355392,1.12417e-07,False
rs5750211,72,247,-0.351447,2.54475e-07,False
rs5750211,72,248,-0.368389,1.09088e-07,False
rs5750211,72,249,-0.378789,8.29138e-08,False
rs5750211,72,250,-0.381701,1.07727e-07,False
rs5750211,72,251,-0.370979,3.83131e-07,False
rs5750211,73,6,-0.155742,0.000487012,False
rs5750211,73,7,-0.142301,0.00133548,False
rs5750211,73,8,-0.137437,0.0017314,False
rs5750211,73,9,-0.146864,0.000723347,False
rs5750211,73,10,-0.141061,0.00107247,False
rs5750211,73,11,-0.145838,0.000656931,False
rs5750211,73,12,-0.163428,0.000122349,False
rs5750211,73,13,-0.140624,0.000916381,False
rs5750211,73,14,-0.141857,0.0008042,False
rs5750211,73,15,-0.144943,0.000582196,False
rs5750211,73,16,-0.158524,0.000168963,False
rs5750211,73,17,-0.149261,0.000388686,False
rs5750211,73,18,-0.155714,0.000216228,False
rs5750211,73,19,-0.16716,7.53294e-05,False
rs5750211,73,20,-0.140277,0.000889983,False
rs5750211,73,21,-0.123569,0.00352399,False
rs5750211,73,22,-0.124938,0.0032348,False
rs5750211,73,23,-0.136466,0.00136237,False
rs5750211,73,24,-0.123901,0.00379774,False
rs5750211,73,25,-0.124599,0.00371683,False
rs5750211,73,26,-0.13663,0.00153467,False
rs5750211,73,27,-0.123623,0.00420872,False
rs5750211,73,28,-0.116465,0.00743096,False
rs5750211,73,29,-0.100804,0.0210276,False
rs5750211,73,30,-0.110302,0.0119562,False
rs5750211,73,31,-0.125406,0.00452644,False
rs5750211,73,32,-0.117105,0.00832288,False
rs5750211,73,33,-0.123894,0.00539835,False
rs5750211,73,34,-0.139731,0.00178594,False
rs5750211,73,35,-0.123456,0.00616077,False
rs5750211,73,36,-0.135897,0.0026745,False
rs5750211,73,37,-0.14121,0.00190211,False
rs5750211,73,38,-0.14497,0.00151326,False
rs5750211,73,39,-0.152909,0.000865594,False
rs5750211,73,40,-0.157579,0.000631721,False
rs5750211,73,41,-0.133628,0.00403612,False
rs5750211,73,42,-0.141149,0.0025037,False
rs5750211,73,43,-0.12556,0.00740675,False
rs5750211,73,44,-0.137992,0.00343205,False
rs5750211,73,45,-0.146081,0.00206157,False
rs5750211,73,46,-0.156748,0.00100806,False
rs5750211,73,47,-0.157988,0.000977208,False
rs5750211,73,48,-0.150291,0.00177741,False
rs5750211,73,49,-0.131681,0.00635575,False
rs5750211,73,50,-0.140925,0.00371005,False
rs5750211,73,51,-0.140385,0.00397618,False
rs5750211,73,52,-0.146214,0.00285142,False
rs5750211,73,53,-0.149161,0.0024177,False
rs5750211,73,54,-0.140651,0.00441459,False
rs5750211,73,55,-0.137634,0.00554531,False
rs5750211,73,56,-0.144387,0.00367748,False
rs5750211,73,57,-0.139481,0.00507897,False
rs5750211,73,58,-0.137759,0.00578912,False
rs5750211,73,59,-0.141639,0.00464117,False
rs5750211,73,60,-0.142561,0.00445486,False
rs5750211,73,61,-0.128768,0.0102894,False
rs5750211,73,62,-0.129366,0.010028,False
rs5750211,73,63,-0.124677,0.0131916,False
rs5750211,73,64,-0.120829,0.0164559,False
rs5750211,73,65,-0.121377,0.0160089,False
rs5750211,73,66,-0.128439,0.010853,False
rs5750211,73,67,-0.123376,0.0143079,False
rs5750211,73,68,-0.122622,0.0147996,False
rs5750211,73,69,-0.11461,0.0227499,False
rs5750211,73,70,-0.112841,0.0248683,False
rs5750211,73,71,-0.117168,0.0196535,False
rs5750211,73,72,-0.113395,0.0236826,False
rs5750211,73,73,-0.116195,0.0204835,False
rs5750211,73,74,-0.114857,0.0217982,False
rs5750211,73,75,-0.11784,0.018424,False
rs5750211,73,76,-0.108915,0.0291644,False
rs5750211,73,77,-0.0984116,0.0483241,False
rs5750211,73,78,-0.0977162,0.0494761,False
rs5750211,73,79,-0.0958979,0.0536723,False
rs5750211,73,80,-0.0893766,0.0712459,False
rs5750211,73,81,-0.107861,0.0294324,False
rs5750211,73,82,-0.0769129,0.119947,False
rs5750211,73,83,-0.075298,0.127402,False
rs5750211,73,84,-0.0780061,0.11325,False
rs5750211,73,85,-0.0749566,0.128223,False
rs5750211,73,86,-0.080683,0.10096,False
rs5750211,73,87,-0.0853197,0.0825473,False
rs5750211,73,88,-0.0828015,0.092262,False
rs5750211,73,89,-0.0656164,0.182085,False
rs5750211,73,90,-0.0752338,0.12577,False
rs5750211,73,91,-0.0751103,0.126813,False
rs5750211,73,92,-0.08118,0.0986434,False
rs5750211,73,93,-0.0711936,0.148603,False
rs5750211,73,94,-0.0598444,0.224895,False
rs5750211,73,95,-0.0620705,0.209376,False
rs5750211,73,96,-0.0572254,0.249148,False
rs5750211,73,97,-0.0521331,0.294347,False
rs5750211,73,98,-0.0347291,0.486709,False
rs5750211,73,99,-0.0441748,0.37843,False
rs5750211,73,100,-0.0242615,0.629944,False
rs5750211,73,101,-0.0363971,0.472585,False
rs5750211,73,102,-0.0404144,0.427539,False
rs5750211,73,103,-0.024605,0.631543,False
rs5750211,73,104,-0.0347622,0.500686,False
rs5750211,73,105,-0.0370615,0.475654,False
rs5750211,73,106,-0.0267077,0.610478,False
rs5750211,73,107,-0.0316721,0.548972,False
rs5750211,73,108,-0.0308356,0.56371,False
rs5750211,73,109,-0.0426923,0.428283,False
rs5750211,73,110,-0.0473352,0.385807,False
rs5750211,73,111,-0.0300675,0.585685,False
rs5750211,73,112,-0.0484686,0.385298,False
rs5750211,73,113,-0.0489229,0.38726,False
rs5750211,73,114,-0.032178,0.575254,False
rs5750211,73,115,-0.0428805,0.461266,False
rs5750211,73,116,-0.0496018,0.400473,False
rs5750211,73,117,-0.0461533,0.441086,False
rs5750211,73,118,-0.0549652,0.366008,False
rs5750211,73,119,-0.0529816,0.390407,False
rs5750211,73,120,-0.0538553,0.389127,False
rs5750211,73,121,-0.0503263,0.427083,False
rs5750211,73,122,-0.0528706,0.41025,False
rs5750211,73,123,-0.0627451,0.333356,False
rs5750211,73,124,-0.0465315,0.477711,False
rs5750211,73,125,-0.0588048,0.373735,False
rs5750211,73,126,-0.0476303,0.473829,False
rs5750211,73,127,-0.0675552,0.312082,False
rs5750211,73,128,-0.0654778,0.328137,False
rs5750211,73,129,-0.0515778,0.441446,False
rs5750211,73,130,-0.0491569,0.462465,False
rs5750211,73,131,-0.0555132,0.405357,False
rs5750211,73,132,-0.0491267,0.459835,False
rs5750211,73,133,-0.0516532,0.434388,False
rs5750211,73,134,-0.0300208,0.647378,False
rs5750211,73,135,-0.0314769,0.628187,False
rs5750211,73,136,-0.031044,0.629824,False
rs5750211,73,137,-0.0407706,0.522496,False
rs5750211,73,138,-0.0436858,0.488394,False
rs5750211,73,139,-0.0555041,0.373137,False
rs5750211,73,140,-0.0456274,0.458693,False
rs5750211,73,141,-0.0382909,0.529859,False
rs5750211,73,142,-0.0245347,0.683666,False
rs5750211,73,143,-0.0379907,0.522978,False
rs5750211,73,144,-0.042194,0.473712,False
rs5750211,73,145,-0.0425382,0.465653,False
rs5750211,73,146,-0.0442789,0.442184,False
rs5750211,73,147,-0.0484144,0.396211,False
rs5750211,73,148,-0.0485352,0.390556,False
rs5750211,73,149,-0.0589513,0.292362,False
rs5750211,73,150,-0.0595333,0.283771,False
rs5750211,73,151,-0.0735081,0.18219,False
rs5750211,73,152,-0.0609843,0.265014,False
rs5750211,73,153,-0.0631714,0.24471,False
rs5750211,73,154,-0.0794852,0.140437,False
rs5750211,73,155,-0.0931568,0.0819888,False
rs5750211,73,156,-0.0749068,0.159388,False
rs5750211,73,157,-0.0999749,0.058706,False
rs5750211,73,158,-0.116961,0.0261196,False
rs5750211,73,159,-0.116922,0.0253949,False
rs5750211,73,160,-0.113638,0.0294086,False
rs5750211,73,161,-0.109499,0.0353671,False
rs5750211,73,162,-0.106913,0.0392353,False
rs5750211,73,163,-0.109337,0.0344365,False
rs5750211,73,164,-0.118982,0.02144,False
rs5750211,73,165,-0.141602,0.00607053,False
rs5750211,73,166,-0.152073,0.00316572,False
rs5750211,73,167,-0.156092,0.00243808,False
rs5750211,73,168,-0.150297,0.00350418,False
rs5750211,73,169,-0.14562,0.00476996,False
rs5750211,73,170,-0.148419,0.00405703,False
rs5750211,73,171,-0.153343,0.00303804,False
rs5750211,73,172,-0.16105,0.00189426,False
rs5750211,73,173,-0.171806,0.000945354,False
rs5750211,73,174,-0.154724,0.00297663,False
rs5750211,73,175,-0.147524,0.00480436,False
rs5750211,73,176,-0.155879,0.00294771,False
rs5750211,73,177,-0.164816,0.00174344,False
rs5750211,73,178,-0.157299,0.00286629,False
rs5750211,73,179,-0.164889,0.0018434,False
rs5750211,73,180,-0.185686,0.000475659,False
rs5750211,73,181,-0.174613,0.00106726,False
rs5750211,73,182,-0.183704,0.000588303,False
rs5750211,73,183,-0.193128,0.000314304,False
rs5750211,73,184,-0.181368,0.000743835,False
rs5750211,73,185,-0.195366,0.000286934,False
rs5750211,73,186,-0.189458,0.000452371,False
rs5750211,73,187,-0.200919,0.000206616,False
rs5750211,73,188,-0.209619,0.000112153,False
rs5750211,73,189,-0.220313,5.05938e-05,False
rs5750211,73,190,-0.214121,8.45624e-05,False
rs5750211,73,191,-0.22179,4.76503e-05,False
rs5750211,73,192,-0.219751,5.62259e-05,False
rs5750211,73,193,-0.22597,3.41264e-05,False
rs5750211,73,194,-0.225986,3.5339e-05,False
rs5750211,73,195,-0.226576,3.42261e-05,False
rs5750211,73,196,-0.232083,2.24425e-05,False
rs5750211,73,197,-0.23303,2.06723e-05,False
rs5750211,73,198,-0.236522,1.56775e-05,False
rs5750211,73,199,-0.23424,1.89453e-05,False
rs5750211,73,200,-0.224624,4.12618e-05,False
rs5750211,73,201,-0.227907,3.06586e-05,False
rs5750211,73,202,-0.245474,7.1903e-06,False
rs5750211,73,203,-0.237927,1.3206e-05,False
rs5750211,73,204,-0.228142,2.84104e-05,False
rs5750211,73,205,-0.23478,1.61663e-05,False
rs5750211,73,206,-0.253336,3.24687e-06,False
rs5750211,73,207,-0.256924,2.34563e-06,False
rs5750211,73,208,-0.252573,3.33813e-06,False
rs5750211,73,209,-0.266693,8.97781e-07,False
rs5750211,73,210,-0.264341,1.05322e-06,False
rs5750211,73,211,-0.267095,8.19563e-07,False
rs5750211,73,212,-0.27438,3.94011e-07,False
rs5750211,73,213,-0.265437,8.94403e-07,False
rs5750211,73,214,-0.27181,4.82315e-07,False
rs5750211,73,215,-0.278791,2.4316e-07,False
rs5750211,73,216,-0.288244,9.12679e-08,False
rs5750211,73,217,-0.290005,7.63416e-08,False
rs5750211,73,218,-0.273535,4.18312e-07,False
rs5750211,73,219,-0.27608,3.18809e-07,False
rs5750211,73,220,-0.287161,1.08357e-07,False
rs5750211,73,221,-0.290672,8.11412e-08,False
rs5750211,73,222,-0.289339,9.7269e-08,False
rs5750211,73,223,-0.279312,2.80315e-07,False
rs5750211,73,224,-0.288499,1.22968e-07,False
rs5750211,73,225,-0.284571,1.95999e-07,False
rs5750211,73,226,-0.29674,6.27709e-08,False
rs5750211,73,227,-0.292563,1.07707e-07,False
rs5750211,73,228,-0.29369,1.09601e-07,False
rs5750211,73,229,-0.292221,1.42832e-07,False
rs5750211,73,230,-0.29484,1.34861e-07,False
rs5750211,73,231,-0.298855,1.13038e-07,False
rs5750211,73,232,-0.299332,1.25613e-07,False
rs5750211,73,233,-0.295425,2.23803e-07,False
rs5750211,73,234,-0.299608,1.95164e-07,False
rs5750211,73,235,-0.275257,2.20446e-06,False
rs5750211,73,236,-0.291868,6.73768e-07,False
rs5750211,73,237,-0.310578,1.71129e-07,False
rs5750211,73,238,-0.31542,1.51048e-07,False
rs5750211,73,239,-0.314379,2.36785e-07,False
rs5750211,73,240,-0.311473,4.27123e-07,False
rs5750211,73,241,-0.311174,6.33629e-07,False
rs5750211,73,242,-0.319401,4.51975e-07,False
rs5750211,73,243,-0.316964,8.07251e-07,False
rs5750211,73,244,-0.327745,5.19951e-07,False
rs5750211,73,245,-0.341342,2.6078e-07,False
rs5750211,73,246,-0.328986,1.08895e-06,False
rs5750211,73,247,-0.315066,4.65552e-06,False
rs5750211,73,248,-0.325711,3.18357e-06,False
rs5750211,73,249,-0.325821,4.678e-06,False
rs5750211,73,250,-0.331464,4.63612e-06,False
rs5750211,73,251,-0.328622,7.80965e-06,False
rs5750211,74,6,-0.157986,0.000391275,False
rs5750211,74,7,-0.157932,0.000355387,False
rs5750211,74,8,-0.148481,0.000697499,False
rs5750211,74,9,-0.13798,0.00144483,False
rs5750211,74,10,-0.13259,0.002043,False
rs5750211,74,11,-0.150154,0.000443735,False
rs5750211,74,12,-0.14102,0.00090942,False
rs5750211,74,13,-0.133121,0.00165132,False
rs5750211,74,14,-0.133337,0.00161454,False
rs5750211,74,15,-0.123513,0.00338099,False
rs5750211,74,16,-0.129227,0.00214965,False
rs5750211,74,17,-0.124451,0.00313913,False
rs5750211,74,18,-0.120139,0.00432007,False
rs5750211,74,19,-0.114039,0.00683302,False
rs5750211,74,20,-0.113423,0.00725828,False
rs5750211,74,21,-0.109386,0.0097176,False
rs5750211,74,22,-0.103828,0.0143664,False
rs5750211,74,23,-0.124813,0.00336773,False
rs5750211,74,24,-0.122338,0.00416884,False
rs5750211,74,25,-0.119545,0.00522676,False
rs5750211,74,26,-0.12951,0.00259051,False
rs5750211,74,27,-0.111721,0.00962389,False
rs5750211,74,28,-0.123448,0.00443544,False
rs5750211,74,29,-0.112425,0.00989946,False
rs5750211,74,30,-0.119196,0.00639533,False
rs5750211,74,31,-0.115381,0.0086447,False
rs5750211,74,32,-0.119824,0.00659032,False
rs5750211,74,33,-0.10612,0.0169424,False
rs5750211,74,34,-0.123489,0.00577965,False
rs5750211,74,35,-0.117592,0.00875735,False
rs5750211,74,36,-0.121885,0.00689665,False
rs5750211,74,37,-0.109679,0.0154991,False
rs5750211,74,38,-0.119575,0.00870554,False
rs5750211,74,39,-0.124791,0.0064638,False
rs5750211,74,40,-0.125923,0.00627513,False
rs5750211,74,41,-0.128804,0.00545317,False
rs5750211,74,42,-0.133977,0.00403558,False
rs5750211,74,43,-0.13927,0.00292267,False
rs5750211,74,44,-0.149955,0.00142077,False
rs5750211,74,45,-0.144162,0.00228475,False
rs5750211,74,46,-0.121,0.0108637,False
rs5750211,74,47,-0.13761,0.00393895,False
rs5750211,74,48,-0.119684,0.0126848,False
rs5750211,74,49,-0.125994,0.00891993,False
rs5750211,74,50,-0.129672,0.0073423,False
rs5750211,74,51,-0.131144,0.00700484,False
rs5750211,74,52,-0.147939,0.00245883,False
rs5750211,74,53,-0.150578,0.00214486,False
rs5750211,74,54,-0.143104,0.00370455,False
rs5750211,74,55,-0.127491,0.00984514,False
rs5750211,74,56,-0.139429,0.00487726,False
rs5750211,74,57,-0.143151,0.00398891,False
rs5750211,74,58,-0.143187,0.00406265,False
rs5750211,74,59,-0.156278,0.00177684,False
rs5750211,74,60,-0.155747,0.00187473,False
rs5750211,74,61,-0.138941,0.005566,False
rs5750211,74,62,-0.149419,0.0029051,False
rs5750211,74,63,-0.168915,0.000776536,False
rs5750211,74,64,-0.164464,0.0010911,False
rs5750211,74,65,-0.167254,0.00090204,False
rs5750211,74,66,-0.15158,0.00262733,False
rs5750211,74,67,-0.139215,0.00573628,False
rs5750211,74,68,-0.144905,0.00402637,False
rs5750211,74,69,-0.151846,0.00260849,False
rs5750211,74,70,-0.138711,0.00594646,False
rs5750211,74,71,-0.128429,0.0108138,False
rs5750211,74,72,-0.138783,0.00581981,False
rs5750211,74,73,-0.129345,0.0100311,False
rs5750211,74,74,-0.115055,0.0218528,False
rs5750211,74,75,-0.112314,0.0249747,False
rs5750211,74,76,-0.106448,0.0333334,False
rs5750211,74,77,-0.101962,0.0412651,False
rs5750211,74,78,-0.113335,0.0229461,False
rs5750211,74,79,-0.120373,0.0155544,False
rs5750211,74,80,-0.1197,0.0158115,False
rs5750211,74,81,-0.109789,0.0265516,False
rs5750211,74,82,-0.103761,0.0357814,False
rs5750211,74,83,-0.108253,0.0285332,False
rs5750211,74,84,-0.103131,0.0366851,False
rs5750211,74,85,-0.0880203,0.0742094,False
rs5750211,74,86,-0.0954622,0.0526622,False
rs5750211,74,87,-0.100679,0.0403979,False
rs5750211,74,88,-0.100839,0.0401366,False
rs5750211,74,89,-0.101367,0.0389429,False
rs5750211,74,90,-0.106503,0.0299048,False
rs5750211,74,91,-0.094791,0.0531563,False
rs5750211,74,92,-0.0994843,0.0427044,False
rs5750211,74,93,-0.08563,0.0817021,False
rs5750211,74,94,-0.0764574,0.120569,False
rs5750211,74,95,-0.0880238,0.0739815,False
rs5750211,74,96,-0.0963185,0.0511028,False
rs5750211,74,97,-0.0884426,0.0740935,False
rs5750211,74,98,-0.0912247,0.0660887,False
rs5750211,74,99,-0.0960333,0.0538323,False
rs5750211,74,100,-0.0882727,0.0768029,False
rs5750211,74,101,-0.0641395,0.201544,False
rs5750211,74,102,-0.0532956,0.290221,False
rs5750211,74,103,-0.0520545,0.304783,False
rs5750211,74,104,-0.0706414,0.166473,False
rs5750211,74,105,-0.0659694,0.198962,False
rs5750211,74,106,-0.0668631,0.195944,False
rs5750211,74,107,-0.0714241,0.170633,False
rs5750211,74,108,-0.061196,0.244162,False
rs5750211,74,109,-0.0428101,0.419392,False
rs5750211,74,110,-0.0386414,0.470838,False
rs5750211,74,111,-0.0506336,0.34912,False
rs5750211,74,112,-0.0607887,0.266923,False
rs5750211,74,113,-0.0642744,0.245979,False
rs5750211,74,114,-0.0734939,0.189511,False
rs5750211,74,115,-0.0609919,0.281442,False
rs5750211,74,116,-0.0562234,0.327357,False
rs5750211,74,117,-0.0747275,0.199165,False
rs5750211,74,118,-0.084729,0.150338,False
rs5750211,74,119,-0.0693289,0.245587,False
rs5750211,74,120,-0.0737548,0.222415,False
rs5750211,74,121,-0.084629,0.1662,False
rs5750211,74,122,-0.0861754,0.163118,False
rs5750211,74,123,-0.087255,0.162174,False
rs5750211,74,124,-0.0841562,0.181218,False
rs5750211,74,125,-0.0891461,0.159852,False
rs5750211,74,126,-0.0753795,0.237573,False
rs5750211,74,127,-0.0797649,0.213312,False
rs5750211,74,128,-0.0834803,0.194028,False
rs5750211,74,129,-0.0751833,0.243093,False
rs5750211,74,130,-0.0745012,0.247243,False
rs5750211,74,131,-0.0758733,0.23749,False
rs5750211,74,132,-0.077052,0.229123,False
rs5750211,74,133,-0.0703032,0.269752,False
rs5750211,74,134,-0.0610011,0.335202,False
rs5750211,74,135,-0.0644786,0.305415,False
rs5750211,74,136,-0.0534382,0.391946,False
rs5750211,74,137,-0.0614036,0.320605,False
rs5750211,74,138,-0.0747487,0.221997,False
rs5750211,74,139,-0.0651344,0.282629,False
rs5750211,74,140,-0.0581021,0.332325,False
rs5750211,74,141,-0.064959,0.273601,False
rs5750211,74,142,-0.0621609,0.289881,False
rs5750211,74,143,-0.0630993,0.277835,False
rs5750211,74,144,-0.0741302,0.197788,False
rs5750211,74,145,-0.07145,0.209666,False
rs5750211,74,146,-0.0598008,0.289949,False
rs5750211,74,147,-0.0722839,0.196967,False
rs5750211,74,148,-0.0721771,0.193636,False
rs5750211,74,149,-0.0854167,0.120756,False
rs5750211,74,150,-0.0790549,0.147889,False
rs5750211,74,151,-0.0883886,0.103295,False
rs5750211,74,152,-0.0811802,0.131354,False
rs5750211,74,153,-0.10553,0.0482077,False
rs5750211,74,154,-0.112229,0.0347019,False
rs5750211,74,155,-0.103649,0.0500317,False
rs5750211,74,156,-0.11272,0.032324,False
rs5750211,74,157,-0.103543,0.0481226,False
rs5750211,74,158,-0.12015,0.0212561,False
rs5750211,74,159,-0.120469,0.0204194,False
rs5750211,74,160,-0.127312,0.0140691,False
rs5750211,74,161,-0.129926,0.0119922,False
rs5750211,74,162,-0.127107,0.0137738,False
rs5750211,74,163,-0.127481,0.0133128,False
rs5750211,74,164,-0.143593,0.00532318,False
rs5750211,74,165,-0.166692,0.00119913,False
rs5750211,74,166,-0.15137,0.00328888,False
rs5750211,74,167,-0.161406,0.00172433,False
rs5750211,74,168,-0.150994,0.00345521,False
rs5750211,74,169,-0.147208,0.00444321,False
rs5750211,74,170,-0.16121,0.00186678,False
rs5750211,74,171,-0.160831,0.00194082,False
rs5750211,74,172,-0.169963,0.00109191,False
rs5750211,74,173,-0.182467,0.00046801,False
rs5750211,74,174,-0.184356,0.000424623,False
rs5750211,74,175,-0.166515,0.00151746,False
rs5750211,74,176,-0.169484,0.00129539,False
rs5750211,74,177,-0.178986,0.000720048,False
rs5750211,74,178,-0.187457,0.000417811,False
rs5750211,74,179,-0.18536,0.000508726,False
rs5750211,74,180,-0.189866,0.000383998,False
rs5750211,74,181,-0.206584,0.000117165,False
rs5750211,74,182,-0.222068,3.59336e-05,False
rs5750211,74,183,-0.200349,0.000202161,False
rs5750211,74,184,-0.209966,0.000101966,False
rs5750211,74,185,-0.223387,3.72228e-05,False
rs5750211,74,186,-0.229481,2.34392e-05,False
rs5750211,74,187,-0.226279,3.21467e-05,False
rs5750211,74,188,-0.220017,5.39002e-05,False
rs5750211,74,189,-0.233635,1.80785e-05,False
rs5750211,74,190,-0.246935,6.17321e-06,False
rs5750211,74,191,-0.243748,8.43839e-06,False
rs5750211,74,192,-0.246009,7.07026e-06,False
rs5750211,74,193,-0.240823,1.09946e-05,False
rs5750211,74,194,-0.234115,1.87382e-05,False
rs5750211,74,195,-0.236981,1.52567e-05,False
rs5750211,74,196,-0.241978,9.87597e-06,False
rs5750211,74,197,-0.24285,9.37811e-06,False
rs5750211,74,198,-0.247618,6.12323e-06,False
rs5750211,74,199,-0.249801,4.97661e-06,False
rs5750211,74,200,-0.23583,1.6529e-05,False
rs5750211,74,201,-0.233572,1.98026e-05,False
rs5750211,74,202,-0.249536,5.08029e-06,False
rs5750211,74,203,-0.240362,1.08946e-05,False
rs5750211,74,204,-0.250832,4.30016e-06,False
rs5750211,74,205,-0.234913,1.63172e-05,False
rs5750211,74,206,-0.248386,5.14354e-06,False
rs5750211,74,207,-0.245501,6.51267e-06,False
rs5750211,74,208,-0.260993,1.58537e-06,False
rs5750211,74,209,-0.270605,6.01517e-07,False
rs5750211,74,210,-0.266219,8.89851e-07,False
rs5750211,74,211,-0.262598,1.20731e-06,False
rs5750211,74,212,-0.270863,5.64674e-07,False
rs5750211,74,213,-0.278355,2.63436e-07,False
rs5750211,74,214,-0.269881,5.79836e-07,False
rs5750211,74,215,-0.286871,1.07838e-07,False
rs5750211,74,216,-0.29153,6.83874e-08,False
rs5750211,74,217,-0.307258,1.30909e-08,False
rs5750211,74,218,-0.294638,4.97546e-08,False
rs5750211,74,219,-0.277998,2.82669e-07,False
rs5750211,74,220,-0.309126,1.15153e-08,False
rs5750211,74,221,-0.299075,3.49455e-08,False
rs5750211,74,222,-0.303951,2.23513e-08,False
rs5750211,74,223,-0.308531,1.44154e-08,False
rs5750211,74,224,-0.310799,1.2442e-08,False
rs5750211,74,225,-0.313801,1.01655e-08,False
rs5750211,74,226,-0.314333,1.08689e-08,False
rs5750211,74,227,-0.312685,1.41775e-08,False
rs5750211,74,228,-0.321626,6.62004e-09,False
rs5750211,74,229,-0.322632,6.73743e-09,False
rs5750211,74,230,-0.32737,5.08618e-09,False
rs5750211,74,231,-0.317882,1.74221e-08,False
rs5750211,74,232,-0.316984,2.36119e-08,False
rs5750211,74,233,-0.330683,8.04451e-09,False
rs5750211,74,234,-0.324354,2.01153e-08,False
rs5750211,74,235,-0.332079,1.28296e-08,False
rs5750211,74,236,-0.319326,6.12282e-08,False
rs5750211,74,237,-0.334047,2.11107e-08,False
rs5750211,74,238,-0.32663,6.22752e-08,False
rs5750211,74,239,-0.341142,2.3306e-08,False
rs5750211,74,240,-0.347443,2.03933e-08,False
rs5750211,74,241,-0.342267,4.83934e-08,False
rs5750211,74,242,-0.357345,1.96748e-08,False
rs5750211,74,243,-0.356433,3.58695e-08,False
rs5750211,74,244,-0.351748,8.76918e-08,False
rs5750211,74,245,-0.351483,1.50388e-07,False
rs5750211,74,246,-0.3654,7.79645e-08,False
rs5750211,74,247,-0.356591,2.62968e-07,False
rs5750211,74,248,-0.359808,3.31217e-07,False
rs5750211,74,249,-0.352245,8.76899e-07,False
rs5750211,74,250,-0.351506,1.39524e-06,False
rs5750211,74,251,-0.357763,1.3202e-06,False
rs5750211,75,6,-0.132558,0.00274906,False
rs5750211,75,7,-0.134817,0.00212993,False
rs5750211,75,8,-0.113527,0.00918722,False
rs5750211,75,9,-0.129437,0.00274171,False
rs5750211,75,10,-0.140893,0.00101259,False
rs5750211,75,11,-0.136239,0.00139774,False
rs5750211,75,12,-0.103283,0.0149591,False
rs5750211,75,13,-0.11331,0.00737909,False
rs5750211,75,14,-0.104443,0.0131259,False
rs5750211,75,15,-0.118906,0.00465314,False
rs5750211,75,16,-0.120819,0.00405283,False
rs5750211,75,17,-0.105986,0.0116724,False
rs5750211,75,18,-0.124361,0.0031277,False
rs5750211,75,19,-0.122316,0.00371035,False
rs5750211,75,20,-0.126286,0.00277034,False
rs5750211,75,21,-0.12606,0.00292341,False
rs5750211,75,22,-0.125453,0.00315238,False
rs5750211,75,23,-0.121443,0.00432128,False
rs5750211,75,24,-0.141017,0.000939227,False
rs5750211,75,25,-0.116648,0.00648173,False
rs5750211,75,26,-0.101846,0.0177911,False
rs5750211,75,27,-0.130432,0.00256321,False
rs5750211,75,28,-0.134949,0.0018436,False
rs5750211,75,29,-0.123729,0.00443775,False
rs5750211,75,30,-0.119474,0.00625708,False
rs5750211,75,31,-0.109959,0.0122649,False
rs5750211,75,32,-0.115586,0.00877202,False
rs5750211,75,33,-0.128191,0.0038186,False
rs5750211,75,34,-0.137647,0.00197118,False
rs5750211,75,35,-0.114279,0.010713,False
rs5750211,75,36,-0.132133,0.00328754,False
rs5750211,75,37,-0.1169,0.00977406,False
rs5750211,75,38,-0.133257,0.00332233,False
rs5750211,75,39,-0.120325,0.00836904,False
rs5750211,75,40,-0.124158,0.00687316,False
rs5750211,75,41,-0.128515,0.00537595,False
rs5750211,75,42,-0.135431,0.00354135,False
rs5750211,75,43,-0.130313,0.00519216,False
rs5750211,75,44,-0.122301,0.00904752,False
rs5750211,75,45,-0.138513,0.00333682,False
rs5750211,75,46,-0.14433,0.00237198,False
rs5750211,75,47,-0.137735,0.00383667,False
rs5750211,75,48,-0.125051,0.00898605,False
rs5750211,75,49,-0.137539,0.00427195,False
rs5750211,75,50,-0.14073,0.00357188,False
rs5750211,75,51,-0.149714,0.00203124,False
rs5750211,75,52,-0.14552,0.00282714,False
rs5750211,75,53,-0.13859,0.00462292,False
rs5750211,75,54,-0.149368,0.00238643,False
rs5750211,75,55,-0.145494,0.00314533,False
rs5750211,75,56,-0.121514,0.0139932,False
rs5750211,75,57,-0.126802,0.0105732,False
rs5750211,75,58,-0.123785,0.0128513,False
rs5750211,75,59,-0.135748,0.00658835,False
rs5750211,75,60,-0.145373,0.00362589,False
rs5750211,75,61,-0.146032,0.0035928,False
rs5750211,75,62,-0.129105,0.0102355,False
rs5750211,75,63,-0.134411,0.00753692,False
rs5750211,75,64,-0.135257,0.00724367,False
rs5750211,75,65,-0.126044,0.012408,False
rs5750211,75,66,-0.121585,0.0160934,False
rs5750211,75,67,-0.117929,0.019425,False
rs5750211,75,68,-0.123603,0.0143545,False
rs5750211,75,69,-0.128046,0.0112194,False
rs5750211,75,70,-0.11447,0.0232973,False
rs5750211,75,71,-0.110685,0.0283401,False
rs5750211,75,72,-0.116939,0.020493,False
rs5750211,75,73,-0.115202,0.0223156,False
rs5750211,75,74,-0.106123,0.035163,False
rs5750211,75,75,-0.128532,0.010552,False
rs5750211,75,76,-0.106164,0.034194,False
rs5750211,75,77,-0.103776,0.0381643,False
rs5750211,75,78,-0.101652,0.0419557,False
rs5750211,75,79,-0.0966605,0.0529754,False
rs5750211,75,80,-0.0993597,0.0463843,False
rs5750211,75,81,-0.104377,0.0360885,False
rs5750211,75,82,-0.100903,0.0421497,False
rs5750211,75,83,-0.106315,0.0321134,False
rs5750211,75,84,-0.0844046,0.0880695,False
rs5750211,75,85,-0.0758295,0.124981,False
rs5750211,75,86,-0.0977848,0.0474783,False
rs5750211,75,87,-0.096923,0.0491291,False
rs5750211,75,88,-0.0947179,0.0541103,False
rs5750211,75,89,-0.0904523,0.0655743,False
rs5750211,75,90,-0.0781,0.111773,False
rs5750211,75,91,-0.0652968,0.183051,False
rs5750211,75,92,-0.0800913,0.102409,False
rs5750211,75,93,-0.0662217,0.177306,False
rs5750211,75,94,-0.0627334,0.201343,False
rs5750211,75,95,-0.0840406,0.0868481,False
rs5750211,75,96,-0.0679226,0.166827,False
rs5750211,75,97,-0.0700378,0.154882,False
rs5750211,75,98,-0.0639815,0.194841,False
rs5750211,75,99,-0.0587876,0.23516,False
rs5750211,75,100,-0.0503084,0.311007,False
rs5750211,75,101,-0.0559683,0.262053,False
rs5750211,75,102,-0.0480179,0.337715,False
rs5750211,75,103,-0.0663187,0.187078,False
rs5750211,75,104,-0.0671688,0.184128,False
rs5750211,75,105,-0.0608408,0.231191,False
rs5750211,75,106,-0.0481966,0.346154,False
rs5750211,75,107,-0.0422322,0.412663,False
rs5750211,75,108,-0.0503976,0.330737,False
rs5750211,75,109,-0.0566239,0.278732,False
rs5750211,75,110,-0.0656097,0.214446,False
rs5750211,75,111,-0.0658541,0.216921,False
rs5750211,75,112,-0.0797758,0.138506,False
rs5750211,75,113,-0.0755459,0.163941,False
rs5750211,75,114,-0.0659026,0.230235,False
rs5750211,75,115,-0.0642895,0.247412,False
rs5750211,75,116,-0.0798224,0.155605,False
rs5750211,75,117,-0.0782273,0.168221,False
rs5750211,75,118,-0.0675051,0.239628,False
rs5750211,75,119,-0.0718357,0.216709,False
rs5750211,75,120,-0.0642922,0.273589,False
rs5750211,75,121,-0.0639201,0.28144,False
rs5750211,75,122,-0.0714837,0.233102,False
rs5750211,75,123,-0.0736785,0.222751,False
rs5750211,75,124,-0.0627666,0.302603,False
rs5750211,75,125,-0.067868,0.268412,False
rs5750211,75,126,-0.079801,0.195464,False
rs5750211,75,127,-0.0693029,0.263186,False
rs5750211,75,128,-0.0746841,0.22958,False
rs5750211,75,129,-0.0675838,0.277035,False
rs5750211,75,130,-0.0540616,0.385253,False
rs5750211,75,131,-0.0649192,0.296182,False
rs5750211,75,132,-0.07492,0.226161,False
rs5750211,75,133,-0.0687171,0.264821,False
rs5750211,75,134,-0.0664427,0.278563,False
rs5750211,75,135,-0.0713721,0.241772,False
rs5750211,75,136,-0.0637868,0.292327,False
rs5750211,75,137,-0.0549102,0.36072,False
rs5750211,75,138,-0.0573737,0.336014,False
rs5750211,75,139,-0.0517208,0.381233,False
rs5750211,75,140,-0.0590113,0.313406,False
rs5750211,75,141,-0.0518871,0.370516,False
rs5750211,75,142,-0.0501571,0.382501,False
rs5750211,75,143,-0.0557874,0.326845,False
rs5750211,75,144,-0.0670306,0.234396,False
rs5750211,75,145,-0.0397308,0.477614,False
rs5750211,75,146,-0.0659548,0.234035,False
rs5750211,75,147,-0.0729989,0.18465,False
rs5750211,75,148,-0.0819937,0.133548,False
rs5750211,75,149,-0.0900482,0.0964199,False
rs5750211,75,150,-0.0764166,0.155087,False
rs5750211,75,151,-0.0782479,0.143671,False
rs5750211,75,152,-0.0873528,0.100454,False
rs5750211,75,153,-0.098601,0.0624005,False
rs5750211,75,154,-0.0962034,0.0675633,False
rs5750211,75,155,-0.0947787,0.0701777,False
rs5750211,75,156,-0.104407,0.0453895,False
rs5750211,75,157,-0.112439,0.0304949,False
rs5750211,75,158,-0.122795,0.0178662,False
rs5750211,75,159,-0.121225,0.0189247,False
rs5750211,75,160,-0.120955,0.0189873,False
rs5750211,75,161,-0.109295,0.0338734,False
rs5750211,75,162,-0.131932,0.0103129,False
rs5750211,75,163,-0.137404,0.00754149,False
rs5750211,75,164,-0.142519,0.00562978,False
rs5750211,75,165,-0.143334,0.00542308,False
rs5750211,75,166,-0.141236,0.00619645,False
rs5750211,75,167,-0.146038,0.00462506,False
rs5750211,75,168,-0.149128,0.00386813,False
rs5750211,75,169,-0.156915,0.00244047,False
rs5750211,75,170,-0.162711,0.00173429,False
rs5750211,75,171,-0.159246,0.00221555,False
rs5750211,75,172,-0.170517,0.00108207,False
rs5750211,75,173,-0.17496,0.000846564,False
rs5750211,75,174,-0.171405,0.00110499,False
rs5750211,75,175,-0.174233,0.000958615,False
rs5750211,75,176,-0.180673,0.000643331,False
rs5750211,75,177,-0.17818,0.000791557,False
rs5750211,75,178,-0.194412,0.000264321,False
rs5750211,75,179,-0.211706,7.55665e-05,False
rs5750211,75,180,-0.215194,6.14795e-05,False
rs5750211,75,181,-0.208108,0.000111728,False
rs5750211,75,182,-0.192407,0.00036723,False
rs5750211,75,183,-0.202234,0.000184927,False
rs5750211,75,184,-0.197283,0.000270862,False
rs5750211,75,185,-0.200384,0.000224893,False
rs5750211,75,186,-0.210807,0.000109698,False
rs5750211,75,187,-0.210398,0.000117796,False
rs5750211,75,188,-0.233948,1.88329e-05,False
rs5750211,75,189,-0.232934,2.04719e-05,False
rs5750211,75,190,-0.224139,4.1677e-05,False
rs5750211,75,191,-0.226935,3.44366e-05,False
rs5750211,75,192,-0.219965,6.00769e-05,False
rs5750211,75,193,-0.241054,1.12674e-05,False
rs5750211,75,194,-0.234546,1.93611e-05,False
rs5750211,75,195,-0.24537,7.77336e-06,False
rs5750211,75,196,-0.24304,9.48859e-06,False
rs5750211,75,197,-0.240006,1.19465e-05,False
rs5750211,75,198,-0.238691,1.34248e-05,False
rs5750211,75,199,-0.240891,1.08015e-05,False
rs5750211,75,200,-0.243246,8.82094e-06,False
rs5750211,75,201,-0.247941,5.79439e-06,False
rs5750211,75,202,-0.24702,6.1731e-06,False
rs5750211,75,203,-0.244197,7.88339e-06,False
rs5750211,75,204,-0.243653,8.05011e-06,False
rs5750211,75,205,-0.246524,6.2241e-06,False
rs5750211,75,206,-0.251679,3.78946e-06,False
rs5750211,75,207,-0.248634,4.88999e-06,False
rs5750211,75,208,-0.250166,4.28266e-06,False
rs5750211,75,209,-0.234271,1.61924e-05,False
rs5750211,75,210,-0.256383,2.34655e-06,False
rs5750211,75,211,-0.262897,1.24005e-06,False
rs5750211,75,212,-0.247744,4.81071e-06,False
rs5750211,75,213,-0.252972,2.93694e-06,False
rs5750211,75,214,-0.257304,1.99128e-06,False
rs5750211,75,215,-0.259586,1.58676e-06,False
rs5750211,75,216,-0.25909,1.64207e-06,False
rs5750211,75,217,-0.264781,9.81758e-07,False
rs5750211,75,218,-0.289792,8.6614e-08,False
rs5750211,75,219,-0.297994,3.67474e-08,False
rs5750211,75,220,-0.294734,5.39223e-08,False
rs5750211,75,221,-0.293906,5.99245e-08,False
rs5750211,75,222,-0.310898,1.05369e-08,False
rs5750211,75,223,-0.300762,3.49574e-08,False
rs5750211,75,224,-0.284231,1.95834e-07,False
rs5750211,75,225,-0.302642,3.42278e-08,False
rs5750211,75,226,-0.298598,6.08891e-08,False
rs5750211,75,227,-0.294682,1.02665e-07,False
rs5750211,75,228,-0.298356,7.86441e-08,False
rs5750211,75,229,-0.295545,1.21863e-07,False
rs5750211,75,230,-0.306416,5.00714e-08,False
rs5750211,75,231,-0.302205,1.02219e-07,False
rs5750211,75,232,-0.32432,1.48532e-08,False
rs5750211,75,233,-0.32423,1.97201e-08,False
rs5750211,75,234,-0.312536,7.84992e-08,False
rs5750211,75,235,-0.32207,4.35406e-08,False
rs5750211,75,236,-0.323605,5.38052e-08,False
rs5750211,75,237,-0.324884,7.04437e-08,False
rs5750211,75,238,-0.313913,2.5347e-07,False
rs5750211,75,239,-0.335991,5.43166e-08,False
rs5750211,75,240,-0.346762,3.00301e-08,False
rs5750211,75,241,-0.339865,8.38413e-08,False
rs5750211,75,242,-0.336848,1.64279e-07,False
rs5750211,75,243,-0.343583,1.48493e-07,False
rs5750211,75,244,-0.366556,3.3676e-08,False
rs5750211,75,245,-0.352074,1.84897e-07,False
rs5750211,75,246,-0.359321,1.74439e-07,False
rs5750211,75,247,-0.35438,4.02631e-07,False
rs5750211,75,248,-0.346339,1.11011e-06,False
rs5750211,75,249,-0.347108,1.5887e-06,False
rs5750211,75,250,-0.352678,1.59289e-06,False
rs5750211,75,251,-0.365353,9.88996e-07,False
rs5750211,76,6,-0.107848,0.0146922,False
rs5750211,76,7,-0.0997121,0.0229695,False
rs5750211,76,8,-0.109546,0.0116635,False
rs5750211,76,9,-0.110163,0.010693,False
rs5750211,76,10,-0.105364,0.0138291,False
rs5750211,76,11,-0.105796,0.0130812,False
rs5750211,76,12,-0.11325,0.00766493,False
rs5750211,76,13,-0.106151,0.0120038,False
rs5750211,76,14,-0.112903,0.00720852,False
rs5750211,76,15,-0.0898737,0.0322377,False
rs5750211,76,16,-0.106821,0.0106089,False
rs5750211,76,17,-0.106812,0.010767,False
rs5750211,76,18,-0.104583,0.0124338,False
rs5750211,76,19,-0.122924,0.0033943,False
rs5750211,76,20,-0.106372,0.0114705,False
rs5750211,76,21,-0.116593,0.00569424,False
rs5750211,76,22,-0.125669,0.00293191,False
rs5750211,76,23,-0.129516,0.00221088,False
rs5750211,76,24,-0.130091,0.00217911,False
rs5750211,76,25,-0.131064,0.00213508,False
rs5750211,76,26,-0.132907,0.00189028,False
rs5750211,76,27,-0.148177,0.000561158,False
rs5750211,76,28,-0.139057,0.00125841,False
rs5750211,76,29,-0.130649,0.00253442,False
rs5750211,76,30,-0.144366,0.000871321,False
rs5750211,76,31,-0.141996,0.00113781,False
rs5750211,76,32,-0.146719,0.000842208,False
rs5750211,76,33,-0.146475,0.000904489,False
rs5750211,76,34,-0.148323,0.000816141,False
rs5750211,76,35,-0.145618,0.001074,False
rs5750211,76,36,-0.155918,0.000483452,False
rs5750211,76,37,-0.140503,0.00181451,False
rs5750211,76,38,-0.140881,0.00183138,False
rs5750211,76,39,-0.146762,0.00124669,False
rs5750211,76,40,-0.14293,0.00176442,False
rs5750211,76,41,-0.139272,0.00245335,False
rs5750211,76,42,-0.131123,0.00456078,False
rs5750211,76,43,-0.136594,0.00324156,False
rs5750211,76,44,-0.135161,0.00381023,False
rs5750211,76,45,-0.147451,0.00168496,False
rs5750211,76,46,-0.146563,0.0019088,False
rs5750211,76,47,-0.149579,0.00161999,False
rs5750211,76,48,-0.15558,0.00110639,False
rs5750211,76,49,-0.144438,0.00255257,False
rs5750211,76,50,-0.143394,0.00293838,False
rs5750211,76,51,-0.15731,0.00116626,False
rs5750211,76,52,-0.153022,0.00166528,False
rs5750211,76,53,-0.161819,0.000937855,False
rs5750211,76,54,-0.165347,0.00075351,False
rs5750211,76,55,-0.165406,0.000771645,False
rs5750211,76,56,-0.155742,0.00161969,False
rs5750211,76,57,-0.149551,0.00255319,False
rs5750211,76,58,-0.155663,0.00175442,False
rs5750211,76,59,-0.165463,0.000909078,False
rs5750211,76,60,-0.142106,0.00447401,False
rs5750211,76,61,-0.147331,0.00328787,False
rs5750211,76,62,-0.155679,0.0019253,False
rs5750211,76,63,-0.147843,0.00330841,False
rs5750211,76,64,-0.138691,0.00591856,False
rs5750211,76,65,-0.12857,0.0107486,False
rs5750211,76,66,-0.151814,0.00258816,False
rs5750211,76,67,-0.135604,0.00716896,False
rs5750211,76,68,-0.131033,0.00944822,False
rs5750211,76,69,-0.142036,0.00488189,False
rs5750211,76,70,-0.158893,0.00167905,False
rs5750211,76,71,-0.144461,0.00429512,False
rs5750211,76,72,-0.121269,0.0163938,False
rs5750211,76,73,-0.128846,0.0106859,False
rs5750211,76,74,-0.118755,0.018502,False
rs5750211,76,75,-0.119711,0.01771,False
rs5750211,76,76,-0.12658,0.0119621,False
rs5750211,76,77,-0.120491,0.0168975,False
rs5750211,76,78,-0.128263,0.0108412,False
rs5750211,76,79,-0.131026,0.00904641,False
rs5750211,76,80,-0.12542,0.0123691,False
rs5750211,76,81,-0.130291,0.00907224,False
rs5750211,76,82,-0.121393,0.0149114,False
rs5750211,76,83,-0.105558,0.0339222,False
rs5750211,76,84,-0.11473,0.0210152,False
rs5750211,76,85,-0.111851,0.0240958,False
rs5750211,76,86,-0.10396,0.0358147,False
rs5750211,76,87,-0.102521,0.0381571,False
rs5750211,76,88,-0.108352,0.0281245,False
rs5750211,76,89,-0.114292,0.0205296,False
rs5750211,76,90,-0.121731,0.0134977,False
rs5750211,76,91,-0.112003,0.0227288,False
rs5750211,76,92,-0.0912493,0.063097,False
rs5750211,76,93,-0.0970012,0.0483795,False
rs5750211,76,94,-0.107335,0.0289027,False
rs5750211,76,95,-0.0977941,0.0467683,False
rs5750211,76,96,-0.0755018,0.124842,False
rs5750211,76,97,-0.0826018,0.0931636,False
rs5750211,76,98,-0.0836334,0.0901656,False
rs5750211,76,99,-0.087149,0.0778564,False
rs5750211,76,100,-0.0931143,0.0601535,False
rs5750211,76,101,-0.0849588,0.0872734,False
rs5750211,76,102,-0.0667907,0.180729,False
rs5750211,76,103,-0.050704,0.310982,False
rs5750211,76,104,-0.0544666,0.278114,False
rs5750211,76,105,-0.0603573,0.232082,False
rs5750211,76,106,-0.0516847,0.308222,False
rs5750211,76,107,-0.0553203,0.278878,False
rs5750211,76,108,-0.0624273,0.225006,False
rs5750211,76,109,-0.0679233,0.189611,False
rs5750211,76,110,-0.0663187,0.204128,False
rs5750211,76,111,-0.0530324,0.312812,False
rs5750211,76,112,-0.0382052,0.471039,False
rs5750211,76,113,-0.0532698,0.318933,False
rs5750211,76,114,-0.0612954,0.256483,False
rs5750211,76,115,-0.0677009,0.21488,False
rs5750211,76,116,-0.0680976,0.216361,False
rs5750211,76,117,-0.0718344,0.196159,False
rs5750211,76,118,-0.0721122,0.199588,False
rs5750211,76,119,-0.0546101,0.33628,False
rs5750211,76,120,-0.0660314,0.249833,False
rs5750211,76,121,-0.0737942,0.202176,False
rs5750211,76,122,-0.0669367,0.251179,False
rs5750211,76,123,-0.0562047,0.339003,False
rs5750211,76,124,-0.071718,0.226427,False
rs5750211,76,125,-0.0644967,0.279469,False
rs5750211,76,126,-0.0596474,0.319101,False
rs5750211,76,127,-0.0578765,0.335944,False
rs5750211,76,128,-0.0477315,0.42916,False
rs5750211,76,129,-0.0586362,0.332079,False
rs5750211,76,130,-0.059053,0.3288,False
rs5750211,76,131,-0.0547805,0.364156,False
rs5750211,76,132,-0.0436054,0.46936,False
rs5750211,76,133,-0.0399282,0.505758,False
rs5750211,76,134,-0.0484287,0.417223,False
rs5750211,76,135,-0.0479607,0.418917,False
rs5750211,76,136,-0.0474398,0.421638,False
rs5750211,76,137,-0.0480837,0.412531,False
rs5750211,76,138,-0.0512065,0.378662,False
rs5750211,76,139,-0.0556485,0.335071,False
rs5750211,76,140,-0.0475252,0.406311,False
rs5750211,76,141,-0.0490223,0.3878,False
rs5750211,76,142,-0.0548057,0.330707,False
rs5750211,76,143,-0.0575226,0.303539,False
rs5750211,76,144,-0.0579938,0.295004,False
rs5750211,76,145,-0.0717373,0.191634,False
rs5750211,76,146,-0.0837524,0.124635,False
rs5750211,76,147,-0.0795207,0.141919,False
rs5750211,76,148,-0.0626593,0.243792,False
rs5750211,76,149,-0.064185,0.229792,False
rs5750211,76,150,-0.0770029,0.147805,False
rs5750211,76,151,-0.079788,0.131285,False
rs5750211,76,152,-0.0906569,0.0848904,False
rs5750211,76,153,-0.0949669,0.0697953,False
rs5750211,76,154,-0.0927633,0.0754206,False
rs5750211,76,155,-0.0989,0.0570708,False
rs5750211,76,156,-0.113641,0.028215,False
rs5750211,76,157,-0.115846,0.0250905,False
rs5750211,76,158,-0.116178,0.0243517,False
rs5750211,76,159,-0.125077,0.0152095,False
rs5750211,76,160,-0.139828,0.00662325,False
rs5750211,76,161,-0.141109,0.00618236,False
rs5750211,76,162,-0.149888,0.00359101,False
rs5750211,76,163,-0.136523,0.00802388,False
rs5750211,76,164,-0.153497,0.00287399,False
rs5750211,76,165,-0.137479,0.00764533,False
rs5750211,76,166,-0.136729,0.00814022,False
rs5750211,76,167,-0.138228,0.00752671,False
rs5750211,76,168,-0.145464,0.00498512,False
rs5750211,76,169,-0.14963,0.00403337,False
rs5750211,76,170,-0.153914,0.00318866,False
rs5750211,76,171,-0.161123,0.00209861,False
rs5750211,76,172,-0.157175,0.00279848,False
rs5750211,76,173,-0.181028,0.000597398,False
rs5750211,76,174,-0.185256,0.000463376,False
rs5750211,76,175,-0.185988,0.000463717,False
rs5750211,76,176,-0.193902,0.000275311,False
rs5750211,76,177,-0.189061,0.000414862,False
rs5750211,76,178,-0.19557,0.000265821,False
rs5750211,76,179,-0.202341,0.00016948,False
rs5750211,76,180,-0.201969,0.00018568,False
rs5750211,76,181,-0.220072,4.84138e-05,False
rs5750211,76,182,-0.21201,9.35599e-05,False
rs5750211,76,183,-0.220348,5.24598e-05,False
rs5750211,76,184,-0.212568,9.73788e-05,False
rs5750211,76,185,-0.208029,0.00014134,False
rs5750211,76,186,-0.211881,0.000106845,False
rs5750211,76,187,-0.21885,6.58231e-05,False
rs5750211,76,188,-0.21829,6.90796e-05,False
rs5750211,76,189,-0.229615,2.92384e-05,False
rs5750211,76,190,-0.228683,3.08122e-05,False
rs5750211,76,191,-0.218193,7.01674e-05,False
rs5750211,76,192,-0.22488,4.17789e-05,False
rs5750211,76,193,-0.23938,1.32731e-05,False
rs5750211,76,194,-0.219993,6.30842e-05,False
rs5750211,76,195,-0.22569,4.0643e-05,False
rs5750211,76,196,-0.237583,1.54771e-05,False
rs5750211,76,197,-0.251957,4.60706e-06,False
rs5750211,76,198,-0.24798,6.25615e-06,False
rs5750211,76,199,-0.260399,2.1129e-06,False
rs5750211,76,200,-0.252091,4.31694e-06,False
rs5750211,76,201,-0.247291,6.46567e-06,False
rs5750211,76,202,-0.255493,3.0737e-06,False
rs5750211,76,203,-0.252851,3.81855e-06,False
rs5750211,76,204,-0.243961,8.06387e-06,False
rs5750211,76,205,-0.24752,5.85269e-06,False
rs5750211,76,206,-0.254684,2.9723e-06,False
rs5750211,76,207,-0.247818,5.42422e-06,False
rs5750211,76,208,-0.251606,3.80805e-06,False
rs5750211,76,209,-0.261632,1.47545e-06,False
rs5750211,76,210,-0.259433,1.80112e-06,False
rs5750211,76,211,-0.258305,1.90516e-06,False
rs5750211,76,212,-0.255541,2.43689e-06,False
rs5750211,76,213,-0.275876,3.79063e-07,False
rs5750211,76,214,-0.280081,2.47597e-07,False
rs5750211,76,215,-0.278516,2.92758e-07,False
rs5750211,76,216,-0.269829,6.59382e-07,False
rs5750211,76,217,-0.272531,5.00935e-07,False
rs5750211,76,218,-0.281777,2.0907e-07,False
rs5750211,76,219,-0.276228,3.71772e-07,False
rs5750211,76,220,-0.281874,2.2053e-07,False
rs5750211,76,221,-0.278075,3.33527e-07,False
rs5750211,76,222,-0.282037,2.43242e-07,False
rs5750211,76,223,-0.291703,1.00225e-07,False
rs5750211,76,224,-0.293069,9.69625e-08,False
rs5750211,76,225,-0.306814,2.75031e-08,False
rs5750211,76,226,-0.302482,4.69389e-08,False
rs5750211,76,227,-0.308021,3.13687e-08,False
rs5750211,76,228,-0.305982,4.35422e-08,False
rs5750211,76,229,-0.303653,6.61155e-08,False
rs5750211,76,230,-0.312628,3.23401e-08,False
rs5750211,76,231,-0.303972,9.79474e-08,False
rs5750211,76,232,-0.289058,4.95809e-07,False
rs5750211,76,233,-0.295333,3.57575e-07,False
rs5750211,76,234,-0.293572,5.42466e-07,False
rs5750211,76,235,-0.296189,5.60116e-07,False
rs5750211,76,236,-0.31559,1.38159e-07,False
rs5750211,76,237,-0.322521,1.07687e-07,False
rs5750211,76,238,-0.322499,1.44591e-07,False
rs5750211,76,239,-0.317649,3.23316e-07,False
rs5750211,76,240,-0.300079,1.94644e-06,False
rs5750211,76,241,-0.309532,1.29075e-06,False
rs5750211,76,242,-0.312269,1.50041e-06,False
rs5750211,76,243,-0.311171,2.29819e-06,False
rs5750211,76,244,-0.325203,1.24464e-06,False
rs5750211,76,245,-0.285639,2.80563e-05,False
rs5750211,76,246,-0.290837,2.74129e-05,False
rs5750211,76,247,-0.319228,5.92568e-06,False
rs5750211,76,248,-0.316767,1.0091e-05,False
rs5750211,76,249,-0.304708,2.9626e-05,False
rs5750211,76,250,-0.307434,3.37669e-05,False
rs5750211,76,251,-0.318699,2.24407e-05,False
rs5750211,77,6,-0.12225,0.00554003,False
rs5750211,77,7,-0.125669,0.00402273,False
rs5750211,77,8,-0.141849,0.00104449,False
rs5750211,77,9,-0.138028,0.0013151,False
rs5750211,77,10,-0.126416,0.0030803,False
rs5750211,77,11,-0.132305,0.00187095,False
rs5750211,77,12,-0.124059,0.00326492,False
rs5750211,77,13,-0.113949,0.00672747,False
rs5750211,77,14,-0.125853,0.00270947,False
rs5750211,77,15,-0.128713,0.00216902,False
rs5750211,77,16,-0.112403,0.0073752,False
rs5750211,77,17,-0.110865,0.00820143,False
rs5750211,77,18,-0.128323,0.00222457,False
rs5750211,77,19,-0.127594,0.00232565,False
rs5750211,77,20,-0.127071,0.0024623,False
rs5750211,77,21,-0.113304,0.00709746,False
rs5750211,77,22,-0.1132,0.00733759,False
rs5750211,77,23,-0.130158,0.0021003,False
rs5750211,77,24,-0.12758,0.00264237,False
rs5750211,77,25,-0.113962,0.00756733,False
rs5750211,77,26,-0.131291,0.00217586,False
rs5750211,77,27,-0.143973,0.000814023,False
rs5750211,77,28,-0.127655,0.00309176,False
rs5750211,77,29,-0.130499,0.00258688,False
rs5750211,77,30,-0.135161,0.00188334,False
rs5750211,77,31,-0.120086,0.00595541,False
rs5750211,77,32,-0.13351,0.00234761,False
rs5750211,77,33,-0.121585,0.00583105,False
rs5750211,77,34,-0.129328,0.00352887,False
rs5750211,77,35,-0.132718,0.00282733,False
rs5750211,77,36,-0.131551,0.00321984,False
rs5750211,77,37,-0.120893,0.00699837,False
rs5750211,77,38,-0.128117,0.00446747,False
rs5750211,77,39,-0.116964,0.00982997,False
rs5750211,77,40,-0.132294,0.00365138,False
rs5750211,77,41,-0.144776,0.00156138,False
rs5750211,77,42,-0.150317,0.00107332,False
rs5750211,77,43,-0.151446,0.00106139,False
rs5750211,77,44,-0.146218,0.00164195,False
rs5750211,77,45,-0.149963,0.00134044,False
rs5750211,77,46,-0.145876,0.00191236,False
rs5750211,77,47,-0.134269,0.00449677,False
rs5750211,77,48,-0.1544,0.00113797,False
rs5750211,77,49,-0.151714,0.00148695,False
rs5750211,77,50,-0.154912,0.00122188,False
rs5750211,77,51,-0.150269,0.00183384,False
rs5750211,77,52,-0.148566,0.00218989,False
rs5750211,77,53,-0.15222,0.001744,False
rs5750211,77,54,-0.148392,0.00238458,False
rs5750211,77,55,-0.149765,0.0022637,False
rs5750211,77,56,-0.146816,0.00282543,False
rs5750211,77,57,-0.142713,0.00387442,False
rs5750211,77,58,-0.143987,0.00372024,False
rs5750211,77,59,-0.140452,0.00474421,False
rs5750211,77,60,-0.126257,0.0114045,False
rs5750211,77,61,-0.130229,0.00919988,False
rs5750211,77,62,-0.113366,0.023745,False
rs5750211,77,63,-0.12308,0.0141974,False
rs5750211,77,64,-0.129501,0.0100183,False
rs5750211,77,65,-0.121224,0.0162625,False
rs5750211,77,66,-0.12754,0.0114957,False
rs5750211,77,67,-0.127675,0.0115539,False
rs5750211,77,68,-0.111654,0.0273488,False
rs5750211,77,69,-0.128324,0.0112728,False
rs5750211,77,70,-0.130024,0.0102115,False
rs5750211,77,71,-0.130653,0.00999253,False
rs5750211,77,72,-0.128092,0.0115705,False
rs5750211,77,73,-0.124103,0.0143202,False
rs5750211,77,74,-0.121985,0.0161014,False
rs5750211,77,75,-0.120617,0.0172961,False
rs5750211,77,76,-0.124981,0.0135245,False
rs5750211,77,77,-0.117176,0.020416,False
rs5750211,77,78,-0.113118,0.025043,False
rs5750211,77,79,-0.10801,0.032341,False
rs5750211,77,80,-0.111081,0.0272991,False
rs5750211,77,81,-0.122367,0.0148057,False
rs5750211,77,82,-0.108834,0.0300568,False
rs5750211,77,83,-0.0903249,0.0716951,False
rs5750211,77,84,-0.10193,0.0415543,False
rs5750211,77,85,-0.0933896,0.0609345,False
rs5750211,77,86,-0.0944343,0.0573458,False
rs5750211,77,87,-0.0970347,0.0508596,False
rs5750211,77,88,-0.0887424,0.0736056,False
rs5750211,77,89,-0.085146,0.0854774,False
rs5750211,77,90,-0.0956023,0.0536273,False
rs5750211,77,91,-0.0938745,0.0576133,False
rs5750211,77,92,-0.0908282,0.0654512,False
rs5750211,77,93,-0.0831321,0.0915643,False
rs5750211,77,94,-0.0846612,0.0858935,False
rs5750211,77,95,-0.093598,0.057818,False
rs5750211,77,96,-0.0929951,0.0594395,False
rs5750211,77,97,-0.0760548,0.123072,False
rs5750211,77,98,-0.0792046,0.108696,False
rs5750211,77,99,-0.070816,0.151991,False
rs5750211,77,100,-0.0813955,0.100462,False
rs5750211,77,101,-0.0825511,0.0966614,False
rs5750211,77,102,-0.0831056,0.0946591,False
rs5750211,77,103,-0.0855529,0.0864483,False
rs5750211,77,104,-0.0818206,0.10264,False
rs5750211,77,105,-0.0921354,0.066929,False
rs5750211,77,106,-0.0768351,0.127747,False
rs5750211,77,107,-0.0716542,0.157782,False
rs5750211,77,108,-0.0835084,0.101399,False
rs5750211,77,109,-0.0689392,0.178752,False
rs5750211,77,110,-0.0659051,0.20207,False
rs5750211,77,111,-0.0712175,0.170949,False
rs5750211,77,112,-0.0681137,0.193407,False
rs5750211,77,113,-0.0685464,0.193852,False
rs5750211,77,114,-0.064021,0.229625,False
rs5750211,77,115,-0.059194,0.270687,False
rs5750211,77,116,-0.0698092,0.197318,False
rs5750211,77,117,-0.0785474,0.150897,False
rs5750211,77,118,-0.0699797,0.205385,False
rs5750211,77,119,-0.0815511,0.14306,False
rs5750211,77,120,-0.0788697,0.160459,False
rs5750211,77,121,-0.069951,0.216674,False
rs5750211,77,122,-0.0783727,0.169529,False
rs5750211,77,123,-0.0730227,0.204671,False
rs5750211,77,124,-0.0699769,0.226398,False
rs5750211,77,125,-0.0682348,0.240225,False
rs5750211,77,126,-0.0739636,0.205511,False
rs5750211,77,127,-0.0731679,0.211716,False
rs5750211,77,128,-0.0738846,0.20802,False
rs5750211,77,129,-0.0607112,0.30117,False
rs5750211,77,130,-0.0674153,0.251467,False
rs5750211,77,131,-0.06103,0.298942,False
rs5750211,77,132,-0.0522398,0.372721,False
rs5750211,77,133,-0.0629197,0.282023,False
rs5750211,77,134,-0.0682542,0.241425,False
rs5750211,77,135,-0.077144,0.182837,False
rs5750211,77,136,-0.0774482,0.178606,False
rs5750211,77,137,-0.0632767,0.269223,False
rs5750211,77,138,-0.0697563,0.220078,False
rs5750211,77,139,-0.0744608,0.187735,False
rs5750211,77,140,-0.0648129,0.247569,False
rs5750211,77,141,-0.0774572,0.163885,False
rs5750211,77,142,-0.0893038,0.105944,False
rs5750211,77,143,-0.0734015,0.180598,False
rs5750211,77,144,-0.071629,0.188627,False
rs5750211,77,145,-0.067802,0.210495,False
rs5750211,77,146,-0.0772587,0.151181,False
rs5750211,77,147,-0.0849271,0.112198,False
rs5750211,77,148,-0.0915529,0.0855506,False
rs5750211,77,149,-0.100431,0.0577431,False
rs5750211,77,150,-0.0923322,0.0794534,False
rs5750211,77,151,-0.103937,0.0470618,False
rs5750211,77,152,-0.0982856,0.0598032,False
rs5750211,77,153,-0.103394,0.0467675,False
rs5750211,77,154,-0.122959,0.0177035,False
rs5750211,77,155,-0.126088,0.0145796,False
rs5750211,77,156,-0.131532,0.0107377,False
rs5750211,77,157,-0.115309,0.0251908,False
rs5750211,77,158,-0.115021,0.0255339,False
rs5750211,77,159,-0.137221,0.00765241,False
rs5750211,77,160,-0.128082,0.0127457,False
rs5750211,77,161,-0.145191,0.00475885,False
rs5750211,77,162,-0.147015,0.00429781,False
rs5750211,77,163,-0.145856,0.00471327,False
rs5750211,77,164,-0.15644,0.00244908,False
rs5750211,77,165,-0.155196,0.00275564,False
rs5750211,77,166,-0.146857,0.0047395,False
rs5750211,77,167,-0.144059,0.00567793,False
rs5750211,77,168,-0.154674,0.00304168,False
rs5750211,77,169,-0.173145,0.000928452,False
rs5750211,77,170,-0.184189,0.000457371,False
rs5750211,77,171,-0.173176,0.00102688,False
rs5750211,77,172,-0.163444,0.00199327,False
rs5750211,77,173,-0.18073,0.000659176,False
rs5750211,77,174,-0.170522,0.00135368,False
rs5750211,77,175,-0.183085,0.000611538,False
rs5750211,77,176,-0.18993,0.000391216,False
rs5750211,77,177,-0.18763,0.000482051,False
rs5750211,77,178,-0.193709,0.000327944,False
rs5750211,77,179,-0.186391,0.000574211,False
rs5750211,77,180,-0.198929,0.000247407,False
rs5750211,77,181,-0.200188,0.00023523,False
rs5750211,77,182,-0.199751,0.000250336,False
rs5750211,77,183,-0.198729,0.000277238,False
rs5750211,77,184,-0.187362,0.000630921,False
rs5750211,77,185,-0.199221,0.000280964,False
rs5750211,77,186,-0.205171,0.000183602,False
rs5750211,77,187,-0.212927,0.000108197,False
rs5750211,77,188,-0.217493,7.7515e-05,False
rs5750211,77,189,-0.219931,6.43242e-05,False
rs5750211,77,190,-0.216673,8.25833e-05,False
rs5750211,77,191,-0.226439,3.88437e-05,False
rs5750211,77,192,-0.229868,2.96595e-05,False
rs5750211,77,193,-0.227957,3.41836e-05,False
rs5750211,77,194,-0.233761,2.2004e-05,False
rs5750211,77,195,-0.237331,1.64307e-05,False
rs5750211,77,196,-0.247196,6.98514e-06,False
rs5750211,77,197,-0.241773,1.11766e-05,False
rs5750211,77,198,-0.252023,4.59056e-06,False
rs5750211,77,199,-0.243922,9.06684e-06,False
rs5750211,77,200,-0.222603,4.97184e-05,False
rs5750211,77,201,-0.245597,7.54662e-06,False
rs5750211,77,202,-0.244002,8.27375e-06,False
rs5750211,77,203,-0.246319,6.78036e-06,False
rs5750211,77,204,-0.248699,5.28936e-06,False
rs5750211,77,205,-0.246404,6.28791e-06,False
rs5750211,77,206,-0.244687,7.33212e-06,False
rs5750211,77,207,-0.243361,7.92027e-06,False
rs5750211,77,208,-0.229222,2.51206e-05,False
rs5750211,77,209,-0.228647,2.57668e-05,False
rs5750211,77,210,-0.240795,9.39905e-06,False
rs5750211,77,211,-0.234792,1.48902e-05,False
rs5750211,77,212,-0.248197,4.73636e-06,False
rs5750211,77,213,-0.253535,2.83448e-06,False
rs5750211,77,214,-0.25002,3.94987e-06,False
rs5750211,77,215,-0.261746,1.33302e-06,False
rs5750211,77,216,-0.250154,3.80989e-06,False
rs5750211,77,217,-0.261872,1.37564e-06,False
rs5750211,77,218,-0.262917,1.26024e-06,False
rs5750211,77,219,-0.278221,3.09348e-07,False
rs5750211,77,220,-0.28053,2.48054e-07,False
rs5750211,77,221,-0.287958,1.22955e-07,False
rs5750211,77,222,-0.286267,1.68489e-07,False
rs5750211,77,223,-0.279315,3.46179e-07,False
rs5750211,77,224,-0.291652,1.14528e-07,False
rs5750211,77,225,-0.284695,2.4873e-07,False
rs5750211,77,226,-0.284037,2.92445e-07,False
rs5750211,77,227,-0.289762,2.0095e-07,False
rs5750211,77,228,-0.28923,2.473e-07,False
rs5750211,77,229,-0.288638,3.1158e-07,False
rs5750211,77,230,-0.285407,5.18869e-07,False
rs5750211,77,231,-0.289323,4.54806e-07,False
rs5750211,77,232,-0.30582,1.2283e-07,False
rs5750211,77,233,-0.31625,6.08259e-08,False
rs5750211,77,234,-0.306682,2.01263e-07,False
rs5750211,77,235,-0.311066,1.84432e-07,False
rs5750211,77,236,-0.30763,3.33921e-07,False
rs5750211,77,237,-0.310052,3.75952e-07,False
rs5750211,77,238,-0.312469,4.35134e-07,False
rs5750211,77,239,-0.306643,9.97244e-07,False
rs5750211,77,240,-0.329884,2.08412e-07,False
rs5750211,77,241,-0.318251,7.92725e-07,False
rs5750211,77,242,-0.304822,3.22212e-06,False
rs5750211,77,243,-0.31819,1.67487e-06,False
rs5750211,77,244,-0.306581,5.53631e-06,False
rs5750211,77,245,-0.301526,1.09304e-05,False
rs5750211,77,246,-0.299007,1.82844e-05,False
rs5750211,77,247,-0.300061,2.36589e-05,False
rs5750211,77,248,-0.300556,3.0853e-05,False
rs5750211,77,249,-0.305404,3.15845e-05,False
rs5750211,77,250,-0.308149,3.59438e-05,False
rs5750211,77,251,-0.327663,1.48743e-05,False
rs5750211,78,6,-0.127271,0.00392998,False
rs5750211,78,7,-0.125848,0.00404239,False
rs5750211,78,8,-0.138463,0.00143457,False
rs5750211,78,9,-0.137855,0.00137033,False
rs5750211,78,10,-0.134988,0.00156811,False
rs5750211,78,11,-0.139713,0.00100896,False
rs5750211,78,12,-0.123887,0.00327613,False
rs5750211,78,13,-0.137445,0.00105388,False
rs5750211,78,14,-0.148781,0.00037546,False
rs5750211,78,15,-0.137297,0.000990893,False
rs5750211,78,16,-0.136631,0.00103542,False
rs5750211,78,17,-0.138395,0.000907927,False
rs5750211,78,18,-0.138227,0.000919991,False
rs5750211,78,19,-0.134265,0.00131149,False
rs5750211,78,20,-0.146277,0.000478864,False
rs5750211,78,21,-0.13896,0.000912908,False
rs5750211,78,22,-0.138864,0.000949155,False
rs5750211,78,23,-0.147744,0.00045973,False
rs5750211,78,24,-0.140468,0.000894559,False
rs5750211,78,25,-0.133744,0.00161038,False
rs5750211,78,26,-0.133736,0.00167506,False
rs5750211,78,27,-0.134699,0.00158862,False
rs5750211,78,28,-0.147384,0.000575585,False
rs5750211,78,29,-0.132817,0.00200517,False
rs5750211,78,30,-0.137824,0.00141963,False
rs5750211,78,31,-0.132745,0.00222058,False
rs5750211,78,32,-0.140246,0.00131172,False
rs5750211,78,33,-0.142435,0.00115023,False
rs5750211,78,34,-0.154042,0.000464906,False
rs5750211,78,35,-0.132227,0.00281816,False
rs5750211,78,36,-0.153283,0.000558592,False
rs5750211,78,37,-0.148607,0.000868427,False
rs5750211,78,38,-0.133162,0.00303054,False
rs5750211,78,39,-0.140127,0.00190543,False
rs5750211,78,40,-0.143858,0.00150866,False
rs5750211,78,41,-0.164503,0.000304613,False
rs5750211,78,42,-0.164653,0.000331218,False
rs5750211,78,43,-0.140136,0.00236588,False
rs5750211,78,44,-0.146384,0.00159046,False
rs5750211,78,45,-0.136221,0.00342604,False
rs5750211,78,46,-0.150949,0.00124981,False
rs5750211,78,47,-0.130165,0.00562142,False
rs5750211,78,48,-0.141666,0.00273437,False
rs5750211,78,49,-0.141052,0.00301274,False
rs5750211,78,50,-0.160922,0.000763932,False
rs5750211,78,51,-0.153704,0.00140388,False
rs5750211,78,52,-0.138788,0.00409662,False
rs5750211,78,53,-0.136995,0.00477323,False
rs5750211,78,54,-0.152602,0.0017438,False
rs5750211,78,55,-0.149875,0.0021879,False
rs5750211,78,56,-0.147426,0.00267612,False
rs5750211,78,57,-0.147209,0.00284672,False
rs5750211,78,58,-0.148567,0.00266192,False
rs5750211,78,59,-0.156102,0.00164914,False
rs5750211,78,60,-0.156088,0.00169493,False
rs5750211,78,61,-0.155703,0.001788,False
rs5750211,78,62,-0.159589,0.00141583,False
rs5750211,78,63,-0.164107,0.00107845,False
rs5750211,78,64,-0.150314,0.0028175,False
rs5750211,78,65,-0.141503,0.00497763,False
rs5750211,78,66,-0.137996,0.00623884,False
rs5750211,78,67,-0.129604,0.01042,False
rs5750211,78,68,-0.137114,0.00678698,False
rs5750211,78,69,-0.132452,0.00899021,False
rs5750211,78,70,-0.136701,0.00705713,False
rs5750211,78,71,-0.141302,0.00540546,False
rs5750211,78,72,-0.132214,0.00921889,False
rs5750211,78,73,-0.12427,0.0145355,False
rs5750211,78,74,-0.136998,0.00701955,False
rs5750211,78,75,-0.126033,0.0131605,False
rs5750211,78,76,-0.120078,0.0180785,False
rs5750211,78,77,-0.12539,0.0134337,False
rs5750211,78,78,-0.11717,0.020763,False
rs5750211,78,79,-0.122617,0.0154046,False
rs5750211,78,80,-0.125118,0.0133891,False
rs5750211,78,81,-0.113914,0.0242693,False
rs5750211,78,82,-0.116161,0.0211989,False
rs5750211,78,83,-0.0985037,0.0501826,False
rs5750211,78,84,-0.0995136,0.0476534,False
rs5750211,78,85,-0.0933189,0.062459,False
rs5750211,78,86,-0.118624,0.0177436,False
rs5750211,78,87,-0.105794,0.0340173,False
rs5750211,78,88,-0.109132,0.0285727,False
rs5750211,78,89,-0.120464,0.0156675,False
rs5750211,78,90,-0.114392,0.0213213,False
rs5750211,78,91,-0.113543,0.022217,False
rs5750211,78,92,-0.11429,0.0210892,False
rs5750211,78,93,-0.113357,0.0219284,False
rs5750211,78,94,-0.116806,0.0182341,False
rs5750211,78,95,-0.119949,0.0152916,False
rs5750211,78,96,-0.119105,0.0159465,False
rs5750211,78,97,-0.113979,0.0213452,False
rs5750211,78,98,-0.0993073,0.0447525,False
rs5750211,78,99,-0.0915269,0.0645375,False
rs5750211,78,100,-0.101438,0.0405835,False
rs5750211,78,101,-0.0959216,0.0532436,False
rs5750211,78,102,-0.108639,0.0288712,False
rs5750211,78,103,-0.101009,0.0427445,False
rs5750211,78,104,-0.120774,0.015793,False
rs5750211,78,105,-0.109882,0.0284849,False
rs5750211,78,106,-0.100072,0.0469631,False
rs5750211,78,107,-0.0949444,0.0602331,False
rs5750211,78,108,-0.0949802,0.0613829,False
rs5750211,78,109,-0.0880899,0.0843001,False
rs5750211,78,110,-0.0924631,0.0714611,False
rs5750211,78,111,-0.0861217,0.0952511,False
rs5750211,78,112,-0.0931729,0.0728822,False
rs5750211,78,113,-0.0856653,0.101468,False
rs5750211,78,114,-0.0840119,0.111094,False
rs5750211,78,115,-0.0743905,0.161002,False
rs5750211,78,116,-0.0722958,0.177086,False
rs5750211,78,117,-0.0691008,0.200103,False
rs5750211,78,118,-0.0698556,0.199372,False
rs5750211,78,119,-0.0666218,0.224779,False
rs5750211,78,120,-0.0721142,0.192152,False
rs5750211,78,121,-0.0622846,0.264117,False
rs5750211,78,122,-0.0793,0.157417,False
rs5750211,78,123,-0.071391,0.205714,False
rs5750211,78,124,-0.0762305,0.179191,False
rs5750211,78,125,-0.0636111,0.264923,False
rs5750211,78,126,-0.0564186,0.3241,False
rs5750211,78,127,-0.0564758,0.325014,False
rs5750211,78,128,-0.0603424,0.294445,False
rs5750211,78,129,-0.059324,0.303631,False
rs5750211,78,130,-0.0795166,0.167567,False
rs5750211,78,131,-0.0778804,0.176392,False
rs5750211,78,132,-0.0743108,0.19624,False
rs5750211,78,133,-0.0710616,0.215041,False
rs5750211,78,134,-0.0669083,0.241316,False
rs5750211,78,135,-0.0653595,0.250614,False
rs5750211,78,136,-0.068047,0.228915,False
rs5750211,78,137,-0.072746,0.196725,False
rs5750211,78,138,-0.0798268,0.153846,False
rs5750211,78,139,-0.0962107,0.0838743,False
rs5750211,78,140,-0.0972655,0.0786851,False
rs5750211,78,141,-0.0970965,0.0768639,False
rs5750211,78,142,-0.112037,0.0398999,False
rs5750211,78,143,-0.110467,0.0415711,False
rs5750211,78,144,-0.0952512,0.0769771,False
rs5750211,78,145,-0.0959576,0.0731097,False
rs5750211,78,146,-0.102379,0.0546456,False
rs5750211,78,147,-0.116417,0.0280223,False
rs5750211,78,148,-0.115325,0.0288474,False
rs5750211,78,149,-0.131528,0.012318,False
rs5750211,78,150,-0.13966,0.00762652,False
rs5750211,78,151,-0.139699,0.00736228,False
rs5750211,78,152,-0.129398,0.0128996,False
rs5750211,78,153,-0.130686,0.0117058,False
rs5750211,78,154,-0.136108,0.00837406,False
rs5750211,78,155,-0.138454,0.00732342,False
rs5750211,78,156,-0.133081,0.00978704,False
rs5750211,78,157,-0.135688,0.00844006,False
rs5750211,78,158,-0.136985,0.00785813,False
rs5750211,78,159,-0.129617,0.012032,False
rs5750211,78,160,-0.122739,0.017513,False
rs5750211,78,161,-0.129632,0.0122637,False
rs5750211,78,162,-0.138471,0.00747546,False
rs5750211,78,163,-0.144857,0.00519577,False
rs5750211,78,164,-0.144973,0.00530421,False
rs5750211,78,165,-0.149462,0.00417765,False
rs5750211,78,166,-0.153348,0.00335397,False
rs5750211,78,167,-0.14992,0.00422122,False
rs5750211,78,168,-0.152376,0.00376576,False
rs5750211,78,169,-0.1732,0.00103907,False
rs5750211,78,170,-0.172605,0.00113312,False
rs5750211,78,171,-0.172616,0.0011853,False
rs5750211,78,172,-0.177621,0.000874626,False
rs5750211,78,173,-0.169588,0.00154252,False
rs5750211,78,174,-0.18155,0.000735095,False
rs5750211,78,175,-0.185379,0.000589815,False
rs5750211,78,176,-0.202313,0.000184845,False
rs5750211,78,177,-0.201741,0.000203274,False
rs5750211,78,178,-0.201511,0.000215732,False
rs5750211,78,179,-0.208117,0.000136295,False
rs5750211,78,180,-0.197523,0.000305421,False
rs5750211,78,181,-0.218611,6.68975e-05,False
rs5750211,78,182,-0.198138,0.000310221,False
rs5750211,78,183,-0.215832,8.83414e-05,False
rs5750211,78,184,-0.193559,0.000446393,False
rs5750211,78,185,-0.212731,0.000117759,False
rs5750211,78,186,-0.213644,0.00011172,False
rs5750211,78,187,-0.21342,0.00011243,False
rs5750211,78,188,-0.229822,3.23934e-05,False
rs5750211,78,189,-0.239499,1.49033e-05,False
rs5750211,78,190,-0.239728,1.44769e-05,False
rs5750211,78,191,-0.23869,1.6039e-05,False
rs5750211,78,192,-0.215659,9.71081e-05,False
rs5750211,78,193,-0.233035,2.5074e-05,False
rs5750211,78,194,-0.235815,1.97305e-05,False
rs5750211,78,195,-0.238307,1.59562e-05,False
rs5750211,78,196,-0.243791,1.014e-05,False
rs5750211,78,197,-0.238132,1.61091e-05,False
rs5750211,78,198,-0.223122,5.14325e-05,False
rs5750211,78,199,-0.221318,5.75671e-05,False
rs5750211,78,200,-0.238834,1.38249e-05,False
rs5750211,78,201,-0.246668,7.08663e-06,False
rs5750211,78,202,-0.247646,6.31712e-06,False
rs5750211,78,203,-0.233759,1.98383e-05,False
rs5750211,78,204,-0.25715,2.62671e-06,False
rs5750211,78,205,-0.24674,6.244e-06,False
rs5750211,78,206,-0.250807,4.29598e-06,False
rs5750211,78,207,-0.253051,3.45346e-06,False
rs5750211,78,208,-0.241839,8.84595e-06,False
rs5750211,78,209,-0.25255,3.3894e-06,False
rs5750211,78,210,-0.2595,1.79502e-06,False
rs5750211,78,211,-0.281894,2.10368e-07,False
rs5750211,78,212,-0.26934,6.84605e-07,False
rs5750211,78,213,-0.257792,2.04593e-06,False
rs5750211,78,214,-0.244163,6.83983e-06,False
rs5750211,78,215,-0.249587,4.15413e-06,False
rs5750211,78,216,-0.26396,1.13588e-06,False
rs5750211,78,217,-0.271937,5.559e-07,False
rs5750211,78,218,-0.279841,2.61756e-07,False
rs5750211,78,219,-0.276247,3.91605e-07,False
rs5750211,78,220,-0.270755,6.84244e-07,False
rs5750211,78,221,-0.296404,5.64411e-08,False
rs5750211,78,222,-0.308172,1.81789e-08,False
rs5750211,78,223,-0.29579,7.2104e-08,False
rs5750211,78,224,-0.30493,3.15796e-08,False
rs5750211,78,225,-0.311611,1.81882e-08,False
rs5750211,78,226,-0.321956,7.20552e-09,False
rs5750211,78,227,-0.306167,4.31623e-08,False
rs5750211,78,228,-0.312067,3.00148e-08,False
rs5750211,78,229,-0.316141,2.39691e-08,False
rs5750211,78,230,-0.316822,2.98859e-08,False
rs5750211,78,231,-0.320001,2.92029e-08,False
rs5750211,78,232,-0.329984,1.44931e-08,False
rs5750211,78,233,-0.334674,1.2338e-08,False
rs5750211,78,234,-0.3217,6.04153e-08,False
rs5750211,78,235,-0.326889,5.30825e-08,False
rs5750211,78,236,-0.334205,3.84721e-08,False
rs5750211,78,237,-0.330034,8.13014e-08,False
rs5750211,78,238,-0.306904,8.70002e-07,False
rs5750211,78,239,-0.319972,4.12406e-07,False
rs5750211,78,240,-0.333676,1.95587e-07,False
rs5750211,78,241,-0.324305,6.20964e-07,False
rs5750211,78,242,-0.335547,3.78133e-07,False
rs5750211,78,243,-0.337104,5.08453e-07,False
rs5750211,78,244,-0.332393,1.1004e-06,False
rs5750211,78,245,-0.337832,1.07689e-06,False
rs5750211,78,246,-0.322849,4.59776e-06,False
rs5750211,78,247,-0.328159,4.7822e-06,False
rs5750211,78,248,-0.356286,1.01283e-06,False
rs5750211,78,249,-0.345595,3.16559e-06,False
rs5750211,78,250,-0.378098,5.14068e-07,False
rs5750211,78,251,-0.362837,2.02224e-06,False
rs5750211,79,6,-0.163196,0.000213436,False
rs5750211,79,7,-0.149963,0.000593472,False
rs5750211,79,8,-0.158631,0.000251699,False
rs5750211,79,9,-0.139915,0.00112883,False
rs5750211,79,10,-0.145156,0.000672766,False
rs5750211,79,11,-0.139467,0.000998469,False
rs5750211,79,12,-0.123109,0.00339243,False
rs5750211,79,13,-0.144084,0.000572476,False
rs5750211,79,14,-0.136177,0.00113109,False
rs5750211,79,15,-0.129664,0.0018572,False
rs5750211,79,16,-0.122061,0.00330757,False
rs5750211,79,17,-0.139654,0.000796097,False
rs5750211,79,18,-0.137598,0.000936818,False
rs5750211,79,19,-0.143857,0.000554028,False
rs5750211,79,20,-0.129055,0.00196703,False
rs5750211,79,21,-0.149051,0.000369299,False
rs5750211,79,22,-0.126902,0.00247506,False
rs5750211,79,23,-0.124887,0.0030121,False
rs5750211,79,24,-0.123194,0.00347795,False
rs5750211,79,25,-0.129621,0.00215788,False
rs5750211,79,26,-0.125059,0.0032275,False
rs5750211,79,27,-0.138341,0.00117438,False
rs5750211,79,28,-0.149969,0.000450919,False
rs5750211,79,29,-0.118714,0.00561062,False
rs5750211,79,30,-0.129774,0.00257465,False
rs5750211,79,31,-0.126748,0.00337362,False
rs5750211,79,32,-0.137278,0.00158611,False
rs5750211,79,33,-0.140634,0.00127082,False
rs5750211,79,34,-0.137408,0.00172256,False
rs5750211,79,35,-0.130337,0.00303868,False
rs5750211,79,36,-0.140675,0.00150972,False
rs5750211,79,37,-0.13383,0.00264721,False
rs5750211,79,38,-0.132856,0.0030259,False
rs5750211,79,39,-0.144778,0.00127235,False
rs5750211,79,40,-0.146419,0.00119663,False
rs5750211,79,41,-0.140027,0.00204973,False
rs5750211,79,42,-0.133084,0.00358135,False
rs5750211,79,43,-0.145275,0.00155012,False
rs5750211,79,44,-0.141388,0.00215456,False
rs5750211,79,45,-0.125744,0.00677572,False
rs5750211,79,46,-0.118499,0.0110556,False
rs5750211,79,47,-0.124466,0.00793414,False
rs5750211,79,48,-0.131589,0.00529671,False
rs5750211,79,49,-0.12398,0.00883359,False
rs5750211,79,50,-0.12991,0.00637077,False
rs5750211,79,51,-0.136213,0.00438016,False
rs5750211,79,52,-0.138,0.00409231,False
rs5750211,79,53,-0.139769,0.00385504,False
rs5750211,79,54,-0.136958,0.00479893,False
rs5750211,79,55,-0.131255,0.00705147,False
rs5750211,79,56,-0.136382,0.00534918,False
rs5750211,79,57,-0.130566,0.00785644,False
rs5750211,79,58,-0.123433,0.0122607,False
rs5750211,79,59,-0.139468,0.00485749,False
rs5750211,79,60,-0.137773,0.00557925,False
rs5750211,79,61,-0.137887,0.00569415,False
rs5750211,79,62,-0.139261,0.00545224,False
rs5750211,79,63,-0.139041,0.00557706,False
rs5750211,79,64,-0.133912,0.00765393,False
rs5750211,79,65,-0.141161,0.00511437,False
rs5750211,79,66,-0.134144,0.00794281,False
rs5750211,79,67,-0.139801,0.00571931,False
rs5750211,79,68,-0.134013,0.00812246,False
rs5750211,79,69,-0.120324,0.0177172,False
rs5750211,79,70,-0.136049,0.00743848,False
rs5750211,79,71,-0.130373,0.0102901,False
rs5750211,79,72,-0.136342,0.00735875,False
rs5750211,79,73,-0.120464,0.0182255,False
rs5750211,79,74,-0.127128,0.0127975,False
rs5750211,79,75,-0.138984,0.00651949,False
rs5750211,79,76,-0.138868,0.00651004,False
rs5750211,79,77,-0.136908,0.00728543,False
rs5750211,79,78,-0.127155,0.0126262,False
rs5750211,79,79,-0.129922,0.010656,False
rs5750211,79,80,-0.123828,0.0149534,False
rs5750211,79,81,-0.113254,0.0256056,False
rs5750211,79,82,-0.125288,0.0133591,False
rs5750211,79,83,-0.124762,0.0136656,False
rs5750211,79,84,-0.105258,0.037224,False
rs5750211,79,85,-0.099378,0.0486785,False
rs5750211,79,86,-0.0977634,0.0522423,False
rs5750211,79,87,-0.0997016,0.0472936,False
rs5750211,79,88,-0.108462,0.0305314,False
rs5750211,79,89,-0.103543,0.0385894,False
rs5750211,79,90,-0.0827174,0.0977547,False
rs5750211,79,91,-0.109011,0.0291769,False
rs5750211,79,92,-0.107554,0.031236,False
rs5750211,79,93,-0.0965357,0.0526171,False
rs5750211,79,94,-0.0913278,0.066057,False
rs5750211,79,95,-0.0990315,0.046446,False
rs5750211,79,96,-0.0942884,0.0575964,False
rs5750211,79,97,-0.0908203,0.0676118,False
rs5750211,79,98,-0.09216,0.063785,False
rs5750211,79,99,-0.0825848,0.0968955,False
rs5750211,79,100,-0.0757518,0.127502,False
rs5750211,79,101,-0.0752645,0.131011,False
rs5750211,79,102,-0.080841,0.105112,False
rs5750211,79,103,-0.0951457,0.0567449,False
rs5750211,79,104,-0.0880323,0.078751,False
rs5750211,79,105,-0.083246,0.0969766,False
rs5750211,79,106,-0.084632,0.0925185,False
rs5750211,79,107,-0.0872474,0.0843151,False
rs5750211,79,108,-0.0848775,0.0940477,False
rs5750211,79,109,-0.0970326,0.0572431,False
rs5750211,79,110,-0.0810683,0.112971,False
rs5750211,79,111,-0.0798696,0.120361,False
rs5750211,79,112,-0.0746173,0.149188,False
rs5750211,79,113,-0.0794553,0.126443,False
rs5750211,79,114,-0.0862872,0.0995183,False
rs5750211,79,115,-0.0586268,0.266343,False
rs5750211,79,116,-0.0742883,0.161805,False
rs5750211,79,117,-0.0716162,0.180218,False
rs5750211,79,118,-0.0814363,0.129429,False
rs5750211,79,119,-0.0723217,0.181505,False
rs5750211,79,120,-0.0767065,0.159127,False
rs5750211,79,121,-0.073511,0.179997,False
rs5750211,79,122,-0.0652986,0.236369,False
rs5750211,79,123,-0.0692225,0.211458,False
rs5750211,79,124,-0.0684409,0.219374,False
rs5750211,79,125,-0.0596009,0.287131,False
rs5750211,79,126,-0.0744891,0.184614,False
rs5750211,79,127,-0.0784898,0.16271,False
rs5750211,79,128,-0.0666792,0.236329,False
rs5750211,79,129,-0.0554301,0.32551,False
rs5750211,79,130,-0.0709182,0.208562,False
rs5750211,79,131,-0.0696398,0.216638,False
rs5750211,79,132,-0.0744523,0.185734,False
rs5750211,79,133,-0.0617796,0.270534,False
rs5750211,79,134,-0.0658708,0.238718,False
rs5750211,79,135,-0.0754422,0.175892,False
rs5750211,79,136,-0.078495,0.157597,False
rs5750211,79,137,-0.0887029,0.108291,False
rs5750211,79,138,-0.0912612,0.0969591,False
rs5750211,79,139,-0.0893874,0.102171,False
rs5750211,79,140,-0.0952452,0.0796355,False
rs5750211,79,141,-0.0934419,0.0842665,False
rs5750211,79,142,-0.100563,0.0618802,False
rs5750211,79,143,-0.104555,0.051163,False
rs5750211,79,144,-0.108202,0.0422945,False
rs5750211,79,145,-0.105936,0.0458208,False
rs5750211,79,146,-0.110554,0.0361318,False
rs5750211,79,147,-0.113791,0.0303901,False
rs5750211,79,148,-0.108518,0.0379784,False
rs5750211,79,149,-0.114286,0.0283819,False
rs5750211,79,150,-0.122347,0.0185558,False
rs5750211,79,151,-0.123455,0.0174391,False
rs5750211,79,152,-0.122166,0.0182866,False
rs5750211,79,153,-0.126569,0.0143327,False
rs5750211,79,154,-0.137161,0.00793656,False
rs5750211,79,155,-0.138952,0.00716776,False
rs5750211,79,156,-0.140513,0.00651166,False
rs5750211,79,157,-0.119842,0.020246,False
rs5750211,79,158,-0.122285,0.0180315,False
rs5750211,79,159,-0.12294,0.0176021,False
rs5750211,79,160,-0.14615,0.00477057,False
rs5750211,79,161,-0.151129,0.00363302,False
rs5750211,79,162,-0.15543,0.00284047,False
rs5750211,79,163,-0.155609,0.00286925,False
rs5750211,79,164,-0.142006,0.0067032,False
rs5750211,79,165,-0.142384,0.00657025,False
rs5750211,79,166,-0.14869,0.00472366,False
rs5750211,79,167,-0.156696,0.00300705,False
rs5750211,79,168,-0.14577,0.00594827,False
rs5750211,79,169,-0.159908,0.00265648,False
rs5750211,79,170,-0.170838,0.00138086,False
rs5750211,79,171,-0.169838,0.00153519,False
rs5750211,79,172,-0.162387,0.00251641,False
rs5750211,79,173,-0.168366,0.00181849,False
rs5750211,79,174,-0.177175,0.00106244,False
rs5750211,79,175,-0.180822,0.000861242,False
rs5750211,79,176,-0.182703,0.000793054,False
rs5750211,79,177,-0.1758,0.00129053,False
rs5750211,79,178,-0.195757,0.000346226,False
rs5750211,79,179,-0.194488,0.000399746,False
rs5750211,79,180,-0.191224,0.000514461,False
rs5750211,79,181,-0.195091,0.000403229,False
rs5750211,79,182,-0.193067,0.000473763,False
rs5750211,79,183,-0.202087,0.000260076,False
rs5750211,79,184,-0.202514,0.000258075,False
rs5750211,79,185,-0.203933,0.000232921,False
rs5750211,79,186,-0.21131,0.000141266,False
rs5750211,79,187,-0.212712,0.000128176,False
rs5750211,79,188,-0.211929,0.000137066,False
rs5750211,79,189,-0.210372,0.000151877,False
rs5750211,79,190,-0.232715,2.76233e-05,False
rs5750211,79,191,-0.231461,2.9874e-05,False
rs5750211,79,192,-0.23833,1.68504e-05,False
rs5750211,79,193,-0.232364,2.84068e-05,False
rs5750211,79,194,-0.236787,1.87607e-05,False
rs5750211,79,195,-0.242943,1.11424e-05,False
rs5750211,79,196,-0.234859,2.10694e-05,False
rs5750211,79,197,-0.235949,1.91166e-05,False
rs5750211,79,198,-0.232299,2.47922e-05,False
rs5750211,79,199,-0.246096,7.67686e-06,False
rs5750211,79,200,-0.249768,5.45731e-06,False
rs5750211,79,201,-0.250322,4.96899e-06,False
rs5750211,79,202,-0.253432,3.75527e-06,False
rs5750211,79,203,-0.258949,2.24635e-06,False
rs5750211,79,204,-0.259764,1.94554e-06,False
rs5750211,79,205,-0.25592,2.68285e-06,False
rs5750211,79,206,-0.263095,1.39224e-06,False
rs5750211,79,207,-0.263717,1.29837e-06,False
rs5750211,79,208,-0.271555,6.11136e-07,False
rs5750211,79,209,-0.264019,1.21028e-06,False
rs5750211,79,210,-0.256752,2.32766e-06,False
rs5750211,79,211,-0.256027,2.43805e-06,False
rs5750211,79,212,-0.256113,2.45891e-06,False
rs5750211,79,213,-0.255336,2.62734e-06,False
rs5750211,79,214,-0.25488,2.81263e-06,False
rs5750211,79,215,-0.266664,9.62595e-07,False
rs5750211,79,216,-0.265185,1.1149e-06,False
rs5750211,79,217,-0.274854,4.71851e-07,False
rs5750211,79,218,-0.268354,8.86367e-07,False
rs5750211,79,219,-0.264448,1.328e-06,False
rs5750211,79,220,-0.281373,2.81332e-07,False
rs5750211,79,221,-0.28174,2.88744e-07,False
rs5750211,79,222,-0.27396,6.55339e-07,False
rs5750211,79,223,-0.287259,2.02703e-07,False
rs5750211,79,224,-0.285976,2.49039e-07,False
rs5750211,79,225,-0.29369,1.33912e-07,False
rs5750211,79,226,-0.288812,2.4598e-07,False
rs5750211,79,227,-0.293896,1.82674e-07,False
rs5750211,79,228,-0.293566,2.23583e-07,False
rs5750211,79,229,-0.300754,1.3594e-07,False
rs5750211,79,230,-0.29852,2.06002e-07,False
rs5750211,79,231,-0.300137,2.33725e-07,False
rs5750211,79,232,-0.292902,5.68513e-07,False
rs5750211,79,233,-0.304124,2.73909e-07,False
rs5750211,79,234,-0.292836,9.81309e-07,False
rs5750211,79,235,-0.285172,2.37827e-06,False
rs5750211,79,236,-0.286545,2.84811e-06,False
rs5750211,79,237,-0.30186,1.12645e-06,False
rs5750211,79,238,-0.307052,1.0217e-06,False
rs5750211,79,239,-0.319431,5.31484e-07,False
rs5750211,79,240,-0.325982,4.65583e-07,False
rs5750211,79,241,-0.332671,4.01188e-07,False
rs5750211,79,242,-0.31443,2.39672e-06,False
rs5750211,79,243,-0.333059,8.8888e-07,False
rs5750211,79,244,-0.328491,1.81917e-06,False
rs5750211,79,245,-0.34029,1.21205e-06,False
rs5750211,79,246,-0.34423,1.40387e-06,False
rs5750211,79,247,-0.343159,2.21357e-06,False
rs5750211,79,248,-0.342223,3.44413e-06,False
rs5750211,79,249,-0.350635,2.84551e-06,False
rs5750211,79,250,-0.373224,9.19209e-07,False
rs5750211,79,251,-0.372218,1.38045e-06,False
rs5750211,80,6,-0.164603,0.000181815,False
rs5750211,80,7,-0.158371,0.000289627,False
rs5750211,80,8,-0.16642,0.000117758,False
rs5750211,80,9,-0.147942,0.000554675,False
rs5750211,80,10,-0.167627,8.0534e-05,False
rs5750211,80,11,-0.148765,0.000422077,False
rs5750211,80,12,-0.129781,0.00197523,False
rs5750211,80,13,-0.146135,0.000448459,False
rs5750211,80,14,-0.145727,0.00044766,False
rs5750211,80,15,-0.149137,0.000335832,False
rs5750211,80,16,-0.138472,0.00084833,False
rs5750211,80,17,-0.148929,0.000334241,False
rs5750211,80,18,-0.134644,0.00117426,False
rs5750211,80,19,-0.148989,0.000341787,False
rs5750211,80,20,-0.168778,5.06195e-05,False
rs5750211,80,21,-0.165934,6.64864e-05,False
rs5750211,80,22,-0.156017,0.00019523,False
rs5750211,80,23,-0.14797,0.000419675,False
rs5750211,80,24,-0.149959,0.000362866,False
rs5750211,80,25,-0.14837,0.000443582,False
rs5750211,80,26,-0.148734,0.000445066,False
rs5750211,80,27,-0.151384,0.000380706,False
rs5750211,80,28,-0.148318,0.000494604,False
rs5750211,80,29,-0.144472,0.000732785,False
rs5750211,80,30,-0.140126,0.00111825,False
rs5750211,80,31,-0.154215,0.000350459,False
rs5750211,80,32,-0.15762,0.00027463,False
rs5750211,80,33,-0.154671,0.000381018,False
rs5750211,80,34,-0.144508,0.000961509,False
rs5750211,80,35,-0.156561,0.000363191,False
rs5750211,80,36,-0.149653,0.000685384,False
rs5750211,80,37,-0.155846,0.000437615,False
rs5750211,80,38,-0.147584,0.000931119,False
rs5750211,80,39,-0.149452,0.000844569,False
rs5750211,80,40,-0.162058,0.000316347,False
rs5750211,80,41,-0.1588,0.000442734,False
rs5750211,80,42,-0.160456,0.000415306,False
rs5750211,80,43,-0.165726,0.00028408,False
rs5750211,80,44,-0.148642,0.00121632,False
rs5750211,80,45,-0.1567,0.000693012,False
rs5750211,80,46,-0.141834,0.00221901,False
rs5750211,80,47,-0.158634,0.000667132,False
rs5750211,80,48,-0.154369,0.00098537,False
rs5750211,80,49,-0.153763,0.00111359,False
rs5750211,80,50,-0.14701,0.00192681,False
rs5750211,80,51,-0.148257,0.00185376,False
rs5750211,80,52,-0.13986,0.00347403,False
rs5750211,80,53,-0.156103,0.00118371,False
rs5750211,80,54,-0.164178,0.000688505,False
rs5750211,80,55,-0.148541,0.00225017,False
rs5750211,80,56,-0.143324,0.00335543,False
rs5750211,80,57,-0.144893,0.00308622,False
rs5750211,80,58,-0.12972,0.00837081,False
rs5750211,80,59,-0.141851,0.00407026,False
rs5750211,80,60,-0.144749,0.00353462,False
rs5750211,80,61,-0.134161,0.00702539,False
rs5750211,80,62,-0.126315,0.0113518,False
rs5750211,80,63,-0.143072,0.00430473,False
rs5750211,80,64,-0.137631,0.00614902,False
rs5750211,80,65,-0.130087,0.00982933,False
rs5750211,80,66,-0.127057,0.0118208,False
rs5750211,80,67,-0.1346,0.00782752,False
rs5750211,80,68,-0.12629,0.0129362,False
rs5750211,80,69,-0.132212,0.00927809,False
rs5750211,80,70,-0.14723,0.00384844,False
rs5750211,80,71,-0.152263,0.00282718,False
rs5750211,80,72,-0.144559,0.00463223,False
rs5750211,80,73,-0.12721,0.0128355,False
rs5750211,80,74,-0.125531,0.014089,False
rs5750211,80,75,-0.128722,0.0118609,False
rs5750211,80,76,-0.121846,0.0173283,False
rs5750211,80,77,-0.124632,0.0149572,False
rs5750211,80,78,-0.118756,0.020143,False
rs5750211,80,79,-0.121143,0.0177189,False
rs5750211,80,80,-0.122573,0.0164959,False
rs5750211,80,81,-0.129313,0.0112996,False
rs5750211,80,82,-0.122179,0.0165761,False
rs5750211,80,83,-0.119866,0.0184876,False
rs5750211,80,84,-0.119282,0.0189229,False
rs5750211,80,85,-0.120132,0.0179668,False
rs5750211,80,86,-0.115144,0.0230312,False
rs5750211,80,87,-0.115674,0.0222795,False
rs5750211,80,88,-0.10754,0.0335066,False
rs5750211,80,89,-0.109908,0.0295791,False
rs5750211,80,90,-0.116852,0.0205038,False
rs5750211,80,91,-0.109013,0.0305073,False
rs5750211,80,92,-0.111702,0.0265024,False
rs5750211,80,93,-0.100483,0.0453206,False
rs5750211,80,94,-0.0931235,0.0630158,False
rs5750211,80,95,-0.101402,0.042673,False
rs5750211,80,96,-0.106441,0.0332929,False
rs5750211,80,97,-0.104289,0.036833,False
rs5750211,80,98,-0.0872739,0.0807508,False
rs5750211,80,99,-0.0851786,0.0878741,False
rs5750211,80,100,-0.0870444,0.0811414,False
rs5750211,80,101,-0.0960377,0.0545015,False
rs5750211,80,102,-0.0775074,0.121069,False
rs5750211,80,103,-0.0873906,0.0806886,False
rs5750211,80,104,-0.0898415,0.0731135,False
rs5750211,80,105,-0.08593,0.0873023,False
rs5750211,80,106,-0.0922444,0.0666005,False
rs5750211,80,107,-0.0948704,0.0602646,False
rs5750211,80,108,-0.0984717,0.0518334,False
rs5750211,80,109,-0.092758,0.0680722,False
rs5750211,80,110,-0.093931,0.0659015,False
rs5750211,80,111,-0.0778841,0.128578,False
rs5750211,80,112,-0.0800654,0.120031,False
rs5750211,80,113,-0.0869412,0.0930959,False
rs5750211,80,114,-0.108037,0.0379663,False
rs5750211,80,115,-0.108005,0.0390203,False
rs5750211,80,116,-0.100153,0.0569881,False
rs5750211,80,117,-0.0913872,0.0839896,False
rs5750211,80,118,-0.0929332,0.0805254,False
rs5750211,80,119,-0.0960085,0.0728426,False
rs5750211,80,120,-0.0887766,0.0991959,False
rs5750211,80,121,-0.0817919,0.130762,False
rs5750211,80,122,-0.0870824,0.10915,False
rs5750211,80,123,-0.0988778,0.0701043,False
rs5750211,80,124,-0.100527,0.0667709,False
rs5750211,80,125,-0.0787031,0.152546,False
rs5750211,80,126,-0.0811839,0.141583,False
rs5750211,80,127,-0.101166,0.0673385,False
rs5750211,80,128,-0.102165,0.0648846,False
rs5750211,80,129,-0.0987331,0.0743922,False
rs5750211,80,130,-0.0943666,0.0883229,False
rs5750211,80,131,-0.0848352,0.124804,False
rs5750211,80,132,-0.0911159,0.099118,False
rs5750211,80,133,-0.092409,0.0935077,False
rs5750211,80,134,-0.10125,0.0656641,False
rs5750211,80,135,-0.0951007,0.0829729,False
rs5750211,80,136,-0.0953336,0.081295,False
rs5750211,80,137,-0.102006,0.0609095,False
rs5750211,80,138,-0.0936675,0.083944,False
rs5750211,80,139,-0.0972287,0.0718529,False
rs5750211,80,140,-0.113237,0.0353727,False
rs5750211,80,141,-0.120148,0.0247096,False
rs5750211,80,142,-0.120732,0.0233351,False
rs5750211,80,143,-0.120721,0.0228016,False
rs5750211,80,144,-0.121618,0.0213873,False
rs5750211,80,145,-0.11667,0.0268792,False
rs5750211,80,146,-0.103827,0.0476941,False
rs5750211,80,147,-0.120589,0.0208457,False
rs5750211,80,148,-0.117614,0.0239061,False
rs5750211,80,149,-0.112151,0.0311941,False
rs5750211,80,150,-0.117387,0.0237397,False
rs5750211,80,151,-0.125946,0.0151392,False
rs5750211,80,152,-0.125657,0.0153141,False
rs5750211,80,153,-0.124011,0.0164874,False
rs5750211,80,154,-0.134384,0.00945435,False
rs5750211,80,155,-0.147099,0.00455664,False
rs5750211,80,156,-0.14987,0.00386463,False
rs5750211,80,157,-0.151034,0.00362159,False
rs5750211,80,158,-0.148687,0.00426165,False
rs5750211,80,159,-0.146146,0.00508687,False
rs5750211,80,160,-0.144159,0.00579227,False
rs5750211,80,161,-0.14501,0.00563695,False
rs5750211,80,162,-0.139121,0.00807,False
rs5750211,80,163,-0.141624,0.00720156,False
rs5750211,80,164,-0.151581,0.00417354,False
rs5750211,80,165,-0.145201,0.0062416,False
rs5750211,80,166,-0.155385,0.00349724,False
rs5750211,80,167,-0.169431,0.00147542,False
rs5750211,80,168,-0.176843,0.000939011,False
rs5750211,80,169,-0.182265,0.000697345,False
rs5750211,80,170,-0.174448,0.00119582,False
rs5750211,80,171,-0.190117,0.000427396,False
rs5750211,80,172,-0.181863,0.000792478,False
rs5750211,80,173,-0.197099,0.000292474,False
rs5750211,80,174,-0.190503,0.000481751,False
rs5750211,80,175,-0.187341,0.000619609,False
rs5750211,80,176,-0.201743,0.000234734,False
rs5750211,80,177,-0.182471,0.000906125,False
rs5750211,80,178,-0.189318,0.000592045,False
rs5750211,80,179,-0.193454,0.000465688,False
rs5750211,80,180,-0.199669,0.000312807,False
rs5750211,80,181,-0.203621,0.00024041,False
rs5750211,80,182,-0.186719,0.000766267,False
rs5750211,80,183,-0.215891,0.000104637,False
rs5750211,80,184,-0.217761,9.06835e-05,False
rs5750211,80,185,-0.210752,0.000151162,False
rs5750211,80,186,-0.215804,0.000106189,False
rs5750211,80,187,-0.22578,5.00901e-05,False
rs5750211,80,188,-0.237436,1.96817e-05,False
rs5750211,80,189,-0.242836,1.25578e-05,False
rs5750211,80,190,-0.233217,2.74189e-05,False
rs5750211,80,191,-0.221971,6.49949e-05,False
rs5750211,80,192,-0.227835,4.07173e-05,False
rs5750211,80,193,-0.243039,1.18834e-05,False
rs5750211,80,194,-0.230123,3.27376e-05,False
rs5750211,80,195,-0.225827,4.46636e-05,False
rs5750211,80,196,-0.238861,1.54224e-05,False
rs5750211,80,197,-0.234489,2.16186e-05,False
rs5750211,80,198,-0.246414,7.85789e-06,False
rs5750211,80,199,-0.231431,2.65473e-05,False
rs5750211,80,200,-0.251983,4.71521e-06,False
rs5750211,80,201,-0.261476,1.89044e-06,False
rs5750211,80,202,-0.263162,1.66588e-06,False
rs5750211,80,203,-0.258536,2.4518e-06,False
rs5750211,80,204,-0.248146,5.87748e-06,False
rs5750211,80,205,-0.251681,4.1322e-06,False
rs5750211,80,206,-0.261296,1.68233e-06,False
rs5750211,80,207,-0.26234,1.50541e-06,False
rs5750211,80,208,-0.27935,3.05019e-07,False
rs5750211,80,209,-0.267292,8.98009e-07,False
rs5750211,80,210,-0.253936,3.05048e-06,False
rs5750211,80,211,-0.260083,1.84158e-06,False
rs5750211,80,212,-0.251852,3.77053e-06,False
rs5750211,80,213,-0.266487,9.86447e-07,False
rs5750211,80,214,-0.267365,9.20504e-07,False
rs5750211,80,215,-0.265606,1.13621e-06,False
rs5750211,80,216,-0.264449,1.27795e-06,False
rs5750211,80,217,-0.26376,1.36598e-06,False
rs5750211,80,218,-0.271195,7.01607e-07,False
rs5750211,80,219,-0.266716,1.1452e-06,False
rs5750211,80,220,-0.26437,1.51847e-06,False
rs5750211,80,221,-0.266649,1.3213e-06,False
rs5750211,80,222,-0.276112,5.82548e-07,False
rs5750211,80,223,-0.266469,1.54184e-06,False
rs5750211,80,224,-0.269452,1.31376e-06,False
rs5750211,80,225,-0.270235,1.37335e-06,False
rs5750211,80,226,-0.280103,6.42805e-07,False
rs5750211,80,227,-0.292466,2.32948e-07,False
rs5750211,80,228,-0.284488,6.11366e-07,False
rs5750211,80,229,-0.293758,3.27973e-07,False
rs5750211,80,230,-0.302888,1.74256e-07,False
rs5750211,80,231,-0.305543,1.77669e-07,False
rs5750211,80,232,-0.326929,3.18209e-08,False
rs5750211,80,233,-0.321415,7.42038e-08,False
rs5750211,80,234,-0.308808,3.0717e-07,False
rs5750211,80,235,-0.294554,1.40538e-06,False
rs5750211,80,236,-0.319459,2.44648e-07,False
rs5750211,80,237,-0.32053,3.19289e-07,False
rs5750211,80,238,-0.305896,1.50637e-06,False
rs5750211,80,239,-0.315816,9.63409e-07,False
rs5750211,80,240,-0.3086,2.35471e-06,False
rs5750211,80,241,-0.312289,2.53757e-06,False
rs5750211,80,242,-0.317479,2.44424e-06,False
rs5750211,80,243,-0.321488,2.59611e-06,False
rs5750211,80,244,-0.320233,4.13082e-06,False
rs5750211,80,245,-0.327109,3.72486e-06,False
rs5750211,80,246,-0.314233,1.21401e-05,False
rs5750211,80,247,-0.327994,7.10949e-06,False
rs5750211,80,248,-0.322103,1.40921e-05,False
rs5750211,80,249,-0.319924,2.19579e-05,False
rs5750211,80,250,-0.325082,2.14314e-05,False
rs5750211,80,251,-0.336724,1.39907e-05,False
rs5750211,81,6,-0.112017,0.0108495,False
rs5750211,81,7,-0.123647,0.00456941,False
rs5750211,81,8,-0.12138,0.00509593,False
rs5750211,81,9,-0.132462,0.0020853,False
rs5750211,81,10,-0.122894,0.00400164,False
rs5750211,81,11,-0.113692,0.00739677,False
rs5750211,81,12,-0.116464,0.00592152,False
rs5750211,81,13,-0.113982,0.00673777,False
rs5750211,81,14,-0.120301,0.00409906,False
rs5750211,81,15,-0.139306,0.000849358,False
rs5750211,81,16,-0.115867,0.00553645,False
rs5750211,81,17,-0.129188,0.00194797,False
rs5750211,81,18,-0.135355,0.00118205,False
rs5750211,81,19,-0.134272,0.00131233,False
rs5750211,81,20,-0.127541,0.00230885,False
rs5750211,81,21,-0.139899,0.000837941,False
rs5750211,81,22,-0.143331,0.000655422,False
rs5750211,81,23,-0.143529,0.00066135,False
rs5750211,81,24,-0.150637,0.000371079,False
rs5750211,81,25,-0.150222,0.000379779,False
rs5750211,81,26,-0.167962,7.61902e-05,False
rs5750211,81,27,-0.148487,0.00048568,False
rs5750211,81,28,-0.158441,0.000205066,False
rs5750211,81,29,-0.167394,9.2276e-05,False
rs5750211,81,30,-0.152218,0.000400105,False
rs5750211,81,31,-0.153611,0.000365701,False
rs5750211,81,32,-0.138277,0.00139564,False
rs5750211,81,33,-0.152485,0.000455733,False
rs5750211,81,34,-0.157609,0.000308554,False
rs5750211,81,35,-0.160786,0.000250047,False
rs5750211,81,36,-0.154978,0.000439953,False
rs5750211,81,37,-0.154027,0.000503348,False
rs5750211,81,38,-0.151199,0.000669682,False
rs5750211,81,39,-0.149287,0.000825341,False
rs5750211,81,40,-0.156333,0.000491201,False
rs5750211,81,41,-0.142508,0.00157007,False
rs5750211,81,42,-0.141589,0.001769,False
rs5750211,81,43,-0.161675,0.000385418,False
rs5750211,81,44,-0.142131,0.00191809,False
rs5750211,81,45,-0.142183,0.0020405,False
rs5750211,81,46,-0.144596,0.00179376,False
rs5750211,81,47,-0.150045,0.0012742,False
rs5750211,81,48,-0.139507,0.00286553,False
rs5750211,81,49,-0.141456,0.00261939,False
rs5750211,81,50,-0.135395,0.00416625,False
rs5750211,81,51,-0.148246,0.00180607,False
rs5750211,81,52,-0.125729,0.00846647,False
rs5750211,81,53,-0.136153,0.0044431,False
rs5750211,81,54,-0.151297,0.00167458,False
rs5750211,81,55,-0.139953,0.00381596,False
rs5750211,81,56,-0.158462,0.00110509,False
rs5750211,81,57,-0.137521,0.00486834,False
rs5750211,81,58,-0.150304,0.00218346,False
rs5750211,81,59,-0.16328,0.000915205,False
rs5750211,81,60,-0.153394,0.00193212,False
rs5750211,81,61,-0.153863,0.00197557,False
rs5750211,81,62,-0.145163,0.00358996,False
rs5750211,81,63,-0.149145,0.00289524,False
rs5750211,81,64,-0.145575,0.00375685,False
rs5750211,81,65,-0.154031,0.00223164,False
rs5750211,81,66,-0.136278,0.00703913,False
rs5750211,81,67,-0.146333,0.00385478,False
rs5750211,81,68,-0.139695,0.00604797,False
rs5750211,81,69,-0.135787,0.00773689,False
rs5750211,81,70,-0.141617,0.00554788,False
rs5750211,81,71,-0.136726,0.00756948,False
rs5750211,81,72,-0.151079,0.00323903,False
rs5750211,81,73,-0.143735,0.00518291,False
rs5750211,81,74,-0.137634,0.00744542,False
rs5750211,81,75,-0.128285,0.0126838,False
rs5750211,81,76,-0.143795,0.00528044,False
rs5750211,81,77,-0.150993,0.00345203,False
rs5750211,81,78,-0.132819,0.0100232,False
rs5750211,81,79,-0.123929,0.0161154,False
rs5750211,81,80,-0.120303,0.0193764,False
rs5750211,81,81,-0.13422,0.00913691,False
rs5750211,81,82,-0.144849,0.00490179,False
rs5750211,81,83,-0.135236,0.00847956,False
rs5750211,81,84,-0.127695,0.0127304,False
rs5750211,81,85,-0.109429,0.0327532,False
rs5750211,81,86,-0.119413,0.0196133,False
rs5750211,81,87,-0.107482,0.0353329,False
rs5750211,81,88,-0.0986283,0.0531423,False
rs5750211,81,89,-0.0964169,0.058195,False
rs5750211,81,90,-0.106282,0.0362055,False
rs5750211,81,91,-0.102743,0.0428031,False
rs5750211,81,92,-0.0879361,0.0826933,False
rs5750211,81,93,-0.106666,0.0347703,False
rs5750211,81,94,-0.113152,0.0252813,False
rs5750211,81,95,-0.119331,0.0181668,False
rs5750211,81,96,-0.0967854,0.0549914,False
rs5750211,81,97,-0.0931576,0.0646099,False
rs5750211,81,98,-0.0901539,0.0729105,False
rs5750211,81,99,-0.106999,0.0335012,False
rs5750211,81,100,-0.0946844,0.0595946,False
rs5750211,81,101,-0.097644,0.0520205,False
rs5750211,81,102,-0.111393,0.0265942,False
rs5750211,81,103,-0.116228,0.0209689,False
rs5750211,81,104,-0.114338,0.0231427,False
rs5750211,81,105,-0.100234,0.0469018,False
rs5750211,81,106,-0.0932515,0.0651022,False
rs5750211,81,107,-0.099076,0.0500348,False
rs5750211,81,108,-0.105843,0.0369837,False
rs5750211,81,109,-0.102736,0.0435822,False
rs5750211,81,110,-0.112501,0.0275745,False
rs5750211,81,111,-0.102682,0.0449111,False
rs5750211,81,112,-0.0903292,0.0790541,False
rs5750211,81,113,-0.0927826,0.0724382,False
rs5750211,81,114,-0.0940273,0.0697634,False
rs5750211,81,115,-0.0964444,0.0637916,False
rs5750211,81,116,-0.0971443,0.0631221,False
rs5750211,81,117,-0.0890222,0.0905306,False
rs5750211,81,118,-0.0926474,0.0795297,False
rs5750211,81,119,-0.0872998,0.100532,False
rs5750211,81,120,-0.0930177,0.0810318,False
rs5750211,81,121,-0.0960358,0.0729624,False
rs5750211,81,122,-0.0959152,0.0742411,False
rs5750211,81,123,-0.109396,0.0428021,False
rs5750211,81,124,-0.103986,0.0551605,False
rs5750211,81,125,-0.0938895,0.0840191,False
rs5750211,81,126,-0.088825,0.10294,False
rs5750211,81,127,-0.106493,0.0511324,False
rs5750211,81,128,-0.0996404,0.0681879,False
rs5750211,81,129,-0.100075,0.067213,False
rs5750211,81,130,-0.109925,0.0442778,False
rs5750211,81,131,-0.107047,0.0500566,False
rs5750211,81,132,-0.115566,0.0340391,False
rs5750211,81,133,-0.108229,0.0466373,False
rs5750211,81,134,-0.119751,0.0274524,False
rs5750211,81,135,-0.124932,0.0210693,False
rs5750211,81,136,-0.123072,0.0227972,False
rs5750211,81,137,-0.108461,0.0436858,False
rs5750211,81,138,-0.11233,0.0361188,False
rs5750211,81,139,-0.127577,0.0169441,False
rs5750211,81,140,-0.125018,0.0188492,False
rs5750211,81,141,-0.128143,0.0156588,False
rs5750211,81,142,-0.132213,0.012376,False
rs5750211,81,143,-0.134632,0.0106416,False
rs5750211,81,144,-0.136354,0.00951626,False
rs5750211,81,145,-0.127795,0.0147904,False
rs5750211,81,146,-0.114634,0.0282113,False
rs5750211,81,147,-0.121507,0.0199528,False
rs5750211,81,148,-0.147435,0.00464691,False
rs5750211,81,149,-0.147989,0.00447252,False
rs5750211,81,150,-0.149373,0.0040431,False
rs5750211,81,151,-0.149259,0.00403835,False
rs5750211,81,152,-0.151603,0.00350172,False
rs5750211,81,153,-0.152255,0.00336473,False
rs5750211,81,154,-0.145617,0.00504754,False
rs5750211,81,155,-0.160623,0.00202072,False
rs5750211,81,156,-0.15227,0.00349537,False
rs5750211,81,157,-0.135705,0.00936785,False
rs5750211,81,158,-0.132982,0.0111056,False
rs5750211,81,159,-0.137129,0.00902891,False
rs5750211,81,160,-0.14815,0.00489801,False
rs5750211,81,161,-0.159028,0.00257787,False
rs5750211,81,162,-0.156347,0.00312758,False
rs5750211,81,163,-0.157155,0.00309182,False
rs5750211,81,164,-0.182121,0.000632028,False
rs5750211,81,165,-0.174814,0.00107459,False
rs5750211,81,166,-0.171468,0.0013996,False
rs5750211,81,167,-0.168338,0.00174943,False
rs5750211,81,168,-0.184157,0.000643237,False
rs5750211,81,169,-0.190853,0.000420831,False
rs5750211,81,170,-0.183635,0.000737526,False
rs5750211,81,171,-0.179374,0.00100459,False
rs5750211,81,172,-0.183772,0.000781437,False
rs5750211,81,173,-0.186316,0.000685292,False
rs5750211,81,174,-0.18062,0.00103038,False
rs5750211,81,175,-0.198854,0.000310066,False
rs5750211,81,176,-0.198154,0.000334593,False
rs5750211,81,177,-0.190403,0.000585845,False
rs5750211,81,178,-0.189419,0.000639522,False
rs5750211,81,179,-0.209721,0.000161935,False
rs5750211,81,180,-0.203134,0.000262585,False
rs5750211,81,181,-0.2025,0.000280181,False
rs5750211,81,182,-0.196071,0.000437924,False
rs5750211,81,183,-0.198181,0.000382424,False
rs5750211,81,184,-0.208955,0.000182281,False
rs5750211,81,185,-0.200475,0.000330345,False
rs5750211,81,186,-0.187257,0.000807026,False
rs5750211,81,187,-0.193957,0.000519128,False
rs5750211,81,188,-0.217605,9.84837e-05,False
rs5750211,81,189,-0.206619,0.000215009,False
rs5750211,81,190,-0.210513,0.000160116,False
rs5750211,81,191,-0.215776,0.000105669,False
rs5750211,81,192,-0.220172,7.65788e-05,False
rs5750211,81,193,-0.217361,9.11968e-05,False
rs5750211,81,194,-0.248404,7.71354e-06,False
rs5750211,81,195,-0.254817,4.2802e-06,False
rs5750211,81,196,-0.249266,6.68608e-06,False
rs5750211,81,197,-0.235862,1.96621e-05,False
rs5750211,81,198,-0.234416,2.14003e-05,False
rs5750211,81,199,-0.24672,7.47983e-06,False
rs5750211,81,200,-0.250014,5.56212e-06,False
rs5750211,81,201,-0.240222,1.21399e-05,False
rs5750211,81,202,-0.227236,3.3712e-05,False
rs5750211,81,203,-0.231656,2.3331e-05,False
rs5750211,81,204,-0.238752,1.269e-05,False
rs5750211,81,205,-0.251703,4.06705e-06,False
rs5750211,81,206,-0.246172,6.49456e-06,False
rs5750211,81,207,-0.23574,1.52129e-05,False
rs5750211,81,208,-0.247461,5.48204e-06,False
rs5750211,81,209,-0.258768,1.99052e-06,False
rs5750211,81,210,-0.246586,5.71049e-06,False
rs5750211,81,211,-0.243841,7.29863e-06,False
rs5750211,81,212,-0.255768,2.53996e-06,False
rs5750211,81,213,-0.250074,4.24655e-06,False
rs5750211,81,214,-0.254136,2.99947e-06,False
rs5750211,81,215,-0.252558,3.52377e-06,False
rs5750211,81,216,-0.255111,2.76841e-06,False
rs5750211,81,217,-0.261687,1.64765e-06,False
rs5750211,81,218,-0.26912,8.99291e-07,False
rs5750211,81,219,-0.279684,3.40501e-07,False
rs5750211,81,220,-0.27266,7.26089e-07,False
rs5750211,81,221,-0.275385,5.95901e-07,False
rs5750211,81,222,-0.265648,1.63207e-06,False
rs5750211,81,223,-0.258348,3.45575e-06,False
rs5750211,81,224,-0.274879,8.91778e-07,False
rs5750211,81,225,-0.27506,1.00188e-06,False
rs5750211,81,226,-0.273861,1.25618e-06,False
rs5750211,81,227,-0.278149,1.01302e-06,False
rs5750211,81,228,-0.296181,2.38765e-07,False
rs5750211,81,229,-0.293969,3.71733e-07,False
rs5750211,81,230,-0.30229,2.1178e-07,False
rs5750211,81,231,-0.306234,1.95921e-07,False
rs5750211,81,232,-0.307271,2.32309e-07,False
rs5750211,81,233,-0.306109,3.51027e-07,False
rs5750211,81,234,-0.322684,1.10654e-07,False
rs5750211,81,235,-0.321769,1.65212e-07,False
rs5750211,81,236,-0.326789,1.542e-07,False
rs5750211,81,237,-0.325449,2.64942e-07,False
rs5750211,81,238,-0.344298,7.82243e-08,False
rs5750211,81,239,-0.347201,9.1266e-08,False
rs5750211,81,240,-0.350473,1.05053e-07,False
rs5750211,81,241,-0.343465,2.79883e-07,False
rs5750211,81,242,-0.346248,3.41299e-07,False
rs5750211,81,243,-0.347741,4.59329e-07,False
rs5750211,81,244,-0.349867,6.02159e-07,False
rs5750211,81,245,-0.351643,7.92297e-07,False
rs5750211,81,246,-0.36012,6.40491e-07,False
rs5750211,81,247,-0.360912,9.09426e-07,False
rs5750211,81,248,-0.35174,2.51914e-06,False
rs5750211,81,249,-0.363597,1.60491e-06,False
rs5750211,81,250,-0.365127,2.04203e-06,False
rs5750211,81,251,-0.360002,3.68916e-06,False
rs5750211,82,6,-0.159433,0.00028283,False
rs5750211,82,7,-0.168283,0.000111287,False
rs5750211,82,8,-0.168233,9.45965e-05,False
rs5750211,82,9,-0.164509,0.000115785,False
rs5750211,82,10,-0.145128,0.000614893,False
rs5750211,82,11,-0.145154,0.000556544,False
rs5750211,82,12,-0.147686,0.000412419,False
rs5750211,82,13,-0.135631,0.00113802,False
rs5750211,82,14,-0.121668,0.00336452,False
rs5750211,82,15,-0.144113,0.000514927,False
rs5750211,82,16,-0.148211,0.000349671,False
rs5750211,82,17,-0.13455,0.00115601,False
rs5750211,82,18,-0.140245,0.000704994,False
rs5750211,82,19,-0.142708,0.000585354,False
rs5750211,82,20,-0.148106,0.0003716,False
rs5750211,82,21,-0.13877,0.000866126,False
rs5750211,82,22,-0.139888,0.000824513,False
rs5750211,82,23,-0.149665,0.000358177,False
rs5750211,82,24,-0.151781,0.000302371,False
rs5750211,82,25,-0.142113,0.000733454,False
rs5750211,82,26,-0.148149,0.000448466,False
rs5750211,82,27,-0.152973,0.00030701,False
rs5750211,82,28,-0.150107,0.000406901,False
rs5750211,82,29,-0.136408,0.00137655,False
rs5750211,82,30,-0.133784,0.00178584,False
rs5750211,82,31,-0.147426,0.000596118,False
rs5750211,82,32,-0.151842,0.000421416,False
rs5750211,82,33,-0.151443,0.00046184,False
rs5750211,82,34,-0.147758,0.000678738,False
rs5750211,82,35,-0.145743,0.000835474,False
rs5750211,82,36,-0.147952,0.000749697,False
rs5750211,82,37,-0.152465,0.000544184,False
rs5750211,82,38,-0.145695,0.00100601,False
rs5750211,82,39,-0.142482,0.00130559,False
rs5750211,82,40,-0.14114,0.00155691,False
rs5750211,82,41,-0.144076,0.00133602,False
rs5750211,82,42,-0.147353,0.00108068,False
rs5750211,82,43,-0.14841,0.00104901,False
rs5750211,82,44,-0.143549,0.00161395,False
rs5750211,82,45,-0.147709,0.00124807,False
rs5750211,82,46,-0.142175,0.00196412,False
rs5750211,82,47,-0.144903,0.00171635,False
rs5750211,82,48,-0.138155,0.00294801,False
rs5750211,82,49,-0.14198,0.00241026,False
rs5750211,82,50,-0.140791,0.00273189,False
rs5750211,82,51,-0.134081,0.00451266,False
rs5750211,82,52,-0.150512,0.00152295,False
rs5750211,82,53,-0.144285,0.00252771,False
rs5750211,82,54,-0.154727,0.0012511,False
rs5750211,82,55,-0.150689,0.00175233,False
rs5750211,82,56,-0.14768,0.00233961,False
rs5750211,82,57,-0.137318,0.00482089,False
rs5750211,82,58,-0.155054,0.00151767,False
rs5750211,82,59,-0.16278,0.000924498,False
rs5750211,82,60,-0.156306,0.00154202,False
rs5750211,82,61,-0.139291,0.00488432,False
rs5750211,82,62,-0.151698,0.00227578,False
rs5750211,82,63,-0.166176,0.000860339,False
rs5750211,82,64,-0.163272,0.0011229,False
rs5750211,82,65,-0.163279,0.00117016,False
rs5750211,82,66,-0.137972,0.00625113,False
rs5750211,82,67,-0.15382,0.00239338,False
rs5750211,82,68,-0.161883,0.00143181,False
rs5750211,82,69,-0.159597,0.00171531,False
rs5750211,82,70,-0.150862,0.00312505,False
rs5750211,82,71,-0.163423,0.00139589,False
rs5750211,82,72,-0.162254,0.00157147,False
rs5750211,82,73,-0.153203,0.00288387,False
rs5750211,82,74,-0.143454,0.00533639,False
rs5750211,82,75,-0.156376,0.00242716,False
rs5750211,82,76,-0.140797,0.00639634,False
rs5750211,82,77,-0.131776,0.0108159,False
rs5750211,82,78,-0.132475,0.0104486,False
rs5750211,82,79,-0.139539,0.0070187,False
rs5750211,82,80,-0.139022,0.00717248,False
rs5750211,82,81,-0.133591,0.0097178,False
rs5750211,82,82,-0.131834,0.010856,False
rs5750211,82,83,-0.112926,0.0287788,False
rs5750211,82,84,-0.126706,0.0140225,False
rs5750211,82,85,-0.130184,0.0114574,False
rs5750211,82,86,-0.119232,0.0202713,False
rs5750211,82,87,-0.119381,0.0199421,False
rs5750211,82,88,-0.126469,0.0136634,False
rs5750211,82,89,-0.113496,0.0264469,False
rs5750211,82,90,-0.1097,0.0320426,False
rs5750211,82,91,-0.102352,0.0453804,False
rs5750211,82,92,-0.109367,0.0321715,False
rs5750211,82,93,-0.108617,0.0331942,False
rs5750211,82,94,-0.0982328,0.0534926,False
rs5750211,82,95,-0.0941016,0.0638913,False
rs5750211,82,96,-0.105799,0.0370418,False
rs5750211,82,97,-0.101787,0.0445577,False
rs5750211,82,98,-0.11519,0.0230399,False
rs5750211,82,99,-0.10942,0.0307226,False
rs5750211,82,100,-0.0970941,0.0551116,False
rs5750211,82,101,-0.0976399,0.0534022,False
rs5750211,82,102,-0.0996217,0.0486869,False
rs5750211,82,103,-0.10339,0.0408319,False
rs5750211,82,104,-0.103788,0.0401542,False
rs5750211,82,105,-0.111542,0.027539,False
rs5750211,82,106,-0.114106,0.0242406,False
rs5750211,82,107,-0.107561,0.0339412,False
rs5750211,82,108,-0.0946349,0.0626623,False
rs5750211,82,109,-0.100671,0.0481053,False
rs5750211,82,110,-0.0872095,0.0873006,False
rs5750211,82,111,-0.100622,0.0495534,False
rs5750211,82,112,-0.104254,0.0425889,False
rs5750211,82,113,-0.107016,0.0382068,False
rs5750211,82,114,-0.112769,0.0293591,False
rs5750211,82,115,-0.112877,0.0297231,False
rs5750211,82,116,-0.111568,0.0322449,False
rs5750211,82,117,-0.113909,0.0295049,False
rs5750211,82,118,-0.110419,0.0355992,False
rs5750211,82,119,-0.108338,0.0399008,False
rs5750211,82,120,-0.106516,0.044236,False
rs5750211,82,121,-0.123299,0.0203481,False
rs5750211,82,122,-0.111957,0.0360362,False
rs5750211,82,123,-0.10149,0.0579144,False
rs5750211,82,124,-0.107274,0.0456677,False
rs5750211,82,125,-0.12308,0.0221962,False
rs5750211,82,126,-0.121117,0.0247499,False
rs5750211,82,127,-0.112858,0.0364165,False
rs5750211,82,128,-0.108372,0.0447914,False
rs5750211,82,129,-0.123579,0.0223245,False
rs5750211,82,130,-0.122436,0.0236378,False
rs5750211,82,131,-0.119372,0.0272765,False
rs5750211,82,132,-0.132909,0.0137894,False
rs5750211,82,133,-0.134556,0.0126143,False
rs5750211,82,134,-0.134478,0.0124747,False
rs5750211,82,135,-0.117538,0.0284858,False
rs5750211,82,136,-0.11067,0.0385789,False
rs5750211,82,137,-0.114519,0.0318357,False
rs5750211,82,138,-0.130286,0.0143962,False
rs5750211,82,139,-0.121345,0.0223757,False
rs5750211,82,140,-0.11886,0.0248914,False
rs5750211,82,141,-0.123546,0.0195432,False
rs5750211,82,142,-0.120081,0.0227357,False
rs5750211,82,143,-0.116773,0.0263321,False
rs5750211,82,144,-0.124413,0.0177308,False
rs5750211,82,145,-0.135695,0.00957254,False
rs5750211,82,146,-0.149492,0.00428879,False
rs5750211,82,147,-0.145833,0.00529283,False
rs5750211,82,148,-0.145435,0.00534482,False
rs5750211,82,149,-0.142264,0.00642652,False
rs5750211,82,150,-0.144107,0.00573134,False
rs5750211,82,151,-0.148852,0.00438293,False
rs5750211,82,152,-0.168758,0.00124849,False
rs5750211,82,153,-0.149837,0.00420751,False
rs5750211,82,154,-0.150705,0.00405442,False
rs5750211,82,155,-0.142804,0.00651383,False
rs5750211,82,156,-0.167196,0.00144838,False
rs5750211,82,157,-0.161037,0.00224988,False
rs5750211,82,158,-0.170083,0.00128016,False
rs5750211,82,159,-0.161962,0.00219975,False
rs5750211,82,160,-0.163958,0.00200496,False
rs5750211,82,161,-0.167776,0.00163347,False
rs5750211,82,162,-0.172787,0.00121262,False
rs5750211,82,163,-0.176548,0.000981091,False
rs5750211,82,164,-0.188582,0.000449792,False
rs5750211,82,165,-0.190256,0.000417741,False
rs5750211,82,166,-0.179061,0.000937865,False
rs5750211,82,167,-0.181225,0.000844065,False
rs5750211,82,168,-0.175291,0.00128636,False
rs5750211,82,169,-0.181556,0.000893644,False
rs5750211,82,170,-0.165626,0.00250828,False
rs5750211,82,171,-0.192235,0.000460487,False
rs5750211,82,172,-0.187344,0.000667757,False
rs5750211,82,173,-0.189793,0.000581901,False
rs5750211,82,174,-0.185912,0.000775554,False
rs5750211,82,175,-0.187374,0.000725265,False
rs5750211,82,176,-0.173726,0.00177462,False
rs5750211,82,177,-0.185899,0.000850562,False
rs5750211,82,178,-0.172818,0.00192365,False
rs5750211,82,179,-0.189105,0.000713371,False
rs5750211,82,180,-0.196547,0.000442803,False
rs5750211,82,181,-0.192312,0.000595775,False
rs5750211,82,182,-0.186792,0.000864622,False
rs5750211,82,183,-0.175013,0.00181495,False
rs5750211,82,184,-0.182278,0.00115907,False
rs5750211,82,185,-0.206176,0.000235217,False
rs5750211,82,186,-0.185951,0.000915706,False
rs5750211,82,187,-0.205247,0.000250553,False
rs5750211,82,188,-0.21552,0.000119029,False
rs5750211,82,189,-0.225458,5.709e-05,False
rs5750211,82,190,-0.234922,2.62041e-05,False
rs5750211,82,191,-0.2361,2.35346e-05,False
rs5750211,82,192,-0.225691,5.1893e-05,False
rs5750211,82,193,-0.230774,3.38678e-05,False
rs5750211,82,194,-0.237505,1.97005e-05,False
rs5750211,82,195,-0.22696,4.35009e-05,False
rs5750211,82,196,-0.241791,1.27605e-05,False
rs5750211,82,197,-0.241033,1.33289e-05,False
rs5750211,82,198,-0.244752,9.32322e-06,False
rs5750211,82,199,-0.228868,3.31509e-05,False
rs5750211,82,200,-0.236168,1.74557e-05,False
rs5750211,82,201,-0.240986,1.18019e-05,False
rs5750211,82,202,-0.236942,1.58975e-05,False
rs5750211,82,203,-0.258755,2.31067e-06,False
rs5750211,82,204,-0.265088,1.25935e-06,False
rs5750211,82,205,-0.263891,1.36897e-06,False
rs5750211,82,206,-0.268256,8.99958e-07,False
rs5750211,82,207,-0.25992,1.87994e-06,False
rs5750211,82,208,-0.262238,1.45033e-06,False
rs5750211,82,209,-0.270772,6.45861e-07,False
rs5750211,82,210,-0.248347,5.06002e-06,False
rs5750211,82,211,-0.262636,1.41044e-06,False
rs5750211,82,212,-0.26271,1.37762e-06,False
rs5750211,82,213,-0.259724,1.84442e-06,False
rs5750211,82,214,-0.275873,4.09633e-07,False
rs5750211,82,215,-0.273352,5.42235e-07,False
rs5750211,82,216,-0.263588,1.40486e-06,False
rs5750211,82,217,-0.273008,6.23562e-07,False
rs5750211,82,218,-0.273103,6.49106e-07,False
rs5750211,82,219,-0.276512,4.88953e-07,False
rs5750211,82,220,-0.273494,7.14381e-07,False
rs5750211,82,221,-0.281825,3.59082e-07,False
rs5750211,82,222,-0.289886,1.82045e-07,False
rs5750211,82,223,-0.284358,3.61259e-07,False
rs5750211,82,224,-0.281551,5.50089e-07,False
rs5750211,82,225,-0.278043,8.8439e-07,False
rs5750211,82,226,-0.280578,8.48605e-07,False
rs5750211,82,227,-0.300872,1.57602e-07,False
rs5750211,82,228,-0.288604,6.24665e-07,False
rs5750211,82,229,-0.30084,2.52445e-07,False
rs5750211,82,230,-0.307252,1.74356e-07,False
rs5750211,82,231,-0.287374,1.34442e-06,False
rs5750211,82,232,-0.306529,3.4467e-07,False
rs5750211,82,233,-0.312302,2.80978e-07,False
rs5750211,82,234,-0.311629,3.98383e-07,False
rs5750211,82,235,-0.316168,3.82004e-07,False
rs5750211,82,236,-0.316963,4.84578e-07,False
rs5750211,82,237,-0.31916,5.73942e-07,False
rs5750211,82,238,-0.31624,1.02099e-06,False
rs5750211,82,239,-0.327633,6.12673e-07,False
rs5750211,82,240,-0.338834,3.5882e-07,False
rs5750211,82,241,-0.313533,3.37049e-06,False
rs5750211,82,242,-0.307831,7.15935e-06,False
rs5750211,82,243,-0.314407,6.26741e-06,False
rs5750211,82,244,-0.316206,7.69516e-06,False
rs5750211,82,245,-0.32662,5.48613e-06,False
rs5750211,82,246,-0.307659,2.4299e-05,False
rs5750211,82,247,-0.320185,1.56503e-05,False
rs5750211,82,248,-0.3365,7.77412e-06,False
rs5750211,82,249,-0.324744,2.03289e-05,False
rs5750211,82,250,-0.333569,1.6e-05,False
rs5750211,82,251,-0.344032,1.12608e-05,False
rs5750211,83,6,-0.142702,0.00106967,False
rs5750211,83,7,-0.143692,0.000885188,False
rs5750211,83,8,-0.135464,0.00157838,False
rs5750211,83,9,-0.124621,0.00335099,False
rs5750211,83,10,-0.131234,0.0018255,False
rs5750211,83,11,-0.134553,0.00132203,False
rs5750211,83,12,-0.141887,0.000659578,False
rs5750211,83,13,-0.137492,0.000894395,False
rs5750211,83,14,-0.140225,0.000690799,False
rs5750211,83,15,-0.139713,0.000722794,False
rs5750211,83,16,-0.145822,0.000409464,False
rs5750211,83,17,-0.13784,0.000812364,False
rs5750211,83,18,-0.147273,0.00035785,False
rs5750211,83,19,-0.131254,0.00145641,False
rs5750211,83,20,-0.143172,0.000539709,False
rs5750211,83,21,-0.150883,0.00027371,False
rs5750211,83,22,-0.1397,0.000770283,False
rs5750211,83,23,-0.142454,0.000624874,False
rs5750211,83,24,-0.14068,0.000757171,False
rs5750211,83,25,-0.129078,0.00205557,False
rs5750211,83,26,-0.121793,0.00378551,False
rs5750211,83,27,-0.133802,0.00149641,False
rs5750211,83,28,-0.137205,0.00115116,False
rs5750211,83,29,-0.128973,0.00234384,False
rs5750211,83,30,-0.138437,0.00113697,False
rs5750211,83,31,-0.143323,0.000813276,False
rs5750211,83,32,-0.136063,0.00154968,False
rs5750211,83,33,-0.115663,0.00731841,False
rs5750211,83,34,-0.129768,0.00271846,False
rs5750211,83,35,-0.121302,0.00521516,False
rs5750211,83,36,-0.113973,0.00908143,False
rs5750211,83,37,-0.125517,0.00416429,False
rs5750211,83,38,-0.117829,0.00750495,False
rs5750211,83,39,-0.121171,0.00622958,False
rs5750211,83,40,-0.132821,0.00275399,False
rs5750211,83,41,-0.124622,0.00525679,False
rs5750211,83,42,-0.123789,0.00580457,False
rs5750211,83,43,-0.130261,0.00388971,False
rs5750211,83,44,-0.126073,0.00543115,False
rs5750211,83,45,-0.116543,0.0106445,False
rs5750211,83,46,-0.122485,0.00754754,False
rs5750211,83,47,-0.143156,0.00188536,False
rs5750211,83,48,-0.134672,0.00369002,False
rs5750211,83,49,-0.144097,0.00200635,False
rs5750211,83,50,-0.129822,0.00553905,False
rs5750211,83,51,-0.130335,0.00566955,False
rs5750211,83,52,-0.119266,0.0119194,False
rs5750211,83,53,-0.132635,0.00538026,False
rs5750211,83,54,-0.138042,0.00398986,False
rs5750211,83,55,-0.136841,0.00448391,False
rs5750211,83,56,-0.131506,0.00647293,False
rs5750211,83,57,-0.141459,0.00362513,False
rs5750211,83,58,-0.159269,0.00110714,False
rs5750211,83,59,-0.141751,0.00380666,False
rs5750211,83,60,-0.144094,0.00343305,False
rs5750211,83,61,-0.14661,0.00302713,False
rs5750211,83,62,-0.140523,0.00461732,False
rs5750211,83,63,-0.150732,0.0024999,False
rs5750211,83,64,-0.15747,0.00166609,False
rs5750211,83,65,-0.155473,0.00198349,False
rs5750211,83,66,-0.154344,0.00220843,False
rs5750211,83,67,-0.142194,0.00493006,False
rs5750211,83,68,-0.133826,0.00836583,False
rs5750211,83,69,-0.12879,0.0114963,False
rs5750211,83,70,-0.136946,0.00736552,False
rs5750211,83,71,-0.150743,0.00326132,False
rs5750211,83,72,-0.14523,0.00473272,False
rs5750211,83,73,-0.125879,0.0145621,False
rs5750211,83,74,-0.113187,0.0282478,False
rs5750211,83,75,-0.111592,0.0309673,False
rs5750211,83,76,-0.127545,0.0137975,False
rs5750211,83,77,-0.127572,0.0138293,False
rs5750211,83,78,-0.104006,0.0450787,False
rs5750211,83,79,-0.12246,0.0183659,False
rs5750211,83,80,-0.111775,0.0316337,False
rs5750211,83,81,-0.116777,0.0246556,False
rs5750211,83,82,-0.127123,0.014387,False
rs5750211,83,83,-0.125509,0.0157145,False
rs5750211,83,84,-0.116171,0.0253667,False
rs5750211,83,85,-0.118378,0.0225781,False
rs5750211,83,86,-0.121555,0.0191185,False
rs5750211,83,87,-0.120574,0.0198379,False
rs5750211,83,88,-0.119366,0.0210941,False
rs5750211,83,89,-0.127941,0.0132655,False
rs5750211,83,90,-0.121627,0.0184155,False
rs5750211,83,91,-0.111274,0.0307265,False
rs5750211,83,92,-0.0938264,0.0679536,False
rs5750211,83,93,-0.0943486,0.0664473,False
rs5750211,83,94,-0.110385,0.0315758,False
rs5750211,83,95,-0.121272,0.0182701,False
rs5750211,83,96,-0.112594,0.0278951,False
rs5750211,83,97,-0.106015,0.0378347,False
rs5750211,83,98,-0.118279,0.0204983,False
rs5750211,83,99,-0.115224,0.023785,False
rs5750211,83,100,-0.101275,0.0467825,False
rs5750211,83,101,-0.100809,0.047673,False
rs5750211,83,102,-0.10434,0.0403498,False
rs5750211,83,103,-0.105518,0.0381963,False
rs5750211,83,104,-0.0925028,0.0691049,False
rs5750211,83,105,-0.106873,0.035802,False
rs5750211,83,106,-0.101037,0.0473107,False
rs5750211,83,107,-0.105886,0.0378785,False
rs5750211,83,108,-0.0980318,0.0550741,False
rs5750211,83,109,-0.0975455,0.0567416,False
rs5750211,83,110,-0.0972691,0.0575472,False
rs5750211,83,111,-0.0939917,0.0667406,False
rs5750211,83,112,-0.0968088,0.0598342,False
rs5750211,83,113,-0.0976407,0.0583677,False
rs5750211,83,114,-0.0979504,0.058293,False
rs5750211,83,115,-0.101082,0.0515768,False
rs5750211,83,116,-0.101475,0.0513981,False
rs5750211,83,117,-0.108113,0.0383844,False
rs5750211,83,118,-0.111216,0.0337611,False
rs5750211,83,119,-0.111981,0.0330834,False
rs5750211,83,120,-0.116377,0.0274592,False
rs5750211,83,121,-0.116611,0.0274697,False
rs5750211,83,122,-0.113925,0.0318377,False
rs5750211,83,123,-0.110106,0.0384072,False
rs5750211,83,124,-0.11035,0.0385146,False
rs5750211,83,125,-0.0994607,0.0627702,False
rs5750211,83,126,-0.103722,0.0525064,False
rs5750211,83,127,-0.115085,0.0317526,False
rs5750211,83,128,-0.119792,0.0255531,False
rs5750211,83,129,-0.131475,0.0142731,False
rs5750211,83,130,-0.142488,0.00792863,False
rs5750211,83,131,-0.139503,0.00934547,False
rs5750211,83,132,-0.132784,0.0134131,False
rs5750211,83,133,-0.140475,0.00877054,False
rs5750211,83,134,-0.143691,0.00722673,False
rs5750211,83,135,-0.148862,0.00530973,False
rs5750211,83,136,-0.125568,0.0187338,False
rs5750211,83,137,-0.138577,0.00924418,False
rs5750211,83,138,-0.134994,0.0110922,False
rs5750211,83,139,-0.139932,0.0082721,False
rs5750211,83,140,-0.149291,0.00471902,False
rs5750211,83,141,-0.139777,0.00813365,False
rs5750211,83,142,-0.148621,0.00483748,False
rs5750211,83,143,-0.157963,0.00270475,False
rs5750211,83,144,-0.150793,0.0041688,False
rs5750211,83,145,-0.147469,0.00498095,False
rs5750211,83,146,-0.153564,0.00345704,False
rs5750211,83,147,-0.159671,0.00237974,False
rs5750211,83,148,-0.156794,0.00283335,False
rs5750211,83,149,-0.148162,0.00485691,False
rs5750211,83,150,-0.158123,0.00266487,False
rs5750211,83,151,-0.143496,0.00644223,False
rs5750211,83,152,-0.158057,0.00273445,False
rs5750211,83,153,-0.156221,0.00308897,False
rs5750211,83,154,-0.149146,0.00481275,False
rs5750211,83,155,-0.155201,0.00346666,False
rs5750211,83,156,-0.15212,0.00419637,False
rs5750211,83,157,-0.147392,0.00562211,False
rs5750211,83,158,-0.165844,0.00188076,False
rs5750211,83,159,-0.152532,0.00439247,False
rs5750211,83,160,-0.156007,0.00367737,False
rs5750211,83,161,-0.156913,0.00356385,False
rs5750211,83,162,-0.159522,0.00311155,False
rs5750211,83,163,-0.168281,0.00187242,False
rs5750211,83,164,-0.16992,0.00175824,False
rs5750211,83,165,-0.165599,0.00239399,False
rs5750211,83,166,-0.174773,0.00141306,False
rs5750211,83,167,-0.187852,0.000623458,False
rs5750211,83,168,-0.191994,0.000483563,False
rs5750211,83,169,-0.178997,0.0011545,False
rs5750211,83,170,-0.181558,0.0010283,False
rs5750211,83,171,-0.169792,0.00218162,False
rs5750211,83,172,-0.188558,0.000689983,False
rs5750211,83,173,-0.201813,0.000296902,False
rs5750211,83,174,-0.195835,0.000453413,False
rs5750211,83,175,-0.178223,0.00142703,False
rs5750211,83,176,-0.193178,0.000562293,False
rs5750211,83,177,-0.189169,0.000744873,False
rs5750211,83,178,-0.180437,0.0013204,False
rs5750211,83,179,-0.188503,0.000777206,False
rs5750211,83,180,-0.184552,0.00102701,False
rs5750211,83,181,-0.188654,0.000802677,False
rs5750211,83,182,-0.183109,0.00113789,False
rs5750211,83,183,-0.201541,0.000343772,False
rs5750211,83,184,-0.22308,7.49667e-05,False
rs5750211,83,185,-0.204469,0.000275138,False
rs5750211,83,186,-0.214663,0.00013004,False
rs5750211,83,187,-0.223181,6.88848e-05,False
rs5750211,83,188,-0.213828,0.000138126,False
rs5750211,83,189,-0.214938,0.000125808,False
rs5750211,83,190,-0.224637,5.89329e-05,False
rs5750211,83,191,-0.208933,0.000184324,False
rs5750211,83,192,-0.218548,8.78473e-05,False
rs5750211,83,193,-0.231655,3.16067e-05,False
rs5750211,83,194,-0.235303,2.3072e-05,False
rs5750211,83,195,-0.235131,2.23847e-05,False
rs5750211,83,196,-0.217709,8.43185e-05,False
rs5750211,83,197,-0.215119,0.000100134,False
rs5750211,83,198,-0.207989,0.000165541,False
rs5750211,83,199,-0.210805,0.000130234,False
rs5750211,83,200,-0.233841,2.13341e-05,False
rs5750211,83,201,-0.230092,2.82985e-05,False
rs5750211,83,202,-0.213561,9.90605e-05,False
rs5750211,83,203,-0.234236,1.92257e-05,False
rs5750211,83,204,-0.221207,5.21418e-05,False
rs5750211,83,205,-0.245039,7.29972e-06,False
rs5750211,83,206,-0.251549,4.02768e-06,False
rs5750211,83,207,-0.2431,8.09831e-06,False
rs5750211,83,208,-0.247443,5.63539e-06,False
rs5750211,83,209,-0.251027,4.11057e-06,False
rs5750211,83,210,-0.249654,4.54048e-06,False
rs5750211,83,211,-0.263104,1.37747e-06,False
rs5750211,83,212,-0.26411,1.28865e-06,False
rs5750211,83,213,-0.254179,3.18855e-06,False
rs5750211,83,214,-0.248245,5.48821e-06,False
rs5750211,83,215,-0.254507,3.33666e-06,False
rs5750211,83,216,-0.248155,6.0828e-06,False
rs5750211,83,217,-0.248208,6.31065e-06,False
rs5750211,83,218,-0.247684,6.91673e-06,False
rs5750211,83,219,-0.246557,8.23585e-06,False
rs5750211,83,220,-0.251411,5.85372e-06,False
rs5750211,83,221,-0.259232,3.24653e-06,False
rs5750211,83,222,-0.26302,2.66797e-06,False
rs5750211,83,223,-0.268994,1.75342e-06,False
rs5750211,83,224,-0.270471,1.72033e-06,False
rs5750211,83,225,-0.283687,6.09035e-07,False
rs5750211,83,226,-0.276637,1.40898e-06,False
rs5750211,83,227,-0.287552,6.48108e-07,False
rs5750211,83,228,-0.27653,2.03822e-06,False
rs5750211,83,229,-0.271581,3.79515e-06,False
rs5750211,83,230,-0.266249,7.15567e-06,False
rs5750211,83,231,-0.279417,3.10137e-06,False
rs5750211,83,232,-0.303042,5.41526e-07,False
rs5750211,83,233,-0.283739,3.55937e-06,False
rs5750211,83,234,-0.302109,1.11345e-06,False
rs5750211,83,235,-0.289979,3.84018e-06,False
rs5750211,83,236,-0.313054,8.65352e-07,False
rs5750211,83,237,-0.311671,1.32727e-06,False
rs5750211,83,238,-0.31189,1.79869e-06,False
rs5750211,83,239,-0.307957,3.3542e-06,False
rs5750211,83,240,-0.300587,7.62404e-06,False
rs5750211,83,241,-0.330831,1.21627e-06,False
rs5750211,83,242,-0.319402,3.97419e-06,False
rs5750211,83,243,-0.307546,1.20111e-05,False
rs5750211,83,244,-0.320387,7.08646e-06,False
rs5750211,83,245,-0.32058,9.50812e-06,False
rs5750211,83,246,-0.319891,1.33739e-05,False
rs5750211,83,247,-0.315477,2.39256e-05,False
rs5750211,83,248,-0.313224,3.55984e-05,False
rs5750211,83,249,-0.329398,1.80143e-05,False
rs5750211,83,250,-0.320122,3.98557e-05,False
rs5750211,83,251,-0.330399,2.70885e-05,False
rs5750211,84,7,-0.110291,0.0108451,False
rs5750211,84,8,-0.109352,0.0107767,False
rs5750211,84,9,-0.127175,0.00277175,False
rs5750211,84,10,-0.117286,0.00541979,False
rs5750211,84,11,-0.130487,0.00182126,False
rs5750211,84,12,-0.148996,0.000348964,False
rs5750211,84,13,-0.148901,0.00034105,False
rs5750211,84,14,-0.143574,0.000529113,False
rs5750211,84,15,-0.148443,0.000327698,False
rs5750211,84,16,-0.151927,0.000227268,False
rs5750211,84,17,-0.163776,6.97983e-05,False
rs5750211,84,18,-0.163664,7.16374e-05,False
rs5750211,84,19,-0.180483,1.20921e-05,False
rs5750211,84,20,-0.168489,4.38298e-05,False
rs5750211,84,21,-0.167065,5.35484e-05,False
rs5750211,84,22,-0.165876,6.25885e-05,False
rs5750211,84,23,-0.148711,0.000337781,False
rs5750211,84,24,-0.159752,0.000126173,False
rs5750211,84,25,-0.152458,0.000255499,False
rs5750211,84,26,-0.149885,0.000341635,False
rs5750211,84,27,-0.154542,0.000233509,False
rs5750211,84,28,-0.14092,0.000832782,False
rs5750211,84,29,-0.148074,0.000451869,False
rs5750211,84,30,-0.128124,0.00255639,False
rs5750211,84,31,-0.143917,0.000726758,False
rs5750211,84,32,-0.128732,0.00256924,False
rs5750211,84,33,-0.147122,0.000589505,False
rs5750211,84,34,-0.150712,0.000467967,False
rs5750211,84,35,-0.137944,0.00144447,False
rs5750211,84,36,-0.133844,0.00207687,False
rs5750211,84,37,-0.14647,0.000788168,False
rs5750211,84,38,-0.14244,0.00116193,False
rs5750211,84,39,-0.150636,0.000626629,False
rs5750211,84,40,-0.141655,0.00137153,False
rs5750211,84,41,-0.135048,0.00236145,False
rs5750211,84,42,-0.152594,0.000632128,False
rs5750211,84,43,-0.139314,0.00190884,False
rs5750211,84,44,-0.125077,0.00560625,False
rs5750211,84,45,-0.140984,0.00190569,False
rs5750211,84,46,-0.1598,0.000450489,False
rs5750211,84,47,-0.150203,0.00104609,False
rs5750211,84,48,-0.142229,0.00197626,False
rs5750211,84,49,-0.145775,0.00160335,False
rs5750211,84,50,-0.151276,0.00113723,False
rs5750211,84,51,-0.139152,0.00293351,False
rs5750211,84,52,-0.136404,0.00372348,False
rs5750211,84,53,-0.134887,0.00431063,False
rs5750211,84,54,-0.126675,0.00780168,False
rs5750211,84,55,-0.136787,0.00421749,False
rs5750211,84,56,-0.133604,0.00533006,False
rs5750211,84,57,-0.134057,0.00546626,False
rs5750211,84,58,-0.150804,0.00189088,False
rs5750211,84,59,-0.151363,0.00191999,False
rs5750211,84,60,-0.147319,0.00267303,False
rs5750211,84,61,-0.143196,0.00365532,False
rs5750211,84,62,-0.155543,0.00164658,False
rs5750211,84,63,-0.14381,0.00382191,False
rs5750211,84,64,-0.14994,0.00266842,False
rs5750211,84,65,-0.141463,0.00480885,False
rs5750211,84,66,-0.142903,0.00459126,False
rs5750211,84,67,-0.135978,0.00710903,False
rs5750211,84,68,-0.151035,0.0028514,False
rs5750211,84,69,-0.145631,0.00421846,False
rs5750211,84,70,-0.144056,0.00479341,False
rs5750211,84,71,-0.142776,0.00530765,False
rs5750211,84,72,-0.137414,0.00754617,False
rs5750211,84,73,-0.136828,0.00803395,False
rs5750211,84,74,-0.134293,0.00939495,False
rs5750211,84,75,-0.120474,0.0201432,False
rs5750211,84,76,-0.126873,0.0146502,False
rs5750211,84,77,-0.123352,0.0175181,False
rs5750211,84,78,-0.133466,0.0104989,False
rs5750211,84,79,-0.135934,0.0092516,False
rs5750211,84,80,-0.121356,0.02024,False
rs5750211,84,81,-0.107583,0.0394062,False
rs5750211,84,82,-0.115179,0.0272849,False
rs5750211,84,83,-0.113952,0.0292272,False
rs5750211,84,84,-0.115082,0.0275121,False
rs5750211,84,85,-0.124277,0.0169628,False
rs5750211,84,86,-0.120918,0.0203682,False
rs5750211,84,87,-0.115071,0.0271941,False
rs5750211,84,88,-0.112994,0.029835,False
rs5750211,84,89,-0.114075,0.02841,False
rs5750211,84,90,-0.116915,0.0243724,False
rs5750211,84,91,-0.123635,0.0172193,False
rs5750211,84,92,-0.119188,0.0215271,False
rs5750211,84,93,-0.128618,0.0131607,False
rs5750211,84,94,-0.12393,0.0168055,False
rs5750211,84,95,-0.114319,0.0270832,False
rs5750211,84,96,-0.114513,0.0265581,False
rs5750211,84,97,-0.118567,0.0213437,False
rs5750211,84,98,-0.110462,0.0319737,False
rs5750211,84,99,-0.105087,0.0415081,False
rs5750211,84,100,-0.112222,0.0290732,False
rs5750211,84,101,-0.0908199,0.077672,False
rs5750211,84,102,-0.0925085,0.071845,False
rs5750211,84,103,-0.106402,0.0383178,False
rs5750211,84,104,-0.102284,0.0464498,False
rs5750211,84,105,-0.110075,0.0321201,False
rs5750211,84,106,-0.100791,0.0498308,False
rs5750211,84,107,-0.102339,0.0462372,False
rs5750211,84,108,-0.0972953,0.0582087,False
rs5750211,84,109,-0.109883,0.032715,False
rs5750211,84,110,-0.118508,0.0212468,False
rs5750211,84,111,-0.125131,0.0150588,False
rs5750211,84,112,-0.111994,0.0299483,False
rs5750211,84,113,-0.109571,0.0340855,False
rs5750211,84,114,-0.104344,0.043981,False
rs5750211,84,115,-0.106415,0.0403961,False
rs5750211,84,116,-0.10791,0.0381634,False
rs5750211,84,117,-0.104777,0.0445017,False
rs5750211,84,118,-0.101008,0.0535965,False
rs5750211,84,119,-0.118923,0.0233404,False
rs5750211,84,120,-0.111978,0.033222,False
rs5750211,84,121,-0.107421,0.0416126,False
rs5750211,84,122,-0.106994,0.0428751,False
rs5750211,84,123,-0.12465,0.0185662,False
rs5750211,84,124,-0.134464,0.0112649,False
rs5750211,84,125,-0.141285,0.0078645,False
rs5750211,84,126,-0.131829,0.013215,False
rs5750211,84,127,-0.12976,0.0148809,False
rs5750211,84,128,-0.125481,0.0188225,False
rs5750211,84,129,-0.132085,0.013457,False
rs5750211,84,130,-0.13287,0.0129397,False
rs5750211,84,131,-0.123574,0.0207631,False
rs5750211,84,132,-0.137987,0.00991458,False
rs5750211,84,133,-0.130398,0.0146826,False
rs5750211,84,134,-0.145163,0.00657672,False
rs5750211,84,135,-0.147332,0.00575651,False
rs5750211,84,136,-0.147287,0.0057744,False
rs5750211,84,137,-0.14775,0.00553757,False
rs5750211,84,138,-0.136836,0.0100752,False
rs5750211,84,139,-0.141909,0.00743924,False
rs5750211,84,140,-0.14461,0.00629293,False
rs5750211,84,141,-0.150761,0.00434901,False
rs5750211,84,142,-0.150528,0.00442449,False
rs5750211,84,143,-0.151341,0.00420674,False
rs5750211,84,144,-0.13547,0.0104097,False
rs5750211,84,145,-0.153488,0.00367136,False
rs5750211,84,146,-0.159425,0.002591,False
rs5750211,84,147,-0.166379,0.00165108,False
rs5750211,84,148,-0.163558,0.00201043,False
rs5750211,84,149,-0.168738,0.00144291,False
rs5750211,84,150,-0.164289,0.00194434,False
rs5750211,84,151,-0.167438,0.00161889,False
rs5750211,84,152,-0.155314,0.00349163,False
rs5750211,84,153,-0.169489,0.00145148,False
rs5750211,84,154,-0.170008,0.00144472,False
rs5750211,84,155,-0.158518,0.00304089,False
rs5750211,84,156,-0.158979,0.00305239,False
rs5750211,84,157,-0.172179,0.00139109,False
rs5750211,84,158,-0.153176,0.00449097,False
rs5750211,84,159,-0.175874,0.00113656,False
rs5750211,84,160,-0.175243,0.00122325,False
rs5750211,84,161,-0.176063,0.00120369,False
rs5750211,84,162,-0.18328,0.000770844,False
rs5750211,84,163,-0.179728,0.00100824,False
rs5750211,84,164,-0.186903,0.000654569,False
rs5750211,84,165,-0.180506,0.00102084,False
rs5750211,84,166,-0.192244,0.000491946,False
rs5750211,84,167,-0.192685,0.000494467,False
rs5750211,84,168,-0.194603,0.000446726,False
rs5750211,84,169,-0.198622,0.000349818,False
rs5750211,84,170,-0.203831,0.000247438,False
rs5750211,84,171,-0.20945,0.000171973,False
rs5750211,84,172,-0.203329,0.000274635,False
rs5750211,84,173,-0.194905,0.000508991,False
rs5750211,84,174,-0.196038,0.000486809,False
rs5750211,84,175,-0.211166,0.000176327,False
rs5750211,84,176,-0.209046,0.000208362,False
rs5750211,84,177,-0.212039,0.000170477,False
rs5750211,84,178,-0.203312,0.000313541,False
rs5750211,84,179,-0.199538,0.000412471,False
rs5750211,84,180,-0.20006,0.000393906,False
rs5750211,84,181,-0.203422,0.000315953,False
rs5750211,84,182,-0.211159,0.000187036,False
rs5750211,84,183,-0.204861,0.00028567,False
rs5750211,84,184,-0.202179,0.0003442,False
rs5750211,84,185,-0.202968,0.000316635,False
rs5750211,84,186,-0.220745,8.79917e-05,False
rs5750211,84,187,-0.211664,0.000169988,False
rs5750211,84,188,-0.212334,0.000157979,False
rs5750211,84,189,-0.212541,0.000151595,False
rs5750211,84,190,-0.206328,0.000230458,False
rs5750211,84,191,-0.201024,0.000326549,False
rs5750211,84,192,-0.199564,0.000353532,False
rs5750211,84,193,-0.210623,0.00015451,False
rs5750211,84,194,-0.21245,0.000130416,False
rs5750211,84,195,-0.228807,3.68934e-05,False
rs5750211,84,196,-0.224018,5.28135e-05,False
rs5750211,84,197,-0.227088,4.02314e-05,False
rs5750211,84,198,-0.216336,8.81082e-05,False
rs5750211,84,199,-0.235732,1.86598e-05,False
rs5750211,84,200,-0.236351,1.71023e-05,False
rs5750211,84,201,-0.231914,2.4228e-05,False
rs5750211,84,202,-0.234115,1.99134e-05,False
rs5750211,84,203,-0.226386,3.67016e-05,False
rs5750211,84,204,-0.228406,3.02057e-05,False
rs5750211,84,205,-0.224526,4.07474e-05,False
rs5750211,84,206,-0.237602,1.3795e-05,False
rs5750211,84,207,-0.245806,6.95508e-06,False
rs5750211,84,208,-0.246831,6.26946e-06,False
rs5750211,84,209,-0.236694,1.4409e-05,False
rs5750211,84,210,-0.248846,5.20203e-06,False
rs5750211,84,211,-0.237707,1.34829e-05,False
rs5750211,84,212,-0.249039,5.4411e-06,False
rs5750211,84,213,-0.259889,2.07259e-06,False
rs5750211,84,214,-0.270005,8.48928e-07,False
rs5750211,84,215,-0.26656,1.22604e-06,False
rs5750211,84,216,-0.26941,9.63033e-07,False
rs5750211,84,217,-0.279553,3.76699e-07,False
rs5750211,84,218,-0.259164,2.69385e-06,False
rs5750211,84,219,-0.266385,1.59852e-06,False
rs5750211,84,220,-0.261841,2.61217e-06,False
rs5750211,84,221,-0.269192,1.50649e-06,False
rs5750211,84,222,-0.279412,6.64345e-07,False
rs5750211,84,223,-0.287961,3.55634e-07,False
rs5750211,84,224,-0.290921,3.14611e-07,False
rs5750211,84,225,-0.28814,4.76212e-07,False
rs5750211,84,226,-0.284244,8.16874e-07,False
rs5750211,84,227,-0.287099,7.58546e-07,False
rs5750211,84,228,-0.2877,9.15945e-07,False
rs5750211,84,229,-0.306526,2.21623e-07,False
rs5750211,84,230,-0.312042,1.87129e-07,False
rs5750211,84,231,-0.298963,7.55601e-07,False
rs5750211,84,232,-0.31146,3.3753e-07,False
rs5750211,84,233,-0.30773,6.63619e-07,False
rs5750211,84,234,-0.308198,8.8901e-07,False
rs5750211,84,235,-0.304103,1.62659e-06,False
rs5750211,84,236,-0.305582,2.0536e-06,False
rs5750211,84,237,-0.312645,1.60169e-06,False
rs5750211,84,238,-0.329075,6.42747e-07,False
rs5750211,84,239,-0.314775,2.64628e-06,False
rs5750211,84,240,-0.325932,1.60709e-06,False
rs5750211,84,241,-0.312399,5.94468e-06,False
rs5750211,84,242,-0.321245,4.4761e-06,False
rs5750211,84,243,-0.332891,2.7668e-06,False
rs5750211,84,244,-0.328363,5.12419e-06,False
rs5750211,84,245,-0.318336,1.36448e-05,False
rs5750211,84,246,-0.343194,3.83635e-06,False
rs5750211,84,247,-0.334938,8.86885e-06,False
rs5750211,84,248,-0.352176,4.04596e-06,False
rs5750211,84,249,-0.347023,7.32497e-06,False
rs5750211,84,250,-0.352721,6.76391e-06,False
rs5750211,84,251,-0.343708,1.44728e-05,False
rs5750211,85,6,-0.116342,0.00757737,False
rs5750211,85,7,-0.104856,0.0153226,False
rs5750211,85,8,-0.12218,0.00434314,False
rs5750211,85,9,-0.126722,0.00285609,False
rs5750211,85,10,-0.11981,0.00450709,False
rs5750211,85,11,-0.137429,0.00104309,False
rs5750211,85,12,-0.136495,0.00105459,False
rs5750211,85,13,-0.125431,0.00248955,False
rs5750211,85,14,-0.138933,0.000776769,False
rs5750211,85,15,-0.139792,0.000704858,False
rs5750211,85,16,-0.137191,0.000869769,False
rs5750211,85,17,-0.141673,0.00058708,False
rs5750211,85,18,-0.136879,0.000888014,False
rs5750211,85,19,-0.135083,0.00103374,False
rs5750211,85,20,-0.152387,0.000224476,False
rs5750211,85,21,-0.146755,0.000380953,False
rs5750211,85,22,-0.158082,0.000131962,False
rs5750211,85,23,-0.154005,0.000211765,False
rs5750211,85,24,-0.158133,0.000154279,False
rs5750211,85,25,-0.15091,0.000311543,False
rs5750211,85,26,-0.155929,0.000193621,False
rs5750211,85,27,-0.153707,0.000249048,False
rs5750211,85,28,-0.145768,0.000542507,False
rs5750211,85,29,-0.148966,0.000409597,False
rs5750211,85,30,-0.159974,0.000159756,False
rs5750211,85,31,-0.149216,0.000437892,False
rs5750211,85,32,-0.15444,0.000287364,False
rs5750211,85,33,-0.146549,0.000601275,False
rs5750211,85,34,-0.137249,0.00136749,False
rs5750211,85,35,-0.141966,0.000991385,False
rs5750211,85,36,-0.142222,0.00100895,False
rs5750211,85,37,-0.144291,0.000878263,False
rs5750211,85,38,-0.131057,0.00261164,False
rs5750211,85,39,-0.136144,0.00190314,False
rs5750211,85,40,-0.147452,0.00081726,False
rs5750211,85,41,-0.152628,0.000554564,False
rs5750211,85,42,-0.151887,0.000626207,False
rs5750211,85,43,-0.160185,0.000338526,False
rs5750211,85,44,-0.158971,0.000403901,False
rs5750211,85,45,-0.161909,0.000337114,False
rs5750211,85,46,-0.157683,0.000512609,False
rs5750211,85,47,-0.157583,0.000549572,False
rs5750211,85,48,-0.162174,0.000403051,False
rs5750211,85,49,-0.176775,0.000125239,False
rs5750211,85,50,-0.175305,0.000153851,False
rs5750211,85,51,-0.163792,0.000445724,False
rs5750211,85,52,-0.15538,0.000913867,False
rs5750211,85,53,-0.168365,0.000359063,False
rs5750211,85,54,-0.169106,0.00036317,False
rs5750211,85,55,-0.159979,0.000789302,False
rs5750211,85,56,-0.157162,0.00103449,False
rs5750211,85,57,-0.168811,0.000455807,False
rs5750211,85,58,-0.159483,0.000984485,False
rs5750211,85,59,-0.155592,0.00134275,False
rs5750211,85,60,-0.153763,0.00164599,False
rs5750211,85,61,-0.162591,0.000904635,False
rs5750211,85,62,-0.174021,0.000409365,False
rs5750211,85,63,-0.171216,0.000546186,False
rs5750211,85,64,-0.148817,0.00275597,False
rs5750211,85,65,-0.149736,0.00272591,False
rs5750211,85,66,-0.154686,0.00204436,False
rs5750211,85,67,-0.154221,0.00218873,False
rs5750211,85,68,-0.149465,0.00310807,False
rs5750211,85,69,-0.148144,0.00350632,False
rs5750211,85,70,-0.143252,0.00498206,False
rs5750211,85,71,-0.149403,0.00352659,False
rs5750211,85,72,-0.157535,0.00217857,False
rs5750211,85,73,-0.157968,0.00218009,False
rs5750211,85,74,-0.13901,0.0071716,False
rs5750211,85,75,-0.141754,0.00626687,False
rs5750211,85,76,-0.134805,0.00955185,False
rs5750211,85,77,-0.139549,0.00747032,False
rs5750211,85,78,-0.151421,0.00375292,False
rs5750211,85,79,-0.151893,0.0036928,False
rs5750211,85,80,-0.142558,0.00646485,False
rs5750211,85,81,-0.15719,0.00272288,False
rs5750211,85,82,-0.14764,0.00492519,False
rs5750211,85,83,-0.133101,0.0113167,False
rs5750211,85,84,-0.143892,0.00623366,False
rs5750211,85,85,-0.147752,0.00496156,False
rs5750211,85,86,-0.149398,0.00449877,False
rs5750211,85,87,-0.144311,0.00602624,False
rs5750211,85,88,-0.150207,0.00424409,False
rs5750211,85,89,-0.153846,0.00336983,False
rs5750211,85,90,-0.14445,0.00585426,False
rs5750211,85,91,-0.147942,0.00478886,False
rs5750211,85,92,-0.142226,0.00661809,False
rs5750211,85,93,-0.143086,0.0061919,False
rs5750211,85,94,-0.127651,0.0144069,False
rs5750211,85,95,-0.127155,0.0146662,False
rs5750211,85,96,-0.133894,0.0101125,False
rs5750211,85,97,-0.124454,0.0167332,False
rs5750211,85,98,-0.134261,0.00990866,False
rs5750211,85,99,-0.129694,0.0125635,False
rs5750211,85,100,-0.123133,0.0176921,False
rs5750211,85,101,-0.110781,0.0327549,False
rs5750211,85,102,-0.115277,0.025971,False
rs5750211,85,103,-0.127118,0.0142307,False
rs5750211,85,104,-0.119746,0.0208007,False
rs5750211,85,105,-0.127922,0.0134466,False
rs5750211,85,106,-0.109497,0.0343304,False
rs5750211,85,107,-0.116023,0.0250524,False
rs5750211,85,108,-0.127093,0.0141367,False
rs5750211,85,109,-0.12099,0.0195726,False
rs5750211,85,110,-0.129849,0.0122514,False
rs5750211,85,111,-0.118295,0.0227622,False
rs5750211,85,112,-0.131567,0.011517,False
rs5750211,85,113,-0.119062,0.0223539,False
rs5750211,85,114,-0.115722,0.0266165,False
rs5750211,85,115,-0.114968,0.0278438,False
rs5750211,85,116,-0.111372,0.0333221,False
rs5750211,85,117,-0.113909,0.0297999,False
rs5750211,85,118,-0.122201,0.0200201,False
rs5750211,85,119,-0.131119,0.0127752,False
rs5750211,85,120,-0.120558,0.0224042,False
rs5750211,85,121,-0.11236,0.0335144,False
rs5750211,85,122,-0.118509,0.0253119,False
rs5750211,85,123,-0.12976,0.0145196,False
rs5750211,85,124,-0.122808,0.0208204,False
rs5750211,85,125,-0.12427,0.019504,False
rs5750211,85,126,-0.110851,0.0374538,False
rs5750211,85,127,-0.122827,0.0212558,False
rs5750211,85,128,-0.111676,0.0366052,False
rs5750211,85,129,-0.103148,0.0537051,False
rs5750211,85,130,-0.113198,0.0344754,False
rs5750211,85,131,-0.112305,0.03594,False
rs5750211,85,132,-0.121309,0.0232613,False
rs5750211,85,133,-0.12717,0.0174141,False
rs5750211,85,134,-0.1328,0.0130189,False
rs5750211,85,135,-0.129871,0.0150393,False
rs5750211,85,136,-0.132683,0.0130147,False
rs5750211,85,137,-0.139679,0.00886012,False
rs5750211,85,138,-0.133711,0.0122705,False
rs5750211,85,139,-0.135683,0.0110089,False
rs5750211,85,140,-0.138887,0.00917292,False
rs5750211,85,141,-0.151023,0.00457963,False
rs5750211,85,142,-0.152882,0.00407401,False
rs5750211,85,143,-0.169476,0.00147273,False
rs5750211,85,144,-0.165951,0.00184578,False
rs5750211,85,145,-0.160024,0.00266167,False
rs5750211,85,146,-0.15137,0.00453725,False
rs5750211,85,147,-0.159394,0.00282376,False
rs5750211,85,148,-0.144392,0.00687242,False
rs5750211,85,149,-0.141035,0.00842563,False
rs5750211,85,150,-0.149083,0.00541144,False
rs5750211,85,151,-0.153085,0.00430937,False
rs5750211,85,152,-0.151756,0.00477836,False
rs5750211,85,153,-0.168269,0.00180211,False
rs5750211,85,154,-0.170294,0.00161365,False
rs5750211,85,155,-0.174769,0.00123822,False
rs5750211,85,156,-0.168087,0.00191325,False
rs5750211,85,157,-0.17547,0.00123952,False
rs5750211,85,158,-0.186148,0.000638284,False
rs5750211,85,159,-0.190633,0.000485881,False
rs5750211,85,160,-0.205858,0.00016882,False
rs5750211,85,161,-0.188825,0.000583844,False
rs5750211,85,162,-0.192684,0.00046311,False
rs5750211,85,163,-0.183437,0.000894663,False
rs5750211,85,164,-0.188389,0.000665034,False
rs5750211,85,165,-0.186432,0.000768685,False
rs5750211,85,166,-0.177879,0.00137394,False
rs5750211,85,167,-0.197834,0.000381693,False
rs5750211,85,168,-0.206172,0.000224533,False
rs5750211,85,169,-0.201836,0.000311272,False
rs5750211,85,170,-0.204297,0.000273442,False
rs5750211,85,171,-0.214501,0.000135296,False
rs5750211,85,172,-0.220955,8.60163e-05,False
rs5750211,85,173,-0.21723,0.000114625,False
rs5750211,85,174,-0.20192,0.000345367,False
rs5750211,85,175,-0.211126,0.000183997,False
rs5750211,85,176,-0.212104,0.000178043,False
rs5750211,85,177,-0.214153,0.000153776,False
rs5750211,85,178,-0.209791,0.000211031,False
rs5750211,85,179,-0.21297,0.000170868,False
rs5750211,85,180,-0.205403,0.000292974,False
rs5750211,85,181,-0.211351,0.000195506,False
rs5750211,85,182,-0.191996,0.000701796,False
rs5750211,85,183,-0.19476,0.000594332,False
rs5750211,85,184,-0.195665,0.000543236,False
rs5750211,85,185,-0.206718,0.000254811,False
rs5750211,85,186,-0.202382,0.000336613,False
rs5750211,85,187,-0.213575,0.000150213,False
rs5750211,85,188,-0.213015,0.000154284,False
rs5750211,85,189,-0.220574,8.65075e-05,False
rs5750211,85,190,-0.221207,7.85791e-05,False
rs5750211,85,191,-0.224573,5.96341e-05,False
rs5750211,85,192,-0.224128,6.0704e-05,False
rs5750211,85,193,-0.229345,3.86363e-05,False
rs5750211,85,194,-0.234087,2.56043e-05,False
rs5750211,85,195,-0.234579,2.28161e-05,False
rs5750211,85,196,-0.232759,2.60703e-05,False
rs5750211,85,197,-0.218298,7.73214e-05,False
rs5750211,85,198,-0.227443,3.73484e-05,False
rs5750211,85,199,-0.240335,1.25466e-05,False
rs5750211,85,200,-0.230812,2.61798e-05,False
rs5750211,85,201,-0.239616,1.23511e-05,False
rs5750211,85,202,-0.224483,4.02464e-05,False
rs5750211,85,203,-0.233972,1.85888e-05,False
rs5750211,85,204,-0.255308,2.94236e-06,False
rs5750211,85,205,-0.256062,2.64691e-06,False
rs5750211,85,206,-0.251995,3.69208e-06,False
rs5750211,85,207,-0.241771,9.0306e-06,False
rs5750211,85,208,-0.273421,5.05129e-07,False
rs5750211,85,209,-0.271388,5.92277e-07,False
rs5750211,85,210,-0.266087,1.02421e-06,False
rs5750211,85,211,-0.275029,4.57618e-07,False
rs5750211,85,212,-0.276232,4.15042e-07,False
rs5750211,85,213,-0.26238,1.56744e-06,False
rs5750211,85,214,-0.28641,1.67565e-07,False
rs5750211,85,215,-0.289541,1.32954e-07,False
rs5750211,85,216,-0.278039,4.45204e-07,False
rs5750211,85,217,-0.296345,8.27038e-08,False
rs5750211,85,218,-0.288542,1.98206e-07,False
rs5750211,85,219,-0.290656,1.80381e-07,False
rs5750211,85,220,-0.290568,2.06959e-07,False
rs5750211,85,221,-0.30047,9.17609e-08,False
rs5750211,85,222,-0.303643,8.00799e-08,False
rs5750211,85,223,-0.304675,8.6225e-08,False
rs5750211,85,224,-0.304703,1.0553e-07,False
rs5750211,85,225,-0.304703,1.31557e-07,False
rs5750211,85,226,-0.313722,7.21589e-08,False
rs5750211,85,227,-0.317049,6.79226e-08,False
rs5750211,85,228,-0.314707,1.08556e-07,False
rs5750211,85,229,-0.303476,3.99124e-07,False
rs5750211,85,230,-0.309611,3.06379e-07,False
rs5750211,85,231,-0.316812,2.20228e-07,False
rs5750211,85,232,-0.31022,5.27352e-07,False
rs5750211,85,233,-0.305675,1.05753e-06,False
rs5750211,85,234,-0.322568,3.58762e-07,False
rs5750211,85,235,-0.31141,1.25834e-06,False
rs5750211,85,236,-0.310133,1.89522e-06,False
rs5750211,85,237,-0.327691,6.7452e-07,False
rs5750211,85,238,-0.305186,4.98671e-06,False
rs5750211,85,239,-0.340989,4.97793e-07,False
rs5750211,85,240,-0.321446,2.91795e-06,False
rs5750211,85,241,-0.321175,4.15578e-06,False
rs5750211,85,242,-0.313563,9.24275e-06,False
rs5750211,85,243,-0.329293,4.43977e-06,False
rs5750211,85,244,-0.330281,5.74083e-06,False
rs5750211,85,245,-0.35111,1.98971e-06,False
rs5750211,85,246,-0.325131,1.42756e-05,False
rs5750211,85,247,-0.318162,2.74755e-05,False
rs5750211,85,248,-0.321354,2.92276e-05,False
rs5750211,85,249,-0.330513,2.2273e-05,False
rs5750211,85,250,-0.32792,3.29448e-05,False
rs5750211,85,251,-0.326723,4.21061e-05,False
rs5750211,86,7,-0.139253,0.0012269,False
rs5750211,86,8,-0.152553,0.000355271,False
rs5750211,86,9,-0.144592,0.000648225,False
rs5750211,86,10,-0.146878,0.000487024,False
rs5750211,86,11,-0.131141,0.00171052,False
rs5750211,86,12,-0.153078,0.000235198,False
rs5750211,86,13,-0.151872,0.000240935,False
rs5750211,86,14,-0.146683,0.000367385,False
rs5750211,86,15,-0.153115,0.000199159,False
rs5750211,86,16,-0.145054,0.00040718,False
rs5750211,86,17,-0.149675,0.000266102,False
rs5750211,86,18,-0.162938,7.12178e-05,False
rs5750211,86,19,-0.153705,0.000174726,False
rs5750211,86,20,-0.152715,0.00020333,False
rs5750211,86,21,-0.150949,0.000249301,False
rs5750211,86,22,-0.144009,0.000480885,False
rs5750211,86,23,-0.147496,0.000353934,False
rs5750211,86,24,-0.139926,0.000727489,False
rs5750211,86,25,-0.151715,0.000254756,False
rs5750211,86,26,-0.145922,0.000459841,False
rs5750211,86,27,-0.139695,0.000823439,False
rs5750211,86,28,-0.150018,0.000344157,False
rs5750211,86,29,-0.128501,0.00223508,False
rs5750211,86,30,-0.134879,0.00138454,False
rs5750211,86,31,-0.124244,0.0032857,False
rs5750211,86,32,-0.121203,0.00425173,False
rs5750211,86,33,-0.130447,0.00217619,False
rs5750211,86,34,-0.136386,0.00140477,False
rs5750211,86,35,-0.139651,0.0011354,False
rs5750211,86,36,-0.148878,0.000548158,False
rs5750211,86,37,-0.146022,0.000741049,False
rs5750211,86,38,-0.157481,0.000287506,False
rs5750211,86,39,-0.15774,0.000294375,False
rs5750211,86,40,-0.16071,0.000251885,False
rs5750211,86,41,-0.161435,0.000249448,False
rs5750211,86,42,-0.166975,0.000162459,False
rs5750211,86,43,-0.165144,0.000204792,False
rs5750211,86,44,-0.172276,0.000116712,False
rs5750211,86,45,-0.164463,0.000257607,False
rs5750211,86,46,-0.157145,0.000511469,False
rs5750211,86,47,-0.167258,0.000226692,False
rs5750211,86,48,-0.160957,0.000420192,False
rs5750211,86,49,-0.177444,0.000108825,False
rs5750211,86,50,-0.152833,0.00091875,False
rs5750211,86,51,-0.161236,0.000505935,False
rs5750211,86,52,-0.173644,0.000198323,False
rs5750211,86,53,-0.155407,0.000915116,False
rs5750211,86,54,-0.152563,0.00119372,False
rs5750211,86,55,-0.149549,0.0015803,False
rs5750211,86,56,-0.15797,0.000905226,False
rs5750211,86,57,-0.161697,0.000732446,False
rs5750211,86,58,-0.150996,0.00170257,False
rs5750211,86,59,-0.165145,0.000638114,False
rs5750211,86,60,-0.161425,0.000897683,False
rs5750211,86,61,-0.164684,0.000748259,False
rs5750211,86,62,-0.179535,0.000257682,False
rs5750211,86,63,-0.163423,0.000929931,False
rs5750211,86,64,-0.158178,0.00141953,False
rs5750211,86,65,-0.162158,0.00113318,False
rs5750211,86,66,-0.15348,0.00215757,False
rs5750211,86,67,-0.159498,0.00149902,False
rs5750211,86,68,-0.152229,0.00254391,False
rs5750211,86,69,-0.166843,0.00100053,False
rs5750211,86,70,-0.165098,0.00117605,False
rs5750211,86,71,-0.157289,0.00206435,False
rs5750211,86,72,-0.155198,0.00247663,False
rs5750211,86,73,-0.156563,0.00233193,False
rs5750211,86,74,-0.163523,0.00154649,False
rs5750211,86,75,-0.184542,0.000366429,False
rs5750211,86,76,-0.165415,0.00144325,False
rs5750211,86,77,-0.172342,0.000936493,False
rs5750211,86,78,-0.169522,0.0011682,False
rs5750211,86,79,-0.170705,0.00110349,False
rs5750211,86,80,-0.158109,0.00254815,False
rs5750211,86,81,-0.147938,0.00488068,False
rs5750211,86,82,-0.1466,0.00533692,False
rs5750211,86,83,-0.148665,0.00469519,False
rs5750211,86,84,-0.147911,0.00495904,False
rs5750211,86,85,-0.143876,0.00636133,False
rs5750211,86,86,-0.146479,0.00549771,False
rs5750211,86,87,-0.157869,0.00275212,False
rs5750211,86,88,-0.155171,0.00324324,False
rs5750211,86,89,-0.161208,0.00227357,False
rs5750211,86,90,-0.143786,0.00643408,False
rs5750211,86,91,-0.139224,0.00836901,False
rs5750211,86,92,-0.146978,0.00540356,False
rs5750211,86,93,-0.150445,0.00433161,False
rs5750211,86,94,-0.154614,0.0033592,False
rs5750211,86,95,-0.138134,0.00872136,False
rs5750211,86,96,-0.160185,0.00237195,False
rs5750211,86,97,-0.149856,0.00442159,False
rs5750211,86,98,-0.145649,0.00556135,False
rs5750211,86,99,-0.155632,0.00298796,False
rs5750211,86,100,-0.139082,0.00797326,False
rs5750211,86,101,-0.130409,0.0128365,False
rs5750211,86,102,-0.135031,0.0100522,False
rs5750211,86,103,-0.131135,0.01225,False
rs5750211,86,104,-0.138602,0.00810038,False
rs5750211,86,105,-0.133233,0.0109018,False
rs5750211,86,106,-0.14419,0.00588373,False
rs5750211,86,107,-0.133203,0.0110035,False
rs5750211,86,108,-0.124685,0.0172174,False
rs5750211,86,109,-0.128997,0.0137398,False
rs5750211,86,110,-0.118498,0.0237779,False
rs5750211,86,111,-0.13939,0.00788321,False
rs5750211,86,112,-0.123691,0.0183513,False
rs5750211,86,113,-0.128137,0.0147698,False
rs5750211,86,114,-0.14013,0.00778294,False
rs5750211,86,115,-0.130436,0.0132507,False
rs5750211,86,116,-0.130174,0.0137501,False
rs5750211,86,117,-0.141518,0.00754471,False
rs5750211,86,118,-0.134532,0.0110799,False
rs5750211,86,119,-0.125417,0.0181357,False
rs5750211,86,120,-0.125469,0.0181544,False
rs5750211,86,121,-0.138244,0.0094116,False
rs5750211,86,122,-0.140403,0.00840391,False
rs5750211,86,123,-0.13636,0.0106383,False
rs5750211,86,124,-0.137051,0.0104033,False
rs5750211,86,125,-0.141697,0.00811939,False
rs5750211,86,126,-0.139732,0.0091297,False
rs5750211,86,127,-0.137157,0.0105384,False
rs5750211,86,128,-0.146233,0.00638408,False
rs5750211,86,129,-0.136565,0.0110204,False
rs5750211,86,130,-0.137616,0.0104037,False
rs5750211,86,131,-0.139778,0.00933325,False
rs5750211,86,132,-0.140117,0.00921425,False
rs5750211,86,133,-0.14602,0.00665201,False
rs5750211,86,134,-0.133797,0.012856,False
rs5750211,86,135,-0.137795,0.0103518,False
rs5750211,86,136,-0.148721,0.00564439,False
rs5750211,86,137,-0.149847,0.00525098,False
rs5750211,86,138,-0.16009,0.00287843,False
rs5750211,86,139,-0.165544,0.00206038,False
rs5750211,86,140,-0.156493,0.003549,False
rs5750211,86,141,-0.16516,0.00211219,False
rs5750211,86,142,-0.163044,0.00239944,False
rs5750211,86,143,-0.165466,0.00205605,False
rs5750211,86,144,-0.152494,0.00456474,False
rs5750211,86,145,-0.144832,0.00710385,False
rs5750211,86,146,-0.156218,0.00368224,False
rs5750211,86,147,-0.160042,0.00297317,False
rs5750211,86,148,-0.181017,0.000780824,False
rs5750211,86,149,-0.169184,0.00172479,False
rs5750211,86,150,-0.176983,0.00108198,False
rs5750211,86,151,-0.183295,0.000723689,False
rs5750211,86,152,-0.183333,0.00073257,False
rs5750211,86,153,-0.172165,0.0015659,False
rs5750211,86,154,-0.163085,0.00282869,False
rs5750211,86,155,-0.158159,0.00387047,False
rs5750211,86,156,-0.173687,0.00151442,False
rs5750211,86,157,-0.187197,0.00064674,False
rs5750211,86,158,-0.182266,0.000915467,False
rs5750211,86,159,-0.186457,0.000720968,False
rs5750211,86,160,-0.182352,0.000967367,False
rs5750211,86,161,-0.197193,0.000369438,False
rs5750211,86,162,-0.18923,0.000652252,False
rs5750211,86,163,-0.188176,0.000727354,False
rs5750211,86,164,-0.210497,0.000161183,False
rs5750211,86,165,-0.208155,0.000194672,False
rs5750211,86,166,-0.211869,0.000153742,False
rs5750211,86,167,-0.206442,0.000233814,False
rs5750211,86,168,-0.209021,0.000204667,False
rs5750211,86,169,-0.209682,0.000201305,False
rs5750211,86,170,-0.209851,0.000200623,False
rs5750211,86,171,-0.211577,0.000180076,False
rs5750211,86,172,-0.227206,5.96004e-05,False
rs5750211,86,173,-0.229333,5.21131e-05,False
rs5750211,86,174,-0.209217,0.000224976,False
rs5750211,86,175,-0.217359,0.000129619,False
rs5750211,86,176,-0.201275,0.000397689,False
rs5750211,86,177,-0.197338,0.00052342,False
rs5750211,86,178,-0.202048,0.00038727,False
rs5750211,86,179,-0.199321,0.000457888,False
rs5750211,86,180,-0.212173,0.000187631,False
rs5750211,86,181,-0.221503,9.74508e-05,False
rs5750211,86,182,-0.214534,0.000160902,False
rs5750211,86,183,-0.200737,0.000415108,False
rs5750211,86,184,-0.205072,0.000300299,False
rs5750211,86,185,-0.209648,0.000211501,False
rs5750211,86,186,-0.215977,0.000135475,False
rs5750211,86,187,-0.233731,3.49416e-05,False
rs5750211,86,188,-0.221855,8.13697e-05,False
rs5750211,86,189,-0.215326,0.00012683,False
rs5750211,86,190,-0.234819,2.77344e-05,False
rs5750211,86,191,-0.238411,1.99177e-05,False
rs5750211,86,192,-0.22543,5.2341e-05,False
rs5750211,86,193,-0.223969,5.69462e-05,False
rs5750211,86,194,-0.230394,3.35786e-05,False
rs5750211,86,195,-0.226834,4.23593e-05,False
rs5750211,86,196,-0.239276,1.51915e-05,False
rs5750211,86,197,-0.226538,4.04449e-05,False
rs5750211,86,198,-0.227272,3.62037e-05,False
rs5750211,86,199,-0.231112,2.50541e-05,False
rs5750211,86,200,-0.236372,1.64167e-05,False
rs5750211,86,201,-0.239979,1.13181e-05,False
rs5750211,86,202,-0.235141,1.64194e-05,False
rs5750211,86,203,-0.226303,3.27319e-05,False
rs5750211,86,204,-0.241893,8.98952e-06,False
rs5750211,86,205,-0.243188,7.83899e-06,False
rs5750211,86,206,-0.234045,1.65801e-05,False
rs5750211,86,207,-0.237105,1.31055e-05,False
rs5750211,86,208,-0.238584,1.14037e-05,False
rs5750211,86,209,-0.240455,9.87829e-06,False
rs5750211,86,210,-0.250321,4.25081e-06,False
rs5750211,86,211,-0.262562,1.4282e-06,False
rs5750211,86,212,-0.253346,3.43013e-06,False
rs5750211,86,213,-0.253417,3.5204e-06,False
rs5750211,86,214,-0.255184,3.21232e-06,False
rs5750211,86,215,-0.25241,4.30644e-06,False
rs5750211,86,216,-0.254659,3.82783e-06,False
rs5750211,86,217,-0.270189,1.07585e-06,False
rs5750211,86,218,-0.272937,9.19092e-07,False
rs5750211,86,219,-0.282052,4.53328e-07,False
rs5750211,86,220,-0.28109,5.73207e-07,False
rs5750211,86,221,-0.280286,7.06609e-07,False
rs5750211,86,222,-0.277141,1.11721e-06,False
rs5750211,86,223,-0.279304,1.10244e-06,False
rs5750211,86,224,-0.275374,1.86828e-06,False
rs5750211,86,225,-0.288087,7.3719e-07,False
rs5750211,86,226,-0.290332,7.51841e-07,False
rs5750211,86,227,-0.303287,3.06538e-07,False
rs5750211,86,228,-0.293405,9.02598e-07,False
rs5750211,86,229,-0.290176,1.54951e-06,False
rs5750211,86,230,-0.297667,1.0972e-06,False
rs5750211,86,231,-0.283516,4.43966e-06,False
rs5750211,86,232,-0.321395,2.67493e-07,False
rs5750211,86,233,-0.31643,5.58863e-07,False
rs5750211,86,234,-0.309613,1.36262e-06,False
rs5750211,86,235,-0.32043,7.78241e-07,False
rs5750211,86,236,-0.321346,1.02352e-06,False
rs5750211,86,237,-0.319031,1.70872e-06,False
rs5750211,86,238,-0.332822,8.61679e-07,False
rs5750211,86,239,-0.330338,1.4082e-06,False
rs5750211,86,240,-0.3393,1.01769e-06,False
rs5750211,86,241,-0.352872,5.33889e-07,False
rs5750211,86,242,-0.334063,2.87464e-06,False
rs5750211,86,243,-0.336853,3.25889e-06,False
rs5750211,86,244,-0.351024,1.73222e-06,False
rs5750211,86,245,-0.342715,4.08912e-06,False
rs5750211,86,246,-0.351106,3.22391e-06,False
rs5750211,86,247,-0.358025,2.77402e-06,False
rs5750211,86,248,-0.340546,1.08455e-05,False
rs5750211,86,249,-0.330034,2.52319e-05,False
rs5750211,86,250,-0.34546,1.30518e-05,False
rs5750211,86,251,-0.332668,3.23482e-05,False
rs5750211,87,7,-0.129375,0.00267862,False
rs5750211,87,8,-0.122504,0.00419086,False
rs5750211,87,9,-0.153151,0.000299827,False
rs5750211,87,10,-0.130361,0.00195226,False
rs5750211,87,11,-0.142562,0.000645039,False
rs5750211,87,12,-0.136873,0.000984925,False
rs5750211,87,13,-0.140739,0.000677107,False
rs5750211,87,14,-0.140163,0.000652609,False
rs5750211,87,15,-0.134372,0.00105347,False
rs5750211,87,16,-0.138025,0.000746742,False
rs5750211,87,17,-0.137182,0.000804944,False
rs5750211,87,18,-0.160651,8.52739e-05,False
rs5750211,87,19,-0.134414,0.000992195,False
rs5750211,87,20,-0.129856,0.00151919,False
rs5750211,87,21,-0.121126,0.00316403,False
rs5750211,87,22,-0.122305,0.00294971,False
rs5750211,87,23,-0.128393,0.00185562,False
rs5750211,87,24,-0.144679,0.000461001,False
rs5750211,87,25,-0.142713,0.000560857,False
rs5750211,87,26,-0.141057,0.000685044,False
rs5750211,87,27,-0.133131,0.00138182,False
rs5750211,87,28,-0.128734,0.00207257,False
rs5750211,87,29,-0.16785,6.24313e-05,False
rs5750211,87,30,-0.145126,0.000562083,False
rs5750211,87,31,-0.139982,0.000914695,False
rs5750211,87,32,-0.148429,0.000455438,False
rs5750211,87,33,-0.158327,0.00019173,False
rs5750211,87,34,-0.15443,0.000287192,False
rs5750211,87,35,-0.170461,6.61353e-05,False
rs5750211,87,36,-0.168643,8.52835e-05,False
rs5750211,87,37,-0.176839,4.08804e-05,False
rs5750211,87,38,-0.139658,0.00124286,False
rs5750211,87,39,-0.146548,0.000758055,False
rs5750211,87,40,-0.15035,0.000583369,False
rs5750211,87,41,-0.147136,0.000796955,False
rs5750211,87,42,-0.151072,0.000601248,False
rs5750211,87,43,-0.145612,0.00102251,False
rs5750211,87,44,-0.145313,0.00109727,False
rs5750211,87,45,-0.143493,0.00133114,False
rs5750211,87,46,-0.148834,0.000935703,False
rs5750211,87,47,-0.13604,0.00265528,False
rs5750211,87,48,-0.162074,0.000365971,False
rs5750211,87,49,-0.154188,0.000728712,False
rs5750211,87,50,-0.155705,0.000702869,False
rs5750211,87,51,-0.149255,0.00124976,False
rs5750211,87,52,-0.157202,0.000707701,False
rs5750211,87,53,-0.144755,0.00189506,False
rs5750211,87,54,-0.15274,0.00112284,False
rs5750211,87,55,-0.150514,0.00141005,False
rs5750211,87,56,-0.142869,0.00259284,False
rs5750211,87,57,-0.151117,0.00153555,False
rs5750211,87,58,-0.157671,0.0010044,False
rs5750211,87,59,-0.161915,0.000777601,False
rs5750211,87,60,-0.155452,0.00130891,False
rs5750211,87,61,-0.15713,0.00122558,False
rs5750211,87,62,-0.164347,0.000772468,False
rs5750211,87,63,-0.16969,0.000559152,False
rs5750211,87,64,-0.14123,0.00427299,False
rs5750211,87,65,-0.1462,0.00322061,False
rs5750211,87,66,-0.159305,0.0014112,False
rs5750211,87,67,-0.153295,0.00220247,False
rs5750211,87,68,-0.159336,0.00155873,False
rs5750211,87,69,-0.144273,0.00436769,False
rs5750211,87,70,-0.145731,0.00417649,False
rs5750211,87,71,-0.154758,0.00247564,False
rs5750211,87,72,-0.142731,0.00538364,False
rs5750211,87,73,-0.13579,0.00837951,False
rs5750211,87,74,-0.135886,0.00852383,False
rs5750211,87,75,-0.147111,0.00452424,False
rs5750211,87,76,-0.134356,0.00970341,False
rs5750211,87,77,-0.13754,0.00833072,False
rs5750211,87,78,-0.124573,0.0172511,False
rs5750211,87,79,-0.132033,0.0118214,False
rs5750211,87,80,-0.142261,0.00678372,False
rs5750211,87,81,-0.136361,0.00969091,False
rs5750211,87,82,-0.126949,0.016052,False
rs5750211,87,83,-0.135621,0.0103176,False
rs5750211,87,84,-0.132829,0.0119902,False
rs5750211,87,85,-0.136729,0.00981715,False
rs5750211,87,86,-0.140461,0.00799215,False
rs5750211,87,87,-0.144345,0.00645006,False
rs5750211,87,88,-0.137163,0.00971131,False
rs5750211,87,89,-0.13498,0.0109879,False
rs5750211,87,90,-0.145313,0.0062138,False
rs5750211,87,91,-0.148415,0.00515335,False
rs5750211,87,92,-0.13406,0.0116659,False
rs5750211,87,93,-0.14041,0.00817684,False
rs5750211,87,94,-0.146043,0.00590544,False
rs5750211,87,95,-0.138804,0.0089212,False
rs5750211,87,96,-0.135892,0.0104875,False
rs5750211,87,97,-0.128346,0.0155001,False
rs5750211,87,98,-0.13779,0.00933263,False
rs5750211,87,99,-0.141122,0.0077471,False
rs5750211,87,100,-0.134529,0.0111352,False
rs5750211,87,101,-0.136785,0.00975712,False
rs5750211,87,102,-0.141805,0.0074176,False
rs5750211,87,103,-0.128995,0.014853,False
rs5750211,87,104,-0.117384,0.0265344,False
rs5750211,87,105,-0.122128,0.0209658,False
rs5750211,87,106,-0.122081,0.0210835,False
rs5750211,87,107,-0.112632,0.0335338,False
rs5750211,87,108,-0.124366,0.0188376,False
rs5750211,87,109,-0.131696,0.0128211,False
rs5750211,87,110,-0.134834,0.0108516,False
rs5750211,87,111,-0.135515,0.0106444,False
rs5750211,87,112,-0.129216,0.0148324,False
rs5750211,87,113,-0.13577,0.0105692,False
rs5750211,87,114,-0.123718,0.0198583,False
rs5750211,87,115,-0.129254,0.0151451,False
rs5750211,87,116,-0.114738,0.0312772,False
rs5750211,87,117,-0.117515,0.0276823,False
rs5750211,87,118,-0.115063,0.0311467,False
rs5750211,87,119,-0.125076,0.0193565,False
rs5750211,87,120,-0.122751,0.0219502,False
rs5750211,87,121,-0.136314,0.0109531,False
rs5750211,87,122,-0.139489,0.00938134,False
rs5750211,87,123,-0.12624,0.0188907,False
rs5750211,87,124,-0.12716,0.0182683,False
rs5750211,87,125,-0.120554,0.0253363,False
rs5750211,87,126,-0.127898,0.0177264,False
rs5750211,87,127,-0.11149,0.0389205,False
rs5750211,87,128,-0.125771,0.0199053,False
rs5750211,87,129,-0.13623,0.011815,False
rs5750211,87,130,-0.119802,0.0268537,False
rs5750211,87,131,-0.134246,0.0132136,False
rs5750211,87,132,-0.140682,0.00940365,False
rs5750211,87,133,-0.131841,0.0149894,False
rs5750211,87,134,-0.136605,0.0116566,False
rs5750211,87,135,-0.125984,0.0201797,False
rs5750211,87,136,-0.132666,0.0144397,False
rs5750211,87,137,-0.127886,0.0182692,False
rs5750211,87,138,-0.13664,0.0114996,False
rs5750211,87,139,-0.136848,0.0114853,False
rs5750211,87,140,-0.145303,0.0072485,False
rs5750211,87,141,-0.144039,0.00784576,False
rs5750211,87,142,-0.144812,0.00752413,False
rs5750211,87,143,-0.151033,0.00531793,False
rs5750211,87,144,-0.169602,0.00176475,False
rs5750211,87,145,-0.162751,0.00273022,False
rs5750211,87,146,-0.172844,0.00147826,False
rs5750211,87,147,-0.155973,0.00418173,False
rs5750211,87,148,-0.157907,0.00377867,False
rs5750211,87,149,-0.166188,0.00231768,False
rs5750211,87,150,-0.153299,0.0049922,False
rs5750211,87,151,-0.172593,0.00159749,False
rs5750211,87,152,-0.1653,0.00253562,False
rs5750211,87,153,-0.16703,0.00236075,False
rs5750211,87,154,-0.160935,0.00343827,False
rs5750211,87,155,-0.156079,0.00468185,False
rs5750211,87,156,-0.154788,0.00511917,False
rs5750211,87,157,-0.165012,0.00291668,False
rs5750211,87,158,-0.177751,0.00137586,False
rs5750211,87,159,-0.171288,0.00206836,False
rs5750211,87,160,-0.186784,0.000807293,False
rs5750211,87,161,-0.181963,0.00112225,False
rs5750211,87,162,-0.179389,0.00134714,False
rs5750211,87,163,-0.181511,0.00121826,False
rs5750211,87,164,-0.197095,0.000457308,False
rs5750211,87,165,-0.187911,0.000845937,False
rs5750211,87,166,-0.198737,0.000425231,False
rs5750211,87,167,-0.202521,0.000341171,False
rs5750211,87,168,-0.197495,0.000480674,False
rs5750211,87,169,-0.206607,0.000269752,False
rs5750211,87,170,-0.214287,0.000160367,False
rs5750211,87,171,-0.217807,0.000125631,False
rs5750211,87,172,-0.215262,0.000153317,False
rs5750211,87,173,-0.216833,0.000138949,False
rs5750211,87,174,-0.223078,9.02311e-05,False
rs5750211,87,175,-0.225263,7.6947e-05,False
rs5750211,87,176,-0.230566,5.25717e-05,False
rs5750211,87,177,-0.236173,3.39258e-05,False
rs5750211,87,178,-0.226272,7.15463e-05,False
rs5750211,87,179,-0.213666,0.000174845,False
rs5750211,87,180,-0.211596,0.000199968,False
rs5750211,87,181,-0.225975,7.08301e-05,False
rs5750211,87,182,-0.226346,6.91884e-05,False
rs5750211,87,183,-0.232319,4.23007e-05,False
rs5750211,87,184,-0.235985,3.10041e-05,False
rs5750211,87,185,-0.229004,5.1388e-05,False
rs5750211,87,186,-0.235684,2.93299e-05,False
rs5750211,87,187,-0.229814,4.47577e-05,False
rs5750211,87,188,-0.226865,5.23037e-05,False
rs5750211,87,189,-0.23627,2.42048e-05,False
rs5750211,87,190,-0.23896,1.86109e-05,False
rs5750211,87,191,-0.240411,1.58505e-05,False
rs5750211,87,192,-0.234356,2.46698e-05,False
rs5750211,87,193,-0.239137,1.65808e-05,False
rs5750211,87,194,-0.221036,6.53033e-05,False
rs5750211,87,195,-0.236392,1.88504e-05,False
rs5750211,87,196,-0.236852,1.76749e-05,False
rs5750211,87,197,-0.222417,5.30348e-05,False
rs5750211,87,198,-0.227353,3.41805e-05,False
rs5750211,87,199,-0.235909,1.65982e-05,False
rs5750211,87,200,-0.232818,2.03668e-05,False
rs5750211,87,201,-0.229192,2.7002e-05,False
rs5750211,87,202,-0.237656,1.3329e-05,False
rs5750211,87,203,-0.236556,1.43523e-05,False
rs5750211,87,204,-0.246445,6.01593e-06,False
rs5750211,87,205,-0.232334,1.9484e-05,False
rs5750211,87,206,-0.232416,1.92316e-05,False
rs5750211,87,207,-0.251158,3.96523e-06,False
rs5750211,87,208,-0.241525,9.4548e-06,False
rs5750211,87,209,-0.258886,2.03087e-06,False
rs5750211,87,210,-0.266778,1.02753e-06,False
rs5750211,87,211,-0.27502,4.91596e-07,False
rs5750211,87,212,-0.252254,4.05628e-06,False
rs5750211,87,213,-0.255273,3.2701e-06,False
rs5750211,87,214,-0.25697,3.02012e-06,False
rs5750211,87,215,-0.258137,2.96842e-06,False
rs5750211,87,216,-0.254016,4.63423e-06,False
rs5750211,87,217,-0.2647,1.96065e-06,False
rs5750211,87,218,-0.26698,1.78204e-06,False
rs5750211,87,219,-0.277539,8.11897e-07,False
rs5750211,87,220,-0.275038,1.19866e-06,False
rs5750211,87,221,-0.270065,2.15497e-06,False
rs5750211,87,222,-0.292308,3.78375e-07,False
rs5750211,87,223,-0.291371,4.62117e-07,False
rs5750211,87,224,-0.302833,2.05402e-07,False
rs5750211,87,225,-0.292235,6.6293e-07,False
rs5750211,87,226,-0.2963,6.14155e-07,False
rs5750211,87,227,-0.309003,2.60525e-07,False
rs5750211,87,228,-0.293136,1.27935e-06,False
rs5750211,87,229,-0.292934,1.68914e-06,False
rs5750211,87,230,-0.30229,1.04397e-06,False
rs5750211,87,231,-0.306516,9.7276e-07,False
rs5750211,87,232,-0.309701,1.01739e-06,False
rs5750211,87,233,-0.29724,3.48479e-06,False
rs5750211,87,234,-0.297051,4.89527e-06,False
rs5750211,87,235,-0.299911,5.16469e-06,False
rs5750211,87,236,-0.297595,8.02494e-06,False
rs5750211,87,237,-0.300056,8.78726e-06,False
rs5750211,87,238,-0.301848,1.03084e-05,False
rs5750211,87,239,-0.307558,9.02565e-06,False
rs5750211,87,240,-0.320685,5.00857e-06,False
rs5750211,87,241,-0.319316,7.22116e-06,False
rs5750211,87,242,-0.309445,1.77733e-05,False
rs5750211,87,243,-0.313763,1.74321e-05,False
rs5750211,87,244,-0.330142,8.2007e-06,False
rs5750211,87,245,-0.328925,1.1493e-05,False
rs5750211,87,246,-0.314531,3.52543e-05,False
rs5750211,87,247,-0.325954,2.3166e-05,False
rs5750211,87,248,-0.330704,2.20179e-05,False
rs5750211,87,249,-0.325357,3.80652e-05,False
rs5750211,87,250,-0.329337,3.69559e-05,False
rs5750211,87,251,-0.324567,5.53423e-05,False
rs5750211,88,7,-0.143292,0.000947199,False
rs5750211,88,8,-0.146911,0.000631288,False
rs5750211,88,9,-0.154294,0.000285979,False
rs5750211,88,10,-0.157974,0.000178866,False
rs5750211,88,11,-0.14973,0.000352297,False
rs5750211,88,12,-0.162988,8.94964e-05,False
rs5750211,88,13,-0.158233,0.000135509,False
rs5750211,88,14,-0.138822,0.000777431,False
rs5750211,88,15,-0.150269,0.000265428,False
rs5750211,88,16,-0.157493,0.000126095,False
rs5750211,88,17,-0.151012,0.000233457,False
rs5750211,88,18,-0.157869,0.000120102,False
rs5750211,88,19,-0.16451,6.02877e-05,False
rs5750211,88,20,-0.149236,0.000276894,False
rs5750211,88,21,-0.172779,2.52116e-05,False
rs5750211,88,22,-0.155231,0.000160164,False
rs5750211,88,23,-0.136356,0.000945353,False
rs5750211,88,24,-0.13693,0.000879617,False
rs5750211,88,25,-0.150182,0.000276306,False
rs5750211,88,26,-0.139558,0.000757414,False
rs5750211,88,27,-0.131756,0.00151316,False
rs5750211,88,28,-0.133309,0.00134736,False
rs5750211,88,29,-0.141897,0.000666511,False
rs5750211,88,30,-0.125812,0.00267279,False
rs5750211,88,31,-0.144764,0.000562629,False
rs5750211,88,32,-0.129134,0.00215782,False
rs5750211,88,33,-0.138539,0.00103712,False
rs5750211,88,34,-0.151974,0.000332345,False
rs5750211,88,35,-0.144408,0.000692242,False
rs5750211,88,36,-0.148113,0.00051857,False
rs5750211,88,37,-0.158918,0.000205978,False
rs5750211,88,38,-0.163417,0.000146127,False
rs5750211,88,39,-0.151629,0.00045038,False
rs5750211,88,40,-0.166859,0.000119044,False
rs5750211,88,41,-0.152326,0.000479018,False
rs5750211,88,42,-0.156844,0.00034257,False
rs5750211,88,43,-0.150957,0.000605564,False
rs5750211,88,44,-0.152516,0.000567813,False
rs5750211,88,45,-0.148711,0.000814016,False
rs5750211,88,46,-0.148192,0.000889634,False
rs5750211,88,47,-0.143314,0.00140745,False
rs5750211,88,48,-0.157795,0.000479842,False
rs5750211,88,49,-0.161154,0.000378143,False
rs5750211,88,50,-0.139143,0.00228128,False
rs5750211,88,51,-0.148731,0.00119266,False
rs5750211,88,52,-0.153103,0.000897388,False
rs5750211,88,53,-0.156233,0.000755566,False
rs5750211,88,54,-0.157095,0.000747199,False
rs5750211,88,55,-0.151595,0.0012331,False
rs5750211,88,56,-0.145822,0.00195557,False
rs5750211,88,57,-0.143469,0.00242258,False
rs5750211,88,58,-0.150715,0.00155117,False
rs5750211,88,59,-0.155823,0.00114502,False
rs5750211,88,60,-0.173084,0.000321065,False
rs5750211,88,61,-0.158088,0.0010807,False
rs5750211,88,62,-0.146847,0.00255571,False
rs5750211,88,63,-0.140419,0.0041294,False
rs5750211,88,64,-0.137169,0.0053451,False
rs5750211,88,65,-0.156215,0.00159483,False
rs5750211,88,66,-0.151849,0.00222951,False
rs5750211,88,67,-0.1487,0.00290119,False
rs5750211,88,68,-0.158307,0.0016038,False
rs5750211,88,69,-0.163401,0.00121307,False
rs5750211,88,70,-0.16025,0.00157287,False
rs5750211,88,71,-0.168389,0.000946042,False
rs5750211,88,72,-0.160656,0.00169077,False
rs5750211,88,73,-0.158952,0.00198497,False
rs5750211,88,74,-0.144245,0.00516841,False
rs5750211,88,75,-0.143181,0.0056273,False
rs5750211,88,76,-0.152775,0.00327432,False
rs5750211,88,77,-0.148022,0.00451608,False
rs5750211,88,78,-0.170075,0.00113825,False
rs5750211,88,79,-0.159498,0.00234569,False
rs5750211,88,80,-0.15822,0.00263595,False
rs5750211,88,81,-0.16062,0.00229915,False
rs5750211,88,82,-0.165085,0.00177301,False
rs5750211,88,83,-0.159619,0.00254477,False
rs5750211,88,84,-0.173544,0.00106083,False
rs5750211,88,85,-0.159627,0.00264742,False
rs5750211,88,86,-0.158055,0.00294646,False
rs5750211,88,87,-0.159837,0.00267026,False
rs5750211,88,88,-0.159534,0.00275997,False
rs5750211,88,89,-0.146007,0.00624345,False
rs5750211,88,90,-0.154088,0.00386868,False
rs5750211,88,91,-0.144455,0.00675461,False
rs5750211,88,92,-0.158117,0.00306046,False
rs5750211,88,93,-0.150504,0.00486666,False
rs5750211,88,94,-0.161245,0.0025278,False
rs5750211,88,95,-0.144706,0.00679918,False
rs5750211,88,96,-0.150211,0.00491314,False
rs5750211,88,97,-0.142341,0.00773737,False
rs5750211,88,98,-0.142517,0.00764175,False
rs5750211,88,99,-0.142953,0.00747548,False
rs5750211,88,100,-0.143078,0.0074877,False
rs5750211,88,101,-0.138787,0.00938119,False
rs5750211,88,102,-0.145744,0.0063932,False
rs5750211,88,103,-0.140767,0.00840038,False
rs5750211,88,104,-0.138532,0.00960202,False
rs5750211,88,105,-0.135235,0.0113942,False
rs5750211,88,106,-0.137259,0.0102799,False
rs5750211,88,107,-0.155294,0.00367875,False
rs5750211,88,108,-0.142061,0.00790184,False
rs5750211,88,109,-0.152495,0.00434108,False
rs5750211,88,110,-0.155121,0.00373579,False
rs5750211,88,111,-0.158765,0.00303309,False
rs5750211,88,112,-0.144171,0.00713162,False
rs5750211,88,113,-0.137852,0.0101385,False
rs5750211,88,114,-0.135744,0.0115297,False
rs5750211,88,115,-0.146518,0.00637203,False
rs5750211,88,116,-0.150111,0.00523534,False
rs5750211,88,117,-0.147456,0.00616976,False
rs5750211,88,118,-0.143992,0.00752885,False
rs5750211,88,119,-0.144879,0.00724682,False
rs5750211,88,120,-0.147978,0.00624215,False
rs5750211,88,121,-0.156155,0.00396927,False
rs5750211,88,122,-0.138271,0.0108478,False
rs5750211,88,123,-0.133067,0.0142197,False
rs5750211,88,124,-0.133166,0.0141888,False
rs5750211,88,125,-0.134476,0.0132854,False
rs5750211,88,126,-0.145752,0.00738445,False
rs5750211,88,127,-0.133527,0.0141406,False
rs5750211,88,128,-0.137386,0.0116558,False
rs5750211,88,129,-0.130362,0.0167498,False
rs5750211,88,130,-0.133079,0.0146683,False
rs5750211,88,131,-0.138219,0.0112832,False
rs5750211,88,132,-0.145648,0.0076372,False
rs5750211,88,133,-0.131469,0.0160019,False
rs5750211,88,134,-0.13961,0.0106021,False
rs5750211,88,135,-0.145699,0.00766584,False
rs5750211,88,136,-0.142219,0.00921857,False
rs5750211,88,137,-0.13568,0.0130416,False
rs5750211,88,138,-0.136403,0.0125107,False
rs5750211,88,139,-0.146897,0.00723459,False
rs5750211,88,140,-0.153583,0.00493304,False
rs5750211,88,141,-0.162672,0.00291701,False
rs5750211,88,142,-0.148686,0.00654472,False
rs5750211,88,143,-0.141482,0.00975828,False
rs5750211,88,144,-0.138528,0.0114201,False
rs5750211,88,145,-0.155621,0.00456166,False
rs5750211,88,146,-0.160895,0.00336826,False
rs5750211,88,147,-0.168802,0.00214643,False
rs5750211,88,148,-0.162325,0.00320906,False
rs5750211,88,149,-0.166772,0.00245234,False
rs5750211,88,150,-0.154813,0.0049753,False
rs5750211,88,151,-0.153853,0.00538506,False
rs5750211,88,152,-0.170236,0.00213344,False
rs5750211,88,153,-0.180448,0.00114601,False
rs5750211,88,154,-0.181849,0.00105332,False
rs5750211,88,155,-0.181648,0.00110375,False
rs5750211,88,156,-0.182644,0.00106679,False
rs5750211,88,157,-0.185897,0.000882901,False
rs5750211,88,158,-0.196893,0.000441824,False
rs5750211,88,159,-0.202895,0.000302139,False
rs5750211,88,160,-0.21231,0.000157911,False
rs5750211,88,161,-0.21156,0.000175054,False
rs5750211,88,162,-0.220394,9.42144e-05,False
rs5750211,88,163,-0.214194,0.000149829,False
rs5750211,88,164,-0.224662,7.21241e-05,False
rs5750211,88,165,-0.228072,5.84298e-05,False
rs5750211,88,166,-0.222639,8.85316e-05,False
rs5750211,88,167,-0.22846,5.84358e-05,False
rs5750211,88,168,-0.232922,4.28156e-05,False
rs5750211,88,169,-0.220393,0.000110991,False
rs5750211,88,170,-0.214508,0.000168921,False
rs5750211,88,171,-0.231936,4.79314e-05,False
rs5750211,88,172,-0.22832,6.4061e-05,False
rs5750211,88,173,-0.215432,0.000161162,False
rs5750211,88,174,-0.215865,0.000155315,False
rs5750211,88,175,-0.20993,0.000232626,False
rs5750211,88,176,-0.219249,0.000121558,False
rs5750211,88,177,-0.217696,0.000136825,False
rs5750211,88,178,-0.220198,0.000112435,False
rs5750211,88,179,-0.231873,4.73289e-05,False
rs5750211,88,180,-0.212691,0.000187336,False
rs5750211,88,181,-0.203534,0.000347718,False
rs5750211,88,182,-0.206935,0.000271037,False
rs5750211,88,183,-0.221288,9.66435e-05,False
rs5750211,88,184,-0.212103,0.000179451,False
rs5750211,88,185,-0.216925,0.000122956,False
rs5750211,88,186,-0.22358,7.30925e-05,False
rs5750211,88,187,-0.228258,4.98995e-05,False
rs5750211,88,188,-0.23951,1.98912e-05,False
rs5750211,88,189,-0.227551,4.77531e-05,False
rs5750211,88,190,-0.220611,7.72637e-05,False
rs5750211,88,191,-0.219826,7.88047e-05,False
rs5750211,88,192,-0.245243,1.02951e-05,False
rs5750211,88,193,-0.23984,1.55198e-05,False
rs5750211,88,194,-0.232088,2.76406e-05,False
rs5750211,88,195,-0.237857,1.63978e-05,False
rs5750211,88,196,-0.238509,1.48145e-05,False
rs5750211,88,197,-0.250735,5.12937e-06,False
rs5750211,88,198,-0.248203,6.02928e-06,False
rs5750211,88,199,-0.22714,3.36742e-05,False
rs5750211,88,200,-0.223581,4.41178e-05,False
rs5750211,88,201,-0.229601,2.67363e-05,False
rs5750211,88,202,-0.251556,4.06857e-06,False
rs5750211,88,203,-0.23955,1.10643e-05,False
rs5750211,88,204,-0.257755,2.24063e-06,False
rs5750211,88,205,-0.266827,9.52336e-07,False
rs5750211,88,206,-0.263325,1.34722e-06,False
rs5750211,88,207,-0.274538,4.74702e-07,False
rs5750211,88,208,-0.241449,9.72026e-06,False
rs5750211,88,209,-0.243868,7.71633e-06,False
rs5750211,88,210,-0.24793,5.75674e-06,False
rs5750211,88,211,-0.265772,1.21876e-06,False
rs5750211,88,212,-0.254145,3.67352e-06,False
rs5750211,88,213,-0.257903,2.82824e-06,False
rs5750211,88,214,-0.262062,2.14165e-06,False
rs5750211,88,215,-0.258493,3.1516e-06,False
rs5750211,88,216,-0.259998,3.04209e-06,False
rs5750211,88,217,-0.263359,2.58085e-06,False
rs5750211,88,218,-0.281738,5.54671e-07,False
rs5750211,88,219,-0.252158,8.56162e-06,False
rs5750211,88,220,-0.28013,9.16373e-07,False
rs5750211,88,221,-0.2873,5.72845e-07,False
rs5750211,88,222,-0.27414,2.16843e-06,False
rs5750211,88,223,-0.287687,8.30323e-07,False
rs5750211,88,224,-0.29276,6.59111e-07,False
rs5750211,88,225,-0.300689,4.07488e-07,False
rs5750211,88,226,-0.295866,8.22724e-07,False
rs5750211,88,227,-0.291902,1.41147e-06,False
rs5750211,88,228,-0.302509,7.7476e-07,False
rs5750211,88,229,-0.294726,1.90662e-06,False
rs5750211,88,230,-0.30549,1.07702e-06,False
rs5750211,88,231,-0.318474,4.94364e-07,False
rs5750211,88,232,-0.320198,5.83108e-07,False
rs5750211,88,233,-0.315759,1.16441e-06,False
rs5750211,88,234,-0.312379,2.00134e-06,False
rs5750211,88,235,-0.32604,9.94132e-07,False
rs5750211,88,236,-0.319026,2.21881e-06,False
rs5750211,88,237,-0.313319,4.5782e-06,False
rs5750211,88,238,-0.324868,2.59048e-06,False
rs5750211,88,239,-0.314938,6.96221e-06,False
rs5750211,88,240,-0.34028,1.65677e-06,False
rs5750211,88,241,-0.323812,6.90898e-06,False
rs5750211,88,242,-0.330535,5.51217e-06,False
rs5750211,88,243,-0.329031,8.25539e-06,False
rs5750211,88,244,-0.336903,6.58356e-06,False
rs5750211,88,245,-0.315141,3.09306e-05,False
rs5750211,88,246,-0.349207,4.97751e-06,False
rs5750211,88,247,-0.335721,1.48404e-05,False
rs5750211,88,248,-0.328337,2.79422e-05,False
rs5750211,88,249,-0.341093,1.69316e-05,False
rs5750211,88,250,-0.326582,4.52808e-05,False
rs5750211,88,251,-0.327827,4.89764e-05,False
rs5750211,89,7,-0.10702,0.0139853,False
rs5750211,89,8,-0.129294,0.0027708,False
rs5750211,89,9,-0.13908,0.00113344,False
rs5750211,89,10,-0.141648,0.000836682,False
rs5750211,89,11,-0.133891,0.00141916,False
rs5750211,89,12,-0.12968,0.00187767,False
rs5750211,89,13,-0.152592,0.000232014,False
rs5750211,89,14,-0.162535,8.44285e-05,False
rs5750211,89,15,-0.157348,0.000130025,False
rs5750211,89,16,-0.136318,0.000863309,False
rs5750211,89,17,-0.169018,3.7753e-05,False
rs5750211,89,18,-0.158489,0.000109643,False
rs5750211,89,19,-0.152456,0.000193458,False
rs5750211,89,20,-0.166309,4.87424e-05,False
rs5750211,89,21,-0.15578,0.000137367,False
rs5750211,89,22,-0.148427,0.000299926,False
rs5750211,89,23,-0.154764,0.000163971,False
rs5750211,89,24,-0.148497,0.000304451,False
rs5750211,89,25,-0.152711,0.000208808,False
rs5750211,89,26,-0.143968,0.000491215,False
rs5750211,89,27,-0.142634,0.000576322,False
rs5750211,89,28,-0.159805,0.000118456,False
rs5750211,89,29,-0.155437,0.000189103,False
rs5750211,89,30,-0.144711,0.000519848,False
rs5750211,89,31,-0.142302,0.000677479,False
rs5750211,89,32,-0.156116,0.00020296,False
rs5750211,89,33,-0.143621,0.000671527,False
rs5750211,89,34,-0.150969,0.000367027,False
rs5750211,89,35,-0.150808,0.00039155,False
rs5750211,89,36,-0.136871,0.00134125,False
rs5750211,89,37,-0.148275,0.000546971,False
rs5750211,89,38,-0.155845,0.000295228,False
rs5750211,89,39,-0.143385,0.000915613,False
rs5750211,89,40,-0.156826,0.000293578,False
rs5750211,89,41,-0.136579,0.00171265,False
rs5750211,89,42,-0.156987,0.0003332,False
rs5750211,89,43,-0.164456,0.000185476,False
rs5750211,89,44,-0.176004,6.70179e-05,False
rs5750211,89,45,-0.149995,0.000710356,False
rs5750211,89,46,-0.160694,0.000306733,False
rs5750211,89,47,-0.15752,0.000438737,False
rs5750211,89,48,-0.156882,0.000492914,False
rs5750211,89,49,-0.169767,0.00017512,False
rs5750211,89,50,-0.161234,0.000385219,False
rs5750211,89,51,-0.175632,0.000120413,False
rs5750211,89,52,-0.16583,0.00031112,False
rs5750211,89,53,-0.164359,0.000373228,False
rs5750211,89,54,-0.162967,0.000453866,False
rs5750211,89,55,-0.160038,0.000622041,False
rs5750211,89,56,-0.158595,0.000734252,False
rs5750211,89,57,-0.173006,0.000250879,False
rs5750211,89,58,-0.158272,0.0008794,False
rs5750211,89,59,-0.159689,0.000837391,False
rs5750211,89,60,-0.162534,0.000720269,False
rs5750211,89,61,-0.163666,0.000708843,False
rs5750211,89,62,-0.160895,0.000917686,False
rs5750211,89,63,-0.166269,0.000662812,False
rs5750211,89,64,-0.171203,0.000489716,False
rs5750211,89,65,-0.17569,0.000373063,False
rs5750211,89,66,-0.159835,0.00128089,False
rs5750211,89,67,-0.166264,0.000863114,False
rs5750211,89,68,-0.170392,0.000669983,False
rs5750211,89,69,-0.161994,0.00129355,False
rs5750211,89,70,-0.155416,0.00213804,False
rs5750211,89,71,-0.176708,0.000515486,False
rs5750211,89,72,-0.166008,0.00114379,False
rs5750211,89,73,-0.161712,0.00160228,False
rs5750211,89,74,-0.157554,0.00223675,False
rs5750211,89,75,-0.139253,0.00719656,False
rs5750211,89,76,-0.142863,0.00599535,False
rs5750211,89,77,-0.158221,0.00242146,False
rs5750211,89,78,-0.154552,0.00312111,False
rs5750211,89,79,-0.148719,0.00458923,False
rs5750211,89,80,-0.140944,0.0074307,False
rs5750211,89,81,-0.162065,0.00213975,False
rs5750211,89,82,-0.163286,0.00203347,False
rs5750211,89,83,-0.150283,0.00462664,False
rs5750211,89,84,-0.148949,0.00497716,False
rs5750211,89,85,-0.146496,0.00586806,False
rs5750211,89,86,-0.15662,0.00327518,False
rs5750211,89,87,-0.170765,0.00136495,False
rs5750211,89,88,-0.171451,0.00133369,False
rs5750211,89,89,-0.15874,0.00298764,False
rs5750211,89,90,-0.172304,0.00128851,False
rs5750211,89,91,-0.163425,0.00227264,False
rs5750211,89,92,-0.174832,0.00110436,False
rs5750211,89,93,-0.168986,0.00163466,False
rs5750211,89,94,-0.164032,0.00223825,False
rs5750211,89,95,-0.169927,0.00154348,False
rs5750211,89,96,-0.155913,0.00367153,False
rs5750211,89,97,-0.161888,0.00258614,False
rs5750211,89,98,-0.163181,0.00240945,False
rs5750211,89,99,-0.157931,0.00330938,False
rs5750211,89,100,-0.162072,0.00259559,False
rs5750211,89,101,-0.157683,0.00339181,False
rs5750211,89,102,-0.158439,0.0032022,False
rs5750211,89,103,-0.163715,0.00233488,False
rs5750211,89,104,-0.153108,0.00445292,False
rs5750211,89,105,-0.152526,0.00464039,False
rs5750211,89,106,-0.161635,0.00270985,False
rs5750211,89,107,-0.162011,0.0026668,False
rs5750211,89,108,-0.156299,0.00372768,False
rs5750211,89,109,-0.155095,0.00399246,False
rs5750211,89,110,-0.157996,0.00337645,False
rs5750211,89,111,-0.155131,0.00404238,False
rs5750211,89,112,-0.160742,0.00291229,False
rs5750211,89,113,-0.164228,0.00238882,False
rs5750211,89,114,-0.173025,0.00138587,False
rs5750211,89,115,-0.181377,0.000812297,False
rs5750211,89,116,-0.168305,0.00188361,False
rs5750211,89,117,-0.172609,0.00145384,False
rs5750211,89,118,-0.176436,0.00115219,False
rs5750211,89,119,-0.179632,0.000952417,False
rs5750211,89,120,-0.168501,0.00194519,False
rs5750211,89,121,-0.162653,0.00282997,False
rs5750211,89,122,-0.166902,0.00221176,False
rs5750211,89,123,-0.171096,0.00172727,False
rs5750211,89,124,-0.173669,0.00149346,False
rs5750211,89,125,-0.170884,0.00181202,False
rs5750211,89,126,-0.15246,0.00538816,False
rs5750211,89,127,-0.150005,0.00619311,False
rs5750211,89,128,-0.155159,0.0046759,False
rs5750211,89,129,-0.157906,0.00403315,False
rs5750211,89,130,-0.161252,0.0033997,False
rs5750211,89,131,-0.152403,0.00562266,False
rs5750211,89,132,-0.166221,0.00254106,False
rs5750211,89,133,-0.167089,0.00240975,False
rs5750211,89,134,-0.174432,0.00152673,False
rs5750211,89,135,-0.177173,0.00127351,False
rs5750211,89,136,-0.175275,0.00146064,False
rs5750211,89,137,-0.16637,0.00252314,False
rs5750211,89,138,-0.176053,0.00140501,False
rs5750211,89,139,-0.167517,0.0023834,False
rs5750211,89,140,-0.184929,0.000797487,False
rs5750211,89,141,-0.18322,0.00088577,False
rs5750211,89,142,-0.189004,0.000612685,False
rs5750211,89,143,-0.179313,0.00116696,False
rs5750211,89,144,-0.200262,0.000291463,False
rs5750211,89,145,-0.201155,0.000277848,False
rs5750211,89,146,-0.18465,0.000863062,False
rs5750211,89,147,-0.184797,0.000858429,False
rs5750211,89,148,-0.194147,0.000476649,False
rs5750211,89,149,-0.205529,0.000217705,False
rs5750211,89,150,-0.208257,0.000186652,False
rs5750211,89,151,-0.216977,9.94137e-05,False
rs5750211,89,152,-0.222323,6.82949e-05,False
rs5750211,89,153,-0.213439,0.000136121,False
rs5750211,89,154,-0.215047,0.000123037,False
rs5750211,89,155,-0.227197,5.19286e-05,False
rs5750211,89,156,-0.213648,0.000144332,False
rs5750211,89,157,-0.204459,0.000281717,False
rs5750211,89,158,-0.215944,0.000128014,False
rs5750211,89,159,-0.214004,0.000151211,False
rs5750211,89,160,-0.232254,4.00079e-05,False
rs5750211,89,161,-0.224286,7.52729e-05,False
rs5750211,89,162,-0.220023,0.000105362,False
rs5750211,89,163,-0.233303,4.00059e-05,False
rs5750211,89,164,-0.222661,9.14155e-05,False
rs5750211,89,165,-0.23385,3.92548e-05,False
rs5750211,89,166,-0.227646,6.40474e-05,False
rs5750211,89,167,-0.224543,8.13118e-05,False
rs5750211,89,168,-0.232966,4.37286e-05,False
rs5750211,89,169,-0.238873,2.82659e-05,False
rs5750211,89,170,-0.227685,6.67408e-05,False
rs5750211,89,171,-0.224591,8.30487e-05,False
rs5750211,89,172,-0.226823,7.13265e-05,False
rs5750211,89,173,-0.221718,0.000102153,False
rs5750211,89,174,-0.230552,5.29382e-05,False
rs5750211,89,175,-0.243079,2.03141e-05,False
rs5750211,89,176,-0.231248,5.07719e-05,False
rs5750211,89,177,-0.230592,5.18232e-05,False
rs5750211,89,178,-0.230184,5.33296e-05,False
rs5750211,89,179,-0.229102,5.66794e-05,False
rs5750211,89,180,-0.22907,5.47264e-05,False
rs5750211,89,181,-0.238928,2.5445e-05,False
rs5750211,89,182,-0.224913,7.29345e-05,False
rs5750211,89,183,-0.238187,2.54995e-05,False
rs5750211,89,184,-0.240944,1.98727e-05,False
rs5750211,89,185,-0.237823,2.40076e-05,False
rs5750211,89,186,-0.227496,5.22289e-05,False
rs5750211,89,187,-0.229988,4.08291e-05,False
rs5750211,89,188,-0.235422,2.49754e-05,False
rs5750211,89,189,-0.242172,1.38486e-05,False
rs5750211,89,190,-0.244091,1.15609e-05,False
rs5750211,89,191,-0.233712,2.55117e-05,False
rs5750211,89,192,-0.237043,1.85437e-05,False
rs5750211,89,193,-0.250313,5.67021e-06,False
rs5750211,89,194,-0.25083,5.30352e-06,False
rs5750211,89,195,-0.260958,2.02219e-06,False
rs5750211,89,196,-0.254258,3.49736e-06,False
rs5750211,89,197,-0.25037,4.67173e-06,False
rs5750211,89,198,-0.246829,6.15225e-06,False
rs5750211,89,199,-0.248538,5.31512e-06,False
rs5750211,89,200,-0.26416,1.22068e-06,False
rs5750211,89,201,-0.234618,1.61077e-05,False
rs5750211,89,202,-0.242316,8.36196e-06,False
rs5750211,89,203,-0.23937,1.07219e-05,False
rs5750211,89,204,-0.24673,5.78838e-06,False
rs5750211,89,205,-0.246415,5.91638e-06,False
rs5750211,89,206,-0.260214,1.74634e-06,False
rs5750211,89,207,-0.255844,2.61185e-06,False
rs5750211,89,208,-0.256595,2.53557e-06,False
rs5750211,89,209,-0.260508,1.84059e-06,False
rs5750211,89,210,-0.264718,1.32877e-06,False
rs5750211,89,211,-0.266554,1.17787e-06,False
rs5750211,89,212,-0.272814,7.12169e-07,False
rs5750211,89,213,-0.280395,4.01484e-07,False
rs5750211,89,214,-0.283798,3.27011e-07,False
rs5750211,89,215,-0.279414,5.63276e-07,False
rs5750211,89,216,-0.281395,5.09987e-07,False
rs5750211,89,217,-0.294243,1.7521e-07,False
rs5750211,89,218,-0.295076,1.98547e-07,False
rs5750211,89,219,-0.296529,2.06261e-07,False
rs5750211,89,220,-0.291206,4.10196e-07,False
rs5750211,89,221,-0.285036,8.7938e-07,False
rs5750211,89,222,-0.286523,9.43257e-07,False
rs5750211,89,223,-0.298183,4.33843e-07,False
rs5750211,89,224,-0.298794,5.2303e-07,False
rs5750211,89,225,-0.293187,1.05804e-06,False
rs5750211,89,226,-0.300443,7.41758e-07,False
rs5750211,89,227,-0.301226,8.82356e-07,False
rs5750211,89,228,-0.312522,4.48968e-07,False
rs5750211,89,229,-0.306566,9.90743e-07,False
rs5750211,89,230,-0.309685,1.03926e-06,False
rs5750211,89,231,-0.314817,9.36905e-07,False
rs5750211,89,232,-0.312213,1.49752e-06,False
rs5750211,89,233,-0.306951,2.96521e-06,False
rs5750211,89,234,-0.312808,2.57354e-06,False
rs5750211,89,235,-0.321286,1.88875e-06,False
rs5750211,89,236,-0.326649,1.69698e-06,False
rs5750211,89,237,-0.335417,1.19565e-06,False
rs5750211,89,238,-0.333795,1.83343e-06,False
rs5750211,89,239,-0.345029,1.14413e-06,False
rs5750211,89,240,-0.313896,1.26778e-05,False
rs5750211,89,241,-0.332081,4.93944e-06,False
rs5750211,89,242,-0.350255,2.00073e-06,False
rs5750211,89,243,-0.358454,1.50364e-06,False
rs5750211,89,244,-0.339359,6.77776e-06,False
rs5750211,89,245,-0.355418,3.2128e-06,False
rs5750211,89,246,-0.354106,4.40865e-06,False
rs5750211,89,247,-0.361653,3.55632e-06,False
rs5750211,89,248,-0.359631,4.98065e-06,False
rs5750211,89,249,-0.345937,1.3947e-05,False
rs5750211,89,250,-0.372509,3.62602e-06,False
rs5750211,89,251,-0.360903,8.38665e-06,False
rs5750211,90,7,-0.11864,0.0059067,False
rs5750211,90,8,-0.109078,0.0105445,False
rs5750211,90,9,-0.11187,0.00826538,False
rs5750211,90,10,-0.110974,0.00830593,False
rs5750211,90,11,-0.111244,0.00784881,False
rs5750211,90,12,-0.118375,0.00438817,False
rs5750211,90,13,-0.105817,0.0103453,False
rs5750211,90,14,-0.129995,0.00156215,False
rs5750211,90,15,-0.139954,0.000652538,False
rs5750211,90,16,-0.140302,0.000624471,False
rs5750211,90,17,-0.125522,0.00212382,False
rs5750211,90,18,-0.138988,0.000675804,False
rs5750211,90,19,-0.136082,0.000873884,False
rs5750211,90,20,-0.161194,8.1495e-05,False
rs5750211,90,21,-0.145428,0.00039254,False
rs5750211,90,22,-0.150945,0.000237402,False
rs5750211,90,23,-0.147028,0.000336074,False
rs5750211,90,24,-0.149549,0.000271303,False
rs5750211,90,25,-0.156273,0.000144402,False
rs5750211,90,26,-0.155421,0.000154828,False
rs5750211,90,27,-0.165134,6.31689e-05,False
rs5750211,90,28,-0.154059,0.000192781,False
rs5750211,90,29,-0.148444,0.000339106,False
rs5750211,90,30,-0.153299,0.000224067,False
rs5750211,90,31,-0.162455,9.49198e-05,False
rs5750211,90,32,-0.131802,0.0016051,False
rs5750211,90,33,-0.154437,0.000226423,False
rs5750211,90,34,-0.1469,0.000477609,False
rs5750211,90,35,-0.158033,0.000180576,False
rs5750211,90,36,-0.163807,0.000110199,False
rs5750211,90,37,-0.167735,7.93837e-05,False
rs5750211,90,38,-0.1605,0.000170151,False
rs5750211,90,39,-0.16831,8.59411e-05,False
rs5750211,90,40,-0.163768,0.000140555,False
rs5750211,90,41,-0.148441,0.000603604,False
rs5750211,90,42,-0.144876,0.0008524,False
rs5750211,90,43,-0.157065,0.00031861,False
rs5750211,90,44,-0.153849,0.0004475,False
rs5750211,90,45,-0.142055,0.00126129,False
rs5750211,90,46,-0.156986,0.000392347,False
rs5750211,90,47,-0.171847,0.000110503,False
rs5750211,90,48,-0.15845,0.000394789,False
rs5750211,90,49,-0.166563,0.00020824,False
rs5750211,90,50,-0.174198,0.000114618,False
rs5750211,90,51,-0.181132,6.59277e-05,False
rs5750211,90,52,-0.188975,3.5437e-05,False
rs5750211,90,53,-0.181003,8.3134e-05,False
rs5750211,90,54,-0.178195,0.000117151,False
rs5750211,90,55,-0.180977,9.78171e-05,False
rs5750211,90,56,-0.17387,0.000196926,False
rs5750211,90,57,-0.165954,0.00040968,False
rs5750211,90,58,-0.170449,0.000311846,False
rs5750211,90,59,-0.177505,0.000188981,False
rs5750211,90,60,-0.169104,0.000394974,False
rs5750211,90,61,-0.183192,0.000131489,False
rs5750211,90,62,-0.191499,7.09644e-05,False
rs5750211,90,63,-0.178568,0.000231858,False
rs5750211,90,64,-0.196803,5.54392e-05,False
rs5750211,90,65,-0.185812,0.000150202,False
rs5750211,90,66,-0.18056,0.000248198,False
rs5750211,90,67,-0.178723,0.00031072,False
rs5750211,90,68,-0.178059,0.000350987,False
rs5750211,90,69,-0.180616,0.00030552,False
rs5750211,90,70,-0.183683,0.000261829,False
rs5750211,90,71,-0.181639,0.000323188,False
rs5750211,90,72,-0.185413,0.000260182,False
rs5750211,90,73,-0.168804,0.000952239,False
rs5750211,90,74,-0.177631,0.000540294,False
rs5750211,90,75,-0.174836,0.000697558,False
rs5750211,90,76,-0.177508,0.000609189,False
rs5750211,90,77,-0.169606,0.00109416,False
rs5750211,90,78,-0.172498,0.000928354,False
rs5750211,90,79,-0.179732,0.000593886,False
rs5750211,90,80,-0.174322,0.000887817,False
rs5750211,90,81,-0.180858,0.00059619,False
rs5750211,90,82,-0.180345,0.000640761,False
rs5750211,90,83,-0.175699,0.000915501,False
rs5750211,90,84,-0.182224,0.000591192,False
rs5750211,90,85,-0.176439,0.000906122,False
rs5750211,90,86,-0.18727,0.000443374,False
rs5750211,90,87,-0.188122,0.000433204,False
rs5750211,90,88,-0.168676,0.00162849,False
rs5750211,90,89,-0.165478,0.00201699,False
rs5750211,90,90,-0.18048,0.000766679,False
rs5750211,90,91,-0.174152,0.00118357,False
rs5750211,90,92,-0.172739,0.00132663,False
rs5750211,90,93,-0.176841,0.00102642,False
rs5750211,90,94,-0.174085,0.00124242,False
rs5750211,90,95,-0.177591,0.000989538,False
rs5750211,90,96,-0.160465,0.00299234,False
rs5750211,90,97,-0.164512,0.00234959,False
rs5750211,90,98,-0.168566,0.00183445,False
rs5750211,90,99,-0.178465,0.000958169,False
rs5750211,90,100,-0.173294,0.00138884,False
rs5750211,90,101,-0.15422,0.00445817,False
rs5750211,90,102,-0.153477,0.0046489,False
rs5750211,90,103,-0.169867,0.00173352,False
rs5750211,90,104,-0.169596,0.00177443,False
rs5750211,90,105,-0.169635,0.00178906,False
rs5750211,90,106,-0.171579,0.00158634,False
rs5750211,90,107,-0.163985,0.00253711,False
rs5750211,90,108,-0.163886,0.00255109,False
rs5750211,90,109,-0.160297,0.00316645,False
rs5750211,90,110,-0.163138,0.00268117,False
rs5750211,90,111,-0.178522,0.00102724,False
rs5750211,90,112,-0.171758,0.00162858,False
rs5750211,90,113,-0.174578,0.00136333,False
rs5750211,90,114,-0.176658,0.00120977,False
rs5750211,90,115,-0.175688,0.00129453,False
rs5750211,90,116,-0.184235,0.000755591,False
rs5750211,90,117,-0.177291,0.00121661,False
rs5750211,90,118,-0.179173,0.00108794,False
rs5750211,90,119,-0.184631,0.000773183,False
rs5750211,90,120,-0.172195,0.00173117,False
rs5750211,90,121,-0.182469,0.000904604,False
rs5750211,90,122,-0.186296,0.000702613,False
rs5750211,90,123,-0.176851,0.00132209,False
rs5750211,90,124,-0.181275,0.000993817,False
rs5750211,90,125,-0.175245,0.00147546,False
rs5750211,90,126,-0.174679,0.00154407,False
rs5750211,90,127,-0.183788,0.000887335,False
rs5750211,90,128,-0.179674,0.00118435,False
rs5750211,90,129,-0.183962,0.000890867,False
rs5750211,90,130,-0.171305,0.002006,False
rs5750211,90,131,-0.171447,0.00199644,False
rs5750211,90,132,-0.186971,0.000742543,False
rs5750211,90,133,-0.182053,0.00101954,False
rs5750211,90,134,-0.182565,0.000994169,False
rs5750211,90,135,-0.191204,0.000558337,False
rs5750211,90,136,-0.188316,0.000683858,False
rs5750211,90,137,-0.189222,0.000665479,False
rs5750211,90,138,-0.174762,0.00168284,False
rs5750211,90,139,-0.185158,0.000874029,False
rs5750211,90,140,-0.192409,0.000545053,False
rs5750211,90,141,-0.206475,0.000209734,False
rs5750211,90,142,-0.210947,0.000151804,False
rs5750211,90,143,-0.207416,0.000196968,False
rs5750211,90,144,-0.199352,0.000349761,False
rs5750211,90,145,-0.202908,0.000280243,False
rs5750211,90,146,-0.203034,0.000284938,False
rs5750211,90,147,-0.197415,0.000421968,False
rs5750211,90,148,-0.188985,0.000742482,False
rs5750211,90,149,-0.204581,0.000268056,False
rs5750211,90,150,-0.210272,0.000182776,False
rs5750211,90,151,-0.195811,0.000502471,False
rs5750211,90,152,-0.202106,0.000333695,False
rs5750211,90,153,-0.211579,0.000176236,False
rs5750211,90,154,-0.205239,0.00027899,False
rs5750211,90,155,-0.210487,0.000196763,False
rs5750211,90,156,-0.200575,0.000391571,False
rs5750211,90,157,-0.204478,0.000307325,False
rs5750211,90,158,-0.203294,0.000337854,False
rs5750211,90,159,-0.210532,0.000209026,False
rs5750211,90,160,-0.214046,0.000168173,False
rs5750211,90,161,-0.210658,0.000214742,False
rs5750211,90,162,-0.216327,0.000149348,False
rs5750211,90,163,-0.210671,0.000223178,False
rs5750211,90,164,-0.209727,0.000239979,False
rs5750211,90,165,-0.221317,0.000106242,False
rs5750211,90,166,-0.2276,6.80674e-05,False
rs5750211,90,167,-0.22751,6.98583e-05,False
rs5750211,90,168,-0.236123,3.60786e-05,False
rs5750211,90,169,-0.214067,0.000184425,False
rs5750211,90,170,-0.235159,3.97386e-05,False
rs5750211,90,171,-0.233425,4.47056e-05,False
rs5750211,90,172,-0.219216,0.000128655,False
rs5750211,90,173,-0.232454,4.84457e-05,False
rs5750211,90,174,-0.230249,5.62922e-05,False
rs5750211,90,175,-0.228565,6.27257e-05,False
rs5750211,90,176,-0.227642,6.60774e-05,False
rs5750211,90,177,-0.240171,2.5266e-05,False
rs5750211,90,178,-0.231693,4.76447e-05,False
rs5750211,90,179,-0.228029,6.13821e-05,False
rs5750211,90,180,-0.218908,0.000115396,False
rs5750211,90,181,-0.221824,9.02743e-05,False
rs5750211,90,182,-0.233338,3.665e-05,False
rs5750211,90,183,-0.229602,4.76684e-05,False
rs5750211,90,184,-0.237168,2.61658e-05,False
rs5750211,90,185,-0.242641,1.62505e-05,False
rs5750211,90,186,-0.256325,4.71583e-06,False
rs5750211,90,187,-0.260348,3.13719e-06,False
rs5750211,90,188,-0.246284,9.96709e-06,False
rs5750211,90,189,-0.253607,5.07878e-06,False
rs5750211,90,190,-0.251995,5.45822e-06,False
rs5750211,90,191,-0.243529,1.09205e-05,False
rs5750211,90,192,-0.24248,1.0908e-05,False
rs5750211,90,193,-0.231153,2.64544e-05,False
rs5750211,90,194,-0.230943,2.57091e-05,False
rs5750211,90,195,-0.239833,1.20642e-05,False
rs5750211,90,196,-0.246557,6.59695e-06,False
rs5750211,90,197,-0.252117,3.97703e-06,False
rs5750211,90,198,-0.245426,6.81392e-06,False
rs5750211,90,199,-0.238303,1.21896e-05,False
rs5750211,90,200,-0.233922,1.75012e-05,False
rs5750211,90,201,-0.233563,1.78611e-05,False
rs5750211,90,202,-0.231662,2.08076e-05,False
rs5750211,90,203,-0.233251,1.80672e-05,False
rs5750211,90,204,-0.227125,3.02724e-05,False
rs5750211,90,205,-0.236879,1.36173e-05,False
rs5750211,90,206,-0.236056,1.50561e-05,False
rs5750211,90,207,-0.238332,1.27766e-05,False
rs5750211,90,208,-0.245448,7.17644e-06,False
rs5750211,90,209,-0.257416,2.57061e-06,False
rs5750211,90,210,-0.260195,2.1322e-06,False
rs5750211,90,211,-0.264505,1.58364e-06,False
rs5750211,90,212,-0.278467,4.83915e-07,False
rs5750211,90,213,-0.278352,5.5353e-07,False
rs5750211,90,214,-0.269922,1.32291e-06,False
rs5750211,90,215,-0.278665,6.82762e-07,False
rs5750211,90,216,-0.290372,2.70047e-07,False
rs5750211,90,217,-0.279782,8.48499e-07,False
rs5750211,90,218,-0.286485,5.48981e-07,False
rs5750211,90,219,-0.282696,9.35206e-07,False
rs5750211,90,220,-0.279804,1.4375e-06,False
rs5750211,90,221,-0.28251,1.41591e-06,False
rs5750211,90,222,-0.283042,1.64394e-06,False
rs5750211,90,223,-0.2643,9.25123e-06,False
rs5750211,90,224,-0.288202,1.68085e-06,False
rs5750211,90,225,-0.282489,3.50438e-06,False
rs5750211,90,226,-0.268638,1.24344e-05,False
rs5750211,90,227,-0.284502,4.63739e-06,False
rs5750211,90,228,-0.301282,1.60058e-06,False
rs5750211,90,229,-0.29246,4.15022e-06,False
rs5750211,90,230,-0.294281,4.70401e-06,False
rs5750211,90,231,-0.290863,7.81556e-06,False
rs5750211,90,232,-0.289397,1.09161e-05,False
rs5750211,90,233,-0.301363,6.127e-06,False
rs5750211,90,234,-0.308808,4.61997e-06,False
rs5750211,90,235,-0.306477,7.07971e-06,False
rs5750211,90,236,-0.317685,4.36717e-06,False
rs5750211,90,237,-0.303648,1.38661e-05,False
rs5750211,90,238,-0.3109,1.09752e-05,False
rs5750211,90,239,-0.308581,1.66733e-05,False
rs5750211,90,240,-0.326684,6.57267e-06,False
rs5750211,90,241,-0.327162,8.13286e-06,False
rs5750211,90,242,-0.33427,6.50984e-06,False
rs5750211,90,243,-0.338471,6.42807e-06,False
rs5750211,90,244,-0.338423,8.14198e-06,False
rs5750211,90,245,-0.33774,1.05929e-05,False
rs5750211,90,246,-0.355508,4.46769e-06,False
rs5750211,90,247,-0.347324,9.07695e-06,False
rs5750211,90,248,-0.343103,1.40494e-05,False
rs5750211,90,249,-0.341108,1.89086e-05,False
rs5750211,90,250,-0.328836,4.34596e-05,False
rs5750211,90,251,-0.343575,2.26134e-05,False
rs5750211,91,7,-0.140405,0.00117582,False
rs5750211,91,8,-0.130872,0.00224892,False
rs5750211,91,9,-0.121339,0.00425299,False
rs5750211,91,10,-0.13929,0.000928733,False
rs5750211,91,11,-0.131413,0.00164651,False
rs5750211,91,12,-0.123758,0.00282215,False
rs5750211,91,13,-0.131432,0.00142281,False
rs5750211,91,14,-0.132778,0.00121316,False
rs5750211,91,15,-0.11542,0.0047919,False
rs5750211,91,16,-0.13293,0.00112465,False
rs5750211,91,17,-0.140239,0.000568441,False
rs5750211,91,18,-0.131656,0.00122518,False
rs5750211,91,19,-0.14987,0.000230588,False
rs5750211,91,20,-0.141007,0.00054028,False
rs5750211,91,21,-0.126988,0.00184799,False
rs5750211,91,22,-0.135996,0.000858995,False
rs5750211,91,23,-0.147254,0.000302081,False
rs5750211,91,24,-0.145674,0.000365822,False
rs5750211,91,25,-0.133775,0.00110331,False
rs5750211,91,26,-0.148888,0.000288312,False
rs5750211,91,27,-0.149096,0.000288995,False
rs5750211,91,28,-0.119361,0.0038107,False
rs5750211,91,29,-0.120743,0.00345946,False
rs5750211,91,30,-0.143818,0.000517169,False
rs5750211,91,31,-0.141381,0.000675795,False
rs5750211,91,32,-0.148095,0.000380148,False
rs5750211,91,33,-0.147565,0.00041766,False
rs5750211,91,34,-0.131796,0.00166677,False
rs5750211,91,35,-0.148519,0.000418246,False
rs5750211,91,36,-0.1522,0.000313816,False
rs5750211,91,37,-0.158802,0.00018173,False
rs5750211,91,38,-0.15524,0.000267212,False
rs5750211,91,39,-0.169157,7.35431e-05,False
rs5750211,91,40,-0.174373,4.77652e-05,False
rs5750211,91,41,-0.152239,0.000405513,False
rs5750211,91,42,-0.147127,0.000677165,False
rs5750211,91,43,-0.153066,0.000432099,False
rs5750211,91,44,-0.15369,0.000418484,False
rs5750211,91,45,-0.173416,7.64733e-05,False
rs5750211,91,46,-0.162758,0.000222123,False
rs5750211,91,47,-0.166404,0.000168375,False
rs5750211,91,48,-0.178314,6.16485e-05,False
rs5750211,91,49,-0.16788,0.000171057,False
rs5750211,91,50,-0.16371,0.000269058,False
rs5750211,91,51,-0.168655,0.000189074,False
rs5750211,91,52,-0.16187,0.000368983,False
rs5750211,91,53,-0.163884,0.000337176,False
rs5750211,91,54,-0.168478,0.000245436,False
rs5750211,91,55,-0.155076,0.000789747,False
rs5750211,91,56,-0.161398,0.000510085,False
rs5750211,91,57,-0.166976,0.000352372,False
rs5750211,91,58,-0.175139,0.000191098,False
rs5750211,91,59,-0.170858,0.000289669,False
rs5750211,91,60,-0.181139,0.000133033,False
rs5750211,91,61,-0.173219,0.000287488,False
rs5750211,91,62,-0.151375,0.00159302,False
rs5750211,91,63,-0.165094,0.000602331,False
rs5750211,91,64,-0.150577,0.00188936,False
rs5750211,91,65,-0.166527,0.000631565,False
rs5750211,91,66,-0.163064,0.000884259,False
rs5750211,91,67,-0.169584,0.000583617,False
rs5750211,91,68,-0.156737,0.00157515,False
rs5750211,91,69,-0.160984,0.00124642,False
rs5750211,91,70,-0.167158,0.000843709,False
rs5750211,91,71,-0.166355,0.000958046,False
rs5750211,91,72,-0.162348,0.00132728,False
rs5750211,91,73,-0.180978,0.000369098,False
rs5750211,91,74,-0.170775,0.000825344,False
rs5750211,91,75,-0.163357,0.00146239,False
rs5750211,91,76,-0.179727,0.000495885,False
rs5750211,91,77,-0.174816,0.000744963,False
rs5750211,91,78,-0.170653,0.00103445,False
rs5750211,91,79,-0.159837,0.0022332,False
rs5750211,91,80,-0.167549,0.00139904,False
rs5750211,91,81,-0.177316,0.000740288,False
rs5750211,91,82,-0.186825,0.000402331,False
rs5750211,91,83,-0.178353,0.00075023,False
rs5750211,91,84,-0.18382,0.000539589,False
rs5750211,91,85,-0.182546,0.000605533,False
rs5750211,91,86,-0.184716,0.000539736,False
rs5750211,91,87,-0.187373,0.000456473,False
rs5750211,91,88,-0.176828,0.000955664,False
rs5750211,91,89,-0.191126,0.000362884,False
rs5750211,91,90,-0.17509,0.00112834,False
rs5750211,91,91,-0.18053,0.000803921,False
rs5750211,91,92,-0.189496,0.000443643,False
rs5750211,91,93,-0.181716,0.000764118,False
rs5750211,91,94,-0.167672,0.00191061,False
rs5750211,91,95,-0.169842,0.00168793,False
rs5750211,91,96,-0.16832,0.0018895,False
rs5750211,91,97,-0.176913,0.00109843,False
rs5750211,91,98,-0.18061,0.000878618,False
rs5750211,91,99,-0.187517,0.000552312,False
rs5750211,91,100,-0.182162,0.000810165,False
rs5750211,91,101,-0.182868,0.000783594,False
rs5750211,91,102,-0.183042,0.00077626,False
rs5750211,91,103,-0.183909,0.000745173,False
rs5750211,91,104,-0.164831,0.00253189,False
rs5750211,91,105,-0.169791,0.0018855,False
rs5750211,91,106,-0.18165,0.000895756,False
rs5750211,91,107,-0.186838,0.000637512,False
rs5750211,91,108,-0.187984,0.000586295,False
rs5750211,91,109,-0.198692,0.00028508,False
rs5750211,91,110,-0.201142,0.000244308,False
rs5750211,91,111,-0.182295,0.000895973,False
rs5750211,91,112,-0.188617,0.000594223,False
rs5750211,91,113,-0.191235,0.000502116,False
rs5750211,91,114,-0.185448,0.000751168,False
rs5750211,91,115,-0.191304,0.000522695,False
rs5750211,91,116,-0.197013,0.000354922,False
rs5750211,91,117,-0.186352,0.000738796,False
rs5750211,91,118,-0.17478,0.00154984,False
rs5750211,91,119,-0.17932,0.00117645,False
rs5750211,91,120,-0.175628,0.00152308,False
rs5750211,91,121,-0.194618,0.00045559,False
rs5750211,91,122,-0.203524,0.000248827,False
rs5750211,91,123,-0.194304,0.000485445,False
rs5750211,91,124,-0.179998,0.00124244,False
rs5750211,91,125,-0.171196,0.00214524,False
rs5750211,91,126,-0.17938,0.00128771,False
rs5750211,91,127,-0.195669,0.000455613,False
rs5750211,91,128,-0.180577,0.00122537,False
rs5750211,91,129,-0.180506,0.00123886,False
rs5750211,91,130,-0.17671,0.00157477,False
rs5750211,91,131,-0.183529,0.00104958,False
rs5750211,91,132,-0.195578,0.000477939,False
rs5750211,91,133,-0.198613,0.000384562,False
rs5750211,91,134,-0.200959,0.000330843,False
rs5750211,91,135,-0.196693,0.000445646,False
rs5750211,91,136,-0.184091,0.00101909,False
rs5750211,91,137,-0.186243,0.000897522,False
rs5750211,91,138,-0.199012,0.000390448,False
rs5750211,91,139,-0.214778,0.000132845,False
rs5750211,91,140,-0.217021,0.000111733,False
rs5750211,91,141,-0.215783,0.000123682,False
rs5750211,91,142,-0.199874,0.000381376,False
rs5750211,91,143,-0.197498,0.0004484,False
rs5750211,91,144,-0.196004,0.000500589,False
rs5750211,91,145,-0.19549,0.000520504,False
rs5750211,91,146,-0.183342,0.00116053,False
rs5750211,91,147,-0.206632,0.000250099,False
rs5750211,91,148,-0.204112,0.000298844,False
rs5750211,91,149,-0.22351,7.6487e-05,False
rs5750211,91,150,-0.222468,8.4306e-05,False
rs5750211,91,151,-0.219532,0.000103953,False
rs5750211,91,152,-0.217209,0.000126235,False
rs5750211,91,153,-0.20799,0.000247296,False
rs5750211,91,154,-0.198961,0.000459287,False
rs5750211,91,155,-0.206373,0.000281002,False
rs5750211,91,156,-0.204733,0.000321199,False
rs5750211,91,157,-0.209783,0.000230646,False
rs5750211,91,158,-0.204827,0.000332266,False
rs5750211,91,159,-0.20527,0.000321745,False
rs5750211,91,160,-0.210284,0.000230373,False
rs5750211,91,161,-0.19167,0.000801861,False
rs5750211,91,162,-0.199615,0.000485576,False
rs5750211,91,163,-0.193487,0.000715981,False
rs5750211,91,164,-0.196716,0.000585996,False
rs5750211,91,165,-0.191615,0.000814191,False
rs5750211,91,166,-0.189705,0.000920892,False
rs5750211,91,167,-0.201396,0.000442119,False
rs5750211,91,168,-0.201922,0.000428201,False
rs5750211,91,169,-0.209855,0.000252178,False
rs5750211,91,170,-0.225758,8.06011e-05,False
rs5750211,91,171,-0.217286,0.000147523,False
rs5750211,91,172,-0.214411,0.000179766,False
rs5750211,91,173,-0.216118,0.000158637,False
rs5750211,91,174,-0.210062,0.00023404,False
rs5750211,91,175,-0.204777,0.00033556,False
rs5750211,91,176,-0.217457,0.000137136,False
rs5750211,91,177,-0.209368,0.000237531,False
rs5750211,91,178,-0.212623,0.000186565,False
rs5750211,91,179,-0.219532,0.000112331,False
rs5750211,91,180,-0.228717,5.37626e-05,False
rs5750211,91,181,-0.221883,8.82301e-05,False
rs5750211,91,182,-0.213863,0.0001511,False
rs5750211,91,183,-0.22392,6.88816e-05,False
rs5750211,91,184,-0.232686,3.43817e-05,False
rs5750211,91,185,-0.235912,2.49337e-05,False
rs5750211,91,186,-0.221701,7.03402e-05,False
rs5750211,91,187,-0.23898,1.73422e-05,False
rs5750211,91,188,-0.23501,2.37874e-05,False
rs5750211,91,189,-0.237255,1.8929e-05,False
rs5750211,91,190,-0.260999,2.42828e-06,False
rs5750211,91,191,-0.250832,5.46607e-06,False
rs5750211,91,192,-0.246617,7.3869e-06,False
rs5750211,91,193,-0.237753,1.44516e-05,False
rs5750211,91,194,-0.235654,1.67201e-05,False
rs5750211,91,195,-0.241688,9.91732e-06,False
rs5750211,91,196,-0.23661,1.48022e-05,False
rs5750211,91,197,-0.248155,5.59485e-06,False
rs5750211,91,198,-0.259137,2.04433e-06,False
rs5750211,91,199,-0.234728,1.6527e-05,False
rs5750211,91,200,-0.237302,1.30336e-05,False
rs5750211,91,201,-0.237691,1.25223e-05,False
rs5750211,91,202,-0.248326,5.11245e-06,False
rs5750211,91,203,-0.233258,1.8656e-05,False
rs5750211,91,204,-0.250535,4.47114e-06,False
rs5750211,91,205,-0.252648,3.74552e-06,False
rs5750211,91,206,-0.248482,5.48834e-06,False
rs5750211,91,207,-0.245516,7.33758e-06,False
rs5750211,91,208,-0.259973,2.22943e-06,False
rs5750211,91,209,-0.273933,6.36929e-07,False
rs5750211,91,210,-0.27154,9.01176e-07,False
rs5750211,91,211,-0.271613,9.99496e-07,False
rs5750211,91,212,-0.27347,9.61704e-07,False
rs5750211,91,213,-0.268156,1.68407e-06,False
rs5750211,91,214,-0.262818,3.09411e-06,False
rs5750211,91,215,-0.252862,8.25667e-06,False
rs5750211,91,216,-0.263431,3.77834e-06,False
rs5750211,91,217,-0.261581,5.35728e-06,False
rs5750211,91,218,-0.256984,9.14136e-06,False
rs5750211,91,219,-0.26565,5.27359e-06,False
rs5750211,91,220,-0.259228,1.04583e-05,False
rs5750211,91,221,-0.266224,7.12582e-06,False
rs5750211,91,222,-0.271568,5.77671e-06,False
rs5750211,91,223,-0.275269,5.2577e-06,False
rs5750211,91,224,-0.284119,3.21725e-06,False
rs5750211,91,225,-0.294805,1.74511e-06,False
rs5750211,91,226,-0.301866,1.30091e-06,False
rs5750211,91,227,-0.299134,2.02839e-06,False
rs5750211,91,228,-0.305465,1.59847e-06,False
rs5750211,91,229,-0.300214,3.13171e-06,False
rs5750211,91,230,-0.306594,2.5435e-06,False
rs5750211,91,231,-0.318941,1.29071e-06,False
rs5750211,91,232,-0.329553,7.92463e-07,False
rs5750211,91,233,-0.309361,4.60183e-06,False
rs5750211,91,234,-0.325197,1.91984e-06,False
rs5750211,91,235,-0.328296,2.04986e-06,False
rs5750211,91,236,-0.330445,2.29597e-06,False
rs5750211,91,237,-0.331061,2.83429e-06,False
rs5750211,91,238,-0.350512,9.36262e-07,False
rs5750211,91,239,-0.34783,1.50434e-06,False
rs5750211,91,240,-0.3285,7.0405e-06,False
rs5750211,91,241,-0.346217,2.76043e-06,False
rs5750211,91,242,-0.336666,6.59311e-06,False
rs5750211,91,243,-0.359453,1.90124e-06,False
rs5750211,91,244,-0.364536,1.75658e-06,False
rs5750211,91,245,-0.35447,4.20662e-06,False
rs5750211,91,246,-0.35437,5.19228e-06,False
rs5750211,91,247,-0.359273,4.67113e-06,False
rs5750211,91,248,-0.365486,3.96336e-06,False
rs5750211,91,249,-0.369369,3.8455e-06,False
rs5750211,91,250,-0.378583,2.63721e-06,False
rs5750211,91,251,-0.385219,2.08366e-06,False
rs5750211,92,7,-0.127572,0.00333544,False
rs5750211,92,8,-0.123307,0.00417325,False
rs5750211,92,9,-0.130887,0.0021735,False
rs5750211,92,10,-0.144299,0.000638919,False
rs5750211,92,11,-0.125645,0.00267468,False
rs5750211,92,12,-0.137635,0.000934017,False
rs5750211,92,13,-0.128631,0.00187228,False
rs5750211,92,14,-0.146653,0.000352004,False
rs5750211,92,15,-0.140498,0.000593406,False
rs5750211,92,16,-0.149987,0.000240924,False
rs5750211,92,17,-0.146108,0.00033411,False
rs5750211,92,18,-0.161499,7.16435e-05,False
rs5750211,92,19,-0.161402,7.45078e-05,False
rs5750211,92,20,-0.150732,0.000205007,False
rs5750211,92,21,-0.161628,7.28011e-05,False
rs5750211,92,22,-0.171276,2.66299e-05,False
rs5750211,92,23,-0.157335,0.000113317,False
rs5750211,92,24,-0.154633,0.000151398,False
rs5750211,92,25,-0.157807,0.000110001,False
rs5750211,92,26,-0.14359,0.000447078,False
rs5750211,92,27,-0.148263,0.000299636,False
rs5750211,92,28,-0.160572,9.58106e-05,False
rs5750211,92,29,-0.142212,0.000571279,False
rs5750211,92,30,-0.147951,0.000340709,False
rs5750211,92,31,-0.14519,0.000458436,False
rs5750211,92,32,-0.160639,0.000111557,False
rs5750211,92,33,-0.152882,0.000253502,False
rs5750211,92,34,-0.146664,0.000468702,False
rs5750211,92,35,-0.153062,0.000271876,False
rs5750211,92,36,-0.167124,7.45538e-05,False
rs5750211,92,37,-0.157434,0.000200772,False
rs5750211,92,38,-0.151102,0.000369141,False
rs5750211,92,39,-0.139405,0.00107697,False
rs5750211,92,40,-0.152802,0.000364337,False
rs5750211,92,41,-0.15964,0.000207231,False
rs5750211,92,42,-0.161741,0.000177963,False
rs5750211,92,43,-0.173408,6.46364e-05,False
rs5750211,92,44,-0.159272,0.000257414,False
rs5750211,92,45,-0.171208,9.00828e-05,False
rs5750211,92,46,-0.163216,0.000208495,False
rs5750211,92,47,-0.159836,0.000298821,False
rs5750211,92,48,-0.16704,0.000165565,False
rs5750211,92,49,-0.160327,0.000320081,False
rs5750211,92,50,-0.165181,0.000224526,False
rs5750211,92,51,-0.165252,0.00023301,False
rs5750211,92,52,-0.164364,0.000280931,False
rs5750211,92,53,-0.171111,0.000166615,False
rs5750211,92,54,-0.1778,9.86379e-05,False
rs5750211,92,55,-0.175148,0.000133468,False
rs5750211,92,56,-0.179032,0.000102333,False
rs5750211,92,57,-0.171299,0.000217104,False
rs5750211,92,58,-0.172125,0.00022197,False
rs5750211,92,59,-0.173214,0.000222277,False
rs5750211,92,60,-0.170928,0.000287413,False
rs5750211,92,61,-0.173379,0.000254889,False
rs5750211,92,62,-0.164892,0.000541524,False
rs5750211,92,63,-0.171411,0.000340461,False
rs5750211,92,64,-0.1713,0.000375113,False
rs5750211,92,65,-0.166862,0.000571417,False
rs5750211,92,66,-0.168938,0.000524439,False
rs5750211,92,67,-0.16458,0.000794397,False
rs5750211,92,68,-0.176156,0.000349853,False
rs5750211,92,69,-0.179293,0.000295503,False
rs5750211,92,70,-0.175162,0.000437364,False
rs5750211,92,71,-0.160336,0.00135936,False
rs5750211,92,72,-0.185614,0.000224527,False
rs5750211,92,73,-0.193995,0.000125518,False
rs5750211,92,74,-0.186694,0.000238899,False
rs5750211,92,75,-0.181883,0.000373839,False
rs5750211,92,76,-0.181883,0.000402117,False
rs5750211,92,77,-0.174046,0.000750816,False
rs5750211,92,78,-0.17664,0.000655377,False
rs5750211,92,79,-0.166638,0.00136523,False
rs5750211,92,80,-0.1708,0.0010762,False
rs5750211,92,81,-0.18238,0.00050396,False
rs5750211,92,82,-0.1764,0.000798477,False
rs5750211,92,83,-0.176221,0.000864967,False
rs5750211,92,84,-0.169171,0.00141469,False
rs5750211,92,85,-0.165175,0.00188929,False
rs5750211,92,86,-0.167995,0.00161017,False
rs5750211,92,87,-0.166151,0.00187792,False
rs5750211,92,88,-0.178393,0.000870483,False
rs5750211,92,89,-0.174938,0.00112091,False
rs5750211,92,90,-0.178302,0.000929738,False
rs5750211,92,91,-0.172549,0.00137034,False
rs5750211,92,92,-0.177465,0.00102405,False
rs5750211,92,93,-0.167171,0.00201548,False
rs5750211,92,94,-0.187532,0.000543821,False
rs5750211,92,95,-0.175366,0.00124858,False
rs5750211,92,96,-0.185924,0.000624118,False
rs5750211,92,97,-0.19243,0.000403727,False
rs5750211,92,98,-0.178926,0.00102566,False
rs5750211,92,99,-0.169599,0.00186488,False
rs5750211,92,100,-0.170528,0.00178364,False
rs5750211,92,101,-0.177223,0.00118519,False
rs5750211,92,102,-0.170529,0.00180185,False
rs5750211,92,103,-0.189259,0.000534596,False
rs5750211,92,104,-0.193078,0.000423848,False
rs5750211,92,105,-0.180969,0.000971835,False
rs5750211,92,106,-0.186349,0.00068202,False
rs5750211,92,107,-0.186907,0.000674995,False
rs5750211,92,108,-0.184594,0.000796152,False
rs5750211,92,109,-0.185588,0.000752001,False
rs5750211,92,110,-0.192095,0.000498015,False
rs5750211,92,111,-0.190366,0.000560767,False
rs5750211,92,112,-0.20093,0.000275229,False
rs5750211,92,113,-0.196007,0.000389866,False
rs5750211,92,114,-0.192615,0.000501834,False
rs5750211,92,115,-0.194499,0.000452864,False
rs5750211,92,116,-0.184832,0.000874838,False
rs5750211,92,117,-0.182574,0.00101262,False
rs5750211,92,118,-0.196542,0.000410562,False
rs5750211,92,119,-0.196207,0.000428231,False
rs5750211,92,120,-0.193555,0.000520489,False
rs5750211,92,121,-0.190134,0.000662412,False
rs5750211,92,122,-0.192264,0.000569983,False
rs5750211,92,123,-0.187926,0.000783995,False
rs5750211,92,124,-0.190802,0.00065573,False
rs5750211,92,125,-0.183397,0.00107824,False
rs5750211,92,126,-0.185759,0.000925006,False
rs5750211,92,127,-0.181668,0.001211,False
rs5750211,92,128,-0.19249,0.000611476,False
rs5750211,92,129,-0.194692,0.000527696,False
rs5750211,92,130,-0.192108,0.000639895,False
rs5750211,92,131,-0.192819,0.000617089,False
rs5750211,92,132,-0.192244,0.000642626,False
rs5750211,92,133,-0.202448,0.000328978,False
rs5750211,92,134,-0.200072,0.000391399,False
rs5750211,92,135,-0.200612,0.000377267,False
rs5750211,92,136,-0.192007,0.000676958,False
rs5750211,92,137,-0.210128,0.000201412,False
rs5750211,92,138,-0.213954,0.000153966,False
rs5750211,92,139,-0.207887,0.000239805,False
rs5750211,92,140,-0.209285,0.00021523,False
rs5750211,92,141,-0.212806,0.000170455,False
rs5750211,92,142,-0.213337,0.000164164,False
rs5750211,92,143,-0.212041,0.000180735,False
rs5750211,92,144,-0.203535,0.000322477,False
rs5750211,92,145,-0.211342,0.000192098,False
rs5750211,92,146,-0.214212,0.000156756,False
rs5750211,92,147,-0.217014,0.000129954,False
rs5750211,92,148,-0.213949,0.000165341,False
rs5750211,92,149,-0.218952,0.000116035,False
rs5750211,92,150,-0.207834,0.00025558,False
rs5750211,92,151,-0.209993,0.000226157,False
rs5750211,92,152,-0.20705,0.000277092,False
rs5750211,92,153,-0.205231,0.000320067,False
rs5750211,92,154,-0.226441,7.22211e-05,False
rs5750211,92,155,-0.213111,0.000185413,False
rs5750211,92,156,-0.217368,0.000140164,False
rs5750211,92,157,-0.212022,0.000207549,False
rs5750211,92,158,-0.222896,9.65536e-05,False
rs5750211,92,159,-0.219798,0.000122746,False
rs5750211,92,160,-0.213627,0.000188735,False
rs5750211,92,161,-0.214,0.000184141,False
rs5750211,92,162,-0.217369,0.000147025,False
rs5750211,92,163,-0.234095,4.442e-05,False
rs5750211,92,164,-0.226099,8.09982e-05,False
rs5750211,92,165,-0.220121,0.000122789,False
rs5750211,92,166,-0.206325,0.000321891,False
rs5750211,92,167,-0.214302,0.000187634,False
rs5750211,92,168,-0.226274,7.97562e-05,False
rs5750211,92,169,-0.234052,4.38497e-05,False
rs5750211,92,170,-0.229156,6.32782e-05,False
rs5750211,92,171,-0.225779,8.00028e-05,False
rs5750211,92,172,-0.224796,8.58868e-05,False
rs5750211,92,173,-0.229468,5.81239e-05,False
rs5750211,92,174,-0.22905,6.01999e-05,False
rs5750211,92,175,-0.233891,4.01508e-05,False
rs5750211,92,176,-0.22901,5.48598e-05,False
rs5750211,92,177,-0.233378,3.8887e-05,False
rs5750211,92,178,-0.224511,7.2559e-05,False
rs5750211,92,179,-0.232478,3.84692e-05,False
rs5750211,92,180,-0.23279,3.66415e-05,False
rs5750211,92,181,-0.246036,1.22583e-05,False
rs5750211,92,182,-0.235226,2.71524e-05,False
rs5750211,92,183,-0.238218,2.11108e-05,False
rs5750211,92,184,-0.241408,1.56148e-05,False
rs5750211,92,185,-0.258877,3.40171e-06,False
rs5750211,92,186,-0.249877,7.06607e-06,False
rs5750211,92,187,-0.251881,5.55417e-06,False
rs5750211,92,188,-0.261437,2.25838e-06,False
rs5750211,92,189,-0.265412,1.46027e-06,False
rs5750211,92,190,-0.268511,1.05939e-06,False
rs5750211,92,191,-0.261528,1.94674e-06,False
rs5750211,92,192,-0.265146,1.33929e-06,False
rs5750211,92,193,-0.263175,1.54344e-06,False
rs5750211,92,194,-0.2792,3.23451e-07,False
rs5750211,92,195,-0.27101,6.88039e-07,False
rs5750211,92,196,-0.248527,5.2183e-06,False
rs5750211,92,197,-0.242755,8.5581e-06,False
rs5750211,92,198,-0.242032,8.79938e-06,False
rs5750211,92,199,-0.243189,7.88573e-06,False
rs5750211,92,200,-0.249258,4.4912e-06,False
rs5750211,92,201,-0.252773,3.34954e-06,False
rs5750211,92,202,-0.25198,3.60801e-06,False
rs5750211,92,203,-0.251418,3.91084e-06,False
rs5750211,92,204,-0.243927,7.63232e-06,False
rs5750211,92,205,-0.239237,1.18319e-05,False
rs5750211,92,206,-0.259183,2.19602e-06,False
rs5750211,92,207,-0.255115,3.45331e-06,False
rs5750211,92,208,-0.266849,1.28218e-06,False
rs5750211,92,209,-0.261817,2.21002e-06,False
rs5750211,92,210,-0.250559,6.41156e-06,False
rs5750211,92,211,-0.259206,3.42271e-06,False
rs5750211,92,212,-0.264744,2.4001e-06,False
rs5750211,92,213,-0.260791,3.7504e-06,False
rs5750211,92,214,-0.258999,4.8829e-06,False
rs5750211,92,215,-0.26681,2.95005e-06,False
rs5750211,92,216,-0.274117,1.89241e-06,False
rs5750211,92,217,-0.262784,5.95797e-06,False
rs5750211,92,218,-0.25573,1.21755e-05,False
rs5750211,92,219,-0.258844,1.12647e-05,False
rs5750211,92,220,-0.274259,3.90904e-06,False
rs5750211,92,221,-0.273037,5.43263e-06,False
rs5750211,92,222,-0.261947,1.55017e-05,False
rs5750211,92,223,-0.273358,7.88898e-06,False
rs5750211,92,224,-0.294753,1.90693e-06,False
rs5750211,92,225,-0.27352,1.20578e-05,False
rs5750211,92,226,-0.285865,6.0748e-06,False
rs5750211,92,227,-0.272827,1.94947e-05,False
rs5750211,92,228,-0.281308,1.3286e-05,False
rs5750211,92,229,-0.289386,9.53903e-06,False
rs5750211,92,230,-0.314259,1.96538e-06,False
rs5750211,92,231,-0.309023,3.84489e-06,False
rs5750211,92,232,-0.295833,1.21826e-05,False
rs5750211,92,233,-0.312919,4.81844e-06,False
rs5750211,92,234,-0.331272,1.65543e-06,False
rs5750211,92,235,-0.318846,5.15444e-06,False
rs5750211,92,236,-0.314012,9.10507e-06,False
rs5750211,92,237,-0.319407,7.92006e-06,False
rs5750211,92,238,-0.341863,2.20915e-06,False
rs5750211,92,239,-0.320697,1.09947e-05,False
rs5750211,92,240,-0.315594,1.88938e-05,False
rs5750211,92,241,-0.341309,4.56553e-06,False
rs5750211,92,242,-0.352236,2.81551e-06,False
rs5750211,92,243,-0.356026,2.72015e-06,False
rs5750211,92,244,-0.347638,5.80643e-06,False
rs5750211,92,245,-0.345635,7.87509e-06,False
rs5750211,92,246,-0.344541,9.98573e-06,False
rs5750211,92,247,-0.357026,5.8365e-06,False
rs5750211,92,248,-0.351699,9.33608e-06,False
rs5750211,92,249,-0.346827,1.49649e-05,False
rs5750211,92,250,-0.334184,3.50116e-05,False
rs5750211,92,251,-0.347955,1.84727e-05,False
rs5750211,93,7,-0.1478,0.000644417,False
rs5750211,93,8,-0.163177,0.000139147,False
rs5750211,93,9,-0.164417,0.000105278,False
rs5750211,93,10,-0.165289,8.16412e-05,False
rs5750211,93,11,-0.162816,9.15615e-05,False
rs5750211,93,12,-0.162733,8.14263e-05,False
rs5750211,93,13,-0.154206,0.000168457,False
rs5750211,93,14,-0.17002,3.21858e-05,False
rs5750211,93,15,-0.154539,0.000148366,False
rs5750211,93,16,-0.152389,0.000172958,False
rs5750211,93,17,-0.167411,3.5198e-05,False
rs5750211,93,18,-0.164435,4.88178e-05,False
rs5750211,93,19,-0.156638,0.000112045,False
rs5750211,93,20,-0.14791,0.000261579,False
rs5750211,93,21,-0.1641,5.18625e-05,False
rs5750211,93,22,-0.150823,0.000202742,False
rs5750211,93,23,-0.162181,6.34744e-05,False
rs5750211,93,24,-0.163442,5.6394e-05,False
rs5750211,93,25,-0.166395,4.25741e-05,False
rs5750211,93,26,-0.16557,4.80672e-05,False
rs5750211,93,27,-0.165165,5.23312e-05,False
rs5750211,93,28,-0.163025,6.7004e-05,False
rs5750211,93,29,-0.158123,0.000113374,False
rs5750211,93,30,-0.163302,6.8823e-05,False
rs5750211,93,31,-0.170703,3.43429e-05,False
rs5750211,93,32,-0.175431,2.23616e-05,False
rs5750211,93,33,-0.160652,0.00010639,False
rs5750211,93,34,-0.177552,1.93509e-05,False
rs5750211,93,35,-0.167773,5.63101e-05,False
rs5750211,93,36,-0.164719,8.46633e-05,False
rs5750211,93,37,-0.181194,1.58446e-05,False
rs5750211,93,38,-0.158631,0.000170076,False
rs5750211,93,39,-0.172675,4.56245e-05,False
rs5750211,93,40,-0.17833,2.72655e-05,False
rs5750211,93,41,-0.15894,0.000190407,False
rs5750211,93,42,-0.174234,4.6812e-05,False
rs5750211,93,43,-0.188365,1.1921e-05,False
rs5750211,93,44,-0.175909,4.73763e-05,False
rs5750211,93,45,-0.173509,6.3515e-05,False
rs5750211,93,46,-0.180915,3.23866e-05,False
rs5750211,93,47,-0.17189,8.4387e-05,False
rs5750211,93,48,-0.177633,5.4218e-05,False
rs5750211,93,49,-0.180918,4.20591e-05,False
rs5750211,93,50,-0.171625,0.000108081,False
rs5750211,93,51,-0.174941,8.82184e-05,False
rs5750211,93,52,-0.172174,0.000121109,False
rs5750211,93,53,-0.183955,4.37372e-05,False
rs5750211,93,54,-0.188394,3.1948e-05,False
rs5750211,93,55,-0.179453,7.83323e-05,False
rs5750211,93,56,-0.189975,3.21965e-05,False
rs5750211,93,57,-0.196233,1.98233e-05,False
rs5750211,93,58,-0.177264,0.000122667,False
rs5750211,93,59,-0.173835,0.000181511,False
rs5750211,93,60,-0.173837,0.000198127,False
rs5750211,93,61,-0.183179,9.48078e-05,False
rs5750211,93,62,-0.178079,0.000161051,False
rs5750211,93,63,-0.182579,0.000116086,False
rs5750211,93,64,-0.16227,0.000665801,False
rs5750211,93,65,-0.183276,0.000132509,False
rs5750211,93,66,-0.168204,0.000497795,False
rs5750211,93,67,-0.167635,0.000555556,False
rs5750211,93,68,-0.16343,0.000820768,False
rs5750211,93,69,-0.170275,0.000526797,False
rs5750211,93,70,-0.168037,0.000666467,False
rs5750211,93,71,-0.168749,0.000683938,False
rs5750211,93,72,-0.162534,0.00115197,False
rs5750211,93,73,-0.161113,0.0013209,False
rs5750211,93,74,-0.162194,0.00132234,False
rs5750211,93,75,-0.16702,0.00101908,False
rs5750211,93,76,-0.178303,0.000474959,False
rs5750211,93,77,-0.188117,0.00024872,False
rs5750211,93,78,-0.178821,0.000516724,False
rs5750211,93,79,-0.162895,0.0016332,False
rs5750211,93,80,-0.159936,0.00208938,False
rs5750211,93,81,-0.171149,0.00103638,False
rs5750211,93,82,-0.156613,0.00277464,False
rs5750211,93,83,-0.174593,0.000885128,False
rs5750211,93,84,-0.168844,0.00136168,False
rs5750211,93,85,-0.157157,0.00299373,False
rs5750211,93,86,-0.165204,0.00183946,False
rs5750211,93,87,-0.176629,0.000887369,False
rs5750211,93,88,-0.169439,0.00147619,False
rs5750211,93,89,-0.170481,0.00143374,False
rs5750211,93,90,-0.151047,0.00486392,False
rs5750211,93,91,-0.159759,0.00298984,False
rs5750211,93,92,-0.167744,0.00185545,False
rs5750211,93,93,-0.166525,0.00204484,False
rs5750211,93,94,-0.161771,0.00281149,False
rs5750211,93,95,-0.171379,0.00157125,False
rs5750211,93,96,-0.180923,0.000862382,False
rs5750211,93,97,-0.185555,0.000646777,False
rs5750211,93,98,-0.182401,0.000815363,False
rs5750211,93,99,-0.19346,0.000392875,False
rs5750211,93,100,-0.194075,0.000382833,False
rs5750211,93,101,-0.200887,0.000241374,False
rs5750211,93,102,-0.191324,0.000477539,False
rs5750211,93,103,-0.176871,0.0012765,False
rs5750211,93,104,-0.174007,0.00152085,False
rs5750211,93,105,-0.191175,0.00051379,False
rs5750211,93,106,-0.190055,0.00056043,False
rs5750211,93,107,-0.20315,0.000228393,False
rs5750211,93,108,-0.183114,0.000908617,False
rs5750211,93,109,-0.180453,0.00110158,False
rs5750211,93,110,-0.181692,0.00102933,False
rs5750211,93,111,-0.171411,0.00196038,False
rs5750211,93,112,-0.174509,0.00163906,False
rs5750211,93,113,-0.181178,0.00111333,False
rs5750211,93,114,-0.190254,0.000628374,False
rs5750211,93,115,-0.182716,0.00104107,False
rs5750211,93,116,-0.18319,0.00102361,False
rs5750211,93,117,-0.18546,0.000895148,False
rs5750211,93,118,-0.178426,0.00140905,False
rs5750211,93,119,-0.186849,0.000847914,False
rs5750211,93,120,-0.182849,0.00111955,False
rs5750211,93,121,-0.169386,0.00256206,False
rs5750211,93,122,-0.175854,0.00176399,False
rs5750211,93,123,-0.191628,0.000670186,False
rs5750211,93,124,-0.186071,0.000960957,False
rs5750211,93,125,-0.18768,0.000878252,False
rs5750211,93,126,-0.191369,0.0006949,False
rs5750211,93,127,-0.196701,0.000505723,False
rs5750211,93,128,-0.205538,0.000286395,False
rs5750211,93,129,-0.186245,0.00102026,False
rs5750211,93,130,-0.190203,0.000799398,False
rs5750211,93,131,-0.179879,0.0015185,False
rs5750211,93,132,-0.195102,0.000588743,False
rs5750211,93,133,-0.199152,0.000451499,False
rs5750211,93,134,-0.195868,0.000565398,False
rs5750211,93,135,-0.197106,0.000525868,False
rs5750211,93,136,-0.212357,0.000186195,False
rs5750211,93,137,-0.225195,7.49291e-05,False
rs5750211,93,138,-0.228709,5.74428e-05,False
rs5750211,93,139,-0.221924,9.47871e-05,False
rs5750211,93,140,-0.22903,5.5953e-05,False
rs5750211,93,141,-0.232075,4.46443e-05,False
rs5750211,93,142,-0.210181,0.000221278,False
rs5750211,93,143,-0.222576,9.08697e-05,False
rs5750211,93,144,-0.216244,0.000145225,False
rs5750211,93,145,-0.226779,6.77634e-05,False
rs5750211,93,146,-0.240665,2.44568e-05,False
rs5750211,93,147,-0.228288,6.32375e-05,False
rs5750211,93,148,-0.225281,7.93311e-05,False
rs5750211,93,149,-0.223595,8.99366e-05,False
rs5750211,93,150,-0.223181,9.27824e-05,False
rs5750211,93,151,-0.21216,0.000198595,False
rs5750211,93,152,-0.217387,0.000139296,False
rs5750211,93,153,-0.223393,9.27704e-05,False
rs5750211,93,154,-0.229046,6.13031e-05,False
rs5750211,93,155,-0.225237,8.33088e-05,False
rs5750211,93,156,-0.225893,7.88426e-05,False
rs5750211,93,157,-0.215368,0.000167483,False
rs5750211,93,158,-0.217968,0.000139422,False
rs5750211,93,159,-0.216323,0.000156818,False
rs5750211,93,160,-0.234057,4.40051e-05,False
rs5750211,93,161,-0.247125,1.57961e-05,False
rs5750211,93,162,-0.231884,5.05345e-05,False
rs5750211,93,163,-0.22392,9.06406e-05,False
rs5750211,93,164,-0.233481,4.54757e-05,False
rs5750211,93,165,-0.233136,4.63358e-05,False
rs5750211,93,166,-0.241458,2.44562e-05,False
rs5750211,93,167,-0.249156,1.31428e-05,False
rs5750211,93,168,-0.244967,1.82604e-05,False
rs5750211,93,169,-0.237554,3.19255e-05,False
rs5750211,93,170,-0.238221,2.89085e-05,False
rs5750211,93,171,-0.240319,2.4665e-05,False
rs5750211,93,172,-0.244304,1.75224e-05,False
rs5750211,93,173,-0.24074,2.24559e-05,False
rs5750211,93,174,-0.236167,3.10878e-05,False
rs5750211,93,175,-0.224721,7.19148e-05,False
rs5750211,93,176,-0.238197,2.52398e-05,False
rs5750211,93,177,-0.227969,5.25411e-05,False
rs5750211,93,178,-0.230187,4.27366e-05,False
rs5750211,93,179,-0.223835,6.75356e-05,False
rs5750211,93,180,-0.230099,4.09844e-05,False
rs5750211,93,181,-0.239334,1.94512e-05,False
rs5750211,93,182,-0.246493,1.03014e-05,False
rs5750211,93,183,-0.234383,2.54366e-05,False
rs5750211,93,184,-0.240254,1.52385e-05,False
rs5750211,93,185,-0.248379,7.42364e-06,False
rs5750211,93,186,-0.243552,1.07013e-05,False
rs5750211,93,187,-0.263704,1.74824e-06,False
rs5750211,93,188,-0.248416,6.45937e-06,False
rs5750211,93,189,-0.253852,3.74726e-06,False
rs5750211,93,190,-0.254972,3.34149e-06,False
rs5750211,93,191,-0.234268,1.89052e-05,False
rs5750211,93,192,-0.244017,8.19848e-06,False
rs5750211,93,193,-0.238142,1.2446e-05,False
rs5750211,93,194,-0.245876,6.30855e-06,False
rs5750211,93,195,-0.238594,1.13895e-05,False
rs5750211,93,196,-0.251501,3.74167e-06,False
rs5750211,93,197,-0.255638,2.60728e-06,False
rs5750211,93,198,-0.25317,3.22755e-06,False
rs5750211,93,199,-0.245919,6.07597e-06,False
rs5750211,93,200,-0.253564,3.21223e-06,False
rs5750211,93,201,-0.251591,3.91329e-06,False
rs5750211,93,202,-0.24099,1.0025e-05,False
rs5750211,93,203,-0.246834,6.44804e-06,False
rs5750211,93,204,-0.237457,1.44818e-05,False
rs5750211,93,205,-0.235762,1.76715e-05,False
rs5750211,93,206,-0.250693,5.31962e-06,False
rs5750211,93,207,-0.249973,6.04596e-06,False
rs5750211,93,208,-0.242598,1.19635e-05,False
rs5750211,93,209,-0.252426,5.82517e-06,False
rs5750211,93,210,-0.246961,1.03438e-05,False
rs5750211,93,211,-0.24773,1.08278e-05,False
rs5750211,93,212,-0.241699,1.96696e-05,False
rs5750211,93,213,-0.246406,1.50499e-05,False
rs5750211,93,214,-0.242648,2.31665e-05,False
rs5750211,93,215,-0.246908,1.90751e-05,False
rs5750211,93,216,-0.249041,1.9083e-05,False
rs5750211,93,217,-0.245451,2.8306e-05,False
rs5750211,93,218,-0.249671,2.46448e-05,False
rs5750211,93,219,-0.252024,2.47555e-05,False
rs5750211,93,220,-0.262364,1.31959e-05,False
rs5750211,93,221,-0.244053,6.01956e-05,False
rs5750211,93,222,-0.265028,1.61507e-05,False
rs5750211,93,223,-0.264593,2.00411e-05,False
rs5750211,93,224,-0.273068,1.32426e-05,False
rs5750211,93,225,-0.267831,2.35717e-05,False
rs5750211,93,226,-0.278444,1.35636e-05,False
rs5750211,93,227,-0.294321,5.40191e-06,False
rs5750211,93,228,-0.300313,4.4428e-06,False
rs5750211,93,229,-0.303945,4.26256e-06,False
rs5750211,93,230,-0.300904,6.8471e-06,False
rs5750211,93,231,-0.317638,2.65894e-06,False
rs5750211,93,232,-0.310261,5.82805e-06,False
rs5750211,93,233,-0.326363,2.37409e-06,False
rs5750211,93,234,-0.319771,4.73396e-06,False
rs5750211,93,235,-0.326605,3.78803e-06,False
rs5750211,93,236,-0.325323,5.29833e-06,False
rs5750211,93,237,-0.333229,3.8474e-06,False
rs5750211,93,238,-0.34535,2.13381e-06,False
rs5750211,93,239,-0.345308,2.67058e-06,False
rs5750211,93,240,-0.35585,1.61544e-06,False
rs5750211,93,241,-0.356424,1.90686e-06,False
rs5750211,93,242,-0.351927,3.18201e-06,False
rs5750211,93,243,-0.351108,4.04541e-06,False
rs5750211,93,244,-0.356913,3.37568e-06,False
rs5750211,93,245,-0.368603,1.92683e-06,False
rs5750211,93,246,-0.366158,2.75315e-06,False
rs5750211,93,247,-0.378584,1.54147e-06,False
rs5750211,93,248,-0.380304,1.63126e-06,False
rs5750211,93,249,-0.374713,2.74174e-06,False
rs5750211,93,250,-0.380453,2.28404e-06,False
rs5750211,93,251,-0.377785,3.07048e-06,False
rs5750211,94,7,-0.132773,0.00208933,False
rs5750211,94,8,-0.14696,0.000583822,False
rs5750211,94,9,-0.146818,0.000498032,False
rs5750211,94,10,-0.136318,0.00112742,False
rs5750211,94,11,-0.151379,0.000274111,False
rs5750211,94,12,-0.150493,0.000261542,False
rs5750211,94,13,-0.144551,0.000422917,False
rs5750211,94,14,-0.147563,0.000297449,False
rs5750211,94,15,-0.147236,0.000298514,False
rs5750211,94,16,-0.158344,9.69391e-05,False
rs5750211,94,17,-0.152125,0.000179147,False
rs5750211,94,18,-0.14295,0.000432899,False
rs5750211,94,19,-0.148093,0.000259122,False
rs5750211,94,20,-0.148998,0.00023544,False
rs5750211,94,21,-0.156138,0.000116766,False
rs5750211,94,22,-0.153482,0.000155227,False
rs5750211,94,23,-0.175931,1.45227e-05,False
rs5750211,94,24,-0.154854,0.000137687,False
rs5750211,94,25,-0.157294,0.000110316,False
rs5750211,94,26,-0.153319,0.000165998,False
rs5750211,94,27,-0.173581,2.12697e-05,False
rs5750211,94,28,-0.15607,0.000136337,False
rs5750211,94,29,-0.154105,0.000166054,False
rs5750211,94,30,-0.166548,5.06058e-05,False
rs5750211,94,31,-0.172833,2.75687e-05,False
rs5750211,94,32,-0.14504,0.000439748,False
rs5750211,94,33,-0.150483,0.000278099,False
rs5750211,94,34,-0.161719,9.68876e-05,False
rs5750211,94,35,-0.148759,0.000352704,False
rs5750211,94,36,-0.154952,0.000204883,False
rs5750211,94,37,-0.158699,0.000149874,False
rs5750211,94,38,-0.154324,0.000242592,False
rs5750211,94,39,-0.162552,0.000115786,False
rs5750211,94,40,-0.157336,0.000207865,False
rs5750211,94,41,-0.154711,0.000275136,False
rs5750211,94,42,-0.162312,0.000138644,False
rs5750211,94,43,-0.165843,0.000108643,False
rs5750211,94,44,-0.152109,0.000397014,False
rs5750211,94,45,-0.159669,0.000218824,False
rs5750211,94,46,-0.149206,0.000573931,False
rs5750211,94,47,-0.156886,0.000313617,False
rs5750211,94,48,-0.171214,8.99811e-05,False
rs5750211,94,49,-0.170131,0.000110068,False
rs5750211,94,50,-0.168954,0.000128466,False
rs5750211,94,51,-0.167789,0.000160086,False
rs5750211,94,52,-0.168524,0.000158243,False
rs5750211,94,53,-0.173179,0.00011219,False
rs5750211,94,54,-0.162283,0.000313036,False
rs5750211,94,55,-0.164018,0.000300605,False
rs5750211,94,56,-0.148692,0.00108767,False
rs5750211,94,57,-0.162778,0.000380371,False
rs5750211,94,58,-0.152874,0.00089405,False
rs5750211,94,59,-0.170703,0.000225452,False
rs5750211,94,60,-0.166837,0.000342039,False
rs5750211,94,61,-0.161124,0.00057443,False
rs5750211,94,62,-0.149367,0.0014587,False
rs5750211,94,63,-0.169583,0.000336052,False
rs5750211,94,64,-0.175282,0.000230303,False
rs5750211,94,65,-0.165631,0.000534399,False
rs5750211,94,66,-0.172854,0.000319368,False
rs5750211,94,67,-0.155858,0.00126602,False
rs5750211,94,68,-0.176941,0.0002729,False
rs5750211,94,69,-0.169876,0.000518565,False
rs5750211,94,70,-0.180124,0.000249421,False
rs5750211,94,71,-0.171908,0.000504569,False
rs5750211,94,72,-0.177504,0.000357671,False
rs5750211,94,73,-0.177151,0.000398265,False
rs5750211,94,74,-0.160661,0.00139037,False
rs5750211,94,75,-0.181837,0.000319834,False
rs5750211,94,76,-0.158685,0.00173892,False
rs5750211,94,77,-0.15846,0.00187295,False
rs5750211,94,78,-0.142512,0.00537434,False
rs5750211,94,79,-0.151811,0.003167,False
rs5750211,94,80,-0.155215,0.00268366,False
rs5750211,94,81,-0.155169,0.00275514,False
rs5750211,94,82,-0.148548,0.00434018,False
rs5750211,94,83,-0.153974,0.00326359,False
rs5750211,94,84,-0.154432,0.00326727,False
rs5750211,94,85,-0.160176,0.00236999,False
rs5750211,94,86,-0.149574,0.00467206,False
rs5750211,94,87,-0.161394,0.0023257,False
rs5750211,94,88,-0.159232,0.00277459,False
rs5750211,94,89,-0.159653,0.00274075,False
rs5750211,94,90,-0.159672,0.00281154,False
rs5750211,94,91,-0.157981,0.00320067,False
rs5750211,94,92,-0.154812,0.00398409,False
rs5750211,94,93,-0.15631,0.00371418,False
rs5750211,94,94,-0.163568,0.00243704,False
rs5750211,94,95,-0.160572,0.0029812,False
rs5750211,94,96,-0.146415,0.00695555,False
rs5750211,94,97,-0.167916,0.00201074,False
rs5750211,94,98,-0.179469,0.000983764,False
rs5750211,94,99,-0.182621,0.000809348,False
rs5750211,94,100,-0.174399,0.00142999,False
rs5750211,94,101,-0.181682,0.000902145,False
rs5750211,94,102,-0.178768,0.00110936,False
rs5750211,94,103,-0.179649,0.00106589,False
rs5750211,94,104,-0.16654,0.00245504,False
rs5750211,94,105,-0.186124,0.000729006,False
rs5750211,94,106,-0.189471,0.000600658,False
rs5750211,94,107,-0.179957,0.00113639,False
rs5750211,94,108,-0.166491,0.00265973,False
rs5750211,94,109,-0.167395,0.00254628,False
rs5750211,94,110,-0.18311,0.000987474,False
rs5750211,94,111,-0.180983,0.00115735,False
rs5750211,94,112,-0.166729,0.00276866,False
rs5750211,94,113,-0.175631,0.00164951,False
rs5750211,94,114,-0.160304,0.00417947,False
rs5750211,94,115,-0.182657,0.0011169,False
rs5750211,94,116,-0.171847,0.00216848,False
rs5750211,94,117,-0.164951,0.00328684,False
rs5750211,94,118,-0.171231,0.00231701,False
rs5750211,94,119,-0.171075,0.00236069,False
rs5750211,94,120,-0.178434,0.00153675,False
rs5750211,94,121,-0.175444,0.00187273,False
rs5750211,94,122,-0.170856,0.00248326,False
rs5750211,94,123,-0.164466,0.00365807,False
rs5750211,94,124,-0.18021,0.00146994,False
rs5750211,94,125,-0.176904,0.00180694,False
rs5750211,94,126,-0.181955,0.00133641,False
rs5750211,94,127,-0.182533,0.00130244,False
rs5750211,94,128,-0.185558,0.00108632,False
rs5750211,94,129,-0.18961,0.000839727,False
rs5750211,94,130,-0.189045,0.000880984,False
rs5750211,94,131,-0.185035,0.00114515,False
rs5750211,94,132,-0.178227,0.00175311,False
rs5750211,94,133,-0.177399,0.00182393,False
rs5750211,94,134,-0.171536,0.00259454,False
rs5750211,94,135,-0.188631,0.000932755,False
rs5750211,94,136,-0.196992,0.000549434,False
rs5750211,94,137,-0.194256,0.000650063,False
rs5750211,94,138,-0.200119,0.000450583,False
rs5750211,94,139,-0.201773,0.00040247,False
rs5750211,94,140,-0.204622,0.000325445,False
rs5750211,94,141,-0.199052,0.000471595,False
rs5750211,94,142,-0.1966,0.000565363,False
rs5750211,94,143,-0.198191,0.0005098,False
rs5750211,94,144,-0.208975,0.000248483,False
rs5750211,94,145,-0.212653,0.000195277,False
rs5750211,94,146,-0.219502,0.000120385,False
rs5750211,94,147,-0.230524,5.42041e-05,False
rs5750211,94,148,-0.219047,0.000126275,False
rs5750211,94,149,-0.21994,0.000118555,False
rs5750211,94,150,-0.224296,8.77323e-05,False
rs5750211,94,151,-0.212363,0.000203764,False
rs5750211,94,152,-0.220059,0.000116962,False
rs5750211,94,153,-0.229976,5.67551e-05,False
rs5750211,94,154,-0.230839,5.35329e-05,False
rs5750211,94,155,-0.22388,8.93341e-05,False
rs5750211,94,156,-0.21935,0.000124449,False
rs5750211,94,157,-0.224248,8.71945e-05,False
rs5750211,94,158,-0.220389,0.000112903,False
rs5750211,94,159,-0.225615,7.82402e-05,False
rs5750211,94,160,-0.215529,0.000162587,False
rs5750211,94,161,-0.212146,0.000205801,False
rs5750211,94,162,-0.221628,0.000104322,False
rs5750211,94,163,-0.214968,0.000165653,False
rs5750211,94,164,-0.212748,0.000190182,False
rs5750211,94,165,-0.228959,5.98407e-05,False
rs5750211,94,166,-0.237033,3.21641e-05,False
rs5750211,94,167,-0.233483,4.21392e-05,False
rs5750211,94,168,-0.233194,4.16074e-05,False
rs5750211,94,169,-0.221463,9.716e-05,False
rs5750211,94,170,-0.223505,8.43676e-05,False
rs5750211,94,171,-0.213326,0.000169069,False
rs5750211,94,172,-0.226777,6.16199e-05,False
rs5750211,94,173,-0.236413,2.8976e-05,False
rs5750211,94,174,-0.244202,1.52934e-05,False
rs5750211,94,175,-0.232478,3.72199e-05,False
rs5750211,94,176,-0.219479,9.67787e-05,False
rs5750211,94,177,-0.214456,0.000135006,False
rs5750211,94,178,-0.212369,0.000149527,False
rs5750211,94,179,-0.199466,0.000363067,False
rs5750211,94,180,-0.204574,0.000250764,False
rs5750211,94,181,-0.203639,0.000260819,False
rs5750211,94,182,-0.195713,0.000425706,False
rs5750211,94,183,-0.218815,7.83695e-05,False
rs5750211,94,184,-0.20837,0.000162414,False
rs5750211,94,185,-0.220237,6.59095e-05,False
rs5750211,94,186,-0.221474,5.60936e-05,False
rs5750211,94,187,-0.232423,2.28671e-05,False
rs5750211,94,188,-0.217837,7.16692e-05,False
rs5750211,94,189,-0.224197,4.16762e-05,False
rs5750211,94,190,-0.223516,4.26193e-05,False
rs5750211,94,191,-0.239884,1.10025e-05,False
rs5750211,94,192,-0.239194,1.16095e-05,False
rs5750211,94,193,-0.252887,3.39789e-06,False
rs5750211,94,194,-0.246624,5.75366e-06,False
rs5750211,94,195,-0.239812,1.01029e-05,False
rs5750211,94,196,-0.251262,3.646e-06,False
rs5750211,94,197,-0.243002,7.48822e-06,False
rs5750211,94,198,-0.235143,1.51327e-05,False
rs5750211,94,199,-0.237207,1.29063e-05,False
rs5750211,94,200,-0.242186,8.62852e-06,False
rs5750211,94,201,-0.23996,1.07409e-05,False
rs5750211,94,202,-0.220241,5.55892e-05,False
rs5750211,94,203,-0.213404,9.91165e-05,False
rs5750211,94,204,-0.231301,2.62769e-05,False
rs5750211,94,205,-0.231362,2.80375e-05,False
rs5750211,94,206,-0.23117,2.98462e-05,False
rs5750211,94,207,-0.23699,2.03124e-05,False
rs5750211,94,208,-0.238438,1.97384e-05,False
rs5750211,94,209,-0.245065,1.27359e-05,False
rs5750211,94,210,-0.239541,2.20337e-05,False
rs5750211,94,211,-0.248615,1.19629e-05,False
rs5750211,94,212,-0.235244,3.91058e-05,False
rs5750211,94,213,-0.23665,3.99833e-05,False
rs5750211,94,214,-0.244422,2.56019e-05,False
rs5750211,94,215,-0.242501,3.42257e-05,False
rs5750211,94,216,-0.256693,1.3451e-05,False
rs5750211,94,217,-0.2518,2.26934e-05,False
rs5750211,94,218,-0.252118,2.67764e-05,False
rs5750211,94,219,-0.248959,3.91561e-05,False
rs5750211,94,220,-0.256975,2.6558e-05,False
rs5750211,94,221,-0.272392,1.0325e-05,False
rs5750211,94,222,-0.266304,1.96092e-05,False
rs5750211,94,223,-0.279867,8.91433e-06,False
rs5750211,94,224,-0.288109,6.02806e-06,False
rs5750211,94,225,-0.303336,2.4741e-06,False
rs5750211,94,226,-0.294597,5.81733e-06,False
rs5750211,94,227,-0.291508,9.16182e-06,False
rs5750211,94,228,-0.297131,7.78235e-06,False
rs5750211,94,229,-0.294646,1.13496e-05,False
rs5750211,94,230,-0.306539,6.21017e-06,False
rs5750211,94,231,-0.311086,5.71443e-06,False
rs5750211,94,232,-0.309332,8.15414e-06,False
rs5750211,94,233,-0.305242,1.33637e-05,False
rs5750211,94,234,-0.322816,5.08953e-06,False
rs5750211,94,235,-0.32718,4.77678e-06,False
rs5750211,94,236,-0.334514,3.64502e-06,False
rs5750211,94,237,-0.332113,5.10772e-06,False
rs5750211,94,238,-0.321604,1.22931e-05,False
rs5750211,94,239,-0.342292,3.87638e-06,False
rs5750211,94,240,-0.351398,2.63025e-06,False
rs5750211,94,241,-0.336849,7.84614e-06,False
rs5750211,94,242,-0.341944,6.83957e-06,False
rs5750211,94,243,-0.341369,8.15197e-06,False
rs5750211,94,244,-0.333623,1.50986e-05,False
rs5750211,94,245,-0.33402,1.71537e-05,False
rs5750211,94,246,-0.354606,5.8193e-06,False
rs5750211,94,247,-0.34428,1.22994e-05,False
rs5750211,94,248,-0.325197,4.0402e-05,False
rs5750211,94,249,-0.333407,2.86906e-05,False
rs5750211,94,250,-0.326594,4.62068e-05,False
rs5750211,94,251,-0.321299,6.63872e-05,False
rs5750211,95,7,-0.134449,0.00175943,False
rs5750211,95,8,-0.142079,0.000826202,False
rs5750211,95,9,-0.136425,0.00118517,False
rs5750211,95,10,-0.13612,0.0010826,False
rs5750211,95,11,-0.151752,0.000239437,False
rs5750211,95,12,-0.163445,7.01132e-05,False
rs5750211,95,13,-0.150689,0.000225889,False
rs5750211,95,14,-0.137631,0.00072918,False
rs5750211,95,15,-0.151998,0.000184128,False
rs5750211,95,16,-0.15087,0.000205019,False
rs5750211,95,17,-0.143335,0.000414994,False
rs5750211,95,18,-0.158087,9.83622e-05,False
rs5750211,95,19,-0.152985,0.000162127,False
rs5750211,95,20,-0.16471,4.69472e-05,False
rs5750211,95,21,-0.153459,0.000162947,False
rs5750211,95,22,-0.150115,0.000224557,False
rs5750211,95,23,-0.148379,0.000265764,False
rs5750211,95,24,-0.152809,0.000174839,False
rs5750211,95,25,-0.143336,0.000437727,False
rs5750211,95,26,-0.155356,0.000137523,False
rs5750211,95,27,-0.155598,0.000137147,False
rs5750211,95,28,-0.162244,7.24151e-05,False
rs5750211,95,29,-0.171863,2.69965e-05,False
rs5750211,95,30,-0.149321,0.000271592,False
rs5750211,95,31,-0.163611,6.85235e-05,False
rs5750211,95,32,-0.143743,0.00049205,False
rs5750211,95,33,-0.148037,0.000336631,False
rs5750211,95,34,-0.153405,0.000215084,False
rs5750211,95,35,-0.162393,9.2302e-05,False
rs5750211,95,36,-0.14335,0.00056981,False
rs5750211,95,37,-0.154343,0.000220015,False
rs5750211,95,38,-0.146898,0.000454177,False
rs5750211,95,39,-0.152214,0.000294551,False
rs5750211,95,40,-0.163809,0.000101085,False
rs5750211,95,41,-0.169715,6.05437e-05,False
rs5750211,95,42,-0.171193,5.45099e-05,False
rs5750211,95,43,-0.143383,0.000759857,False
rs5750211,95,44,-0.165367,0.000112255,False
rs5750211,95,45,-0.180756,2.55377e-05,False
rs5750211,95,46,-0.167083,0.000107816,False
rs5750211,95,47,-0.156844,0.000298057,False
rs5750211,95,48,-0.178453,4.12802e-05,False
rs5750211,95,49,-0.182944,2.92907e-05,False
rs5750211,95,50,-0.177765,5.1896e-05,False
rs5750211,95,51,-0.164232,0.000197895,False
rs5750211,95,52,-0.171833,0.000107018,False
rs5750211,95,53,-0.161352,0.000292684,False
rs5750211,95,54,-0.151904,0.000703926,False
rs5750211,95,55,-0.160863,0.000364479,False
rs5750211,95,56,-0.157004,0.000523335,False
rs5750211,95,57,-0.150779,0.000925773,False
rs5750211,95,58,-0.148759,0.00114141,False
rs5750211,95,59,-0.155938,0.000694819,False
rs5750211,95,60,-0.177238,0.000123935,False
rs5750211,95,61,-0.167703,0.000313003,False
rs5750211,95,62,-0.178654,0.000131427,False
rs5750211,95,63,-0.18226,0.000103558,False
rs5750211,95,64,-0.183949,9.73587e-05,False
rs5750211,95,65,-0.202676,2.05896e-05,False
rs5750211,95,66,-0.187734,8.43275e-05,False
rs5750211,95,67,-0.183069,0.000136591,False
rs5750211,95,68,-0.189037,9.10556e-05,False
rs5750211,95,69,-0.178457,0.000235231,False
rs5750211,95,70,-0.181377,0.000198398,False
rs5750211,95,71,-0.184549,0.00017085,False
rs5750211,95,72,-0.173169,0.000448739,False
rs5750211,95,73,-0.178342,0.000323249,False
rs5750211,95,74,-0.182119,0.000256779,False
rs5750211,95,75,-0.184128,0.000243282,False
rs5750211,95,76,-0.188417,0.000181681,False
rs5750211,95,77,-0.160331,0.0015329,False
rs5750211,95,78,-0.167805,0.000964931,False
rs5750211,95,79,-0.160304,0.00173661,False
rs5750211,95,80,-0.170594,0.000885414,False
rs5750211,95,81,-0.178062,0.000554217,False
rs5750211,95,82,-0.178136,0.000586168,False
rs5750211,95,83,-0.162248,0.0018446,False
rs5750211,95,84,-0.164202,0.00169491,False
rs5750211,95,85,-0.1716,0.00104584,False
rs5750211,95,86,-0.172452,0.00104003,False
rs5750211,95,87,-0.174048,0.000984864,False
rs5750211,95,88,-0.174235,0.000990652,False
rs5750211,95,89,-0.171729,0.00120349,False
rs5750211,95,90,-0.17417,0.00105052,False
rs5750211,95,91,-0.160661,0.00260466,False
rs5750211,95,92,-0.158832,0.00299231,False
rs5750211,95,93,-0.171542,0.00139178,False
rs5750211,95,94,-0.183869,0.000643783,False
rs5750211,95,95,-0.175968,0.00110887,False
rs5750211,95,96,-0.171941,0.00146199,False
rs5750211,95,97,-0.173456,0.00135578,False
rs5750211,95,98,-0.179128,0.00096682,False
rs5750211,95,99,-0.163019,0.00275696,False
rs5750211,95,100,-0.171612,0.00164844,False
rs5750211,95,101,-0.187899,0.000580827,False
rs5750211,95,102,-0.192657,0.000427731,False
rs5750211,95,103,-0.182944,0.000854468,False
rs5750211,95,104,-0.187227,0.000655031,False
rs5750211,95,105,-0.195928,0.000369634,False
rs5750211,95,106,-0.204384,0.000211695,False
rs5750211,95,107,-0.189354,0.000609208,False
rs5750211,95,108,-0.199552,0.000307519,False
rs5750211,95,109,-0.19354,0.000489042,False
rs5750211,95,110,-0.199849,0.000325007,False
rs5750211,95,111,-0.205171,0.000231078,False
rs5750211,95,112,-0.204036,0.000254447,False
rs5750211,95,113,-0.200838,0.0003252,False
rs5750211,95,114,-0.19811,0.00040253,False
rs5750211,95,115,-0.210588,0.000174667,False
rs5750211,95,116,-0.204883,0.000263988,False
rs5750211,95,117,-0.206707,0.0002378,False
rs5750211,95,118,-0.21565,0.000128016,False
rs5750211,95,119,-0.203724,0.000302393,False
rs5750211,95,120,-0.207405,0.000238117,False
rs5750211,95,121,-0.19649,0.00050569,False
rs5750211,95,122,-0.19339,0.000634131,False
rs5750211,95,123,-0.192202,0.000676426,False
rs5750211,95,124,-0.204543,0.000308642,False
rs5750211,95,125,-0.200135,0.000417798,False
rs5750211,95,126,-0.203285,0.000347306,False
rs5750211,95,127,-0.201381,0.000396545,False
rs5750211,95,128,-0.210637,0.00021065,False
rs5750211,95,129,-0.20289,0.000372482,False
rs5750211,95,130,-0.189142,0.000902296,False
rs5750211,95,131,-0.184435,0.00122098,False
rs5750211,95,132,-0.200026,0.000450923,False
rs5750211,95,133,-0.21216,0.000198786,False
rs5750211,95,134,-0.207086,0.000281038,False
rs5750211,95,135,-0.214977,0.000164588,False
rs5750211,95,136,-0.210967,0.000217519,False
rs5750211,95,137,-0.208616,0.000259845,False
rs5750211,95,138,-0.21736,0.000140188,False
rs5750211,95,139,-0.219637,0.000119463,False
rs5750211,95,140,-0.201754,0.000410565,False
rs5750211,95,141,-0.214596,0.000174721,False
rs5750211,95,142,-0.222006,0.000102879,False
rs5750211,95,143,-0.232512,4.78425e-05,False
rs5750211,95,144,-0.235542,3.77682e-05,False
rs5750211,95,145,-0.235853,3.66005e-05,False
rs5750211,95,146,-0.240427,2.60085e-05,False
rs5750211,95,147,-0.227419,6.95136e-05,False
rs5750211,95,148,-0.237015,3.37417e-05,False
rs5750211,95,149,-0.226488,7.34966e-05,False
rs5750211,95,150,-0.223744,8.97584e-05,False
rs5750211,95,151,-0.211066,0.000218656,False
rs5750211,95,152,-0.213537,0.000186404,False
rs5750211,95,153,-0.228052,6.44081e-05,False
rs5750211,95,154,-0.215343,0.000162422,False
rs5750211,95,155,-0.238962,2.8612e-05,False
rs5750211,95,156,-0.248904,1.30244e-05,False
rs5750211,95,157,-0.224755,8.28712e-05,False
rs5750211,95,158,-0.217455,0.000139473,False
rs5750211,95,159,-0.226303,7.30806e-05,False
rs5750211,95,160,-0.238189,2.98505e-05,False
rs5750211,95,161,-0.234504,3.92744e-05,False
rs5750211,95,162,-0.235463,3.67895e-05,False
rs5750211,95,163,-0.238052,2.93818e-05,False
rs5750211,95,164,-0.232588,4.43326e-05,False
rs5750211,95,165,-0.233395,4.09816e-05,False
rs5750211,95,166,-0.238388,2.78205e-05,False
rs5750211,95,167,-0.234025,3.73604e-05,False
rs5750211,95,168,-0.221652,9.24749e-05,False
rs5750211,95,169,-0.230749,4.50577e-05,False
rs5750211,95,170,-0.235023,3.21074e-05,False
rs5750211,95,171,-0.226957,5.78969e-05,False
rs5750211,95,172,-0.231151,4.0237e-05,False
rs5750211,95,173,-0.233962,3.19205e-05,False
rs5750211,95,174,-0.238915,2.07251e-05,False
rs5750211,95,175,-0.245682,1.14433e-05,False
rs5750211,95,176,-0.24878,8.34267e-06,False
rs5750211,95,177,-0.245264,1.08809e-05,False
rs5750211,95,178,-0.245475,1.04362e-05,False
rs5750211,95,179,-0.247408,8.39926e-06,False
rs5750211,95,180,-0.251549,5.67544e-06,False
rs5750211,95,181,-0.24568,9.05433e-06,False
rs5750211,95,182,-0.244424,9.59916e-06,False
rs5750211,95,183,-0.24312,1.06219e-05,False
rs5750211,95,184,-0.25067,5.44497e-06,False
rs5750211,95,185,-0.246599,7.46012e-06,False
rs5750211,95,186,-0.238408,1.39802e-05,False
rs5750211,95,187,-0.234637,1.81316e-05,False
rs5750211,95,188,-0.242585,8.94e-06,False
rs5750211,95,189,-0.23833,1.23478e-05,False
rs5750211,95,190,-0.236591,1.43782e-05,False
rs5750211,95,191,-0.242631,8.44559e-06,False
rs5750211,95,192,-0.245749,6.34521e-06,False
rs5750211,95,193,-0.241938,8.54232e-06,False
rs5750211,95,194,-0.238276,1.13542e-05,False
rs5750211,95,195,-0.225006,3.52835e-05,False
rs5750211,95,196,-0.234689,1.61533e-05,False
rs5750211,95,197,-0.238426,1.18837e-05,False
rs5750211,95,198,-0.237605,1.29e-05,False
rs5750211,95,199,-0.241121,1.03185e-05,False
rs5750211,95,200,-0.2351,1.72643e-05,False
rs5750211,95,201,-0.246893,6.72256e-06,False
rs5750211,95,202,-0.257702,2.76093e-06,False
rs5750211,95,203,-0.265798,1.40301e-06,False
rs5750211,95,204,-0.259492,2.69136e-06,False
rs5750211,95,205,-0.250046,6.79372e-06,False
rs5750211,95,206,-0.239354,1.79223e-05,False
rs5750211,95,207,-0.254886,5.4213e-06,False
rs5750211,95,208,-0.262117,3.30889e-06,False
rs5750211,95,209,-0.241715,1.98346e-05,False
rs5750211,95,210,-0.259876,5.23396e-06,False
rs5750211,95,211,-0.250499,1.30385e-05,False
rs5750211,95,212,-0.249192,1.65304e-05,False
rs5750211,95,213,-0.243872,2.84707e-05,False
rs5750211,95,214,-0.264455,6.73758e-06,False
rs5750211,95,215,-0.260256,1.12113e-05,False
rs5750211,95,216,-0.256268,1.78664e-05,False
rs5750211,95,217,-0.26331,1.26875e-05,False
rs5750211,95,218,-0.277324,5.25071e-06,False
rs5750211,95,219,-0.277775,6.18278e-06,False
rs5750211,95,220,-0.277633,7.80293e-06,False
rs5750211,95,221,-0.28576,5.33535e-06,False
rs5750211,95,222,-0.301283,1.91572e-06,False
rs5750211,95,223,-0.296477,3.59574e-06,False
rs5750211,95,224,-0.286592,9.39265e-06,False
rs5750211,95,225,-0.304194,3.2795e-06,False
rs5750211,95,226,-0.303345,4.40279e-06,False
rs5750211,95,227,-0.297452,8.37978e-06,False
rs5750211,95,228,-0.306243,5.60247e-06,False
rs5750211,95,229,-0.312514,4.53091e-06,False
rs5750211,95,230,-0.315166,4.68473e-06,False
rs5750211,95,231,-0.317036,5.12236e-06,False
rs5750211,95,232,-0.303788,1.45643e-05,False
rs5750211,95,233,-0.31968,6.32291e-06,False
rs5750211,95,234,-0.327985,4.51362e-06,False
rs5750211,95,235,-0.322185,7.70384e-06,False
rs5750211,95,236,-0.321204,9.87258e-06,False
rs5750211,95,237,-0.318179,1.41776e-05,False
rs5750211,95,238,-0.326635,9.70964e-06,False
rs5750211,95,239,-0.32434,1.3434e-05,False
rs5750211,95,240,-0.34088,5.38193e-06,False
rs5750211,95,241,-0.341077,6.20868e-06,False
rs5750211,95,242,-0.325212,1.83747e-05,False
rs5750211,95,243,-0.343696,6.95748e-06,False
rs5750211,95,244,-0.344705,7.38713e-06,False
rs5750211,95,245,-0.333969,1.59244e-05,False
rs5750211,95,246,-0.339177,1.32825e-05,False
rs5750211,95,247,-0.346237,9.83502e-06,False
rs5750211,95,248,-0.338045,1.78102e-05,False
rs5750211,95,249,-0.338934,1.89948e-05,False
rs5750211,95,250,-0.344027,1.59226e-05,False
rs5750211,95,251,-0.350967,1.18089e-05,False
rs5750211,96,7,-0.144863,0.000822935,False
rs5750211,96,8,-0.156834,0.000246562,False
rs5750211,96,9,-0.153596,0.000290878,False
rs5750211,96,10,-0.162465,0.000108482,False
rs5750211,96,11,-0.150293,0.000301544,False
rs5750211,96,12,-0.149983,0.000287462,False
rs5750211,96,13,-0.151523,0.000220537,False
rs5750211,96,14,-0.152896,0.000188423,False
rs5750211,96,15,-0.158662,9.9167e-05,False
rs5750211,96,16,-0.160118,7.9712e-05,False
rs5750211,96,17,-0.149506,0.000223489,False
rs5750211,96,18,-0.155873,0.00011527,False
rs5750211,96,19,-0.171668,2.18918e-05,False
rs5750211,96,20,-0.148835,0.000229695,False
rs5750211,96,21,-0.154831,0.000128822,False
rs5750211,96,22,-0.166731,3.70935e-05,False
rs5750211,96,23,-0.18253,6.38839e-06,False
rs5750211,96,24,-0.164605,4.74407e-05,False
rs5750211,96,25,-0.170833,2.49352e-05,False
rs5750211,96,26,-0.165748,4.43767e-05,False
rs5750211,96,27,-0.171495,2.42253e-05,False
rs5750211,96,28,-0.169691,3.07617e-05,False
rs5750211,96,29,-0.179666,1.05456e-05,False
rs5750211,96,30,-0.179652,1.0538e-05,False
rs5750211,96,31,-0.172576,2.46355e-05,False
rs5750211,96,32,-0.17501,1.86958e-05,False
rs5750211,96,33,-0.174421,2.14672e-05,False
rs5750211,96,34,-0.178749,1.44052e-05,False
rs5750211,96,35,-0.169227,4.14841e-05,False
rs5750211,96,36,-0.191677,3.57602e-06,False
rs5750211,96,37,-0.183669,9.41694e-06,False
rs5750211,96,38,-0.175378,2.57016e-05,False
rs5750211,96,39,-0.171272,4.11093e-05,False
rs5750211,96,40,-0.183007,1.25861e-05,False
rs5750211,96,41,-0.173384,3.73036e-05,False
rs5750211,96,42,-0.183767,1.26533e-05,False
rs5750211,96,43,-0.176808,2.96474e-05,False
rs5750211,96,44,-0.179201,2.55846e-05,False
rs5750211,96,45,-0.174466,4.39936e-05,False
rs5750211,96,46,-0.192729,6.78503e-06,False
rs5750211,96,47,-0.178405,3.39439e-05,False
rs5750211,96,48,-0.186551,1.60191e-05,False
rs5750211,96,49,-0.183756,2.38584e-05,False
rs5750211,96,50,-0.170724,9.5693e-05,False
rs5750211,96,51,-0.17584,6.19628e-05,False
rs5750211,96,52,-0.174426,7.58341e-05,False
rs5750211,96,53,-0.170963,0.000113891,False
rs5750211,96,54,-0.17572,7.98785e-05,False
rs5750211,96,55,-0.173167,0.000110613,False
rs5750211,96,56,-0.182313,5.02344e-05,False
rs5750211,96,57,-0.194792,1.62483e-05,False
rs5750211,96,58,-0.181866,6.11622e-05,False
rs5750211,96,59,-0.208306,5.07126e-06,False
rs5750211,96,60,-0.202573,1.01472e-05,False
rs5750211,96,61,-0.18966,3.95012e-05,False
rs5750211,96,62,-0.202798,1.21194e-05,False
rs5750211,96,63,-0.19802,2.12085e-05,False
rs5750211,96,64,-0.180748,0.000114567,False
rs5750211,96,65,-0.180959,0.000122191,False
rs5750211,96,66,-0.188558,6.73314e-05,False
rs5750211,96,67,-0.191137,5.8704e-05,False
rs5750211,96,68,-0.173612,0.000284248,False
rs5750211,96,69,-0.183032,0.000140995,False
rs5750211,96,70,-0.187972,0.00010219,False
rs5750211,96,71,-0.199451,4.1411e-05,False
rs5750211,96,72,-0.197099,5.62323e-05,False
rs5750211,96,73,-0.193199,8.64097e-05,False
rs5750211,96,74,-0.181431,0.000242491,False
rs5750211,96,75,-0.18836,0.000152689,False
rs5750211,96,76,-0.17923,0.000342563,False
rs5750211,96,77,-0.178433,0.000392254,False
rs5750211,96,78,-0.185601,0.000238091,False
rs5750211,96,79,-0.184434,0.000281569,False
rs5750211,96,80,-0.174966,0.000606403,False
rs5750211,96,81,-0.171085,0.000849644,False
rs5750211,96,82,-0.163544,0.00147625,False
rs5750211,96,83,-0.167615,0.00117367,False
rs5750211,96,84,-0.170109,0.00103294,False
rs5750211,96,85,-0.177651,0.000658247,False
rs5750211,96,86,-0.177205,0.000704563,False
rs5750211,96,87,-0.178857,0.000646087,False
rs5750211,96,88,-0.1684,0.00137563,False
rs5750211,96,89,-0.161271,0.00221927,False
rs5750211,96,90,-0.177909,0.0007795,False
rs5750211,96,91,-0.183985,0.000533673,False
rs5750211,96,92,-0.19856,0.000193237,False
rs5750211,96,93,-0.195994,0.000243377,False
rs5750211,96,94,-0.18877,0.000418978,False
rs5750211,96,95,-0.186627,0.000501386,False
rs5750211,96,96,-0.19038,0.000411383,False
rs5750211,96,97,-0.206759,0.000126512,False
rs5750211,96,98,-0.217923,5.56934e-05,False
rs5750211,96,99,-0.212727,8.80558e-05,False
rs5750211,96,100,-0.223635,4.01841e-05,False
rs5750211,96,101,-0.212059,0.000100913,False
rs5750211,96,102,-0.199209,0.000265566,False
rs5750211,96,103,-0.204577,0.00018575,False
rs5750211,96,104,-0.207502,0.000153995,False
rs5750211,96,105,-0.204624,0.000199048,False
rs5750211,96,106,-0.196367,0.000363917,False
rs5750211,96,107,-0.193273,0.000463937,False
rs5750211,96,108,-0.199469,0.000308048,False
rs5750211,96,109,-0.179323,0.00118269,False
rs5750211,96,110,-0.187012,0.000741882,False
rs5750211,96,111,-0.17924,0.00125339,False
rs5750211,96,112,-0.18812,0.000734819,False
rs5750211,96,113,-0.186322,0.000839159,False
rs5750211,96,114,-0.183783,0.0010023,False
rs5750211,96,115,-0.176127,0.0016472,False
rs5750211,96,116,-0.176472,0.00163696,False
rs5750211,96,117,-0.175904,0.00172774,False
rs5750211,96,118,-0.196826,0.000469438,False
rs5750211,96,119,-0.182449,0.00120086,False
rs5750211,96,120,-0.193839,0.000589318,False
rs5750211,96,121,-0.205717,0.000274646,False
rs5750211,96,122,-0.196582,0.000503718,False
rs5750211,96,123,-0.210493,0.000199164,False
rs5750211,96,124,-0.204252,0.000313762,False
rs5750211,96,125,-0.211076,0.000196023,False
rs5750211,96,126,-0.206562,0.000268774,False
rs5750211,96,127,-0.201478,0.000385641,False
rs5750211,96,128,-0.197454,0.000510417,False
rs5750211,96,129,-0.205046,0.000312787,False
rs5750211,96,130,-0.196494,0.000559332,False
rs5750211,96,131,-0.201693,0.000398186,False
rs5750211,96,132,-0.207112,0.000275953,False
rs5750211,96,133,-0.209114,0.000240889,False
rs5750211,96,134,-0.20578,0.000304095,False
rs5750211,96,135,-0.21094,0.000211953,False
rs5750211,96,136,-0.205738,0.000299148,False
rs5750211,96,137,-0.205509,0.000305064,False
rs5750211,96,138,-0.217621,0.000135052,False
rs5750211,96,139,-0.207734,0.000271632,False
rs5750211,96,140,-0.213365,0.000185001,False
rs5750211,96,141,-0.205855,0.000309665,False
rs5750211,96,142,-0.187026,0.00105525,False
rs5750211,96,143,-0.213132,0.000187703,False
rs5750211,96,144,-0.218387,0.000128377,False
rs5750211,96,145,-0.211653,0.000206025,False
rs5750211,96,146,-0.214877,0.000163361,False
rs5750211,96,147,-0.228764,6.0772e-05,False
rs5750211,96,148,-0.22607,7.46763e-05,False
rs5750211,96,149,-0.215908,0.00015229,False
rs5750211,96,150,-0.231656,4.86296e-05,False
rs5750211,96,151,-0.232896,4.47921e-05,False
rs5750211,96,152,-0.232023,4.73523e-05,False
rs5750211,96,153,-0.230072,5.47956e-05,False
rs5750211,96,154,-0.223207,9.23059e-05,False
rs5750211,96,155,-0.216874,0.000142162,False
rs5750211,96,156,-0.22844,5.99388e-05,False
rs5750211,96,157,-0.229455,5.63907e-05,False
rs5750211,96,158,-0.234206,3.94409e-05,False
rs5750211,96,159,-0.231324,4.85465e-05,False
rs5750211,96,160,-0.225722,7.46049e-05,False
rs5750211,96,161,-0.221471,9.7929e-05,False
rs5750211,96,162,-0.229759,5.22297e-05,False
rs5750211,96,163,-0.224228,7.83278e-05,False
rs5750211,96,164,-0.218171,0.000119379,False
rs5750211,96,165,-0.226183,6.3768e-05,False
rs5750211,96,166,-0.221443,8.92796e-05,False
rs5750211,96,167,-0.221863,8.56019e-05,False
rs5750211,96,168,-0.228546,5.06665e-05,False
rs5750211,96,169,-0.227448,5.26144e-05,False
rs5750211,96,170,-0.244379,1.37268e-05,False
rs5750211,96,171,-0.242779,1.53058e-05,False
rs5750211,96,172,-0.253079,6.44747e-06,False
rs5750211,96,173,-0.258708,3.84172e-06,False
rs5750211,96,174,-0.258905,3.59162e-06,False
rs5750211,96,175,-0.246583,9.68866e-06,False
rs5750211,96,176,-0.263548,2.15226e-06,False
rs5750211,96,177,-0.242262,1.27666e-05,False
rs5750211,96,178,-0.25715,3.56159e-06,False
rs5750211,96,179,-0.250908,5.72321e-06,False
rs5750211,96,180,-0.2623,1.98191e-06,False
rs5750211,96,181,-0.250474,5.56044e-06,False
rs5750211,96,182,-0.254863,3.57201e-06,False
rs5750211,96,183,-0.252617,4.1831e-06,False
rs5750211,96,184,-0.260992,1.90812e-06,False
rs5750211,96,185,-0.253547,3.54398e-06,False
rs5750211,96,186,-0.244598,7.54112e-06,False
rs5750211,96,187,-0.237345,1.31869e-05,False
rs5750211,96,188,-0.253928,3.10295e-06,False
rs5750211,96,189,-0.250516,4.09319e-06,False
rs5750211,96,190,-0.249875,4.29285e-06,False
rs5750211,96,191,-0.24546,6.38434e-06,False
rs5750211,96,192,-0.259318,1.83321e-06,False
rs5750211,96,193,-0.273099,4.92806e-07,False
rs5750211,96,194,-0.258437,1.94952e-06,False
rs5750211,96,195,-0.267861,8.57319e-07,False
rs5750211,96,196,-0.266528,9.91571e-07,False
rs5750211,96,197,-0.268088,9.11375e-07,False
rs5750211,96,198,-0.271659,6.64313e-07,False
rs5750211,96,199,-0.255154,3.22129e-06,False
rs5750211,96,200,-0.260019,2.18065e-06,False
rs5750211,96,201,-0.247539,7.03453e-06,False
rs5750211,96,202,-0.248436,7.09855e-06,False
rs5750211,96,203,-0.261045,2.52999e-06,False
rs5750211,96,204,-0.245701,1.03583e-05,False
rs5750211,96,205,-0.249785,8.0171e-06,False
rs5750211,96,206,-0.248452,1.0233e-05,False
rs5750211,96,207,-0.253863,7.22529e-06,False
rs5750211,96,208,-0.243328,1.90406e-05,False
rs5750211,96,209,-0.261629,4.76781e-06,False
rs5750211,96,210,-0.267622,3.38381e-06,False
rs5750211,96,211,-0.252516,1.36871e-05,False
rs5750211,96,212,-0.263765,6.47636e-06,False
rs5750211,96,213,-0.27071,4.55953e-06,False
rs5750211,96,214,-0.25765,1.50126e-05,False
rs5750211,96,215,-0.250133,3.08505e-05,False
rs5750211,96,216,-0.269042,8.92741e-06,False
rs5750211,96,217,-0.26342,1.67355e-05,False
rs5750211,96,218,-0.255023,3.62415e-05,False
rs5750211,96,219,-0.261275,2.7987e-05,False
rs5750211,96,220,-0.274637,1.32534e-05,False
rs5750211,96,221,-0.284183,8.26637e-06,False
rs5750211,96,222,-0.28099,1.29268e-05,False
rs5750211,96,223,-0.289633,8.36949e-06,False
rs5750211,96,224,-0.288398,1.14701e-05,False
rs5750211,96,225,-0.27691,3.05322e-05,False
rs5750211,96,226,-0.267926,6.51395e-05,False
rs5750211,96,227,-0.296886,1.18246e-05,False
rs5750211,96,228,-0.299366,1.25051e-05,False
rs5750211,96,229,-0.309628,7.47486e-06,False
rs5750211,96,230,-0.299516,1.79259e-05,False
rs5750211,96,231,-0.308957,1.15083e-05,False
rs5750211,96,232,-0.318143,7.51841e-06,False
rs5750211,96,233,-0.300618,2.71334e-05,False
rs5750211,96,234,-0.32053,9.13672e-06,False
rs5750211,96,235,-0.315566,1.4666e-05,False
rs5750211,96,236,-0.325402,9.08934e-06,False
rs5750211,96,237,-0.346716,2.66351e-06,False
rs5750211,96,238,-0.330512,8.61422e-06,False
rs5750211,96,239,-0.350427,2.79502e-06,False
rs5750211,96,240,-0.339143,6.51206e-06,False
rs5750211,96,241,-0.348333,4.19188e-06,False
rs5750211,96,242,-0.340946,7.46693e-06,False
rs5750211,96,243,-0.338838,9.36131e-06,False
rs5750211,96,244,-0.341717,8.81685e-06,False
rs5750211,96,245,-0.354073,4.67326e-06,False
rs5750211,96,246,-0.347508,7.68205e-06,False
rs5750211,96,247,-0.324664,3.28843e-05,False
rs5750211,96,248,-0.33354,2.18694e-05,False
rs5750211,96,249,-0.347266,1.1231e-05,False
rs5750211,96,250,-0.329601,3.32692e-05,False
rs5750211,96,251,-0.337686,2.31562e-05,False
rs5750211,97,7,-0.171975,6.65345e-05,False
rs5750211,97,8,-0.146095,0.000625863,False
rs5750211,97,9,-0.170613,5.41513e-05,False
rs5750211,97,10,-0.155783,0.000197162,False
rs5750211,97,11,-0.154066,0.000205856,False
rs5750211,97,12,-0.165186,6.24565e-05,False
rs5750211,97,13,-0.148084,0.00029258,False
rs5750211,97,14,-0.147341,0.00029588,False
rs5750211,97,15,-0.146356,0.000305541,False
rs5750211,97,16,-0.144797,0.000349917,False
rs5750211,97,17,-0.150492,0.000199808,False
rs5750211,97,18,-0.146979,0.000275017,False
rs5750211,97,19,-0.153878,0.00013392,False
rs5750211,97,20,-0.158226,8.54279e-05,False
rs5750211,97,21,-0.151558,0.000173008,False
rs5750211,97,22,-0.149208,0.00022087,False
rs5750211,97,23,-0.15354,0.00014147,False
rs5750211,97,24,-0.161342,6.34983e-05,False
rs5750211,97,25,-0.161179,6.7166e-05,False
rs5750211,97,26,-0.175586,1.45374e-05,False
rs5750211,97,27,-0.170678,2.54254e-05,False
rs5750211,97,28,-0.179842,9.36994e-06,False
rs5750211,97,29,-0.170913,2.57002e-05,False
rs5750211,97,30,-0.150086,0.00023128,False
rs5750211,97,31,-0.159292,9.8036e-05,False
rs5750211,97,32,-0.159433,9.70266e-05,False
rs5750211,97,33,-0.156628,0.000132193,False
rs5750211,97,34,-0.173568,2.45599e-05,False
rs5750211,97,35,-0.162528,8.09546e-05,False
rs5750211,97,36,-0.169857,3.89632e-05,False
rs5750211,97,37,-0.164472,7.35356e-05,False
rs5750211,97,38,-0.156676,0.00016548,False
rs5750211,97,39,-0.166555,6.64302e-05,False
rs5750211,97,40,-0.152765,0.000260761,False
rs5750211,97,41,-0.162632,0.000106997,False
rs5750211,97,42,-0.177876,2.37932e-05,False
rs5750211,97,43,-0.145314,0.000597432,False
rs5750211,97,44,-0.145931,0.000586332,False
rs5750211,97,45,-0.154334,0.000285779,False
rs5750211,97,46,-0.156248,0.000259609,False
rs5750211,97,47,-0.15008,0.000471292,False
rs5750211,97,48,-0.163837,0.000141857,False
rs5750211,97,49,-0.159066,0.000238498,False
rs5750211,97,50,-0.149141,0.000613519,False
rs5750211,97,51,-0.135577,0.00193649,False
rs5750211,97,52,-0.159907,0.000277331,False
rs5750211,97,53,-0.158958,0.000316022,False
rs5750211,97,54,-0.154693,0.000497184,False
rs5750211,97,55,-0.156784,0.000431347,False
rs5750211,97,56,-0.151011,0.000746473,False
rs5750211,97,57,-0.170569,0.000152863,False
rs5750211,97,58,-0.15687,0.000527572,False
rs5750211,97,59,-0.168053,0.000218609,False
rs5750211,97,60,-0.165474,0.000287941,False
rs5750211,97,61,-0.163262,0.000377778,False
rs5750211,97,62,-0.158345,0.000598005,False
rs5750211,97,63,-0.179322,0.000112035,False
rs5750211,97,64,-0.18421,7.83671e-05,False
rs5750211,97,65,-0.182848,9.55909e-05,False
rs5750211,97,66,-0.191581,4.71468e-05,False
rs5750211,97,67,-0.176552,0.000192136,False
rs5750211,97,68,-0.176971,0.00019846,False
rs5750211,97,69,-0.1834,0.000126242,False
rs5750211,97,70,-0.198524,3.70153e-05,False
rs5750211,97,71,-0.195775,5.18312e-05,False
rs5750211,97,72,-0.194172,6.48169e-05,False
rs5750211,97,73,-0.202116,3.55384e-05,False
rs5750211,97,74,-0.203849,3.34526e-05,False
rs5750211,97,75,-0.195116,8.01444e-05,False
rs5750211,97,76,-0.195939,8.15202e-05,False
rs5750211,97,77,-0.203137,4.792e-05,False
rs5750211,97,78,-0.182388,0.000283119,False
rs5750211,97,79,-0.177155,0.000449785,False
rs5750211,97,80,-0.167392,0.00096912,False
rs5750211,97,81,-0.179245,0.000433064,False
rs5750211,97,82,-0.180659,0.000417665,False
rs5750211,97,83,-0.181006,0.000433229,False
rs5750211,97,84,-0.182776,0.000401559,False
rs5750211,97,85,-0.192078,0.000209164,False
rs5750211,97,86,-0.187127,0.000317411,False
rs5750211,97,87,-0.187486,0.00032245,False
rs5750211,97,88,-0.191836,0.000244034,False
rs5750211,97,89,-0.190566,0.000283561,False
rs5750211,97,90,-0.195269,0.000209083,False
rs5750211,97,91,-0.182042,0.000572075,False
rs5750211,97,92,-0.189192,0.000355618,False
rs5750211,97,93,-0.185876,0.000469181,False
rs5750211,97,94,-0.18465,0.000524078,False
rs5750211,97,95,-0.181676,0.000680489,False
rs5750211,97,96,-0.192714,0.000324344,False
rs5750211,97,97,-0.199311,0.000209232,False
rs5750211,97,98,-0.217391,5.47244e-05,False
rs5750211,97,99,-0.211784,8.715e-05,False
rs5750211,97,100,-0.198956,0.000238418,False
rs5750211,97,101,-0.209624,0.000114338,False
rs5750211,97,102,-0.20656,0.000146498,False
rs5750211,97,103,-0.204043,0.000182423,False
rs5750211,97,104,-0.196677,0.000325509,False
rs5750211,97,105,-0.188196,0.000595887,False
rs5750211,97,106,-0.187317,0.000647072,False
rs5750211,97,107,-0.189671,0.000563611,False
rs5750211,97,108,-0.191847,0.000493294,False
rs5750211,97,109,-0.180823,0.00107009,False
rs5750211,97,110,-0.181696,0.00103425,False
rs5750211,97,111,-0.202457,0.000266156,False
rs5750211,97,112,-0.201279,0.000293352,False
rs5750211,97,113,-0.186948,0.000797675,False
rs5750211,97,114,-0.196022,0.00044367,False
rs5750211,97,115,-0.194629,0.00049514,False
rs5750211,97,116,-0.19693,0.000434836,False
rs5750211,97,117,-0.187028,0.00084438,False
rs5750211,97,118,-0.195766,0.000481595,False
rs5750211,97,119,-0.19408,0.000551186,False
rs5750211,97,120,-0.199564,0.000387801,False
rs5750211,97,121,-0.197504,0.000458704,False
rs5750211,97,122,-0.197595,0.000462507,False
rs5750211,97,123,-0.19713,0.000478044,False
rs5750211,97,124,-0.191869,0.000687883,False
rs5750211,97,125,-0.197095,0.00048515,False
rs5750211,97,126,-0.200801,0.000389711,False
rs5750211,97,127,-0.191712,0.000712791,False
rs5750211,97,128,-0.197721,0.000491527,False
rs5750211,97,129,-0.21329,0.000171896,False
rs5750211,97,130,-0.207581,0.000256841,False
rs5750211,97,131,-0.199984,0.000425012,False
rs5750211,97,132,-0.195485,0.000576649,False
rs5750211,97,133,-0.181572,0.00138772,False
rs5750211,97,134,-0.204068,0.000328915,False
rs5750211,97,135,-0.198475,0.000481952,False
rs5750211,97,136,-0.203054,0.00035928,False
rs5750211,97,137,-0.207724,0.000261242,False
rs5750211,97,138,-0.213429,0.000174404,False
rs5750211,97,139,-0.215135,0.000154981,False
rs5750211,97,140,-0.212325,0.000187831,False
rs5750211,97,141,-0.213176,0.000177751,False
rs5750211,97,142,-0.214916,0.000155496,False
rs5750211,97,143,-0.228182,6.02045e-05,False
rs5750211,97,144,-0.224996,7.67559e-05,False
rs5750211,97,145,-0.22854,5.82262e-05,False
rs5750211,97,146,-0.223693,8.39396e-05,False
rs5750211,97,147,-0.226428,6.87041e-05,False
rs5750211,97,148,-0.222515,9.15329e-05,False
rs5750211,97,149,-0.211075,0.000205532,False
rs5750211,97,150,-0.226629,6.65973e-05,False
rs5750211,97,151,-0.237833,2.91793e-05,False
rs5750211,97,152,-0.233232,4.11397e-05,False
rs5750211,97,153,-0.223862,8.27248e-05,False
rs5750211,97,154,-0.214615,0.000159001,False
rs5750211,97,155,-0.224769,7.55034e-05,False
rs5750211,97,156,-0.213888,0.000163978,False
rs5750211,97,157,-0.214118,0.000157907,False
rs5750211,97,158,-0.218215,0.000116061,False
rs5750211,97,159,-0.212646,0.000171477,False
rs5750211,97,160,-0.218805,0.00010873,False
rs5750211,97,161,-0.223733,7.52211e-05,False
rs5750211,97,162,-0.217803,0.000114209,False
rs5750211,97,163,-0.209054,0.000208613,False
rs5750211,97,164,-0.218824,0.0001012,False
rs5750211,97,165,-0.209782,0.000193577,False
rs5750211,97,166,-0.214911,0.000131284,False
rs5750211,97,167,-0.212363,0.000154677,False
rs5750211,97,168,-0.206314,0.000232749,False
rs5750211,97,169,-0.214341,0.000126898,False
rs5750211,97,170,-0.226048,5.16502e-05,False
rs5750211,97,171,-0.218056,9.35784e-05,False
rs5750211,97,172,-0.226603,4.85641e-05,False
rs5750211,97,173,-0.23414,2.54771e-05,False
rs5750211,97,174,-0.233884,2.5096e-05,False
rs5750211,97,175,-0.242679,1.17435e-05,False
rs5750211,97,176,-0.252254,4.91553e-06,False
rs5750211,97,177,-0.250395,5.73916e-06,False
rs5750211,97,178,-0.237873,1.55149e-05,False
rs5750211,97,179,-0.237992,1.46222e-05,False
rs5750211,97,180,-0.232897,2.18437e-05,False
rs5750211,97,181,-0.227702,3.23965e-05,False
rs5750211,97,182,-0.239734,1.13932e-05,False
rs5750211,97,183,-0.244521,7.38431e-06,False
rs5750211,97,184,-0.250702,4.34384e-06,False
rs5750211,97,185,-0.247537,5.31814e-06,False
rs5750211,97,186,-0.247436,5.39274e-06,False
rs5750211,97,187,-0.243906,7.25427e-06,False
rs5750211,97,188,-0.248291,5.04296e-06,False
rs5750211,97,189,-0.257996,2.09856e-06,False
rs5750211,97,190,-0.252675,3.41632e-06,False
rs5750211,97,191,-0.250063,4.25644e-06,False
rs5750211,97,192,-0.256254,2.43516e-06,False
rs5750211,97,193,-0.274167,4.83915e-07,False
rs5750211,97,194,-0.262991,1.39412e-06,False
rs5750211,97,195,-0.259365,1.99961e-06,False
rs5750211,97,196,-0.252143,4.06416e-06,False
rs5750211,97,197,-0.260812,1.97932e-06,False
rs5750211,97,198,-0.248815,5.96954e-06,False
rs5750211,97,199,-0.245314,8.51503e-06,False
rs5750211,97,200,-0.257483,3.18002e-06,False
rs5750211,97,201,-0.248518,7.51516e-06,False
rs5750211,97,202,-0.264028,2.14051e-06,False
rs5750211,97,203,-0.251669,7.01704e-06,False
rs5750211,97,204,-0.259737,3.85622e-06,False
rs5750211,97,205,-0.256315,5.9396e-06,False
rs5750211,97,206,-0.261599,4.2622e-06,False
rs5750211,97,207,-0.241707,2.42126e-05,False
rs5750211,97,208,-0.261522,5.6714e-06,False
rs5750211,97,209,-0.262841,5.96705e-06,False
rs5750211,97,210,-0.27199,3.30539e-06,False
rs5750211,97,211,-0.262423,8.44685e-06,False
rs5750211,97,212,-0.26148,1.04626e-05,False
rs5750211,97,213,-0.261773,1.25273e-05,False
rs5750211,97,214,-0.269352,8.39025e-06,False
rs5750211,97,215,-0.265396,1.36495e-05,False
rs5750211,97,216,-0.260285,2.32886e-05,False
rs5750211,97,217,-0.275415,9.05841e-06,False
rs5750211,97,218,-0.266807,2.10508e-05,False
rs5750211,97,219,-0.263339,3.1743e-05,False
rs5750211,97,220,-0.283251,9.47826e-06,False
rs5750211,97,221,-0.284462,1.07245e-05,False
rs5750211,97,222,-0.279259,1.8873e-05,False
rs5750211,97,223,-0.261131,7.47329e-05,False
rs5750211,97,224,-0.277492,3.10201e-05,False
rs5750211,97,225,-0.284676,2.27554e-05,False
rs5750211,97,226,-0.292604,1.60238e-05,False
rs5750211,97,227,-0.290061,2.32268e-05,False
rs5750211,97,228,-0.289922,2.76899e-05,False
rs5750211,97,229,-0.293486,2.66974e-05,False
rs5750211,97,230,-0.306352,1.3721e-05,False
rs5750211,97,231,-0.304118,1.82227e-05,False
rs5750211,97,232,-0.298812,2.99768e-05,False
rs5750211,97,233,-0.329349,4.98192e-06,False
rs5750211,97,234,-0.324916,7.61192e-06,False
rs5750211,97,235,-0.315473,1.57942e-05,False
rs5750211,97,236,-0.323247,1.1193e-05,False
rs5750211,97,237,-0.322604,1.30931e-05,False
rs5750211,97,238,-0.334456,7.1135e-06,False
rs5750211,97,239,-0.322203,1.65403e-05,False
rs5750211,97,240,-0.327591,1.34714e-05,False
rs5750211,97,241,-0.330101,1.2735e-05,False
rs5750211,97,242,-0.330441,1.38564e-05,False
rs5750211,97,243,-0.346844,5.44971e-06,False
rs5750211,97,244,-0.334942,1.22563e-05,False
rs5750211,97,245,-0.331403,1.72273e-05,False
rs5750211,97,246,-0.322783,3.03498e-05,False
rs5750211,97,247,-0.329029,2.32419e-05,False
rs5750211,97,248,-0.330712,2.31651e-05,False
rs5750211,97,249,-0.313167,6.63152e-05,False
rs5750211,97,250,-0.313552,7.10165e-05,False
rs5750211,97,251,-0.327374,3.67704e-05,False
rs5750211,98,7,-0.133023,0.00203816,False
rs5750211,98,8,-0.142603,0.00082328,False
rs5750211,98,9,-0.130122,0.00206942,False
rs5750211,98,10,-0.147369,0.000423946,False
rs5750211,98,11,-0.131963,0.00150894,False
rs5750211,98,12,-0.142188,0.000566195,False
rs5750211,98,13,-0.132474,0.0012438,False
rs5750211,98,14,-0.143023,0.000440004,False
rs5750211,98,15,-0.132295,0.00112181,False
rs5750211,98,16,-0.138293,0.000627765,False
rs5750211,98,17,-0.134667,0.00087225,False
rs5750211,98,18,-0.150725,0.000192136,False
rs5750211,98,19,-0.152977,0.000152561,False
rs5750211,98,20,-0.147016,0.000270891,False
rs5750211,98,21,-0.14356,0.000373503,False
rs5750211,98,22,-0.151662,0.00017273,False
rs5750211,98,23,-0.161433,6.3456e-05,False
rs5750211,98,24,-0.173589,1.77437e-05,False
rs5750211,98,25,-0.189318,2.92578e-06,False
rs5750211,98,26,-0.179058,9.74591e-06,False
rs5750211,98,27,-0.165847,4.22231e-05,False
rs5750211,98,28,-0.180281,9.00405e-06,False
rs5750211,98,29,-0.177289,1.26447e-05,False
rs5750211,98,30,-0.173243,2.11908e-05,False
rs5750211,98,31,-0.178406,1.24466e-05,False
rs5750211,98,32,-0.178149,1.31357e-05,False
rs5750211,98,33,-0.164766,5.77239e-05,False
rs5750211,98,34,-0.176659,1.72435e-05,False
rs5750211,98,35,-0.163579,7.2677e-05,False
rs5750211,98,36,-0.164592,6.8073e-05,False
rs5750211,98,37,-0.165253,6.82084e-05,False
rs5750211,98,38,-0.172505,3.21379e-05,False
rs5750211,98,39,-0.179646,1.61832e-05,False
rs5750211,98,40,-0.190231,5.47727e-06,False
rs5750211,98,41,-0.162468,0.000105364,False
rs5750211,98,42,-0.174215,3.4929e-05,False
rs5750211,98,43,-0.175321,3.19927e-05,False
rs5750211,98,44,-0.169408,6.31117e-05,False
rs5750211,98,45,-0.179141,2.4538e-05,False
rs5750211,98,46,-0.181836,2.09139e-05,False
rs5750211,98,47,-0.172952,5.4135e-05,False
rs5750211,98,48,-0.180385,2.76245e-05,False
rs5750211,98,49,-0.185465,1.8053e-05,False
rs5750211,98,50,-0.17892,3.70205e-05,False
rs5750211,98,51,-0.17181,8.13326e-05,False
rs5750211,98,52,-0.1826,3.08135e-05,False
rs5750211,98,53,-0.195429,8.5635e-06,False
rs5750211,98,54,-0.198388,7.06431e-06,False
rs5750211,98,55,-0.20104,6.10644e-06,False
rs5750211,98,56,-0.195467,1.18789e-05,False
rs5750211,98,57,-0.204684,4.99469e-06,False
rs5750211,98,58,-0.207739,4.09213e-06,False
rs5750211,98,59,-0.213538,2.35344e-06,False
rs5750211,98,60,-0.203248,8.05312e-06,False
rs5750211,98,61,-0.210892,3.94851e-06,False
rs5750211,98,62,-0.195242,2.10671e-05,False
rs5750211,98,63,-0.209777,5.42613e-06,False
rs5750211,98,64,-0.203373,1.15542e-05,False
rs5750211,98,65,-0.211868,5.57559e-06,False
rs5750211,98,66,-0.210569,7.01824e-06,False
rs5750211,98,67,-0.201502,1.86326e-05,False
rs5750211,98,68,-0.207302,1.20066e-05,False
rs5750211,98,69,-0.204521,1.71641e-05,False
rs5750211,98,70,-0.217832,5.45506e-06,False
rs5750211,98,71,-0.220705,4.48684e-06,False
rs5750211,98,72,-0.211675,1.20454e-05,False
rs5750211,98,73,-0.201758,3.28915e-05,False
rs5750211,98,74,-0.189008,0.000108668,False
rs5750211,98,75,-0.19018,0.000105929,False
rs5750211,98,76,-0.195142,7.45835e-05,False
rs5750211,98,77,-0.207526,2.77041e-05,False
rs5750211,98,78,-0.210234,2.3603e-05,False
rs5750211,98,79,-0.186672,0.000191895,False
rs5750211,98,80,-0.183494,0.000257677,False
rs5750211,98,81,-0.205008,4.99941e-05,False
rs5750211,98,82,-0.191009,0.000164886,False
rs5750211,98,83,-0.190785,0.000181618,False
rs5750211,98,84,-0.199457,9.52701e-05,False
rs5750211,98,85,-0.208762,4.88427e-05,False
rs5750211,98,86,-0.209784,4.81874e-05,False
rs5750211,98,87,-0.206041,6.8867e-05,False
rs5750211,98,88,-0.199988,0.000118983,False
rs5750211,98,89,-0.201076,0.000114773,False
rs5750211,98,90,-0.207334,7.44596e-05,False
rs5750211,98,91,-0.222805,2.22688e-05,False
rs5750211,98,92,-0.203971,0.00010701,False
rs5750211,98,93,-0.218717,3.47427e-05,False
rs5750211,98,94,-0.219523,3.524e-05,False
rs5750211,98,95,-0.218954,3.7741e-05,False
rs5750211,98,96,-0.213523,6.13655e-05,False
rs5750211,98,97,-0.219994,3.88539e-05,False
rs5750211,98,98,-0.215051,5.92389e-05,False
rs5750211,98,99,-0.214703,6.4318e-05,False
rs5750211,98,100,-0.20263,0.000164012,False
rs5750211,98,101,-0.214483,7.01414e-05,False
rs5750211,98,102,-0.214011,7.52936e-05,False
rs5750211,98,103,-0.218323,5.55706e-05,False
rs5750211,98,104,-0.203439,0.000180344,False
rs5750211,98,105,-0.212899,9.20648e-05,False
rs5750211,98,106,-0.209732,0.000117629,False
rs5750211,98,107,-0.200708,0.000238322,False
rs5750211,98,108,-0.194237,0.000387389,False
rs5750211,98,109,-0.204451,0.000192942,False
rs5750211,98,110,-0.208067,0.000155774,False
rs5750211,98,111,-0.205683,0.000191133,False
rs5750211,98,112,-0.199035,0.000309565,False
rs5750211,98,113,-0.18213,0.00100233,False
rs5750211,98,114,-0.195392,0.000426962,False
rs5750211,98,115,-0.194285,0.000471743,False
rs5750211,98,116,-0.184364,0.000947507,False
rs5750211,98,117,-0.196138,0.000443687,False
rs5750211,98,118,-0.195746,0.000468226,False
rs5750211,98,119,-0.213534,0.000139656,False
rs5750211,98,120,-0.19635,0.000468468,False
rs5750211,98,121,-0.198869,0.000399339,False
rs5750211,98,122,-0.211068,0.000172554,False
rs5750211,98,123,-0.209224,0.000197539,False
rs5750211,98,124,-0.213634,0.000146589,False
rs5750211,98,125,-0.216561,0.000122188,False
rs5750211,98,126,-0.205446,0.000268447,False
rs5750211,98,127,-0.211405,0.000178637,False
rs5750211,98,128,-0.208942,0.00021455,False
rs5750211,98,129,-0.21523,0.000138236,False
rs5750211,98,130,-0.207457,0.000242489,False
rs5750211,98,131,-0.212209,0.000173757,False
rs5750211,98,132,-0.197913,0.000469844,False
rs5750211,98,133,-0.196465,0.000521733,False
rs5750211,98,134,-0.213856,0.000160475,False
rs5750211,98,135,-0.213575,0.000163182,False
rs5750211,98,136,-0.215919,0.000138145,False
rs5750211,98,137,-0.223702,7.83954e-05,False
rs5750211,98,138,-0.222887,8.31796e-05,False
rs5750211,98,139,-0.222825,8.42267e-05,False
rs5750211,98,140,-0.23273,4.01309e-05,False
rs5750211,98,141,-0.242512,1.85157e-05,False
rs5750211,98,142,-0.227061,6.24543e-05,False
rs5750211,98,143,-0.216434,0.000133243,False
rs5750211,98,144,-0.223038,8.32759e-05,False
rs5750211,98,145,-0.230202,4.84905e-05,False
rs5750211,98,146,-0.224498,7.46365e-05,False
rs5750211,98,147,-0.232721,4.04807e-05,False
rs5750211,98,148,-0.205882,0.000276919,False
rs5750211,98,149,-0.208815,0.00022257,False
rs5750211,98,150,-0.20168,0.000361988,False
rs5750211,98,151,-0.235324,3.19777e-05,False
rs5750211,98,152,-0.234095,3.53295e-05,False
rs5750211,98,153,-0.22097,9.31597e-05,False
rs5750211,98,154,-0.214735,0.00014419,False
rs5750211,98,155,-0.221585,8.93346e-05,False
rs5750211,98,156,-0.214145,0.00014745,False
rs5750211,98,157,-0.199307,0.00040767,False
rs5750211,98,158,-0.209194,0.000201369,False
rs5750211,98,159,-0.211439,0.000173822,False
rs5750211,98,160,-0.220689,8.7001e-05,False
rs5750211,98,161,-0.218163,0.000102227,False
rs5750211,98,162,-0.221843,7.69592e-05,False
rs5750211,98,163,-0.222609,7.18005e-05,False
rs5750211,98,164,-0.230558,3.82437e-05,False
rs5750211,98,165,-0.241341,1.58465e-05,False
rs5750211,98,166,-0.231358,3.41986e-05,False
rs5750211,98,167,-0.246313,1.00371e-05,False
rs5750211,98,168,-0.233102,2.87446e-05,False
rs5750211,98,169,-0.240657,1.51167e-05,False
rs5750211,98,170,-0.25697,3.67825e-06,False
rs5750211,98,171,-0.257223,3.45945e-06,False
rs5750211,98,172,-0.261082,2.4084e-06,False
rs5750211,98,173,-0.259335,2.65524e-06,False
rs5750211,98,174,-0.265047,1.51473e-06,False
rs5750211,98,175,-0.25247,4.40604e-06,False
rs5750211,98,176,-0.252291,4.37803e-06,False
rs5750211,98,177,-0.252767,4.14915e-06,False
rs5750211,98,178,-0.246381,6.70865e-06,False
rs5750211,98,179,-0.255699,2.89744e-06,False
rs5750211,98,180,-0.269702,7.63024e-07,False
rs5750211,98,181,-0.268255,8.56541e-07,False
rs5750211,98,182,-0.269075,7.64959e-07,False
rs5750211,98,183,-0.24628,6.04636e-06,False
rs5750211,98,184,-0.244012,7.0976e-06,False
rs5750211,98,185,-0.253957,2.94756e-06,False
rs5750211,98,186,-0.251772,3.56479e-06,False
rs5750211,98,187,-0.256178,2.43258e-06,False
rs5750211,98,188,-0.254203,2.79402e-06,False
rs5750211,98,189,-0.26385,1.15316e-06,False
rs5750211,98,190,-0.256133,2.3921e-06,False
rs5750211,98,191,-0.272719,5.33967e-07,False
rs5750211,98,192,-0.259394,1.84849e-06,False
rs5750211,98,193,-0.254429,2.96386e-06,False
rs5750211,98,194,-0.255973,2.65085e-06,False
rs5750211,98,195,-0.262974,1.49221e-06,False
rs5750211,98,196,-0.252489,4.10508e-06,False
rs5750211,98,197,-0.262077,1.86154e-06,False
rs5750211,98,198,-0.269228,1.0748e-06,False
rs5750211,98,199,-0.27194,9.35898e-07,False
rs5750211,98,200,-0.259029,3.31563e-06,False
rs5750211,98,201,-0.25663,4.54902e-06,False
rs5750211,98,202,-0.258427,4.21443e-06,False
rs5750211,98,203,-0.261666,3.53998e-06,False
rs5750211,98,204,-0.27255,1.62797e-06,False
rs5750211,98,205,-0.25071,1.12733e-05,False
rs5750211,98,206,-0.252681,1.12725e-05,False
rs5750211,98,207,-0.268449,3.57803e-06,False
rs5750211,98,208,-0.256482,1.12161e-05,False
rs5750211,98,209,-0.247001,2.65438e-05,False
rs5750211,98,210,-0.252078,2.10926e-05,False
rs5750211,98,211,-0.256964,1.71725e-05,False
rs5750211,98,212,-0.257805,1.94578e-05,False
rs5750211,98,213,-0.252888,3.22096e-05,False
rs5750211,98,214,-0.258542,2.56068e-05,False
rs5750211,98,215,-0.247994,6.25151e-05,False
rs5750211,98,216,-0.245891,8.32286e-05,False
rs5750211,98,217,-0.246847,9.28219e-05,False
rs5750211,98,218,-0.267219,2.83605e-05,False
rs5750211,98,219,-0.269924,2.85727e-05,False
rs5750211,98,220,-0.278576,1.90947e-05,False
rs5750211,98,221,-0.25933,8.0021e-05,False
rs5750211,98,222,-0.250496,0.000165101,False
rs5750211,98,223,-0.273462,4.55846e-05,False
rs5750211,98,224,-0.270238,6.60928e-05,False
rs5750211,98,225,-0.286141,2.81526e-05,False
rs5750211,98,226,-0.294084,1.95302e-05,False
rs5750211,98,227,-0.288658,3.29895e-05,False
rs5750211,98,228,-0.297295,2.19537e-05,False
rs5750211,98,229,-0.314606,8.52363e-06,False
rs5750211,98,230,-0.309803,1.3531e-05,False
rs5750211,98,231,-0.304593,2.1972e-05,False
rs5750211,98,232,-0.307483,2.08966e-05,False
rs5750211,98,233,-0.310622,1.92846e-05,False
rs5750211,98,234,-0.327384,7.56522e-06,False
rs5750211,98,235,-0.329235,7.77467e-06,False
rs5750211,98,236,-0.328002,9.23894e-06,False
rs5750211,98,237,-0.323737,1.33302e-05,False
rs5750211,98,238,-0.323617,1.50749e-05,False
rs5750211,98,239,-0.337382,7.0357e-06,False
rs5750211,98,240,-0.321162,2.04341e-05,False
rs5750211,98,241,-0.315939,3.00475e-05,False
rs5750211,98,242,-0.328886,1.49435e-05,False
rs5750211,98,243,-0.324793,2.04547e-05,False
rs5750211,98,244,-0.325719,2.06703e-05,False
rs5750211,98,245,-0.336979,1.1278e-05,False
rs5750211,98,246,-0.334235,1.44621e-05,False
rs5750211,98,247,-0.330212,1.98343e-05,False
rs5750211,98,248,-0.340928,1.1536e-05,False
rs5750211,98,249,-0.345822,9.22635e-06,False
rs5750211,98,250,-0.319429,4.59311e-05,False
rs5750211,98,251,-0.34924,8.95312e-06,False
rs5750211,99,7,-0.130555,0.00244852,False
rs5750211,99,8,-0.128831,0.00250699,False
rs5750211,99,9,-0.118135,0.00510201,False
rs5750211,99,10,-0.138534,0.000891313,False
rs5750211,99,11,-0.12883,0.00185707,False
rs5750211,99,12,-0.145233,0.000410153,False
rs5750211,99,13,-0.137241,0.000778313,False
rs5750211,99,14,-0.170804,2.64047e-05,False
rs5750211,99,15,-0.126085,0.00183114,False
rs5750211,99,16,-0.133998,0.000913213,False
rs5750211,99,17,-0.14392,0.000362228,False
rs5750211,99,18,-0.146807,0.000268666,False
rs5750211,99,19,-0.150631,0.000187777,False
rs5750211,99,20,-0.141104,0.000469608,False
rs5750211,99,21,-0.152798,0.000150979,False
rs5750211,99,22,-0.149436,0.00021302,False
rs5750211,99,23,-0.147481,0.000259822,False
rs5750211,99,24,-0.160768,6.82493e-05,False
rs5750211,99,25,-0.161642,6.28324e-05,False
rs5750211,99,26,-0.147326,0.000264778,False
rs5750211,99,27,-0.16196,6.23583e-05,False
rs5750211,99,28,-0.15741,0.000106905,False
rs5750211,99,29,-0.152931,0.000165066,False
rs5750211,99,30,-0.175532,1.54937e-05,False
rs5750211,99,31,-0.168821,3.27021e-05,False
rs5750211,99,32,-0.161333,7.74913e-05,False
rs5750211,99,33,-0.154369,0.000159819,False
rs5750211,99,34,-0.158907,0.00010271,False
rs5750211,99,35,-0.159013,0.000107895,False
rs5750211,99,36,-0.178602,1.4523e-05,False
rs5750211,99,37,-0.165321,6.13226e-05,False
rs5750211,99,38,-0.175106,2.26256e-05,False
rs5750211,99,39,-0.169757,4.30225e-05,False
rs5750211,99,40,-0.166454,6.47683e-05,False
rs5750211,99,41,-0.171594,4.02874e-05,False
rs5750211,99,42,-0.167122,6.50622e-05,False
rs5750211,99,43,-0.174231,3.42398e-05,False
rs5750211,99,44,-0.179597,2.14639e-05,False
rs5750211,99,45,-0.158798,0.000175631,False
rs5750211,99,46,-0.15622,0.000237088,False
rs5750211,99,47,-0.175703,3.83609e-05,False
rs5750211,99,48,-0.180431,2.49704e-05,False
rs5750211,99,49,-0.169353,8.04765e-05,False
rs5750211,99,50,-0.167473,0.000105259,False
rs5750211,99,51,-0.16629,0.000127958,False
rs5750211,99,52,-0.148859,0.000633388,False
rs5750211,99,53,-0.161431,0.00022196,False
rs5750211,99,54,-0.15509,0.000418026,False
rs5750211,99,55,-0.155845,0.000407948,False
rs5750211,99,56,-0.148641,0.000797218,False
rs5750211,99,57,-0.169588,0.000137045,False
rs5750211,99,58,-0.16754,0.000176357,False
rs5750211,99,59,-0.151018,0.000754709,False
rs5750211,99,60,-0.154881,0.000592024,False
rs5750211,99,61,-0.162847,0.000323491,False
rs5750211,99,62,-0.165809,0.000271788,False
rs5750211,99,63,-0.164492,0.00032544,False
rs5750211,99,64,-0.176804,0.000122437,False
rs5750211,99,65,-0.177901,0.000117278,False
rs5750211,99,66,-0.18615,6.37763e-05,False
rs5750211,99,67,-0.177183,0.000148751,False
rs5750211,99,68,-0.173207,0.000227579,False
rs5750211,99,69,-0.192824,4.43465e-05,False
rs5750211,99,70,-0.177052,0.000193532,False
rs5750211,99,71,-0.178487,0.000185174,False
rs5750211,99,72,-0.185163,0.000114659,False
rs5750211,99,73,-0.187266,0.000103416,False
rs5750211,99,74,-0.17515,0.000304294,False
rs5750211,99,75,-0.182315,0.000182408,False
rs5750211,99,76,-0.187699,0.000127761,False
rs5750211,99,77,-0.177101,0.000320015,False
rs5750211,99,78,-0.175574,0.000388582,False
rs5750211,99,79,-0.197272,7.18478e-05,False
rs5750211,99,80,-0.195887,8.59451e-05,False
rs5750211,99,81,-0.189227,0.000159817,False
rs5750211,99,82,-0.20352,5.26725e-05,False
rs5750211,99,83,-0.192894,0.000134463,False
rs5750211,99,84,-0.197194,0.000101172,False
rs5750211,99,85,-0.183003,0.000335216,False
rs5750211,99,86,-0.190515,0.000195786,False
rs5750211,99,87,-0.193066,0.000167159,False
rs5750211,99,88,-0.180124,0.000457718,False
rs5750211,99,89,-0.189592,0.000239721,False
rs5750211,99,90,-0.190476,0.000238267,False
rs5750211,99,91,-0.197363,0.000147868,False
rs5750211,99,92,-0.192371,0.000228412,False
rs5750211,99,93,-0.19755,0.000160184,False
rs5750211,99,94,-0.19362,0.000221391,False
rs5750211,99,95,-0.190382,0.000292809,False
rs5750211,99,96,-0.18496,0.000455318,False
rs5750211,99,97,-0.191409,0.000304389,False
rs5750211,99,98,-0.204424,0.000118404,False
rs5750211,99,99,-0.204655,0.000122949,False
rs5750211,99,100,-0.193,0.000305704,False
rs5750211,99,101,-0.188189,0.000445489,False
rs5750211,99,102,-0.204425,0.000138676,False
rs5750211,99,103,-0.193069,0.000334723,False
rs5750211,99,104,-0.189771,0.000437979,False
rs5750211,99,105,-0.202114,0.000187538,False
rs5750211,99,106,-0.196862,0.000282772,False
rs5750211,99,107,-0.210922,0.000105643,False
rs5750211,99,108,-0.206373,0.000152936,False
rs5750211,99,109,-0.195918,0.000333957,False
rs5750211,99,110,-0.203688,0.000198136,False
rs5750211,99,111,-0.207955,0.000148926,False
rs5750211,99,112,-0.205053,0.000186611,False
rs5750211,99,113,-0.202418,0.000231499,False
rs5750211,99,114,-0.205329,0.000193378,False
rs5750211,99,115,-0.203549,0.000228248,False
rs5750211,99,116,-0.209021,0.000161876,False
rs5750211,99,117,-0.192926,0.000507021,False
rs5750211,99,118,-0.185696,0.000829753,False
rs5750211,99,119,-0.200684,0.000313572,False
rs5750211,99,120,-0.210079,0.000164943,False
rs5750211,99,121,-0.209259,0.000177325,False
rs5750211,99,122,-0.213409,0.000131761,False
rs5750211,99,123,-0.206125,0.00022429,False
rs5750211,99,124,-0.20316,0.000283857,False
rs5750211,99,125,-0.200521,0.000351889,False
rs5750211,99,126,-0.194804,0.000515579,False
rs5750211,99,127,-0.19557,0.00049508,False
rs5750211,99,128,-0.20295,0.000304616,False
rs5750211,99,129,-0.213755,0.00014398,False
rs5750211,99,130,-0.214077,0.000143966,False
rs5750211,99,131,-0.209507,0.000197244,False
rs5750211,99,132,-0.203974,0.000291025,False
rs5750211,99,133,-0.213691,0.000148533,False
rs5750211,99,134,-0.21634,0.000124109,False
rs5750211,99,135,-0.206125,0.000253114,False
rs5750211,99,136,-0.203081,0.000310948,False
rs5750211,99,137,-0.215938,0.000128142,False
rs5750211,99,138,-0.216121,0.000127278,False
rs5750211,99,139,-0.210336,0.000192894,False
rs5750211,99,140,-0.217781,0.000112529,False
rs5750211,99,141,-0.223757,7.24524e-05,False
rs5750211,99,142,-0.22784,5.3551e-05,False
rs5750211,99,143,-0.218548,0.000104508,False
rs5750211,99,144,-0.223511,7.21711e-05,False
rs5750211,99,145,-0.215753,0.000127406,False
rs5750211,99,146,-0.217437,0.000112189,False
rs5750211,99,147,-0.205265,0.000262208,False
rs5750211,99,148,-0.207306,0.000229155,False
rs5750211,99,149,-0.219662,9.32254e-05,False
rs5750211,99,150,-0.223748,6.74177e-05,False
rs5750211,99,151,-0.230529,4.05062e-05,False
rs5750211,99,152,-0.216382,0.000116809,False
rs5750211,99,153,-0.21965,9.08373e-05,False
rs5750211,99,154,-0.225286,5.89279e-05,False
rs5750211,99,155,-0.235093,2.74794e-05,False
rs5750211,99,156,-0.241255,1.65515e-05,False
rs5750211,99,157,-0.239555,1.85738e-05,False
rs5750211,99,158,-0.245009,1.14078e-05,False
rs5750211,99,159,-0.227728,4.56424e-05,False
rs5750211,99,160,-0.231421,3.39751e-05,False
rs5750211,99,161,-0.233217,2.90157e-05,False
rs5750211,99,162,-0.229657,3.81915e-05,False
rs5750211,99,163,-0.226354,4.80884e-05,False
rs5750211,99,164,-0.231431,3.19358e-05,False
rs5750211,99,165,-0.236497,2.04348e-05,False
rs5750211,99,166,-0.234727,2.29479e-05,False
rs5750211,99,167,-0.235024,2.19343e-05,False
rs5750211,99,168,-0.235152,2.07315e-05,False
rs5750211,99,169,-0.242372,1.12809e-05,False
rs5750211,99,170,-0.238675,1.5052e-05,False
rs5750211,99,171,-0.229867,2.96754e-05,False
rs5750211,99,172,-0.231921,2.49336e-05,False
rs5750211,99,173,-0.232045,2.35412e-05,False
rs5750211,99,174,-0.238436,1.35232e-05,False
rs5750211,99,175,-0.242633,9.34161e-06,False
rs5750211,99,176,-0.251271,4.30868e-06,False
rs5750211,99,177,-0.243815,8.11071e-06,False
rs5750211,99,178,-0.243884,7.87442e-06,False
rs5750211,99,179,-0.245849,6.46774e-06,False
rs5750211,99,180,-0.236766,1.38085e-05,False
rs5750211,99,181,-0.234989,1.59141e-05,False
rs5750211,99,182,-0.236512,1.35592e-05,False
rs5750211,99,183,-0.251911,3.54957e-06,False
rs5750211,99,184,-0.24792,4.81917e-06,False
rs5750211,99,185,-0.2547,2.61381e-06,False
rs5750211,99,186,-0.241286,8.87306e-06,False
rs5750211,99,187,-0.240939,8.88989e-06,False
rs5750211,99,188,-0.24143,8.55911e-06,False
rs5750211,99,189,-0.239025,1.07893e-05,False
rs5750211,99,190,-0.252751,3.39469e-06,False
rs5750211,99,191,-0.25711,2.32315e-06,False
rs5750211,99,192,-0.24059,1.0624e-05,False
rs5750211,99,193,-0.258714,2.2475e-06,False
rs5750211,99,194,-0.263587,1.54908e-06,False
rs5750211,99,195,-0.256232,3.15192e-06,False
rs5750211,99,196,-0.253991,4.2057e-06,False
rs5750211,99,197,-0.262356,2.22006e-06,False
rs5750211,99,198,-0.251897,6.018e-06,False
rs5750211,99,199,-0.263941,2.34698e-06,False
rs5750211,99,200,-0.277085,8.03505e-07,False
rs5750211,99,201,-0.264535,2.80056e-06,False
rs5750211,99,202,-0.27234,1.67268e-06,False
rs5750211,99,203,-0.266751,3.09632e-06,False
rs5750211,99,204,-0.274816,1.79741e-06,False
rs5750211,99,205,-0.266633,4.16086e-06,False
rs5750211,99,206,-0.263374,6.17053e-06,False
rs5750211,99,207,-0.267057,5.3442e-06,False
rs5750211,99,208,-0.267655,6.07215e-06,False
rs5750211,99,209,-0.271702,5.31723e-06,False
rs5750211,99,210,-0.274266,5.31099e-06,False
rs5750211,99,211,-0.261321,1.68913e-05,False
rs5750211,99,212,-0.256258,2.82863e-05,False
rs5750211,99,213,-0.270957,1.14711e-05,False
rs5750211,99,214,-0.294365,2.30597e-06,False
rs5750211,99,215,-0.274215,1.3461e-05,False
rs5750211,99,216,-0.282234,8.91137e-06,False
rs5750211,99,217,-0.272244,2.22948e-05,False
rs5750211,99,218,-0.271719,2.76277e-05,False
rs5750211,99,219,-0.269738,3.73348e-05,False
rs5750211,99,220,-0.272109,3.82385e-05,False
rs5750211,99,221,-0.277527,3.17821e-05,False
rs5750211,99,222,-0.288037,1.85766e-05,False
rs5750211,99,223,-0.281381,3.44374e-05,False
rs5750211,99,224,-0.276752,5.38647e-05,False
rs5750211,99,225,-0.287105,3.28803e-05,False
rs5750211,99,226,-0.284474,4.50205e-05,False
rs5750211,99,227,-0.296595,2.42087e-05,False
rs5750211,99,228,-0.31125,1.08132e-05,False
rs5750211,99,229,-0.321968,6.20743e-06,False
rs5750211,99,230,-0.31003,1.5605e-05,False
rs5750211,99,231,-0.334557,3.69368e-06,False
rs5750211,99,232,-0.3412,2.73181e-06,False
rs5750211,99,233,-0.324322,9.02233e-06,False
rs5750211,99,234,-0.328544,7.87393e-06,False
rs5750211,99,235,-0.331182,7.30253e-06,False
rs5750211,99,236,-0.344368,3.43366e-06,False
rs5750211,99,237,-0.347382,3.07236e-06,False
rs5750211,99,238,-0.337072,6.33707e-06,False
rs5750211,99,239,-0.333857,8.56012e-06,False
rs5750211,99,240,-0.363424,1.38153e-06,False
rs5750211,99,241,-0.354989,2.52209e-06,False
rs5750211,99,242,-0.348225,4.26041e-06,False
rs5750211,99,243,-0.340249,7.44789e-06,False
rs5750211,99,244,-0.354303,3.27556e-06,False
rs5750211,99,245,-0.331981,1.38114e-05,False
rs5750211,99,246,-0.349783,5.11924e-06,False
rs5750211,99,247,-0.347133,6.39387e-06,False
rs5750211,99,248,-0.338566,1.1826e-05,False
rs5750211,99,249,-0.321689,3.36468e-05,False
rs5750211,99,250,-0.342327,1.11685e-05,False
rs5750211,99,251,-0.344196,1.10427e-05,False
rs5750211,100,7,-0.144042,0.000795368,False
rs5750211,100,8,-0.150084,0.000426484,False
rs5750211,100,9,-0.143069,0.00069271,False
rs5750211,100,10,-0.167857,5.85822e-05,False
rs5750211,100,11,-0.164723,6.80903e-05,False
rs5750211,100,12,-0.146061,0.000377994,False
rs5750211,100,13,-0.146927,0.000315564,False
rs5750211,100,14,-0.163778,5.47856e-05,False
rs5750211,100,15,-0.177473,1.15578e-05,False
rs5750211,100,16,-0.148885,0.000229394,False
rs5750211,100,17,-0.14947,0.000202325,False
rs5750211,100,18,-0.151428,0.000169746,False
rs5750211,100,19,-0.166885,3.36232e-05,False
rs5750211,100,20,-0.135976,0.00073954,False
rs5750211,100,21,-0.15664,0.000100838,False
rs5750211,100,22,-0.156956,9.67377e-05,False
rs5750211,100,23,-0.167277,3.28112e-05,False
rs5750211,100,24,-0.145475,0.000308192,False
rs5750211,100,25,-0.147071,0.000269946,False
rs5750211,100,26,-0.166572,3.80174e-05,False
rs5750211,100,27,-0.168985,2.86362e-05,False
rs5750211,100,28,-0.146136,0.000299934,False
rs5750211,100,29,-0.150137,0.000209684,False
rs5750211,100,30,-0.156354,0.000112702,False
rs5750211,100,31,-0.157456,0.000104328,False
rs5750211,100,32,-0.14631,0.000327733,False
rs5750211,100,33,-0.146162,0.000336433,False
rs5750211,100,34,-0.149747,0.000242143,False
rs5750211,100,35,-0.150375,0.000237223,False
rs5750211,100,36,-0.143836,0.000458714,False
rs5750211,100,37,-0.139068,0.000720386,False
rs5750211,100,38,-0.162867,7.93751e-05,False
rs5750211,100,39,-0.149018,0.000312183,False
rs5750211,100,40,-0.154527,0.000196954,False
rs5750211,100,41,-0.156381,0.000170723,False
rs5750211,100,42,-0.155526,0.000195087,False
rs5750211,100,43,-0.160593,0.000128481,False
rs5750211,100,44,-0.157143,0.000186372,False
rs5750211,100,45,-0.163665,0.00010633,False
rs5750211,100,46,-0.160671,0.000157063,False
rs5750211,100,47,-0.143822,0.000725113,False
rs5750211,100,48,-0.151192,0.000403326,False
rs5750211,100,49,-0.136425,0.00147053,False
rs5750211,100,50,-0.152552,0.000394702,False
rs5750211,100,51,-0.144577,0.000813891,False
rs5750211,100,52,-0.156739,0.000304021,False
rs5750211,100,53,-0.139583,0.00135028,False
rs5750211,100,54,-0.151814,0.000518651,False
rs5750211,100,55,-0.154174,0.000438086,False
rs5750211,100,56,-0.156895,0.000372201,False
rs5750211,100,57,-0.164547,0.00020988,False
rs5750211,100,58,-0.149893,0.000761533,False
rs5750211,100,59,-0.16042,0.000339937,False
rs5750211,100,60,-0.171314,0.00013552,False
rs5750211,100,61,-0.174535,0.000109488,False
rs5750211,100,62,-0.178097,8.53913e-05,False
rs5750211,100,63,-0.166117,0.000264548,False
rs5750211,100,64,-0.16164,0.000404334,False
rs5750211,100,65,-0.189146,3.87539e-05,False
rs5750211,100,66,-0.180645,9.22668e-05,False
rs5750211,100,67,-0.180051,0.000104854,False
rs5750211,100,68,-0.201042,1.67193e-05,False
rs5750211,100,69,-0.1742,0.000206794,False
rs5750211,100,70,-0.177755,0.000164297,False
rs5750211,100,71,-0.191712,5.21929e-05,False
rs5750211,100,72,-0.198894,3.06931e-05,False
rs5750211,100,73,-0.184131,0.000122111,False
rs5750211,100,74,-0.190287,7.64063e-05,False
rs5750211,100,75,-0.199509,3.77873e-05,False
rs5750211,100,76,-0.186244,0.000131013,False
rs5750211,100,77,-0.174648,0.00035237,False
rs5750211,100,78,-0.17369,0.000407799,False
rs5750211,100,79,-0.176776,0.000342046,False
rs5750211,100,80,-0.183197,0.000220825,False
rs5750211,100,81,-0.184164,0.000215545,False
rs5750211,100,82,-0.18706,0.000178376,False
rs5750211,100,83,-0.187283,0.000187693,False
rs5750211,100,84,-0.1799,0.000358736,False
rs5750211,100,85,-0.175888,0.000506691,False
rs5750211,100,86,-0.188037,0.000210577,False
rs5750211,100,87,-0.182826,0.000333177,False
rs5750211,100,88,-0.174174,0.000660939,False
rs5750211,100,89,-0.189102,0.000231024,False
rs5750211,100,90,-0.192775,0.000182789,False
rs5750211,100,91,-0.185069,0.000345367,False
rs5750211,100,92,-0.201022,0.000106264,False
rs5750211,100,93,-0.184684,0.000385456,False
rs5750211,100,94,-0.18913,0.000291927,False
rs5750211,100,95,-0.196266,0.000178545,False
rs5750211,100,96,-0.181381,0.00055811,False
rs5750211,100,97,-0.202928,0.00011518,False
rs5750211,100,98,-0.212616,5.60122e-05,False
rs5750211,100,99,-0.200534,0.00015257,False
rs5750211,100,100,-0.199649,0.000170062,False
rs5750211,100,101,-0.198473,0.000192068,False
rs5750211,100,102,-0.188762,0.000400299,False
rs5750211,100,103,-0.197079,0.000225393,False
rs5750211,100,104,-0.192581,0.000325571,False
rs5750211,100,105,-0.199489,0.000203752,False
rs5750211,100,106,-0.19694,0.000258767,False
rs5750211,100,107,-0.198053,0.000249092,False
rs5750211,100,108,-0.200584,0.000216548,False
rs5750211,100,109,-0.190068,0.000465384,False
rs5750211,100,110,-0.18537,0.000648205,False
rs5750211,100,111,-0.186754,0.000610464,False
rs5750211,100,112,-0.200339,0.000244771,False
rs5750211,100,113,-0.197859,0.000298539,False
rs5750211,100,114,-0.202526,0.000221787,False
rs5750211,100,115,-0.19746,0.00032348,False
rs5750211,100,116,-0.189474,0.000570485,False
rs5750211,100,117,-0.194372,0.000427283,False
rs5750211,100,118,-0.192012,0.00051514,False
rs5750211,100,119,-0.205784,0.000198486,False
rs5750211,100,120,-0.204535,0.00022192,False
rs5750211,100,121,-0.201633,0.000276637,False
rs5750211,100,122,-0.186072,0.000815365,False
rs5750211,100,123,-0.183445,0.000973977,False
rs5750211,100,124,-0.194874,0.000460905,False
rs5750211,100,125,-0.200191,0.00032707,False
rs5750211,100,126,-0.180657,0.00119082,False
rs5750211,100,127,-0.186245,0.000842424,False
rs5750211,100,128,-0.189296,0.000700868,False
rs5750211,100,129,-0.188858,0.000719782,False
rs5750211,100,130,-0.194362,0.000515997,False
rs5750211,100,131,-0.197768,0.00041412,False
rs5750211,100,132,-0.195808,0.000469561,False
rs5750211,100,133,-0.196131,0.000460084,False
rs5750211,100,134,-0.196503,0.000450098,False
rs5750211,100,135,-0.204371,0.000264906,False
rs5750211,100,136,-0.194663,0.000513323,False
rs5750211,100,137,-0.200671,0.000343375,False
rs5750211,100,138,-0.202076,0.000305522,False
rs5750211,100,139,-0.219015,9.11912e-05,False
rs5750211,100,140,-0.216348,0.000111715,False
rs5750211,100,141,-0.216734,0.000109349,False
rs5750211,100,142,-0.223052,6.93375e-05,False
rs5750211,100,143,-0.201852,0.000316242,False
rs5750211,100,144,-0.20768,0.000207723,False
rs5750211,100,145,-0.221009,7.99679e-05,False
rs5750211,100,146,-0.207656,0.000207216,False
rs5750211,100,147,-0.228562,4.37566e-05,False
rs5750211,100,148,-0.234769,2.71305e-05,False
rs5750211,100,149,-0.22429,5.92756e-05,False
rs5750211,100,150,-0.212492,0.000142776,False
rs5750211,100,151,-0.211141,0.000154606,False
rs5750211,100,152,-0.225631,5.23365e-05,False
rs5750211,100,153,-0.234875,2.59559e-05,False
rs5750211,100,154,-0.234292,2.64255e-05,False
rs5750211,100,155,-0.246566,9.59102e-06,False
rs5750211,100,156,-0.241106,1.48028e-05,False
rs5750211,100,157,-0.259345,3.07964e-06,False
rs5750211,100,158,-0.262024,2.41263e-06,False
rs5750211,100,159,-0.240959,1.41037e-05,False
rs5750211,100,160,-0.233566,2.54722e-05,False
rs5750211,100,161,-0.242699,1.19537e-05,False
rs5750211,100,162,-0.249108,6.86957e-06,False
rs5750211,100,163,-0.254457,4.11823e-06,False
rs5750211,100,164,-0.253189,4.53797e-06,False
rs5750211,100,165,-0.239791,1.36653e-05,False
rs5750211,100,166,-0.233289,2.23251e-05,False
rs5750211,100,167,-0.21888,6.79052e-05,False
rs5750211,100,168,-0.233728,2.07237e-05,False
rs5750211,100,169,-0.241879,1.01041e-05,False
rs5750211,100,170,-0.237247,1.46182e-05,False
rs5750211,100,171,-0.255368,3.07339e-06,False
rs5750211,100,172,-0.233623,1.94179e-05,False
rs5750211,100,173,-0.255378,2.98558e-06,False
rs5750211,100,174,-0.249791,4.59482e-06,False
rs5750211,100,175,-0.256129,2.60663e-06,False
rs5750211,100,176,-0.260077,1.81568e-06,False
rs5750211,100,177,-0.24739,5.45272e-06,False
rs5750211,100,178,-0.252618,3.39462e-06,False
rs5750211,100,179,-0.252466,3.37424e-06,False
rs5750211,100,180,-0.242225,8.11662e-06,False
rs5750211,100,181,-0.254888,2.59834e-06,False
rs5750211,100,182,-0.263766,1.17881e-06,False
rs5750211,100,183,-0.252188,3.30299e-06,False
rs5750211,100,184,-0.253866,2.78007e-06,False
rs5750211,100,185,-0.252258,3.29056e-06,False
rs5750211,100,186,-0.245352,6.28188e-06,False
rs5750211,100,187,-0.232526,1.86102e-05,False
rs5750211,100,188,-0.226966,2.99079e-05,False
rs5750211,100,189,-0.231498,2.10518e-05,False
rs5750211,100,190,-0.237299,1.37391e-05,False
rs5750211,100,191,-0.249545,5.03809e-06,False
rs5750211,100,192,-0.252293,4.21277e-06,False
rs5750211,100,193,-0.263641,1.63587e-06,False
rs5750211,100,194,-0.264181,1.69841e-06,False
rs5750211,100,195,-0.263319,1.96296e-06,False
rs5750211,100,196,-0.271152,1.09055e-06,False
rs5750211,100,197,-0.28192,4.47822e-07,False
rs5750211,100,198,-0.284664,3.97924e-07,False
rs5750211,100,199,-0.280241,6.78425e-07,False
rs5750211,100,200,-0.257135,5.98137e-06,False
rs5750211,100,201,-0.265406,3.48798e-06,False
rs5750211,100,202,-0.27561,1.67343e-06,False
rs5750211,100,203,-0.271851,2.73107e-06,False
rs5750211,100,204,-0.266913,4.65614e-06,False
rs5750211,100,205,-0.26752,5.12449e-06,False
rs5750211,100,206,-0.266928,6.44901e-06,False
rs5750211,100,207,-0.268401,6.8111e-06,False
rs5750211,100,208,-0.254811,2.21414e-05,False
rs5750211,100,209,-0.262052,1.56672e-05,False
rs5750211,100,210,-0.266921,1.26266e-05,False
rs5750211,100,211,-0.265853,1.65744e-05,False
rs5750211,100,212,-0.260663,2.80581e-05,False
rs5750211,100,213,-0.258317,3.8912e-05,False
rs5750211,100,214,-0.264106,3.05336e-05,False
rs5750211,100,215,-0.258357,5.32004e-05,False
rs5750211,100,216,-0.256219,7.17955e-05,False
rs5750211,100,217,-0.264524,4.87083e-05,False
rs5750211,100,218,-0.245215,0.00019463,False
rs5750211,100,219,-0.263853,6.97939e-05,False
rs5750211,100,220,-0.259414,0.000107272,False
rs5750211,100,221,-0.258865,0.000129199,False
rs5750211,100,222,-0.268793,8.04268e-05,False
rs5750211,100,223,-0.2606,0.000153654,False
rs5750211,100,224,-0.272727,8.48037e-05,False
rs5750211,100,225,-0.270212,0.000110443,False
rs5750211,100,226,-0.284505,5.34684e-05,False
rs5750211,100,227,-0.276691,9.69433e-05,False
rs5750211,100,228,-0.298096,3.01383e-05,False
rs5750211,100,229,-0.298614,3.24364e-05,False
rs5750211,100,230,-0.298786,3.67944e-05,False
rs5750211,100,231,-0.304513,2.80674e-05,False
rs5750211,100,232,-0.310997,2.05943e-05,False
rs5750211,100,233,-0.305602,3.24867e-05,False
rs5750211,100,234,-0.316215,1.81881e-05,False
rs5750211,100,235,-0.315688,2.01084e-05,False
rs5750211,100,236,-0.321834,1.48657e-05,False
rs5750211,100,237,-0.318764,1.87469e-05,False
rs5750211,100,238,-0.334381,7.79505e-06,False
rs5750211,100,239,-0.346255,3.86372e-06,False
rs5750211,100,240,-0.337944,6.76573e-06,False
rs5750211,100,241,-0.338441,7.04233e-06,False
rs5750211,100,242,-0.337729,7.76547e-06,False
rs5750211,100,243,-0.334289,9.78003e-06,False
rs5750211,100,244,-0.326186,1.69285e-05,False
rs5750211,100,245,-0.334465,1.05641e-05,False
rs5750211,100,246,-0.351268,4.03384e-06,False
rs5750211,100,247,-0.353509,3.80666e-06,False
rs5750211,100,248,-0.331589,1.5517e-05,False
rs5750211,100,249,-0.339491,1.03069e-05,False
rs5750211,100,250,-0.330814,1.89588e-05,False
rs5750211,100,251,-0.334561,1.62707e-05,False
rs5750211,101,7,-0.149889,0.000451884,False
rs5750211,101,8,-0.144896,0.000604435,False
rs5750211,101,9,-0.141458,0.000718312,False
rs5750211,101,10,-0.135156,0.00110003,False
rs5750211,101,11,-0.144356,0.000438606,False
rs5750211,101,12,-0.146623,0.000324421,False
rs5750211,101,13,-0.144793,0.000358493,False
rs5750211,101,14,-0.148543,0.00023964,False
rs5750211,101,15,-0.144123,0.000347418,False
rs5750211,101,16,-0.132512,0.000981096,False
rs5750211,101,17,-0.142426,0.000382728,False
rs5750211,101,18,-0.159087,7.42066e-05,False
rs5750211,101,19,-0.143385,0.000347092,False
rs5750211,101,20,-0.15643,9.76095e-05,False
rs5750211,101,21,-0.15984,6.63397e-05,False
rs5750211,101,22,-0.149264,0.000203031,False
rs5750211,101,23,-0.1476,0.000238025,False
rs5750211,101,24,-0.157165,9.28219e-05,False
rs5750211,101,25,-0.151597,0.000169443,False
rs5750211,101,26,-0.150261,0.000194919,False
rs5750211,101,27,-0.143437,0.00038384,False
rs5750211,101,28,-0.168404,3.17589e-05,False
rs5750211,101,29,-0.149646,0.000217665,False
rs5750211,101,30,-0.137787,0.000692458,False
rs5750211,101,31,-0.146001,0.000327442,False
rs5750211,101,32,-0.169097,3.16789e-05,False
rs5750211,101,33,-0.169183,3.29876e-05,False
rs5750211,101,34,-0.160817,8.33307e-05,False
rs5750211,101,35,-0.149968,0.000248654,False
rs5750211,101,36,-0.144316,0.000437809,False
rs5750211,101,37,-0.145073,0.000422849,False
rs5750211,101,38,-0.158015,0.000125353,False
rs5750211,101,39,-0.13942,0.000732729,False
rs5750211,101,40,-0.129512,0.00175557,False
rs5750211,101,41,-0.146613,0.000412668,False
rs5750211,101,42,-0.147582,0.000392749,False
rs5750211,101,43,-0.148894,0.000358988,False
rs5750211,101,44,-0.161115,0.000120429,False
rs5750211,101,45,-0.155866,0.000209364,False
rs5750211,101,46,-0.163294,0.000109199,False
rs5750211,101,47,-0.154479,0.000268704,False
rs5750211,101,48,-0.171907,5.24023e-05,False
rs5750211,101,49,-0.15944,0.000186754,False
rs5750211,101,50,-0.165075,0.000118489,False
rs5750211,101,51,-0.154909,0.000328614,False
rs5750211,101,52,-0.170831,8.04863e-05,False
rs5750211,101,53,-0.169293,9.9242e-05,False
rs5750211,101,54,-0.171996,8.28342e-05,False
rs5750211,101,55,-0.163306,0.000193736,False
rs5750211,101,56,-0.17986,4.34198e-05,False
rs5750211,101,57,-0.191853,1.44684e-05,False
rs5750211,101,58,-0.175408,7.84083e-05,False
rs5750211,101,59,-0.170464,0.000131394,False
rs5750211,101,60,-0.176969,7.79964e-05,False
rs5750211,101,61,-0.17946,6.74808e-05,False
rs5750211,101,62,-0.182599,5.35111e-05,False
rs5750211,101,63,-0.178452,8.62883e-05,False
rs5750211,101,64,-0.183193,5.77482e-05,False
rs5750211,101,65,-0.184164,5.7121e-05,False
rs5750211,101,66,-0.193648,2.59069e-05,False
rs5750211,101,67,-0.185571,5.80774e-05,False
rs5750211,101,68,-0.185308,6.69152e-05,False
rs5750211,101,69,-0.179614,0.000120002,False
rs5750211,101,70,-0.201025,1.80758e-05,False
rs5750211,101,71,-0.213817,5.67856e-06,False
rs5750211,101,72,-0.207641,1.15934e-05,False
rs5750211,101,73,-0.195123,4.13176e-05,False
rs5750211,101,74,-0.19297,5.33092e-05,False
rs5750211,101,75,-0.195777,4.56916e-05,False
rs5750211,101,76,-0.194777,5.46855e-05,False
rs5750211,101,77,-0.205574,2.27018e-05,False
rs5750211,101,78,-0.214527,1.06932e-05,False
rs5750211,101,79,-0.206073,2.5729e-05,False
rs5750211,101,80,-0.207588,2.37974e-05,False
rs5750211,101,81,-0.213898,1.48806e-05,False
rs5750211,101,82,-0.205074,3.55984e-05,False
rs5750211,101,83,-0.202105,4.98901e-05,False
rs5750211,101,84,-0.205102,4.12206e-05,False
rs5750211,101,85,-0.203126,5.22451e-05,False
rs5750211,101,86,-0.20424,5.00243e-05,False
rs5750211,101,87,-0.190633,0.000162197,False
rs5750211,101,88,-0.196275,0.000107558,False
rs5750211,101,89,-0.202979,6.66817e-05,False
rs5750211,101,90,-0.187341,0.000245927,False
rs5750211,101,91,-0.177169,0.000543738,False
rs5750211,101,92,-0.177513,0.000549938,False
rs5750211,101,93,-0.186672,0.000295395,False
rs5750211,101,94,-0.194702,0.0001695,False
rs5750211,101,95,-0.182561,0.000432033,False
rs5750211,101,96,-0.191525,0.000227783,False
rs5750211,101,97,-0.20274,0.000101794,False
rs5750211,101,98,-0.217721,3.20883e-05,False
rs5750211,101,99,-0.213581,4.75559e-05,False
rs5750211,101,100,-0.197682,0.000175914,False
rs5750211,101,101,-0.19237,0.000272569,False
rs5750211,101,102,-0.202998,0.00012724,False
rs5750211,101,103,-0.187933,0.000400151,False
rs5750211,101,104,-0.199894,0.000169241,False
rs5750211,101,105,-0.198593,0.000197406,False
rs5750211,101,106,-0.188484,0.000425911,False
rs5750211,101,107,-0.200328,0.000189271,False
rs5750211,101,108,-0.214833,6.57107e-05,False
rs5750211,101,109,-0.211027,9.07832e-05,False
rs5750211,101,110,-0.219156,4.95308e-05,False
rs5750211,101,111,-0.206751,0.000129053,False
rs5750211,101,112,-0.201273,0.0002024,False
rs5750211,101,113,-0.204298,0.000165864,False
rs5750211,101,114,-0.215693,7.23941e-05,False
rs5750211,101,115,-0.208196,0.000131469,False
rs5750211,101,116,-0.216893,7.06791e-05,False
rs5750211,101,117,-0.216685,7.369e-05,False
rs5750211,101,118,-0.220326,5.80651e-05,False
rs5750211,101,119,-0.216356,8.10828e-05,False
rs5750211,101,120,-0.222664,5.05539e-05,False
rs5750211,101,121,-0.212697,0.000109434,False
rs5750211,101,122,-0.220854,5.96535e-05,False
rs5750211,101,123,-0.213639,0.000106477,False
rs5750211,101,124,-0.217233,8.26654e-05,False
rs5750211,101,125,-0.210572,0.00014023,False
rs5750211,101,126,-0.214069,0.000108997,False
rs5750211,101,127,-0.211288,0.000135571,False
rs5750211,101,128,-0.206353,0.000200131,False
rs5750211,101,129,-0.204994,0.000222241,False
rs5750211,101,130,-0.206158,0.000207133,False
rs5750211,101,131,-0.211975,0.000134439,False
rs5750211,101,132,-0.222342,6.33247e-05,False
rs5750211,101,133,-0.219556,8.06345e-05,False
rs5750211,101,134,-0.223341,6.00611e-05,False
rs5750211,101,135,-0.211183,0.000148777,False
rs5750211,101,136,-0.216132,0.000103878,False
rs5750211,101,137,-0.227844,4.30775e-05,False
rs5750211,101,138,-0.224427,5.62169e-05,False
rs5750211,101,139,-0.241558,1.42828e-05,False
rs5750211,101,140,-0.227102,4.47205e-05,False
rs5750211,101,141,-0.220563,7.26706e-05,False
rs5750211,101,142,-0.218498,8.56812e-05,False
rs5750211,101,143,-0.231358,3.16824e-05,False
rs5750211,101,144,-0.221316,6.85025e-05,False
rs5750211,101,145,-0.223105,5.97701e-05,False
rs5750211,101,146,-0.223264,5.906e-05,False
rs5750211,101,147,-0.230825,3.23648e-05,False
rs5750211,101,148,-0.235947,2.10872e-05,False
rs5750211,101,149,-0.229924,3.41876e-05,False
rs5750211,101,150,-0.239964,1.50529e-05,False
rs5750211,101,151,-0.243075,1.19082e-05,False
rs5750211,101,152,-0.240208,1.4808e-05,False
rs5750211,101,153,-0.233809,2.44328e-05,False
rs5750211,101,154,-0.22181,6.2229e-05,False
rs5750211,101,155,-0.225457,4.57289e-05,False
rs5750211,101,156,-0.244135,1.0038e-05,False
rs5750211,101,157,-0.245908,8.49456e-06,False
rs5750211,101,158,-0.236118,1.81744e-05,False
rs5750211,101,159,-0.230135,2.90899e-05,False
rs5750211,101,160,-0.241068,1.16876e-05,False
rs5750211,101,161,-0.248515,6.09254e-06,False
rs5750211,101,162,-0.240408,1.20762e-05,False
rs5750211,101,163,-0.240285,1.21288e-05,False
rs5750211,101,164,-0.24802,6.0721e-06,False
rs5750211,101,165,-0.257076,2.6887e-06,False
rs5750211,101,166,-0.246489,6.68991e-06,False
rs5750211,101,167,-0.245035,7.45588e-06,False
rs5750211,101,168,-0.243886,8.07063e-06,False
rs5750211,101,169,-0.258268,2.20367e-06,False
rs5750211,101,170,-0.253365,3.26411e-06,False
rs5750211,101,171,-0.261513,1.529e-06,False
rs5750211,101,172,-0.255105,2.71905e-06,False
rs5750211,101,173,-0.247884,4.95944e-06,False
rs5750211,101,174,-0.249702,4.14164e-06,False
rs5750211,101,175,-0.261379,1.44038e-06,False
rs5750211,101,176,-0.270251,5.89118e-07,False
rs5750211,101,177,-0.268587,6.7933e-07,False
rs5750211,101,178,-0.252932,2.94326e-06,False
rs5750211,101,179,-0.254869,2.4862e-06,False
rs5750211,101,180,-0.256488,2.12878e-06,False
rs5750211,101,181,-0.256791,2.08478e-06,False
rs5750211,101,182,-0.257547,2.0165e-06,False
rs5750211,101,183,-0.24354,7.11726e-06,False
rs5750211,101,184,-0.263603,1.22764e-06,False
rs5750211,101,185,-0.273619,4.79641e-07,False
rs5750211,101,186,-0.27758,3.3622e-07,False
rs5750211,101,187,-0.271414,6.08811e-07,False
rs5750211,101,188,-0.270252,7.10006e-07,False
rs5750211,101,189,-0.270335,7.43585e-07,False
rs5750211,101,190,-0.277878,3.82108e-07,False
rs5750211,101,191,-0.27362,6.37027e-07,False
rs5750211,101,192,-0.27348,7.00372e-07,False
rs5750211,101,193,-0.274458,6.96728e-07,False
rs5750211,101,194,-0.269636,1.20264e-06,False
rs5750211,101,195,-0.276663,7.14911e-07,False
rs5750211,101,196,-0.26999,1.48745e-06,False
rs5750211,101,197,-0.277543,8.84151e-07,False
rs5750211,101,198,-0.273915,1.3827e-06,False
rs5750211,101,199,-0.295162,2.34813e-07,False
rs5750211,101,200,-0.298222,2.07405e-07,False
rs5750211,101,201,-0.28721,6.79388e-07,False
rs5750211,101,202,-0.286129,9.06728e-07,False
rs5750211,101,203,-0.285787,1.10853e-06,False
rs5750211,101,204,-0.282841,1.76777e-06,False
rs5750211,101,205,-0.280116,2.65172e-06,False
rs5750211,101,206,-0.286377,1.853e-06,False
rs5750211,101,207,-0.281001,3.49272e-06,False
rs5750211,101,208,-0.285643,2.81318e-06,False
rs5750211,101,209,-0.289395,2.56442e-06,False
rs5750211,101,210,-0.279468,6.87431e-06,False
rs5750211,101,211,-0.278322,8.99141e-06,False
rs5750211,101,212,-0.283547,7.38391e-06,False
rs5750211,101,213,-0.303493,1.97733e-06,False
rs5750211,101,214,-0.29752,3.76174e-06,False
rs5750211,101,215,-0.296317,5.10562e-06,False
rs5750211,101,216,-0.293822,7.41462e-06,False
rs5750211,101,217,-0.289824,1.17233e-05,False
rs5750211,101,218,-0.28497,1.97389e-05,False
rs5750211,101,219,-0.288371,1.82446e-05,False
rs5750211,101,220,-0.290423,1.90153e-05,False
rs5750211,101,221,-0.284323,3.34062e-05,False
rs5750211,101,222,-0.300952,1.28349e-05,False
rs5750211,101,223,-0.311564,7.4974e-06,False
rs5750211,101,224,-0.297386,2.21386e-05,False
rs5750211,101,225,-0.297488,2.49082e-05,False
rs5750211,101,226,-0.303297,1.97173e-05,False
rs5750211,101,227,-0.304752,2.05992e-05,False
rs5750211,101,228,-0.305281,2.22042e-05,False
rs5750211,101,229,-0.313995,1.42229e-05,False
rs5750211,101,230,-0.3095,2.09896e-05,False
rs5750211,101,231,-0.313758,1.76299e-05,False
rs5750211,101,232,-0.320939,1.21911e-05,False
rs5750211,101,233,-0.317071,1.70132e-05,False
rs5750211,101,234,-0.330518,7.85236e-06,False
rs5750211,101,235,-0.335227,6.11243e-06,False
rs5750211,101,236,-0.326009,1.17188e-05,False
rs5750211,101,237,-0.3393,5.2231e-06,False
rs5750211,101,238,-0.35769,1.68015e-06,False
rs5750211,101,239,-0.350359,2.8348e-06,False
rs5750211,101,240,-0.35984,1.58379e-06,False
rs5750211,101,241,-0.358857,1.71399e-06,False
rs5750211,101,242,-0.361089,1.54416e-06,False
rs5750211,101,243,-0.350917,3.10731e-06,False
rs5750211,101,244,-0.353027,2.78649e-06,False
rs5750211,101,245,-0.354328,2.73948e-06,False
rs5750211,101,246,-0.35556,2.67131e-06,False
rs5750211,101,247,-0.347846,4.72004e-06,False
rs5750211,101,248,-0.352415,3.81824e-06,False
rs5750211,101,249,-0.344101,6.94302e-06,False
rs5750211,101,250,-0.350775,5.08557e-06,False
rs5750211,101,251,-0.353279,4.76691e-06,False
rs5750211,102,7,-0.137325,0.00147924,False
rs5750211,102,8,-0.154779,0.00029203,False
rs5750211,102,9,-0.155492,0.000231074,False
rs5750211,102,10,-0.142379,0.000665657,False
rs5750211,102,11,-0.153454,0.000213376,False
rs5750211,102,12,-0.154372,0.00017343,False
rs5750211,102,13,-0.150652,0.000227784,False
rs5750211,102,14,-0.159543,8.68984e-05,False
rs5750211,102,15,-0.158704,8.67564e-05,False
rs5750211,102,16,-0.146498,0.000273119,False
rs5750211,102,17,-0.153723,0.000132724,False
rs5750211,102,18,-0.149338,0.000199835,False
rs5750211,102,19,-0.137708,0.000601813,False
rs5750211,102,20,-0.140778,0.000439586,False
rs5750211,102,21,-0.141904,0.000401618,False
rs5750211,102,22,-0.132422,0.000965263,False
rs5750211,102,23,-0.138491,0.000552536,False
rs5750211,102,24,-0.136216,0.000684005,False
rs5750211,102,25,-0.144408,0.000324831,False
rs5750211,102,26,-0.154037,0.000128157,False
rs5750211,102,27,-0.144019,0.00034468,False
rs5750211,102,28,-0.131265,0.00112807,False
rs5750211,102,29,-0.159953,7.50863e-05,False
rs5750211,102,30,-0.142053,0.000442871,False
rs5750211,102,31,-0.156389,0.000111575,False
rs5750211,102,32,-0.138897,0.000600973,False
rs5750211,102,33,-0.136781,0.000744163,False
rs5750211,102,34,-0.137518,0.000710843,False
rs5750211,102,35,-0.141624,0.000517217,False
rs5750211,102,36,-0.148389,0.000281401,False
rs5750211,102,37,-0.139887,0.000631535,False
rs5750211,102,38,-0.1324,0.00124757,False
rs5750211,102,39,-0.154583,0.000170548,False
rs5750211,102,40,-0.116364,0.00485493,False
rs5750211,102,41,-0.133369,0.0012649,False
rs5750211,102,42,-0.150693,0.000285885,False
rs5750211,102,43,-0.153014,0.000239504,False
rs5750211,102,44,-0.147533,0.000420244,False
rs5750211,102,45,-0.144137,0.000602459,False
rs5750211,102,46,-0.128273,0.00236647,False
rs5750211,102,47,-0.133762,0.00154148,False
rs5750211,102,48,-0.151801,0.000349065,False
rs5750211,102,49,-0.15155,0.000371204,False
rs5750211,102,50,-0.145568,0.000652794,False
rs5750211,102,51,-0.152385,0.000378685,False
rs5750211,102,52,-0.141488,0.00103112,False
rs5750211,102,53,-0.143256,0.000922316,False
rs5750211,102,54,-0.143259,0.000965391,False
rs5750211,102,55,-0.150231,0.000572201,False
rs5750211,102,56,-0.157752,0.00031624,False
rs5750211,102,57,-0.159593,0.000284318,False
rs5750211,102,58,-0.154181,0.000471405,False
rs5750211,102,59,-0.157138,0.00038272,False
rs5750211,102,60,-0.168493,0.000149534,False
rs5750211,102,61,-0.161996,0.000285985,False
rs5750211,102,62,-0.154551,0.000564541,False
rs5750211,102,63,-0.153228,0.000667935,False
rs5750211,102,64,-0.157471,0.000497105,False
rs5750211,102,65,-0.162681,0.000341428,False
rs5750211,102,66,-0.173667,0.000145855,False
rs5750211,102,67,-0.162075,0.00041461,False
rs5750211,102,68,-0.158701,0.000577197,False
rs5750211,102,69,-0.159291,0.000581908,False
rs5750211,102,70,-0.162466,0.000482842,False
rs5750211,102,71,-0.170514,0.000268926,False
rs5750211,102,72,-0.175378,0.00018818,False
rs5750211,102,73,-0.173617,0.000231325,False
rs5750211,102,74,-0.173491,0.000255108,False
rs5750211,102,75,-0.165459,0.000506845,False
rs5750211,102,76,-0.177362,0.00021184,False
rs5750211,102,77,-0.17097,0.000379531,False
rs5750211,102,78,-0.171095,0.000399067,False
rs5750211,102,79,-0.166105,0.000623898,False
rs5750211,102,80,-0.16356,0.000791551,False
rs5750211,102,81,-0.16776,0.000620651,False
rs5750211,102,82,-0.175853,0.00035745,False
rs5750211,102,83,-0.163533,0.000927227,False
rs5750211,102,84,-0.161986,0.00107543,False
rs5750211,102,85,-0.168275,0.000709703,False
rs5750211,102,86,-0.170033,0.000660307,False
rs5750211,102,87,-0.190308,0.00014137,False
rs5750211,102,88,-0.186607,0.000202457,False
rs5750211,102,89,-0.195845,0.000102615,False
rs5750211,102,90,-0.176041,0.000505828,False
rs5750211,102,91,-0.184604,0.000275853,False
rs5750211,102,92,-0.177844,0.000470912,False
rs5750211,102,93,-0.16559,0.00119431,False
rs5750211,102,94,-0.166109,0.00118944,False
rs5750211,102,95,-0.174586,0.000670447,False
rs5750211,102,96,-0.176558,0.000611142,False
rs5750211,102,97,-0.166944,0.00125956,False
rs5750211,102,98,-0.172857,0.000862671,False
rs5750211,102,99,-0.186414,0.000337039,False
rs5750211,102,100,-0.173437,0.000878186,False
rs5750211,102,101,-0.173653,0.000896576,False
rs5750211,102,102,-0.171351,0.00108479,False
rs5750211,102,103,-0.170796,0.00115106,False
rs5750211,102,104,-0.186356,0.000400781,False
rs5750211,102,105,-0.186768,0.000410267,False
rs5750211,102,106,-0.186564,0.000428582,False
rs5750211,102,107,-0.191897,0.00029858,False
rs5750211,102,108,-0.197326,0.000205067,False
rs5750211,102,109,-0.1829,0.000592364,False
rs5750211,102,110,-0.195907,0.000244761,False
rs5750211,102,111,-0.202343,0.000157511,False
rs5750211,102,112,-0.19626,0.000251331,False
rs5750211,102,113,-0.19483,0.000287485,False
rs5750211,102,114,-0.192875,0.000336974,False
rs5750211,102,115,-0.187016,0.000517776,False
rs5750211,102,116,-0.185216,0.000610078,False
rs5750211,102,117,-0.185114,0.000623691,False
rs5750211,102,118,-0.180202,0.00089486,False
rs5750211,102,119,-0.189454,0.000488795,False
rs5750211,102,120,-0.191457,0.000439754,False
rs5750211,102,121,-0.191948,0.000426951,False
rs5750211,102,122,-0.197547,0.000295795,False
rs5750211,102,123,-0.194195,0.000383715,False
rs5750211,102,124,-0.198958,0.000281407,False
rs5750211,102,125,-0.200822,0.000251651,False
rs5750211,102,126,-0.197566,0.000317286,False
rs5750211,102,127,-0.196578,0.000341517,False
rs5750211,102,128,-0.196477,0.000346722,False
rs5750211,102,129,-0.208255,0.000149328,False
rs5750211,102,130,-0.193892,0.00041963,False
rs5750211,102,131,-0.200901,0.000262258,False
rs5750211,102,132,-0.210473,0.000136798,False
rs5750211,102,133,-0.206875,0.000175463,False
rs5750211,102,134,-0.207,0.0001736,False
rs5750211,102,135,-0.215534,9.16076e-05,False
rs5750211,102,136,-0.217373,8.10424e-05,False
rs5750211,102,137,-0.210943,0.000131132,False
rs5750211,102,138,-0.209687,0.000143283,False
rs5750211,102,139,-0.221989,5.62778e-05,False
rs5750211,102,140,-0.243957,9.51626e-06,False
rs5750211,102,141,-0.231966,2.57011e-05,False
rs5750211,102,142,-0.237372,1.65568e-05,False
rs5750211,102,143,-0.233524,2.20917e-05,False
rs5750211,102,144,-0.229364,3.08942e-05,False
rs5750211,102,145,-0.239852,1.32229e-05,False
rs5750211,102,146,-0.24433,8.99186e-06,False
rs5750211,102,147,-0.246527,7.46101e-06,False
rs5750211,102,148,-0.244421,8.95301e-06,False
rs5750211,102,149,-0.238475,1.44678e-05,False
rs5750211,102,150,-0.23429,2.01922e-05,False
rs5750211,102,151,-0.227944,3.38382e-05,False
rs5750211,102,152,-0.223811,4.52475e-05,False
rs5750211,102,153,-0.220303,5.9115e-05,False
rs5750211,102,154,-0.225739,3.86597e-05,False
rs5750211,102,155,-0.247128,6.56571e-06,False
rs5750211,102,156,-0.240736,1.09844e-05,False
rs5750211,102,157,-0.228775,2.84125e-05,False
rs5750211,102,158,-0.235501,1.63335e-05,False
rs5750211,102,159,-0.216812,7.20817e-05,False
rs5750211,102,160,-0.228223,2.83719e-05,False
rs5750211,102,161,-0.237109,1.3107e-05,False
rs5750211,102,162,-0.234918,1.60842e-05,False
rs5750211,102,163,-0.251012,4.01585e-06,False
rs5750211,102,164,-0.241013,9.37664e-06,False
rs5750211,102,165,-0.252006,3.56503e-06,False
rs5750211,102,166,-0.230657,2.22449e-05,False
rs5750211,102,167,-0.243656,7.25688e-06,False
rs5750211,102,168,-0.24431,6.43934e-06,False
rs5750211,102,169,-0.255427,2.34261e-06,False
rs5750211,102,170,-0.252744,2.98975e-06,False
rs5750211,102,171,-0.267855,7.44387e-07,False
rs5750211,102,172,-0.271348,5.16211e-07,False
rs5750211,102,173,-0.252668,2.91541e-06,False
rs5750211,102,174,-0.270477,5.48815e-07,False
rs5750211,102,175,-0.257245,1.8638e-06,False
rs5750211,102,176,-0.256516,2.03572e-06,False
rs5750211,102,177,-0.250884,3.40688e-06,False
rs5750211,102,178,-0.260709,1.42587e-06,False
rs5750211,102,179,-0.264232,1.01126e-06,False
rs5750211,102,180,-0.247982,4.54779e-06,False
rs5750211,102,181,-0.242359,7.65056e-06,False
rs5750211,102,182,-0.242938,7.29993e-06,False
rs5750211,102,183,-0.252814,3.21221e-06,False
rs5750211,102,184,-0.235891,1.43748e-05,False
rs5750211,102,185,-0.230782,2.28341e-05,False
rs5750211,102,186,-0.243589,8.10708e-06,False
rs5750211,102,187,-0.241077,1.03835e-05,False
rs5750211,102,188,-0.25032,5.0598e-06,False
rs5750211,102,189,-0.237816,1.54358e-05,False
rs5750211,102,190,-0.255649,3.65059e-06,False
rs5750211,102,191,-0.258532,3.03027e-06,False
rs5750211,102,192,-0.246035,9.37894e-06,False
rs5750211,102,193,-0.251212,6.69155e-06,False
rs5750211,102,194,-0.254713,5.53256e-06,False
rs5750211,102,195,-0.260136,3.99423e-06,False
rs5750211,102,196,-0.264858,2.97814e-06,False
rs5750211,102,197,-0.263483,3.86203e-06,False
rs5750211,102,198,-0.266114,3.5589e-06,False
rs5750211,102,199,-0.269698,3.08895e-06,False
rs5750211,102,200,-0.270336,3.36839e-06,False
rs5750211,102,201,-0.264866,6.33383e-06,False
rs5750211,102,202,-0.273504,3.64979e-06,False
rs5750211,102,203,-0.266838,7.34589e-06,False
rs5750211,102,204,-0.268376,7.85195e-06,False
rs5750211,102,205,-0.2756,5.14877e-06,False
rs5750211,102,206,-0.265572,1.3311e-05,False
rs5750211,102,207,-0.245078,6.74763e-05,False
rs5750211,102,208,-0.267511,1.57991e-05,False
rs5750211,102,209,-0.278168,8.45472e-06,False
rs5750211,102,210,-0.266713,2.36474e-05,False
rs5750211,102,211,-0.256936,5.38467e-05,False
rs5750211,102,212,-0.265233,3.6294e-05,False
rs5750211,102,213,-0.281097,1.43438e-05,False
rs5750211,102,214,-0.280357,1.79469e-05,False
rs5750211,102,215,-0.292769,9.04349e-06,False
rs5750211,102,216,-0.291577,1.18711e-05,False
rs5750211,102,217,-0.29117,1.42386e-05,False
rs5750211,102,218,-0.283292,2.82976e-05,False
rs5750211,102,219,-0.289034,2.23157e-05,False
rs5750211,102,220,-0.294941,1.78025e-05,False
rs5750211,102,221,-0.287161,3.33196e-05,False
rs5750211,102,222,-0.298381,1.89365e-05,False
rs5750211,102,223,-0.289531,3.77862e-05,False
rs5750211,102,224,-0.302055,1.90974e-05,False
rs5750211,102,225,-0.308058,1.46148e-05,False
rs5750211,102,226,-0.30138,2.50849e-05,False
rs5750211,102,227,-0.318041,9.81574e-06,False
rs5750211,102,228,-0.314057,1.38154e-05,False
rs5750211,102,229,-0.309826,1.96812e-05,False
rs5750211,102,230,-0.323029,9.37682e-06,False
rs5750211,102,231,-0.31582,1.56217e-05,False
rs5750211,102,232,-0.316593,1.62465e-05,False
rs5750211,102,233,-0.315599,1.80336e-05,False
rs5750211,102,234,-0.329422,7.98172e-06,False
rs5750211,102,235,-0.319578,1.56407e-05,False
rs5750211,102,236,-0.307969,3.27082e-05,False
rs5750211,102,237,-0.332184,7.71012e-06,False
rs5750211,102,238,-0.311729,2.77319e-05,False
rs5750211,102,239,-0.33646,6.30681e-06,False
rs5750211,102,240,-0.315617,2.30278e-05,False
rs5750211,102,241,-0.340216,5.16487e-06,False
rs5750211,102,242,-0.337712,6.38873e-06,False
rs5750211,102,243,-0.325149,1.42504e-05,False
rs5750211,102,244,-0.346232,3.89223e-06,False
rs5750211,102,245,-0.334201,8.59323e-06,False
rs5750211,102,246,-0.312631,3.40822e-05,False
rs5750211,102,247,-0.299037,7.46397e-05,False
rs5750211,102,248,-0.305876,5.50274e-05,False
rs5750211,102,249,-0.298901,8.66887e-05,False
rs5750211,102,250,-0.292007,0.000134731,False
rs5750211,102,251,-0.294099,0.000128407,False
rs5750211,103,7,-0.172749,5.92108e-05,False
rs5750211,103,8,-0.17032,6.17093e-05,False
rs5750211,103,9,-0.166996,7.31144e-05,False
rs5750211,103,10,-0.151012,0.000289385,False
rs5750211,103,11,-0.160817,9.97488e-05,False
rs5750211,103,12,-0.142732,0.000504069,False
rs5750211,103,13,-0.151806,0.000192008,False
rs5750211,103,14,-0.13362,0.000980193,False
rs5750211,103,15,-0.12842,0.00144613,False
rs5750211,103,16,-0.137158,0.000646345,False
rs5750211,103,17,-0.131412,0.0010714,False
rs5750211,103,18,-0.138236,0.000570815,False
rs5750211,103,19,-0.140111,0.000464119,False
rs5750211,103,20,-0.134296,0.000791194,False
rs5750211,103,21,-0.124563,0.00186329,False
rs5750211,103,22,-0.132871,0.00092576,False
rs5750211,103,23,-0.138539,0.000541598,False
rs5750211,103,24,-0.138376,0.000568322,False
rs5750211,103,25,-0.142158,0.000396506,False
rs5750211,103,26,-0.129934,0.00122088,False
rs5750211,103,27,-0.131575,0.00106841,False
rs5750211,103,28,-0.129287,0.00131244,False
rs5750211,103,29,-0.13222,0.0010523,False
rs5750211,103,30,-0.131172,0.00118728,False
rs5750211,103,31,-0.124936,0.00200232,False
rs5750211,103,32,-0.14546,0.000321715,False
rs5750211,103,33,-0.14195,0.000465307,False
rs5750211,103,34,-0.129004,0.00154344,False
rs5750211,103,35,-0.130031,0.00141072,False
rs5750211,103,36,-0.144138,0.000404449,False
rs5750211,103,37,-0.133163,0.00112356,False
rs5750211,103,38,-0.145894,0.000373011,False
rs5750211,103,39,-0.139178,0.000699176,False
rs5750211,103,40,-0.150732,0.000251202,False
rs5750211,103,41,-0.144202,0.000464568,False
rs5750211,103,42,-0.157688,0.000133742,False
rs5750211,103,43,-0.163547,8.1039e-05,False
rs5750211,103,44,-0.16094,0.000112998,False
rs5750211,103,45,-0.150303,0.00031639,False
rs5750211,103,46,-0.159489,0.000138025,False
rs5750211,103,47,-0.158707,0.000157839,False
rs5750211,103,48,-0.171552,4.71781e-05,False
rs5750211,103,49,-0.155275,0.000240118,False
rs5750211,103,50,-0.157294,0.00021099,False
rs5750211,103,51,-0.168573,7.69571e-05,False
rs5750211,103,52,-0.161852,0.000152553,False
rs5750211,103,53,-0.170825,6.95025e-05,False
rs5750211,103,54,-0.172442,6.64361e-05,False
rs5750211,103,55,-0.182999,2.43862e-05,False
rs5750211,103,56,-0.178101,4.27057e-05,False
rs5750211,103,57,-0.195737,7.5837e-06,False
rs5750211,103,58,-0.188333,1.7988e-05,False
rs5750211,103,59,-0.180726,4.17736e-05,False
rs5750211,103,60,-0.188892,2.02256e-05,False
rs5750211,103,61,-0.190585,1.85698e-05,False
rs5750211,103,62,-0.181331,4.99505e-05,False
rs5750211,103,63,-0.183751,4.08165e-05,False
rs5750211,103,64,-0.1945,1.57833e-05,False
rs5750211,103,65,-0.194628,1.66819e-05,False
rs5750211,103,66,-0.190336,2.73665e-05,False
rs5750211,103,67,-0.17443,0.000132423,False
rs5750211,103,68,-0.184322,5.9801e-05,False
rs5750211,103,69,-0.179825,9.37787e-05,False
rs5750211,103,70,-0.177989,0.000118351,False
rs5750211,103,71,-0.179947,0.000107399,False
rs5750211,103,72,-0.188638,5.31459e-05,False
rs5750211,103,73,-0.186491,7.09623e-05,False
rs5750211,103,74,-0.180557,0.000126503,False
rs5750211,103,75,-0.169107,0.000346431,False
rs5750211,103,76,-0.167675,0.000410708,False
rs5750211,103,77,-0.180091,0.000168102,False
rs5750211,103,78,-0.171445,0.000354398,False
rs5750211,103,79,-0.168059,0.000486066,False
rs5750211,103,80,-0.187815,0.000103768,False
rs5750211,103,81,-0.180869,0.000196231,False
rs5750211,103,82,-0.192261,8.14065e-05,False
rs5750211,103,83,-0.182523,0.000192908,False
rs5750211,103,84,-0.183181,0.000196222,False
rs5750211,103,85,-0.195261,7.79133e-05,False
rs5750211,103,86,-0.18784,0.000150222,False
rs5750211,103,87,-0.192919,0.000105094,False
rs5750211,103,88,-0.191272,0.000129742,False
rs5750211,103,89,-0.192179,0.000123404,False
rs5750211,103,90,-0.17891,0.000365792,False
rs5750211,103,91,-0.177862,0.000418959,False
rs5750211,103,92,-0.182175,0.000317796,False
rs5750211,103,93,-0.179673,0.000395169,False
rs5750211,103,94,-0.17814,0.000463839,False
rs5750211,103,95,-0.17067,0.000823895,False
rs5750211,103,96,-0.172327,0.000751284,False
rs5750211,103,97,-0.171206,0.000842528,False
rs5750211,103,98,-0.176774,0.000572736,False
rs5750211,103,99,-0.172636,0.000788106,False
rs5750211,103,100,-0.175455,0.000671784,False
rs5750211,103,101,-0.176509,0.000658155,False
rs5750211,103,102,-0.181613,0.000475006,False
rs5750211,103,103,-0.187766,0.000314493,False
rs5750211,103,104,-0.179034,0.000604554,False
rs5750211,103,105,-0.159444,0.00229553,False
rs5750211,103,106,-0.173398,0.000939973,False
rs5750211,103,107,-0.178886,0.000664004,False
rs5750211,103,108,-0.173042,0.00102231,False
rs5750211,103,109,-0.175967,0.000854501,False
rs5750211,103,110,-0.177232,0.000806624,False
rs5750211,103,111,-0.194339,0.000248675,False
rs5750211,103,112,-0.185207,0.000498669,False
rs5750211,103,113,-0.17685,0.000901445,False
rs5750211,103,114,-0.168043,0.00161854,False
rs5750211,103,115,-0.180164,0.000748185,False
rs5750211,103,116,-0.184398,0.000567355,False
rs5750211,103,117,-0.177377,0.000939903,False
rs5750211,103,118,-0.181062,0.000748863,False
rs5750211,103,119,-0.179604,0.000846009,False
rs5750211,103,120,-0.170901,0.00151525,False
rs5750211,103,121,-0.185194,0.000605723,False
rs5750211,103,122,-0.187094,0.000539729,False
rs5750211,103,123,-0.178634,0.000956113,False
rs5750211,103,124,-0.200949,0.000206959,False
rs5750211,103,125,-0.205192,0.000154534,False
rs5750211,103,126,-0.204761,0.000161198,False
rs5750211,103,127,-0.195485,0.000321513,False
rs5750211,103,128,-0.203758,0.000180791,False
rs5750211,103,129,-0.199847,0.000242223,False
rs5750211,103,130,-0.19558,0.000322242,False
rs5750211,103,131,-0.18991,0.000496148,False
rs5750211,103,132,-0.188771,0.000530814,False
rs5750211,103,133,-0.186573,0.000624695,False
rs5750211,103,134,-0.190604,0.000473531,False
rs5750211,103,135,-0.206621,0.000150845,False
rs5750211,103,136,-0.20821,0.000135715,False
rs5750211,103,137,-0.198369,0.000276955,False
rs5750211,103,138,-0.196151,0.000330008,False
rs5750211,103,139,-0.200406,0.000242522,False
rs5750211,103,140,-0.198356,0.000279208,False
rs5750211,103,141,-0.203362,0.000194092,False
rs5750211,103,142,-0.216958,6.8925e-05,False
rs5750211,103,143,-0.209025,0.000125227,False
rs5750211,103,144,-0.217001,6.76103e-05,False
rs5750211,103,145,-0.226629,3.11014e-05,False
rs5750211,103,146,-0.219281,5.67465e-05,False
rs5750211,103,147,-0.221227,4.81573e-05,False
rs5750211,103,148,-0.226163,3.2832e-05,False
rs5750211,103,149,-0.225216,3.52174e-05,False
rs5750211,103,150,-0.226592,3.19226e-05,False
rs5750211,103,151,-0.233282,1.85825e-05,False
rs5750211,103,152,-0.229507,2.50092e-05,False
rs5750211,103,153,-0.229163,2.5228e-05,False
rs5750211,103,154,-0.230639,2.14011e-05,False
rs5750211,103,155,-0.226737,2.89243e-05,False
rs5750211,103,156,-0.225361,3.24544e-05,False
rs5750211,103,157,-0.222017,4.392e-05,False
rs5750211,103,158,-0.237306,1.24626e-05,False
rs5750211,103,159,-0.236378,1.2984e-05,False
rs5750211,103,160,-0.249047,4.28608e-06,False
rs5750211,103,161,-0.237149,1.16438e-05,False
rs5750211,103,162,-0.243869,6.46706e-06,False
rs5750211,103,163,-0.250901,3.53095e-06,False
rs5750211,103,164,-0.244268,6.32529e-06,False
rs5750211,103,165,-0.241804,7.53137e-06,False
rs5750211,103,166,-0.24403,6.03917e-06,False
rs5750211,103,167,-0.247604,4.60188e-06,False
rs5750211,103,168,-0.255734,2.21545e-06,False
rs5750211,103,169,-0.262026,1.22576e-06,False
rs5750211,103,170,-0.2567,1.96907e-06,False
rs5750211,103,171,-0.258613,1.61038e-06,False
rs5750211,103,172,-0.252482,2.79344e-06,False
rs5750211,103,173,-0.253508,2.56636e-06,False
rs5750211,103,174,-0.244882,5.61477e-06,False
rs5750211,103,175,-0.257093,1.91612e-06,False
rs5750211,103,176,-0.256954,1.90716e-06,False
rs5750211,103,177,-0.264669,9.54602e-07,False
rs5750211,103,178,-0.270523,5.67336e-07,False
rs5750211,103,179,-0.26682,8.19385e-07,False
rs5750211,103,180,-0.269078,6.84228e-07,False
rs5750211,103,181,-0.255404,2.47524e-06,False
rs5750211,103,182,-0.262747,1.33944e-06,False
rs5750211,103,183,-0.263991,1.25595e-06,False
rs5750211,103,184,-0.255549,2.81866e-06,False
rs5750211,103,185,-0.253159,3.63323e-06,False
rs5750211,103,186,-0.233558,2.00661e-05,False
rs5750211,103,187,-0.247302,6.86493e-06,False
rs5750211,103,188,-0.245342,8.53583e-06,False
rs5750211,103,189,-0.259391,2.76227e-06,False
rs5750211,103,190,-0.263859,2.04823e-06,False
rs5750211,103,191,-0.259174,3.41283e-06,False
rs5750211,103,192,-0.258001,4.06296e-06,False
rs5750211,103,193,-0.262922,3.05455e-06,False
rs5750211,103,194,-0.266113,2.63664e-06,False
rs5750211,103,195,-0.277876,1.08907e-06,False
rs5750211,103,196,-0.277694,1.30407e-06,False
rs5750211,103,197,-0.26564,4.17662e-06,False
rs5750211,103,198,-0.271685,3.00619e-06,False
rs5750211,103,199,-0.269736,4.12476e-06,False
rs5750211,103,200,-0.277941,2.51078e-06,False
rs5750211,103,201,-0.279394,2.6692e-06,False
rs5750211,103,202,-0.278929,3.32397e-06,False
rs5750211,103,203,-0.283019,2.77955e-06,False
rs5750211,103,204,-0.269378,9.70692e-06,False
rs5750211,103,205,-0.280016,5.27507e-06,False
rs5750211,103,206,-0.274907,9.10726e-06,False
rs5750211,103,207,-0.285135,5.12827e-06,False
rs5750211,103,208,-0.28345,7.02586e-06,False
rs5750211,103,209,-0.287003,6.312e-06,False
rs5750211,103,210,-0.279803,1.28117e-05,False
rs5750211,103,211,-0.264179,4.5386e-05,False
rs5750211,103,212,-0.26756,4.15832e-05,False
rs5750211,103,213,-0.283062,1.72579e-05,False
rs5750211,103,214,-0.284527,1.81857e-05,False
rs5750211,103,215,-0.275222,3.92737e-05,False
rs5750211,103,216,-0.271188,5.79572e-05,False
rs5750211,103,217,-0.275155,5.11938e-05,False
rs5750211,103,218,-0.261832,0.000131453,False
rs5750211,103,219,-0.274886,6.85259e-05,False
rs5750211,103,220,-0.275605,7.33682e-05,False
rs5750211,103,221,-0.289316,3.58196e-05,False
rs5750211,103,222,-0.277003,8.3938e-05,False
rs5750211,103,223,-0.283415,6.35883e-05,False
rs5750211,103,224,-0.288429,5.17079e-05,False
rs5750211,103,225,-0.298161,3.14706e-05,False
rs5750211,103,226,-0.301938,2.69237e-05,False
rs5750211,103,227,-0.308091,2.00269e-05,False
rs5750211,103,228,-0.312198,1.73699e-05,False
rs5750211,103,229,-0.295687,4.96858e-05,False
rs5750211,103,230,-0.322233,1.0372e-05,False
rs5750211,103,231,-0.301203,3.92063e-05,False
rs5750211,103,232,-0.309004,2.61312e-05,False
rs5750211,103,233,-0.31364,2.0361e-05,False
rs5750211,103,234,-0.311589,2.36243e-05,False
rs5750211,103,235,-0.31456,2.01889e-05,False
rs5750211,103,236,-0.309007,2.89644e-05,False
rs5750211,103,237,-0.299289,5.32242e-05,False
rs5750211,103,238,-0.312585,2.45333e-05,False
rs5750211,103,239,-0.298364,5.60151e-05,False
rs5750211,103,240,-0.307495,3.37551e-05,False
rs5750211,103,241,-0.292568,8.01607e-05,False
rs5750211,103,242,-0.301478,4.96143e-05,False
rs5750211,103,243,-0.314631,2.32325e-05,False
rs5750211,103,244,-0.312032,2.71366e-05,False
rs5750211,103,245,-0.301453,5.28978e-05,False
rs5750211,103,246,-0.307933,3.76631e-05,False
rs5750211,103,247,-0.300301,6.31247e-05,False
rs5750211,103,248,-0.309655,3.8847e-05,False
rs5750211,103,249,-0.302904,6.12791e-05,False
rs5750211,103,250,-0.286247,0.000162832,False
rs5750211,103,251,-0.283744,0.000201492,False
rs5750211,104,7,-0.136505,0.00149953,False
rs5750211,104,8,-0.147199,0.000537887,False
rs5750211,104,9,-0.136813,0.00113742,False
rs5750211,104,10,-0.147686,0.000381713,False
rs5750211,104,11,-0.152858,0.000205713,False
rs5750211,104,12,-0.137823,0.000768021,False
rs5750211,104,13,-0.135599,0.000878957,False
rs5750211,104,14,-0.143546,0.000391767,False
rs5750211,104,15,-0.155664,0.000112692,False
rs5750211,104,16,-0.150225,0.000186464,False
rs5750211,104,17,-0.13818,0.000584987,False
rs5750211,104,18,-0.148927,0.000197621,False
rs5750211,104,19,-0.161449,5.58503e-05,False
rs5750211,104,20,-0.157912,8.06724e-05,False
rs5750211,104,21,-0.150558,0.000166878,False
rs5750211,104,22,-0.134129,0.00078914,False
rs5750211,104,23,-0.157696,8.16103e-05,False
rs5750211,104,24,-0.150337,0.000170267,False
rs5750211,104,25,-0.137082,0.000629592,False
rs5750211,104,26,-0.140894,0.000436697,False
rs5750211,104,27,-0.140833,0.000450755,False
rs5750211,104,28,-0.146353,0.000260932,False
rs5750211,104,29,-0.154184,0.000122865,False
rs5750211,104,30,-0.138895,0.000563764,False
rs5750211,104,31,-0.143111,0.000386929,False
rs5750211,104,32,-0.128678,0.00143387,False
rs5750211,104,33,-0.144962,0.000339109,False
rs5750211,104,34,-0.149807,0.000214525,False
rs5750211,104,35,-0.156335,0.00011583,False
rs5750211,104,36,-0.155451,0.00013389,False
rs5750211,104,37,-0.135824,0.000851556,False
rs5750211,104,38,-0.13756,0.000744539,False
rs5750211,104,39,-0.159441,0.000100315,False
rs5750211,104,40,-0.137348,0.000820598,False
rs5750211,104,41,-0.155861,0.000152157,False
rs5750211,104,42,-0.152602,0.000220023,False
rs5750211,104,43,-0.164373,7.22569e-05,False
rs5750211,104,44,-0.155272,0.000184853,False
rs5750211,104,45,-0.153974,0.000218001,False
rs5750211,104,46,-0.169658,4.88406e-05,False
rs5750211,104,47,-0.165717,7.71326e-05,False
rs5750211,104,48,-0.166161,7.79048e-05,False
rs5750211,104,49,-0.166128,8.21379e-05,False
rs5750211,104,50,-0.170829,5.49736e-05,False
rs5750211,104,51,-0.169826,6.3353e-05,False
rs5750211,104,52,-0.176751,3.38142e-05,False
rs5750211,104,53,-0.162201,0.000145545,False
rs5750211,104,54,-0.176415,3.90653e-05,False
rs5750211,104,55,-0.172658,6.09799e-05,False
rs5750211,104,56,-0.174784,5.32104e-05,False
rs5750211,104,57,-0.167891,0.000111798,False
rs5750211,104,58,-0.185636,1.99085e-05,False
rs5750211,104,59,-0.184424,2.42637e-05,False
rs5750211,104,60,-0.179551,4.3897e-05,False
rs5750211,104,61,-0.173411,8.42065e-05,False
rs5750211,104,62,-0.179152,5.24155e-05,False
rs5750211,104,63,-0.159258,0.000339661,False
rs5750211,104,64,-0.16227,0.000280553,False
rs5750211,104,65,-0.18784,2.78214e-05,False
rs5750211,104,66,-0.170188,0.00015735,False
rs5750211,104,67,-0.15877,0.000447982,False
rs5750211,104,68,-0.181301,6.67995e-05,False
rs5750211,104,69,-0.188824,3.61473e-05,False
rs5750211,104,70,-0.161576,0.000425531,False
rs5750211,104,71,-0.186489,5.07458e-05,False
rs5750211,104,72,-0.183262,7.46857e-05,False
rs5750211,104,73,-0.162323,0.00048602,False
rs5750211,104,74,-0.182301,9.63426e-05,False
rs5750211,104,75,-0.186947,6.89151e-05,False
rs5750211,104,76,-0.195426,3.40827e-05,False
rs5750211,104,77,-0.18649,8.11535e-05,False
rs5750211,104,78,-0.184127,0.000107849,False
rs5750211,104,79,-0.181714,0.00014378,False
rs5750211,104,80,-0.173106,0.000310139,False
rs5750211,104,81,-0.176621,0.000248796,False
rs5750211,104,82,-0.183014,0.000158328,False
rs5750211,104,83,-0.179727,0.000216072,False
rs5750211,104,84,-0.171926,0.000421211,False
rs5750211,104,85,-0.188465,0.000117504,False
rs5750211,104,86,-0.17986,0.000257562,False
rs5750211,104,87,-0.184473,0.000186393,False
rs5750211,104,88,-0.17629,0.000370612,False
rs5750211,104,89,-0.187141,0.000167054,False
rs5750211,104,90,-0.193164,0.000104886,False
rs5750211,104,91,-0.178196,0.000366821,False
rs5750211,104,92,-0.169431,0.000724847,False
rs5750211,104,93,-0.175907,0.000474341,False
rs5750211,104,94,-0.170033,0.000755233,False
rs5750211,104,95,-0.161774,0.0013908,False
rs5750211,104,96,-0.167923,0.000938199,False
rs5750211,104,97,-0.177395,0.000491823,False
rs5750211,104,98,-0.175597,0.000579914,False
rs5750211,104,99,-0.183286,0.000344353,False
rs5750211,104,100,-0.198788,0.000108907,False
rs5750211,104,101,-0.180909,0.000439174,False
rs5750211,104,102,-0.189947,0.000229222,False
rs5750211,104,103,-0.184444,0.000358768,False
rs5750211,104,104,-0.177347,0.000616176,False
rs5750211,104,105,-0.192765,0.000197978,False
rs5750211,104,106,-0.183185,0.000424437,False
rs5750211,104,107,-0.186174,0.000351774,False
rs5750211,104,108,-0.18658,0.000355761,False
rs5750211,104,109,-0.184035,0.000443023,False
rs5750211,104,110,-0.181143,0.000549172,False
rs5750211,104,111,-0.194047,0.000219915,False
rs5750211,104,112,-0.191879,0.000265868,False
rs5750211,104,113,-0.193816,0.000235771,False
rs5750211,104,114,-0.189271,0.000340571,False
rs5750211,104,115,-0.191785,0.000281631,False
rs5750211,104,116,-0.193922,0.000248883,False
rs5750211,104,117,-0.206947,9.25159e-05,False
rs5750211,104,118,-0.204155,0.000119762,False
rs5750211,104,119,-0.197898,0.000194935,False
rs5750211,104,120,-0.191873,0.000310696,False
rs5750211,104,121,-0.191616,0.000325262,False
rs5750211,104,122,-0.1816,0.000675648,False
rs5750211,104,123,-0.200176,0.000184013,False
rs5750211,104,124,-0.206823,0.000110355,False
rs5750211,104,125,-0.196474,0.000241735,False
rs5750211,104,126,-0.188531,0.000435238,False
rs5750211,104,127,-0.203364,0.000151017,False
rs5750211,104,128,-0.206559,0.000121436,False
rs5750211,104,129,-0.207672,0.000114395,False
rs5750211,104,130,-0.199426,0.000216801,False
rs5750211,104,131,-0.218786,4.94699e-05,False
rs5750211,104,132,-0.211334,9.02053e-05,False
rs5750211,104,133,-0.217176,5.72121e-05,False
rs5750211,104,134,-0.207184,0.00012453,False
rs5750211,104,135,-0.225348,3.01576e-05,False
rs5750211,104,136,-0.222379,3.84908e-05,False
rs5750211,104,137,-0.220219,4.57258e-05,False
rs5750211,104,138,-0.226842,2.69599e-05,False
rs5750211,104,139,-0.234471,1.42747e-05,False
rs5750211,104,140,-0.231168,1.88799e-05,False
rs5750211,104,141,-0.239555,9.29899e-06,False
rs5750211,104,142,-0.238102,1.05911e-05,False
rs5750211,104,143,-0.243711,6.44444e-06,False
rs5750211,104,144,-0.234212,1.42266e-05,False
rs5750211,104,145,-0.244604,5.7091e-06,False
rs5750211,104,146,-0.243889,6.12481e-06,False
rs5750211,104,147,-0.242077,7.39272e-06,False
rs5750211,104,148,-0.239802,8.87644e-06,False
rs5750211,104,149,-0.245145,5.41263e-06,False
rs5750211,104,150,-0.234185,1.37802e-05,False
rs5750211,104,151,-0.235082,1.28356e-05,False
rs5750211,104,152,-0.231201,1.78289e-05,False
rs5750211,104,153,-0.2347,1.29525e-05,False
rs5750211,104,154,-0.23759,1.00334e-05,False
rs5750211,104,155,-0.237211,1.06825e-05,False
rs5750211,104,156,-0.250367,3.31022e-06,False
rs5750211,104,157,-0.234779,1.26772e-05,False
rs5750211,104,158,-0.233807,1.42384e-05,False
rs5750211,104,159,-0.240985,7.69259e-06,False
rs5750211,104,160,-0.25112,3.09073e-06,False
rs5750211,104,161,-0.265604,8.09893e-07,False
rs5750211,104,162,-0.243269,6.19805e-06,False
rs5750211,104,163,-0.242788,6.54514e-06,False
rs5750211,104,164,-0.253583,2.47814e-06,False
rs5750211,104,165,-0.257572,1.70862e-06,False
rs5750211,104,166,-0.240761,7.71457e-06,False
rs5750211,104,167,-0.240482,7.77709e-06,False
rs5750211,104,168,-0.241779,7.06696e-06,False
rs5750211,104,169,-0.250876,3.0565e-06,False
rs5750211,104,170,-0.249844,3.39994e-06,False
rs5750211,104,171,-0.238375,9.45654e-06,False
rs5750211,104,172,-0.258012,1.61123e-06,False
rs5750211,104,173,-0.255109,2.13128e-06,False
rs5750211,104,174,-0.25398,2.38977e-06,False
rs5750211,104,175,-0.244318,5.72005e-06,False
rs5750211,104,176,-0.261468,1.2445e-06,False
rs5750211,104,177,-0.26064,1.37112e-06,False
rs5750211,104,178,-0.26292,1.11735e-06,False
rs5750211,104,179,-0.25734,1.98374e-06,False
rs5750211,104,180,-0.255534,2.44753e-06,False
rs5750211,104,181,-0.260667,1.61516e-06,False
rs5750211,104,182,-0.256321,2.46277e-06,False
rs5750211,104,183,-0.269641,7.76992e-07,False
rs5750211,104,184,-0.27451,5.33006e-07,False
rs5750211,104,185,-0.263548,1.60423e-06,False
rs5750211,104,186,-0.251485,5.16604e-06,False
rs5750211,104,187,-0.243102,1.1339e-05,False
rs5750211,104,188,-0.261194,2.59061e-06,False
rs5750211,104,189,-0.260933,2.95639e-06,False
rs5750211,104,190,-0.267863,1.73775e-06,False
rs5750211,104,191,-0.263793,2.83629e-06,False
rs5750211,104,192,-0.267032,2.47657e-06,False
rs5750211,104,193,-0.276317,1.28078e-06,False
rs5750211,104,194,-0.27503,1.64693e-06,False
rs5750211,104,195,-0.260254,6.6263e-06,False
rs5750211,104,196,-0.268008,3.97736e-06,False
rs5750211,104,197,-0.282343,1.38004e-06,False
rs5750211,104,198,-0.265496,6.47412e-06,False
rs5750211,104,199,-0.270729,5.07135e-06,False
rs5750211,104,200,-0.285007,1.89231e-06,False
rs5750211,104,201,-0.282804,2.7302e-06,False
rs5750211,104,202,-0.291731,1.56278e-06,False
rs5750211,104,203,-0.301723,8.19879e-07,False
rs5750211,104,204,-0.283608,4.32371e-06,False
rs5750211,104,205,-0.295451,2.12086e-06,False
rs5750211,104,206,-0.283118,6.57813e-06,False
rs5750211,104,207,-0.30363,1.64746e-06,False
rs5750211,104,208,-0.30708,1.50936e-06,False
rs5750211,104,209,-0.289127,7.15819e-06,False
rs5750211,104,210,-0.298258,4.52571e-06,False
rs5750211,104,211,-0.300147,4.73582e-06,False
rs5750211,104,212,-0.310549,2.73495e-06,False
rs5750211,104,213,-0.288824,1.49788e-05,False
rs5750211,104,214,-0.315364,2.7571e-06,False
rs5750211,104,215,-0.316284,3.07413e-06,False
rs5750211,104,216,-0.309939,5.59413e-06,False
rs5750211,104,217,-0.290139,2.37962e-05,False
rs5750211,104,218,-0.294088,2.1251e-05,False
rs5750211,104,219,-0.309526,8.83736e-06,False
rs5750211,104,220,-0.321932,4.29227e-06,False
rs5750211,104,221,-0.321483,5.07431e-06,False
rs5750211,104,222,-0.29151,3.93962e-05,False
rs5750211,104,223,-0.300731,2.43081e-05,False
rs5750211,104,224,-0.326036,5.311e-06,False
rs5750211,104,225,-0.308398,1.81198e-05,False
rs5750211,104,226,-0.308459,1.94584e-05,False
rs5750211,104,227,-0.321226,9.02249e-06,False
rs5750211,104,228,-0.31737,1.26712e-05,False
rs5750211,104,229,-0.336825,3.82481e-06,False
rs5750211,104,230,-0.342357,2.73352e-06,False
rs5750211,104,231,-0.350203,1.69125e-06,False
rs5750211,104,232,-0.329718,6.70705e-06,False
rs5750211,104,233,-0.344337,2.68108e-06,False
rs5750211,104,234,-0.35603,1.21664e-06,False
rs5750211,104,235,-0.34707,2.27833e-06,False
rs5750211,104,236,-0.355347,1.34991e-06,False
rs5750211,104,237,-0.347468,2.32386e-06,False
rs5750211,104,238,-0.353773,1.54079e-06,False
rs5750211,104,239,-0.338101,4.26424e-06,False
rs5750211,104,240,-0.319634,1.4161e-05,False
rs5750211,104,241,-0.342965,3.2465e-06,False
rs5750211,104,242,-0.33875,4.3027e-06,False
rs5750211,104,243,-0.331329,7.14953e-06,False
rs5750211,104,244,-0.338102,4.92414e-06,False
rs5750211,104,245,-0.32565,1.13226e-05,False
rs5750211,104,246,-0.315469,2.19493e-05,False
rs5750211,104,247,-0.320841,1.69411e-05,False
rs5750211,104,248,-0.319291,2.0263e-05,False
rs5750211,104,249,-0.299632,6.97701e-05,False
rs5750211,104,250,-0.32403,1.86475e-05,False
rs5750211,104,251,-0.301453,7.39365e-05,False
rs5750211,105,7,-0.170179,7.92306e-05,False
rs5750211,105,8,-0.164933,0.000108293,False
rs5750211,105,9,-0.183887,1.28151e-05,False
rs5750211,105,10,-0.180809,1.48591e-05,False
rs5750211,105,11,-0.165028,7.06005e-05,False
rs5750211,105,12,-0.178377,1.46806e-05,False
rs5750211,105,13,-0.160201,8.71289e-05,False
rs5750211,105,14,-0.163084,6.05925e-05,False
rs5750211,105,15,-0.176147,1.40003e-05,False
rs5750211,105,16,-0.157552,9.7313e-05,False
rs5750211,105,17,-0.15733,9.31846e-05,False
rs5750211,105,18,-0.164475,4.24308e-05,False
rs5750211,105,19,-0.15708,8.77958e-05,False
rs5750211,105,20,-0.147994,0.00022849,False
rs5750211,105,21,-0.151736,0.000156935,False
rs5750211,105,22,-0.164452,3.9992e-05,False
rs5750211,105,23,-0.142791,0.000350886,False
rs5750211,105,24,-0.148594,0.000206429,False
rs5750211,105,25,-0.149578,0.000181673,False
rs5750211,105,26,-0.145579,0.000272919,False
rs5750211,105,27,-0.157041,8.78081e-05,False
rs5750211,105,28,-0.147796,0.000223738,False
rs5750211,105,29,-0.145567,0.000283672,False
rs5750211,105,30,-0.131334,0.00104878,False
rs5750211,105,31,-0.150415,0.00018042,False
rs5750211,105,32,-0.145952,0.000282131,False
rs5750211,105,33,-0.126357,0.00166246,False
rs5750211,105,34,-0.12796,0.00151524,False
rs5750211,105,35,-0.147534,0.000263747,False
rs5750211,105,36,-0.157483,9.78616e-05,False
rs5750211,105,37,-0.136081,0.000786072,False
rs5750211,105,38,-0.141647,0.000496064,False
rs5750211,105,39,-0.146108,0.000337518,False
rs5750211,105,40,-0.147589,0.00029763,False
rs5750211,105,41,-0.151527,0.000218711,False
rs5750211,105,42,-0.153623,0.000185256,False
rs5750211,105,43,-0.152396,0.000215971,False
rs5750211,105,44,-0.142694,0.00054545,False
rs5750211,105,45,-0.153506,0.000217525,False
rs5750211,105,46,-0.15867,0.000137143,False
rs5750211,105,47,-0.144842,0.000531034,False
rs5750211,105,48,-0.147226,0.000443206,False
rs5750211,105,49,-0.157809,0.00017473,False
rs5750211,105,50,-0.163924,0.000100326,False
rs5750211,105,51,-0.143946,0.000672888,False
rs5750211,105,52,-0.153725,0.000296495,False
rs5750211,105,53,-0.157287,0.000224188,False
rs5750211,105,54,-0.163231,0.000137414,False
rs5750211,105,55,-0.163549,0.000140793,False
rs5750211,105,56,-0.156258,0.00028818,False
rs5750211,105,57,-0.161689,0.000187503,False
rs5750211,105,58,-0.175989,5.24081e-05,False
rs5750211,105,59,-0.175963,5.47708e-05,False
rs5750211,105,60,-0.179576,4.16193e-05,False
rs5750211,105,61,-0.165828,0.000158556,False
rs5750211,105,62,-0.159293,0.000302667,False
rs5750211,105,63,-0.159279,0.000321624,False
rs5750211,105,64,-0.169671,0.000137043,False
rs5750211,105,65,-0.153384,0.000581212,False
rs5750211,105,66,-0.143214,0.00139356,False
rs5750211,105,67,-0.143017,0.0014757,False
rs5750211,105,68,-0.160802,0.000381856,False
rs5750211,105,69,-0.166857,0.000244498,False
rs5750211,105,70,-0.153606,0.000750145,False
rs5750211,105,71,-0.159384,0.000500688,False
rs5750211,105,72,-0.151985,0.000937532,False
rs5750211,105,73,-0.151261,0.00108555,False
rs5750211,105,74,-0.15703,0.000735696,False
rs5750211,105,75,-0.174731,0.000186003,False
rs5750211,105,76,-0.180911,0.000114962,False
rs5750211,105,77,-0.167314,0.000382734,False
rs5750211,105,78,-0.172101,0.000275864,False
rs5750211,105,79,-0.16733,0.000437977,False
rs5750211,105,80,-0.183394,0.000122447,False
rs5750211,105,81,-0.176125,0.000237873,False
rs5750211,105,82,-0.182103,0.000152852,False
rs5750211,105,83,-0.192651,6.63751e-05,False
rs5750211,105,84,-0.187643,0.000106707,False
rs5750211,105,85,-0.185713,0.00013206,False
rs5750211,105,86,-0.186959,0.000127654,False
rs5750211,105,87,-0.180275,0.000232255,False
rs5750211,105,88,-0.172232,0.000454628,False
rs5750211,105,89,-0.179915,0.000261482,False
rs5750211,105,90,-0.169905,0.000588892,False
rs5750211,105,91,-0.187295,0.000159837,False
rs5750211,105,92,-0.173951,0.00047358,False
rs5750211,105,93,-0.171334,0.000605878,False
rs5750211,105,94,-0.171274,0.000633133,False
rs5750211,105,95,-0.17166,0.000638508,False
rs5750211,105,96,-0.1565,0.00191241,False
rs5750211,105,97,-0.171213,0.000705076,False
rs5750211,105,98,-0.176354,0.00050315,False
rs5750211,105,99,-0.175138,0.000567452,False
rs5750211,105,100,-0.180837,0.000384153,False
rs5750211,105,101,-0.177918,0.00049191,False
rs5750211,105,102,-0.189912,0.000203719,False
rs5750211,105,103,-0.181615,0.00039691,False
rs5750211,105,104,-0.18015,0.00045179,False
rs5750211,105,105,-0.187231,0.000279335,False
rs5750211,105,106,-0.172842,0.000808735,False
rs5750211,105,107,-0.172191,0.000879396,False
rs5750211,105,108,-0.17855,0.000570826,False
rs5750211,105,109,-0.19247,0.000208412,False
rs5750211,105,110,-0.197827,0.000141992,False
rs5750211,105,111,-0.201317,0.000109917,False
rs5750211,105,112,-0.205927,7.81127e-05,False
rs5750211,105,113,-0.211954,5.00428e-05,False
rs5750211,105,114,-0.210818,5.63762e-05,False
rs5750211,105,115,-0.211161,5.70923e-05,False
rs5750211,105,116,-0.213511,4.87431e-05,False
rs5750211,105,117,-0.210827,6.31832e-05,False
rs5750211,105,118,-0.223234,2.22633e-05,False
rs5750211,105,119,-0.221056,2.81251e-05,False
rs5750211,105,120,-0.220378,3.01278e-05,False
rs5750211,105,121,-0.225822,2.02093e-05,False
rs5750211,105,122,-0.220048,3.28737e-05,False
rs5750211,105,123,-0.215544,4.77861e-05,False
rs5750211,105,124,-0.223675,2.47232e-05,False
rs5750211,105,125,-0.228277,1.7061e-05,False
rs5750211,105,126,-0.22541,2.23848e-05,False
rs5750211,105,127,-0.218483,4.12386e-05,False
rs5750211,105,128,-0.234881,1.04758e-05,False
rs5750211,105,129,-0.2322,1.34737e-05,False
rs5750211,105,130,-0.235087,1.05639e-05,False
rs5750211,105,131,-0.230178,1.60691e-05,False
rs5750211,105,132,-0.228175,1.91559e-05,False
rs5750211,105,133,-0.237985,8.66731e-06,False
rs5750211,105,134,-0.239292,7.84708e-06,False
rs5750211,105,135,-0.237959,8.58114e-06,False
rs5750211,105,136,-0.249489,3.04517e-06,False
rs5750211,105,137,-0.241625,6.19512e-06,False
rs5750211,105,138,-0.245224,4.55566e-06,False
rs5750211,105,139,-0.245434,4.50803e-06,False
rs5750211,105,140,-0.247768,3.58652e-06,False
rs5750211,105,141,-0.24012,7.09995e-06,False
rs5750211,105,142,-0.240987,6.66281e-06,False
rs5750211,105,143,-0.248323,3.41159e-06,False
rs5750211,105,144,-0.247185,3.82208e-06,False
rs5750211,105,145,-0.262756,8.75798e-07,False
rs5750211,105,146,-0.254504,1.94288e-06,False
rs5750211,105,147,-0.252992,2.30393e-06,False
rs5750211,105,148,-0.235764,1.07072e-05,False
rs5750211,105,149,-0.227212,2.18556e-05,False
rs5750211,105,150,-0.235988,1.00197e-05,False
rs5750211,105,151,-0.239391,7.59389e-06,False
rs5750211,105,152,-0.249397,3.19529e-06,False
rs5750211,105,153,-0.242675,5.80545e-06,False
rs5750211,105,154,-0.226526,2.30332e-05,False
rs5750211,105,155,-0.228129,2.01261e-05,False
rs5750211,105,156,-0.229353,1.79223e-05,False
rs5750211,105,157,-0.227403,2.1017e-05,False
rs5750211,105,158,-0.220073,3.76194e-05,False
rs5750211,105,159,-0.236208,9.83997e-06,False
rs5750211,105,160,-0.226694,2.2305e-05,False
rs5750211,105,161,-0.226614,2.25428e-05,False
rs5750211,105,162,-0.218731,4.31327e-05,False
rs5750211,105,163,-0.243226,5.53684e-06,False
rs5750211,105,164,-0.231265,1.57315e-05,False
rs5750211,105,165,-0.246352,4.24989e-06,False
rs5750211,105,166,-0.240692,7.00072e-06,False
rs5750211,105,167,-0.243894,5.31372e-06,False
rs5750211,105,168,-0.247186,4.01025e-06,False
rs5750211,105,169,-0.239508,8.04644e-06,False
rs5750211,105,170,-0.225909,2.6455e-05,False
rs5750211,105,171,-0.235498,1.19161e-05,False
rs5750211,105,172,-0.243788,5.91618e-06,False
rs5750211,105,173,-0.264801,8.75851e-07,False
rs5750211,105,174,-0.268777,6.10647e-07,False
rs5750211,105,175,-0.253867,2.48826e-06,False
rs5750211,105,176,-0.255438,2.26727e-06,False
rs5750211,105,177,-0.270055,5.99718e-07,False
rs5750211,105,178,-0.249041,4.19147e-06,False
rs5750211,105,179,-0.265486,1.01714e-06,False
rs5750211,105,180,-0.262251,1.4744e-06,False
rs5750211,105,181,-0.254599,3.02268e-06,False
rs5750211,105,182,-0.256149,2.80578e-06,False
rs5750211,105,183,-0.254364,3.50963e-06,False
rs5750211,105,184,-0.259212,2.45206e-06,False
rs5750211,105,185,-0.260962,2.31159e-06,False
rs5750211,105,186,-0.256828,3.65662e-06,False
rs5750211,105,187,-0.261089,2.77869e-06,False
rs5750211,105,188,-0.258714,3.84694e-06,False
rs5750211,105,189,-0.257966,4.57943e-06,False
rs5750211,105,190,-0.265061,2.80706e-06,False
rs5750211,105,191,-0.286907,4.61169e-07,False
rs5750211,105,192,-0.274835,1.60657e-06,False
rs5750211,105,193,-0.286005,6.79734e-07,False
rs5750211,105,194,-0.278161,1.59573e-06,False
rs5750211,105,195,-0.273594,2.80757e-06,False
rs5750211,105,196,-0.277155,2.44342e-06,False
rs5750211,105,197,-0.279552,2.44107e-06,False
rs5750211,105,198,-0.277812,3.31871e-06,False
rs5750211,105,199,-0.265112,1.08382e-05,False
rs5750211,105,200,-0.272517,7.20422e-06,False
rs5750211,105,201,-0.273237,8.14305e-06,False
rs5750211,105,202,-0.266398,1.62689e-05,False
rs5750211,105,203,-0.282746,5.65526e-06,False
rs5750211,105,204,-0.291043,3.51488e-06,False
rs5750211,105,205,-0.298363,2.43599e-06,False
rs5750211,105,206,-0.281155,1.06593e-05,False
rs5750211,105,207,-0.301325,2.85592e-06,False
rs5750211,105,208,-0.296802,4.84799e-06,False
rs5750211,105,209,-0.299434,4.77047e-06,False
rs5750211,105,210,-0.294081,8.37103e-06,False
rs5750211,105,211,-0.307942,3.6573e-06,False
rs5750211,105,212,-0.301227,6.94207e-06,False
rs5750211,105,213,-0.309193,4.56684e-06,False
rs5750211,105,214,-0.288272,2.22483e-05,False
rs5750211,105,215,-0.313028,4.81677e-06,False
rs5750211,105,216,-0.301464,1.20791e-05,False
rs5750211,105,217,-0.297586,1.75386e-05,False
rs5750211,105,218,-0.31061,8.6272e-06,False
rs5750211,105,219,-0.292068,3.19021e-05,False
rs5750211,105,220,-0.307923,1.28674e-05,False
rs5750211,105,221,-0.290858,4.0981e-05,False
rs5750211,105,222,-0.305875,1.78148e-05,False
rs5750211,105,223,-0.299619,2.77583e-05,False
rs5750211,105,224,-0.295783,3.73014e-05,False
rs5750211,105,225,-0.307565,2.01019e-05,False
rs5750211,105,226,-0.308426,1.99843e-05,False
rs5750211,105,227,-0.296677,4.25813e-05,False
rs5750211,105,228,-0.313639,1.57046e-05,False
rs5750211,105,229,-0.313758,1.64444e-05,False
rs5750211,105,230,-0.320448,1.11931e-05,False
rs5750211,105,231,-0.317955,1.33119e-05,False
rs5750211,105,232,-0.312086,1.96899e-05,False
rs5750211,105,233,-0.312282,1.93096e-05,False
rs5750211,105,234,-0.320113,1.21067e-05,False
rs5750211,105,235,-0.330834,6.10234e-06,False
rs5750211,105,236,-0.326684,8.19449e-06,False
rs5750211,105,237,-0.308669,2.48998e-05,False
rs5750211,105,238,-0.318733,1.32992e-05,False
rs5750211,105,239,-0.333673,5.11313e-06,False
rs5750211,105,240,-0.326593,8.27968e-06,False
rs5750211,105,241,-0.330058,6.5819e-06,False
rs5750211,105,242,-0.309568,2.45606e-05,False
rs5750211,105,243,-0.324824,9.76795e-06,False
rs5750211,105,244,-0.327625,8.42286e-06,False
rs5750211,105,245,-0.328373,8.54616e-06,False
rs5750211,105,246,-0.329104,8.63837e-06,False
rs5750211,105,247,-0.319844,1.62739e-05,False
rs5750211,105,248,-0.319079,1.89199e-05,False
rs5750211,105,249,-0.336232,7.09313e-06,False
rs5750211,105,250,-0.330642,1.14184e-05,False
rs5750211,105,251,-0.329327,1.39729e-05,False
rs5750211,106,7,-0.174665,4.98571e-05,False
rs5750211,106,8,-0.180627,2.20293e-05,False
rs5750211,106,9,-0.187562,8.75236e-06,False
rs5750211,106,10,-0.165885,7.11045e-05,False
rs5750211,106,11,-0.182297,1.07044e-05,False
rs5750211,106,12,-0.166725,4.99282e-05,False
rs5750211,106,13,-0.166319,4.6696e-05,False
rs5750211,106,14,-0.167307,3.80415e-05,False
rs5750211,106,15,-0.157847,9.60806e-05,False
rs5750211,106,16,-0.168527,3.04756e-05,False
rs5750211,106,17,-0.141624,0.000425883,False
rs5750211,106,18,-0.160333,6.25358e-05,False
rs5750211,106,19,-0.155183,0.000110681,False
rs5750211,106,20,-0.149971,0.00017969,False
rs5750211,106,21,-0.157071,8.70691e-05,False
rs5750211,106,22,-0.153277,0.00012492,False
rs5750211,106,23,-0.17074,1.98201e-05,False
rs5750211,106,24,-0.134518,0.000761692,False
rs5750211,106,25,-0.135187,0.000728395,False
rs5750211,106,26,-0.152956,0.000133879,False
rs5750211,106,27,-0.150246,0.000179384,False
rs5750211,106,28,-0.150264,0.000180526,False
rs5750211,106,29,-0.150334,0.000178576,False
rs5750211,106,30,-0.145923,0.000281098,False
rs5750211,106,31,-0.147547,0.000235706,False
rs5750211,106,32,-0.143047,0.000376026,False
rs5750211,106,33,-0.146414,0.000276357,False
rs5750211,106,34,-0.150293,0.000192787,False
rs5750211,106,35,-0.150977,0.000184897,False
rs5750211,106,36,-0.155822,0.000119073,False
rs5750211,106,37,-0.164942,4.68307e-05,False
rs5750211,106,38,-0.15284,0.000171406,False
rs5750211,106,39,-0.183033,6.9043e-06,False
rs5750211,106,40,-0.174283,2.00122e-05,False
rs5750211,106,41,-0.173529,2.36031e-05,False
rs5750211,106,42,-0.157598,0.000126421,False
rs5750211,106,43,-0.173572,2.55234e-05,False
rs5750211,106,44,-0.187968,5.58343e-06,False
rs5750211,106,45,-0.171098,3.69394e-05,False
rs5750211,106,46,-0.187106,6.5007e-06,False
rs5750211,106,47,-0.18954,5.45201e-06,False
rs5750211,106,48,-0.174145,3.18969e-05,False
rs5750211,106,49,-0.193734,3.94941e-06,False
rs5750211,106,50,-0.178666,2.24131e-05,False
rs5750211,106,51,-0.171966,4.74009e-05,False
rs5750211,106,52,-0.185086,1.24153e-05,False
rs5750211,106,53,-0.183888,1.47664e-05,False
rs5750211,106,54,-0.184531,1.53325e-05,False
rs5750211,106,55,-0.186589,1.28455e-05,False
rs5750211,106,56,-0.179767,2.79528e-05,False
rs5750211,106,57,-0.192406,7.87407e-06,False
rs5750211,106,58,-0.175976,4.63087e-05,False
rs5750211,106,59,-0.180736,3.0407e-05,False
rs5750211,106,60,-0.178146,4.23529e-05,False
rs5750211,106,61,-0.177961,4.58898e-05,False
rs5750211,106,62,-0.167844,0.000133037,False
rs5750211,106,63,-0.180487,4.25399e-05,False
rs5750211,106,64,-0.182154,3.79436e-05,False
rs5750211,106,65,-0.17485,8.19921e-05,False
rs5750211,106,66,-0.154795,0.000523205,False
rs5750211,106,67,-0.16884,0.000166695,False
rs5750211,106,68,-0.187701,2.97229e-05,False
rs5750211,106,69,-0.175417,0.000103854,False
rs5750211,106,70,-0.177573,9.1395e-05,False
rs5750211,106,71,-0.181754,6.52052e-05,False
rs5750211,106,72,-0.190463,3.13398e-05,False
rs5750211,106,73,-0.185364,5.45008e-05,False
rs5750211,106,74,-0.175571,0.000144621,False
rs5750211,106,75,-0.170873,0.000233374,False
rs5750211,106,76,-0.188004,5.49055e-05,False
rs5750211,106,77,-0.154984,0.000942509,False
rs5750211,106,78,-0.183652,9.38345e-05,False
rs5750211,106,79,-0.181053,0.000128806,False
rs5750211,106,80,-0.179826,0.000151229,False
rs5750211,106,81,-0.179798,0.000158658,False
rs5750211,106,82,-0.171629,0.000331105,False
rs5750211,106,83,-0.170884,0.00036512,False
rs5750211,106,84,-0.169088,0.000447573,False
rs5750211,106,85,-0.186391,0.000116201,False
rs5750211,106,86,-0.191146,8.09134e-05,False
rs5750211,106,87,-0.187697,0.000114765,False
rs5750211,106,88,-0.211801,1.40642e-05,False
rs5750211,106,89,-0.20067,4.16957e-05,False
rs5750211,106,90,-0.19118,9.69818e-05,False
rs5750211,106,91,-0.192521,9.32498e-05,False
rs5750211,106,92,-0.197241,6.39143e-05,False
rs5750211,106,93,-0.20044,5.15437e-05,False
rs5750211,106,94,-0.2043,3.88519e-05,False
rs5750211,106,95,-0.225642,5.91179e-06,False
rs5750211,106,96,-0.213332,1.90748e-05,False
rs5750211,106,97,-0.193661,0.000108893,False
rs5750211,106,98,-0.187796,0.00018272,False
rs5750211,106,99,-0.19023,0.000154756,False
rs5750211,106,100,-0.199153,7.71048e-05,False
rs5750211,106,101,-0.193718,0.000126653,False
rs5750211,106,102,-0.19116,0.000159925,False
rs5750211,106,103,-0.187582,0.000220026,False
rs5750211,106,104,-0.194539,0.000132538,False
rs5750211,106,105,-0.191282,0.000176594,False
rs5750211,106,106,-0.198751,9.95165e-05,False
rs5750211,106,107,-0.195806,0.000131933,False
rs5750211,106,108,-0.200906,8.8671e-05,False
rs5750211,106,109,-0.207961,5.17337e-05,False
rs5750211,106,110,-0.19384,0.000167285,False
rs5750211,106,111,-0.180492,0.000461134,False
rs5750211,106,112,-0.177607,0.000584829,False
rs5750211,106,113,-0.19613,0.000149949,False
rs5750211,106,114,-0.209606,5.22189e-05,False
rs5750211,106,115,-0.221264,2.06751e-05,False
rs5750211,106,116,-0.217425,2.95029e-05,False
rs5750211,106,117,-0.205411,8.00502e-05,False
rs5750211,106,118,-0.202905,0.000101043,False
rs5750211,106,119,-0.219641,2.61771e-05,False
rs5750211,106,120,-0.230337,1.08147e-05,False
rs5750211,106,121,-0.222492,2.23252e-05,False
rs5750211,106,122,-0.234161,8.19607e-06,False
rs5750211,106,123,-0.225915,1.67161e-05,False
rs5750211,106,124,-0.218004,3.31806e-05,False
rs5750211,106,125,-0.210876,6.10095e-05,False
rs5750211,106,126,-0.224696,1.95593e-05,False
rs5750211,106,127,-0.230238,1.24704e-05,False
rs5750211,106,128,-0.235731,7.83676e-06,False
rs5750211,106,129,-0.227444,1.62601e-05,False
rs5750211,106,130,-0.223565,2.31809e-05,False
rs5750211,106,131,-0.228177,1.62364e-05,False
rs5750211,106,132,-0.231105,1.25165e-05,False
rs5750211,106,133,-0.234223,9.56771e-06,False
rs5750211,106,134,-0.237382,7.39402e-06,False
rs5750211,106,135,-0.225498,2.12721e-05,False
rs5750211,106,136,-0.233427,1.05584e-05,False
rs5750211,106,137,-0.229817,1.4878e-05,False
rs5750211,106,138,-0.24233,4.87244e-06,False
rs5750211,106,139,-0.247942,2.87971e-06,False
rs5750211,106,140,-0.243047,4.60546e-06,False
rs5750211,106,141,-0.248784,2.75978e-06,False
rs5750211,106,142,-0.24311,4.69302e-06,False
rs5750211,106,143,-0.242636,4.78664e-06,False
rs5750211,106,144,-0.235068,9.28919e-06,False
rs5750211,106,145,-0.239249,6.47997e-06,False
rs5750211,106,146,-0.226961,1.90293e-05,False
rs5750211,106,147,-0.235306,9.45355e-06,False
rs5750211,106,148,-0.228022,1.70808e-05,False
rs5750211,106,149,-0.226899,1.93831e-05,False
rs5750211,106,150,-0.230471,1.39604e-05,False
rs5750211,106,151,-0.238832,6.76649e-06,False
rs5750211,106,152,-0.22736,1.83843e-05,False
rs5750211,106,153,-0.215877,4.81167e-05,False
rs5750211,106,154,-0.227441,1.88855e-05,False
rs5750211,106,155,-0.224003,2.43532e-05,False
rs5750211,106,156,-0.22792,1.74819e-05,False
rs5750211,106,157,-0.223145,2.56553e-05,False
rs5750211,106,158,-0.232329,1.20799e-05,False
rs5750211,106,159,-0.236936,8.10157e-06,False
rs5750211,106,160,-0.244046,4.41523e-06,False
rs5750211,106,161,-0.241058,5.74651e-06,False
rs5750211,106,162,-0.241188,5.75556e-06,False
rs5750211,106,163,-0.239245,6.99345e-06,False
rs5750211,106,164,-0.246962,3.56749e-06,False
rs5750211,106,165,-0.24765,3.40994e-06,False
rs5750211,106,166,-0.254098,1.95906e-06,False
rs5750211,106,167,-0.259547,1.17358e-06,False
rs5750211,106,168,-0.247336,3.71861e-06,False
rs5750211,106,169,-0.24239,5.867e-06,False
rs5750211,106,170,-0.250016,3.04464e-06,False
rs5750211,106,171,-0.274505,3.19855e-07,False
rs5750211,106,172,-0.274342,3.29937e-07,False
rs5750211,106,173,-0.247225,4.39706e-06,False
rs5750211,106,174,-0.246307,4.96794e-06,False
rs5750211,106,175,-0.261468,1.31852e-06,False
rs5750211,106,176,-0.259933,1.58289e-06,False
rs5750211,106,177,-0.254984,2.65885e-06,False
rs5750211,106,178,-0.275647,4.11857e-07,False
rs5750211,106,179,-0.276861,3.84931e-07,False
rs5750211,106,180,-0.262053,1.69347e-06,False
rs5750211,106,181,-0.269461,9.46834e-07,False
rs5750211,106,182,-0.274562,6.45658e-07,False
rs5750211,106,183,-0.256706,3.63963e-06,False
rs5750211,106,184,-0.266502,1.58496e-06,False
rs5750211,106,185,-0.27163,1.11615e-06,False
rs5750211,106,186,-0.276429,8.04276e-07,False
rs5750211,106,187,-0.28218,5.45934e-07,False
rs5750211,106,188,-0.262251,3.57855e-06,False
rs5750211,106,189,-0.278218,1.01133e-06,False
rs5750211,106,190,-0.268783,2.60898e-06,False
rs5750211,106,191,-0.28128,1.03204e-06,False
rs5750211,106,192,-0.273671,2.33764e-06,False
rs5750211,106,193,-0.286488,9.15374e-07,False
rs5750211,106,194,-0.269192,4.6831e-06,False
rs5750211,106,195,-0.298314,4.75759e-07,False
rs5750211,106,196,-0.28793,1.37801e-06,False
rs5750211,106,197,-0.302971,4.61849e-07,False
rs5750211,106,198,-0.297052,9.45455e-07,False
rs5750211,106,199,-0.30199,7.77785e-07,False
rs5750211,106,200,-0.313786,3.60282e-07,False
rs5750211,106,201,-0.312006,5.03887e-07,False
rs5750211,106,202,-0.298582,1.87047e-06,False
rs5750211,106,203,-0.303027,1.65742e-06,False
rs5750211,106,204,-0.315971,6.98209e-07,False
rs5750211,106,205,-0.323497,4.79314e-07,False
rs5750211,106,206,-0.319175,8.59136e-07,False
rs5750211,106,207,-0.327564,5.25623e-07,False
rs5750211,106,208,-0.341342,2.13035e-07,False
rs5750211,106,209,-0.332912,5.06698e-07,False
rs5750211,106,210,-0.328522,8.47977e-07,False
rs5750211,106,211,-0.325125,1.32175e-06,False
rs5750211,106,212,-0.342514,4.18902e-07,False
rs5750211,106,213,-0.327596,1.52878e-06,False
rs5750211,106,214,-0.317366,3.82707e-06,False
rs5750211,106,215,-0.338569,9.3871e-07,False
rs5750211,106,216,-0.336729,1.23346e-06,False
rs5750211,106,217,-0.325853,3.08273e-06,False
rs5750211,106,218,-0.321277,4.71414e-06,False
rs5750211,106,219,-0.338623,1.55403e-06,False
rs5750211,106,220,-0.323538,4.93536e-06,False
rs5750211,106,221,-0.322726,5.77891e-06,False
rs5750211,106,222,-0.335408,2.67833e-06,False
rs5750211,106,223,-0.328941,4.47982e-06,False
rs5750211,106,224,-0.339718,2.34087e-06,False
rs5750211,106,225,-0.311572,1.54271e-05,False
rs5750211,106,226,-0.319489,9.8035e-06,False
rs5750211,106,227,-0.313376,1.5159e-05,False
rs5750211,106,228,-0.325365,7.44894e-06,False
rs5750211,106,229,-0.327242,6.47506e-06,False
rs5750211,106,230,-0.338749,3.09805e-06,False
rs5750211,106,231,-0.334102,4.32351e-06,False
rs5750211,106,232,-0.336772,3.67073e-06,False
rs5750211,106,233,-0.318227,1.20897e-05,False
rs5750211,106,234,-0.338942,3.13064e-06,False
rs5750211,106,235,-0.339631,2.98112e-06,False
rs5750211,106,236,-0.329786,5.60384e-06,False
rs5750211,106,237,-0.326183,7.08033e-06,False
rs5750211,106,238,-0.329507,5.71571e-06,False
rs5750211,106,239,-0.318203,1.1882e-05,False
rs5750211,106,240,-0.332862,4.656e-06,False
rs5750211,106,241,-0.320118,1.06238e-05,False
rs5750211,106,242,-0.317722,1.24839e-05,False
rs5750211,106,243,-0.318161,1.2394e-05,False
rs5750211,106,244,-0.317541,1.36545e-05,False
rs5750211,106,245,-0.319577,1.28126e-05,False
rs5750211,106,246,-0.312302,2.1314e-05,False
rs5750211,106,247,-0.311379,2.51361e-05,False
rs5750211,106,248,-0.319911,1.63694e-05,False
rs5750211,106,249,-0.307239,3.92879e-05,False
rs5750211,106,250,-0.315078,2.78715e-05,False
rs5750211,106,251,-0.308403,4.59029e-05,False
rs5750211,107,8,-0.14789,0.000539378,False
rs5750211,107,9,-0.136777,0.00119882,False
rs5750211,107,10,-0.139017,0.000891123,False
rs5750211,107,11,-0.146558,0.000409294,False
rs5750211,107,12,-0.134876,0.00105128,False
rs5750211,107,13,-0.146471,0.00033783,False
rs5750211,107,14,-0.130843,0.00128982,False
rs5750211,107,15,-0.150498,0.000204814,False
rs5750211,107,16,-0.123888,0.0020977,False
rs5750211,107,17,-0.118004,0.00335573,False
rs5750211,107,18,-0.13423,0.000832754,False
rs5750211,107,19,-0.132583,0.000950408,False
rs5750211,107,20,-0.127491,0.00144827,False
rs5750211,107,21,-0.127241,0.00149013,False
rs5750211,107,22,-0.137806,0.000564808,False
rs5750211,107,23,-0.130194,0.00115088,False
rs5750211,107,24,-0.135366,0.000689366,False
rs5750211,107,25,-0.120278,0.00261368,False
rs5750211,107,26,-0.134433,0.000767824,False
rs5750211,107,27,-0.129906,0.00115002,False
rs5750211,107,28,-0.143714,0.000333216,False
rs5750211,107,29,-0.139098,0.000513859,False
rs5750211,107,30,-0.146735,0.000250694,False
rs5750211,107,31,-0.144523,0.000312031,False
rs5750211,107,32,-0.134267,0.000833152,False
rs5750211,107,33,-0.123104,0.00219373,False
rs5750211,107,34,-0.124226,0.0020128,False
rs5750211,107,35,-0.139939,0.000511088,False
rs5750211,107,36,-0.14178,0.000438558,False
rs5750211,107,37,-0.147188,0.000272758,False
rs5750211,107,38,-0.150282,0.00021122,False
rs5750211,107,39,-0.147928,0.000270578,False
rs5750211,107,40,-0.164323,5.37194e-05,False
rs5750211,107,41,-0.145244,0.000382322,False
rs5750211,107,42,-0.160806,8.84043e-05,False
rs5750211,107,43,-0.177061,1.6294e-05,False
rs5750211,107,44,-0.171259,3.28439e-05,False
rs5750211,107,45,-0.164299,7.0358e-05,False
rs5750211,107,46,-0.148921,0.000321777,False
rs5750211,107,47,-0.171199,3.67354e-05,False
rs5750211,107,48,-0.169332,4.93453e-05,False
rs5750211,107,49,-0.162518,0.000101855,False
rs5750211,107,50,-0.168812,5.5656e-05,False
rs5750211,107,51,-0.170936,4.65625e-05,False
rs5750211,107,52,-0.178444,2.3223e-05,False
rs5750211,107,53,-0.179805,2.1124e-05,False
rs5750211,107,54,-0.181405,1.95672e-05,False
rs5750211,107,55,-0.18793,9.90047e-06,False
rs5750211,107,56,-0.186859,1.16681e-05,False
rs5750211,107,57,-0.175662,4.16628e-05,False
rs5750211,107,58,-0.193535,6.95461e-06,False
rs5750211,107,59,-0.179965,3.1847e-05,False
rs5750211,107,60,-0.180061,3.32002e-05,False
rs5750211,107,61,-0.172393,7.74535e-05,False
rs5750211,107,62,-0.172962,7.70048e-05,False
rs5750211,107,63,-0.168657,0.000126401,False
rs5750211,107,64,-0.168266,0.000138601,False
rs5750211,107,65,-0.173695,8.69672e-05,False
rs5750211,107,66,-0.176347,7.28907e-05,False
rs5750211,107,67,-0.173678,9.9759e-05,False
rs5750211,107,68,-0.188312,2.70314e-05,False
rs5750211,107,69,-0.166128,0.000221593,False
rs5750211,107,70,-0.147546,0.0010783,False
rs5750211,107,71,-0.170389,0.000169679,False
rs5750211,107,72,-0.176789,0.000105058,False
rs5750211,107,73,-0.178093,0.000100176,False
rs5750211,107,74,-0.179308,9.40492e-05,False
rs5750211,107,75,-0.189348,4.01272e-05,False
rs5750211,107,76,-0.162528,0.000457249,False
rs5750211,107,77,-0.160905,0.000552625,False
rs5750211,107,78,-0.172851,0.000220021,False
rs5750211,107,79,-0.176828,0.000165062,False
rs5750211,107,80,-0.163371,0.000520902,False
rs5750211,107,81,-0.160439,0.000696285,False
rs5750211,107,82,-0.175352,0.000226115,False
rs5750211,107,83,-0.176299,0.00021588,False
rs5750211,107,84,-0.174461,0.000260713,False
rs5750211,107,85,-0.157604,0.000996595,False
rs5750211,107,86,-0.168884,0.000449303,False
rs5750211,107,87,-0.188848,9.16247e-05,False
rs5750211,107,88,-0.18861,9.7806e-05,False
rs5750211,107,89,-0.176602,0.000276729,False
rs5750211,107,90,-0.179365,0.000231544,False
rs5750211,107,91,-0.181042,0.000212372,False
rs5750211,107,92,-0.186898,0.000136095,False
rs5750211,107,93,-0.1842,0.000174143,False
rs5750211,107,94,-0.187759,0.000135549,False
rs5750211,107,95,-0.197037,6.46497e-05,False
rs5750211,107,96,-0.196058,7.25872e-05,False
rs5750211,107,97,-0.207667,2.8313e-05,False
rs5750211,107,98,-0.186005,0.000178878,False
rs5750211,107,99,-0.194172,9.51599e-05,False
rs5750211,107,100,-0.207849,3.02353e-05,False
rs5750211,107,101,-0.210354,2.56203e-05,False
rs5750211,107,102,-0.194719,0.000103101,False
rs5750211,107,103,-0.191681,0.000134824,False
rs5750211,107,104,-0.191343,0.000144546,False
rs5750211,107,105,-0.198397,8.65211e-05,False
rs5750211,107,106,-0.200301,7.64083e-05,False
rs5750211,107,107,-0.211645,2.9903e-05,False
rs5750211,107,108,-0.211412,3.2278e-05,False
rs5750211,107,109,-0.205624,5.44216e-05,False
rs5750211,107,110,-0.206416,5.30857e-05,False
rs5750211,107,111,-0.201485,8.18883e-05,False
rs5750211,107,112,-0.20814,4.81116e-05,False
rs5750211,107,113,-0.207834,5.15217e-05,False
rs5750211,107,114,-0.200737,9.48176e-05,False
rs5750211,107,115,-0.201735,8.85672e-05,False
rs5750211,107,116,-0.199384,0.000111729,False
rs5750211,107,117,-0.200365,0.000105633,False
rs5750211,107,118,-0.20259,9.12583e-05,False
rs5750211,107,119,-0.191019,0.000220591,False
rs5750211,107,120,-0.206563,6.59182e-05,False
rs5750211,107,121,-0.193677,0.000192494,False
rs5750211,107,122,-0.207575,6.4295e-05,False
rs5750211,107,123,-0.213209,4.15183e-05,False
rs5750211,107,124,-0.21551,3.54099e-05,False
rs5750211,107,125,-0.208835,6.24234e-05,False
rs5750211,107,126,-0.203749,9.39072e-05,False
rs5750211,107,127,-0.218896,2.73478e-05,False
rs5750211,107,128,-0.205143,8.52032e-05,False
rs5750211,107,129,-0.207346,7.23218e-05,False
rs5750211,107,130,-0.21207,4.93104e-05,False
rs5750211,107,131,-0.217578,3.27936e-05,False
rs5750211,107,132,-0.216443,3.5944e-05,False
rs5750211,107,133,-0.225541,1.73568e-05,False
rs5750211,107,134,-0.229327,1.25235e-05,False
rs5750211,107,135,-0.217244,3.53871e-05,False
rs5750211,107,136,-0.223368,2.1468e-05,False
rs5750211,107,137,-0.243399,3.70322e-06,False
rs5750211,107,138,-0.24967,2.09855e-06,False
rs5750211,107,139,-0.233778,8.90457e-06,False
rs5750211,107,140,-0.237398,6.48052e-06,False
rs5750211,107,141,-0.238705,5.84611e-06,False
rs5750211,107,142,-0.249106,2.31579e-06,False
rs5750211,107,143,-0.241832,4.49593e-06,False
rs5750211,107,144,-0.236249,7.49279e-06,False
rs5750211,107,145,-0.242813,4.01164e-06,False
rs5750211,107,146,-0.244253,3.58576e-06,False
rs5750211,107,147,-0.219885,3.04261e-05,False
rs5750211,107,148,-0.228946,1.39295e-05,False
rs5750211,107,149,-0.2255,1.86423e-05,False
rs5750211,107,150,-0.226228,1.7975e-05,False
rs5750211,107,151,-0.225292,1.90502e-05,False
rs5750211,107,152,-0.240888,5.0066e-06,False
rs5750211,107,153,-0.244954,3.51596e-06,False
rs5750211,107,154,-0.245088,3.45648e-06,False
rs5750211,107,155,-0.238498,6.30792e-06,False
rs5750211,107,156,-0.235015,8.58301e-06,False
rs5750211,107,157,-0.249651,2.3098e-06,False
rs5750211,107,158,-0.256723,1.22477e-06,False
rs5750211,107,159,-0.248424,2.72559e-06,False
rs5750211,107,160,-0.238563,6.80619e-06,False
rs5750211,107,161,-0.245432,3.76021e-06,False
rs5750211,107,162,-0.24785,3.09465e-06,False
rs5750211,107,163,-0.238379,7.28415e-06,False
rs5750211,107,164,-0.228001,1.86209e-05,False
rs5750211,107,165,-0.233547,1.16402e-05,False
rs5750211,107,166,-0.235822,9.8353e-06,False
rs5750211,107,167,-0.24407,4.91738e-06,False
rs5750211,107,168,-0.241314,6.45409e-06,False
rs5750211,107,169,-0.251869,2.60221e-06,False
rs5750211,107,170,-0.251455,2.81713e-06,False
rs5750211,107,171,-0.247522,4.14066e-06,False
rs5750211,107,172,-0.24316,6.35524e-06,False
rs5750211,107,173,-0.2531,2.70894e-06,False
rs5750211,107,174,-0.261952,1.298e-06,False
rs5750211,107,175,-0.252017,3.29924e-06,False
rs5750211,107,176,-0.261622,1.46526e-06,False
rs5750211,107,177,-0.260355,1.75475e-06,False
rs5750211,107,178,-0.255128,3.06109e-06,False
rs5750211,107,179,-0.255821,3.09709e-06,False
rs5750211,107,180,-0.25996,2.35366e-06,False
rs5750211,107,181,-0.264355,1.73121e-06,False
rs5750211,107,182,-0.275022,7.22932e-07,False
rs5750211,107,183,-0.288188,2.33527e-07,False
rs5750211,107,184,-0.277518,7.1924e-07,False
rs5750211,107,185,-0.279004,7.27823e-07,False
rs5750211,107,186,-0.292226,2.47868e-07,False
rs5750211,107,187,-0.281834,7.41896e-07,False
rs5750211,107,188,-0.281721,8.57013e-07,False
rs5750211,107,189,-0.28022,1.15534e-06,False
rs5750211,107,190,-0.280138,1.39655e-06,False
rs5750211,107,191,-0.277247,2.08008e-06,False
rs5750211,107,192,-0.280869,1.83602e-06,False
rs5750211,107,193,-0.280582,2.25409e-06,False
rs5750211,107,194,-0.284828,1.8578e-06,False
rs5750211,107,195,-0.278949,3.57658e-06,False
rs5750211,107,196,-0.277788,4.57417e-06,False
rs5750211,107,197,-0.285698,2.96912e-06,False
rs5750211,107,198,-0.283538,4.25928e-06,False
rs5750211,107,199,-0.285006,4.53806e-06,False
rs5750211,107,200,-0.279519,8.04992e-06,False
rs5750211,107,201,-0.291171,3.97259e-06,False
rs5750211,107,202,-0.291031,4.7211e-06,False
rs5750211,107,203,-0.30346,2.26379e-06,False
rs5750211,107,204,-0.306433,2.12008e-06,False
rs5750211,107,205,-0.297151,5.07622e-06,False
rs5750211,107,206,-0.31219,1.99841e-06,False
rs5750211,107,207,-0.318385,1.49314e-06,False
rs5750211,107,208,-0.317779,1.80018e-06,False
rs5750211,107,209,-0.316801,2.29406e-06,False
rs5750211,107,210,-0.316029,2.81678e-06,False
rs5750211,107,211,-0.3038,7.67721e-06,False
rs5750211,107,212,-0.304651,8.18099e-06,False
rs5750211,107,213,-0.304415,9.58044e-06,False
rs5750211,107,214,-0.324958,2.65813e-06,False
rs5750211,107,215,-0.316346,5.43627e-06,False
rs5750211,107,216,-0.308493,1.01663e-05,False
rs5750211,107,217,-0.321652,4.59115e-06,False
rs5750211,107,218,-0.329507,2.93178e-06,False
rs5750211,107,219,-0.325572,4.35336e-06,False
rs5750211,107,220,-0.324604,5.00707e-06,False
rs5750211,107,221,-0.332668,3.12475e-06,False
rs5750211,107,222,-0.332142,3.46187e-06,False
rs5750211,107,223,-0.339377,2.24181e-06,False
rs5750211,107,224,-0.327844,5.02195e-06,False
rs5750211,107,225,-0.307983,1.87962e-05,False
rs5750211,107,226,-0.312094,1.49425e-05,False
rs5750211,107,227,-0.295969,4.17696e-05,False
rs5750211,107,228,-0.313807,1.38462e-05,False
rs5750211,107,229,-0.318179,1.05053e-05,False
rs5750211,107,230,-0.299529,3.37044e-05,False
rs5750211,107,231,-0.326582,6.09267e-06,False
rs5750211,107,232,-0.320238,9.2287e-06,False
rs5750211,107,233,-0.310007,1.74007e-05,False
rs5750211,107,234,-0.29783,3.63156e-05,False
rs5750211,107,235,-0.312749,1.4543e-05,False
rs5750211,107,236,-0.300256,3.15313e-05,False
rs5750211,107,237,-0.298647,3.39798e-05,False
rs5750211,107,238,-0.305382,2.29263e-05,False
rs5750211,107,239,-0.315912,1.16491e-05,False
rs5750211,107,240,-0.300607,3.01867e-05,False
rs5750211,107,241,-0.296088,4.07865e-05,False
rs5750211,107,242,-0.295414,4.32626e-05,False
rs5750211,107,243,-0.282046,9.85091e-05,False
rs5750211,107,244,-0.280774,0.000107271,False
rs5750211,107,245,-0.286377,8.4013e-05,False
rs5750211,107,246,-0.289776,7.24138e-05,False
rs5750211,107,247,-0.273593,0.000194281,False
rs5750211,107,248,-0.274307,0.000205264,False
rs5750211,107,249,-0.279804,0.000168532,False
rs5750211,107,250,-0.282864,0.000158592,False
rs5750211,107,251,-0.250504,0.0009004,False
rs5750211,108,8,-0.170873,6.27387e-05,False
rs5750211,108,9,-0.163973,0.000105894,False
rs5750211,108,10,-0.151509,0.000295491,False
rs5750211,108,11,-0.147846,0.000354833,False
rs5750211,108,12,-0.150478,0.000260925,False
rs5750211,108,13,-0.141992,0.000519274,False
rs5750211,108,14,-0.160515,7.99527e-05,False
rs5750211,108,15,-0.13108,0.00123536,False
rs5750211,108,16,-0.145437,0.000313794,False
rs5750211,108,17,-0.128337,0.00145531,False
rs5750211,108,18,-0.133943,0.000848388,False
rs5750211,108,19,-0.130917,0.00109126,False
rs5750211,108,20,-0.119527,0.00288278,False
rs5750211,108,21,-0.140202,0.000467828,False
rs5750211,108,22,-0.133705,0.000833162,False
rs5750211,108,23,-0.134495,0.00077406,False
rs5750211,108,24,-0.12062,0.0025557,False
rs5750211,108,25,-0.124212,0.0019144,False
rs5750211,108,26,-0.128854,0.0012676,False
rs5750211,108,27,-0.122519,0.00217858,False
rs5750211,108,28,-0.114123,0.00436308,False
rs5750211,108,29,-0.136196,0.000681529,False
rs5750211,108,30,-0.144689,0.000312904,False
rs5750211,108,31,-0.12745,0.00151687,False
rs5750211,108,32,-0.136046,0.000714905,False
rs5750211,108,33,-0.130326,0.00118237,False
rs5750211,108,34,-0.143621,0.00037224,False
rs5750211,108,35,-0.142018,0.000435763,False
rs5750211,108,36,-0.155273,0.000120444,False
rs5750211,108,37,-0.149615,0.0002231,False
rs5750211,108,38,-0.164459,4.80844e-05,False
rs5750211,108,39,-0.170203,2.87185e-05,False
rs5750211,108,40,-0.152317,0.00018185,False
rs5750211,108,41,-0.157603,0.000112772,False
rs5750211,108,42,-0.169258,3.44541e-05,False
rs5750211,108,43,-0.178044,1.43587e-05,False
rs5750211,108,44,-0.180158,1.1434e-05,False
rs5750211,108,45,-0.161493,8.94087e-05,False
rs5750211,108,46,-0.174703,2.34988e-05,False
rs5750211,108,47,-0.160226,0.000110999,False
rs5750211,108,48,-0.173437,2.93029e-05,False
rs5750211,108,49,-0.186487,7.4464e-06,False
rs5750211,108,50,-0.175408,2.52169e-05,False
rs5750211,108,51,-0.173186,3.45006e-05,False
rs5750211,108,52,-0.185181,1.00732e-05,False
rs5750211,108,53,-0.187094,8.7251e-06,False
rs5750211,108,54,-0.179839,2.03459e-05,False
rs5750211,108,55,-0.171548,5.22215e-05,False
rs5750211,108,56,-0.167806,8.12935e-05,False
rs5750211,108,57,-0.192939,6.02018e-06,False
rs5750211,108,58,-0.186557,1.3233e-05,False
rs5750211,108,59,-0.17516,4.49926e-05,False
rs5750211,108,60,-0.187602,1.35598e-05,False
rs5750211,108,61,-0.173203,6.31099e-05,False
rs5750211,108,62,-0.196425,5.99904e-06,False
rs5750211,108,63,-0.17168,8.1325e-05,False
rs5750211,108,64,-0.180349,3.86863e-05,False
rs5750211,108,65,-0.182213,3.46181e-05,False
rs5750211,108,66,-0.173672,8.47005e-05,False
rs5750211,108,67,-0.162915,0.000234035,False
rs5750211,108,68,-0.165212,0.00020558,False
rs5750211,108,69,-0.180719,5.32251e-05,False
rs5750211,108,70,-0.158197,0.000426743,False
rs5750211,108,71,-0.159372,0.000406238,False
rs5750211,108,72,-0.16559,0.000254803,False
rs5750211,108,73,-0.163506,0.000326965,False
rs5750211,108,74,-0.184945,5.23656e-05,False
rs5750211,108,75,-0.178483,9.99503e-05,False
rs5750211,108,76,-0.18828,4.43618e-05,False
rs5750211,108,77,-0.183764,7.16859e-05,False
rs5750211,108,78,-0.168826,0.000273876,False
rs5750211,108,79,-0.180917,0.000103661,False
rs5750211,108,80,-0.174493,0.000188884,False
rs5750211,108,81,-0.181683,0.000108726,False
rs5750211,108,82,-0.186614,7.4197e-05,False
rs5750211,108,83,-0.18783,7.2072e-05,False
rs5750211,108,84,-0.180609,0.000142701,False
rs5750211,108,85,-0.192847,5.11834e-05,False
rs5750211,108,86,-0.191307,6.33129e-05,False
rs5750211,108,87,-0.184469,0.0001213,False
rs5750211,108,88,-0.171149,0.000379723,False
rs5750211,108,89,-0.182254,0.000153296,False
rs5750211,108,90,-0.192817,6.57534e-05,False
rs5750211,108,91,-0.185122,0.000136085,False
rs5750211,108,92,-0.183088,0.000167518,False
rs5750211,108,93,-0.193416,7.24663e-05,False
rs5750211,108,94,-0.195136,6.57947e-05,False
rs5750211,108,95,-0.193925,7.56316e-05,False
rs5750211,108,96,-0.187447,0.000133989,False
rs5750211,108,97,-0.194806,7.64604e-05,False
rs5750211,108,98,-0.187456,0.000144322,False
rs5750211,108,99,-0.194966,7.96986e-05,False
rs5750211,108,100,-0.183461,0.000212957,False
rs5750211,108,101,-0.194251,9.2444e-05,False
rs5750211,108,102,-0.204433,3.9811e-05,False
rs5750211,108,103,-0.20431,4.32531e-05,False
rs5750211,108,104,-0.194532,0.000101032,False
rs5750211,108,105,-0.203449,4.84655e-05,False
rs5750211,108,106,-0.208594,3.12896e-05,False
rs5750211,108,107,-0.204293,4.78686e-05,False
rs5750211,108,108,-0.204816,4.68416e-05,False
rs5750211,108,109,-0.211666,2.6986e-05,False
rs5750211,108,110,-0.199343,7.99123e-05,False
rs5750211,108,111,-0.217114,1.83966e-05,False
rs5750211,108,112,-0.226136,8.41039e-06,False
rs5750211,108,113,-0.207313,4.46784e-05,False
rs5750211,108,114,-0.21964,1.59342e-05,False
rs5750211,108,115,-0.205869,5.31714e-05,False
rs5750211,108,116,-0.198434,0.000102168,False
rs5750211,108,117,-0.208147,4.6821e-05,False
rs5750211,108,118,-0.206813,5.36223e-05,False
rs5750211,108,119,-0.202606,7.88642e-05,False
rs5750211,108,120,-0.219189,2.05016e-05,False
rs5750211,108,121,-0.218172,2.22688e-05,False
rs5750211,108,122,-0.230605,7.50272e-06,False
rs5750211,108,123,-0.209195,4.9438e-05,False
rs5750211,108,124,-0.205989,6.689e-05,False
rs5750211,108,125,-0.21588,2.96451e-05,False
rs5750211,108,126,-0.205991,6.71225e-05,False
rs5750211,108,127,-0.220234,2.08782e-05,False
rs5750211,108,128,-0.219934,2.14883e-05,False
rs5750211,108,129,-0.221772,1.86046e-05,False
rs5750211,108,130,-0.22042,2.16434e-05,False
rs5750211,108,131,-0.210106,5.27161e-05,False
rs5750211,108,132,-0.210515,5.06423e-05,False
rs5750211,108,133,-0.228361,1.13565e-05,False
rs5750211,108,134,-0.237703,5.00086e-06,False
rs5750211,108,135,-0.229128,1.09659e-05,False
rs5750211,108,136,-0.217776,2.94677e-05,False
rs5750211,108,137,-0.227055,1.34212e-05,False
rs5750211,108,138,-0.223972,1.70046e-05,False
rs5750211,108,139,-0.234161,7.20706e-06,False
rs5750211,108,140,-0.244112,2.90978e-06,False
rs5750211,108,141,-0.243719,2.94246e-06,False
rs5750211,108,142,-0.245297,2.55321e-06,False
rs5750211,108,143,-0.239463,4.4573e-06,False
rs5750211,108,144,-0.227324,1.30849e-05,False
rs5750211,108,145,-0.223085,1.94786e-05,False
rs5750211,108,146,-0.228236,1.28818e-05,False
rs5750211,108,147,-0.239538,4.73073e-06,False
rs5750211,108,148,-0.238505,5.30052e-06,False
rs5750211,108,149,-0.230482,1.07433e-05,False
rs5750211,108,150,-0.237346,6.05577e-06,False
rs5750211,108,151,-0.238513,5.48553e-06,False
rs5750211,108,152,-0.240847,4.34574e-06,False
rs5750211,108,153,-0.241697,4.14647e-06,False
rs5750211,108,154,-0.241298,4.30866e-06,False
rs5750211,108,155,-0.245131,3.22518e-06,False
rs5750211,108,156,-0.231732,1.09508e-05,False
rs5750211,108,157,-0.241401,4.70868e-06,False
rs5750211,108,158,-0.241292,4.9204e-06,False
rs5750211,108,159,-0.245512,3.40472e-06,False
rs5750211,108,160,-0.246779,3.04984e-06,False
rs5750211,108,161,-0.235122,8.89879e-06,False
rs5750211,108,162,-0.237339,7.52958e-06,False
rs5750211,108,163,-0.240405,5.92695e-06,False
rs5750211,108,164,-0.224182,2.42723e-05,False
rs5750211,108,165,-0.233052,1.19725e-05,False
rs5750211,108,166,-0.232073,1.30605e-05,False
rs5750211,108,167,-0.229672,1.65263e-05,False
rs5750211,108,168,-0.236218,9.63053e-06,False
rs5750211,108,169,-0.238285,8.59062e-06,False
rs5750211,108,170,-0.248227,3.61778e-06,False
rs5750211,108,171,-0.244551,5.33331e-06,False
rs5750211,108,172,-0.248908,3.85377e-06,False
rs5750211,108,173,-0.249647,3.76896e-06,False
rs5750211,108,174,-0.256616,2.16206e-06,False
rs5750211,108,175,-0.24928,4.56161e-06,False
rs5750211,108,176,-0.259284,2.01558e-06,False
rs5750211,108,177,-0.248733,5.5068e-06,False
rs5750211,108,178,-0.259122,2.45497e-06,False
rs5750211,108,179,-0.267186,1.26119e-06,False
rs5750211,108,180,-0.262356,2.18359e-06,False
rs5750211,108,181,-0.270398,1.21537e-06,False
rs5750211,108,182,-0.27457,9.40013e-07,False
rs5750211,108,183,-0.275565,9.72841e-07,False
rs5750211,108,184,-0.277062,9.55718e-07,False
rs5750211,108,185,-0.286487,4.85087e-07,False
rs5750211,108,186,-0.264605,3.7789e-06,False
rs5750211,108,187,-0.255926,9.02095e-06,False
rs5750211,108,188,-0.270215,3.17094e-06,False
rs5750211,108,189,-0.278865,1.81312e-06,False
rs5750211,108,190,-0.278522,2.13687e-06,False
rs5750211,108,191,-0.274125,3.64826e-06,False
rs5750211,108,192,-0.271805,5.08967e-06,False
rs5750211,108,193,-0.295376,8.60871e-07,False
rs5750211,108,194,-0.28666,2.16467e-06,False
rs5750211,108,195,-0.283322,3.39742e-06,False
rs5750211,108,196,-0.285662,3.3895e-06,False
rs5750211,108,197,-0.313019,4.49426e-07,False
rs5750211,108,198,-0.297941,1.88702e-06,False
rs5750211,108,199,-0.29705,2.42563e-06,False
rs5750211,108,200,-0.292692,4.0057e-06,False
rs5750211,108,201,-0.296988,3.42446e-06,False
rs5750211,108,202,-0.299354,3.44547e-06,False
rs5750211,108,203,-0.301602,3.45656e-06,False
rs5750211,108,204,-0.295422,6.28438e-06,False
rs5750211,108,205,-0.296006,7.10754e-06,False
rs5750211,108,206,-0.316408,1.85896e-06,False
rs5750211,108,207,-0.309528,3.66893e-06,False
rs5750211,108,208,-0.311244,3.78017e-06,False
rs5750211,108,209,-0.318484,2.5296e-06,False
rs5750211,108,210,-0.312437,4.51578e-06,False
rs5750211,108,211,-0.318643,3.22353e-06,False
rs5750211,108,212,-0.309939,6.80568e-06,False
rs5750211,108,213,-0.298103,1.65359e-05,False
rs5750211,108,214,-0.304878,1.14401e-05,False
rs5750211,108,215,-0.32101,4.3049e-06,False
rs5750211,108,216,-0.331402,2.32546e-06,False
rs5750211,108,217,-0.325264,3.93461e-06,False
rs5750211,108,218,-0.308396,1.27891e-05,False
rs5750211,108,219,-0.314547,9.23811e-06,False
rs5750211,108,220,-0.323605,5.37597e-06,False
rs5750211,108,221,-0.308052,1.54645e-05,False
rs5750211,108,222,-0.315997,9.72389e-06,False
rs5750211,108,223,-0.312155,1.29812e-05,False
rs5750211,108,224,-0.306982,1.82346e-05,False
rs5750211,108,225,-0.302683,2.42412e-05,False
rs5750211,108,226,-0.295634,3.80594e-05,False
rs5750211,108,227,-0.292262,4.77786e-05,False
rs5750211,108,228,-0.288754,5.88335e-05,False
rs5750211,108,229,-0.306021,2.08594e-05,False
rs5750211,108,230,-0.30609,2.04145e-05,False
rs5750211,108,231,-0.319505,8.76403e-06,False
rs5750211,108,232,-0.303812,2.34124e-05,False
rs5750211,108,233,-0.289864,5.34055e-05,False
rs5750211,108,234,-0.303389,2.29693e-05,False
rs5750211,108,235,-0.282655,8.05665e-05,False
rs5750211,108,236,-0.296945,3.44454e-05,False
rs5750211,108,237,-0.302592,2.36713e-05,False
rs5750211,108,238,-0.28578,6.63389e-05,False
rs5750211,108,239,-0.295624,3.71591e-05,False
rs5750211,108,240,-0.280134,9.35431e-05,False
rs5750211,108,241,-0.281437,8.88785e-05,False
rs5750211,108,242,-0.26971,0.000177879,False
rs5750211,108,243,-0.259365,0.000316756,False
rs5750211,108,244,-0.239485,0.000930262,False
rs5750211,108,245,-0.226997,0.00176315,False
rs5750211,108,246,-0.227915,0.00178448,False
rs5750211,108,247,-0.226386,0.00201925,False
rs5750211,108,248,-0.216035,0.00344302,False
rs5750211,108,249,-0.219773,0.00313417,False
rs5750211,108,250,-0.223979,0.00280851,False
rs5750211,109,8,-0.147954,0.000544722,False
rs5750211,109,9,-0.144046,0.000662816,False
rs5750211,109,10,-0.140609,0.000785624,False
rs5750211,109,11,-0.138822,0.000836505,False
rs5750211,109,12,-0.138346,0.000785684,False
rs5750211,109,13,-0.153516,0.000172904,False
rs5750211,109,14,-0.130257,0.0013439,False
rs5750211,109,15,-0.129184,0.00144149,False
rs5750211,109,16,-0.15444,0.000127818,False
rs5750211,109,17,-0.154421,0.000120305,False
rs5750211,109,18,-0.126521,0.00161486,False
rs5750211,109,19,-0.136801,0.000649009,False
rs5750211,109,20,-0.134432,0.000773212,False
rs5750211,109,21,-0.139709,0.000484473,False
rs5750211,109,22,-0.144285,0.000315247,False
rs5750211,109,23,-0.127161,0.00146409,False
rs5750211,109,24,-0.138264,0.00054973,False
rs5750211,109,25,-0.14072,0.000434058,False
rs5750211,109,26,-0.128839,0.00128314,False
rs5750211,109,27,-0.146115,0.000256977,False
rs5750211,109,28,-0.140036,0.000466267,False
rs5750211,109,29,-0.144897,0.000288426,False
rs5750211,109,30,-0.121989,0.00230534,False
rs5750211,109,31,-0.163049,4.96358e-05,False
rs5750211,109,32,-0.155343,0.000112276,False
rs5750211,109,33,-0.149136,0.000204354,False
rs5750211,109,34,-0.151291,0.000169198,False
rs5750211,109,35,-0.157018,9.68314e-05,False
rs5750211,109,36,-0.154391,0.000126831,False
rs5750211,109,37,-0.156335,0.000108104,False
rs5750211,109,38,-0.163481,5.4103e-05,False
rs5750211,109,39,-0.17014,2.73957e-05,False
rs5750211,109,40,-0.168119,3.48134e-05,False
rs5750211,109,41,-0.162204,6.52121e-05,False
rs5750211,109,42,-0.165986,4.82972e-05,False
rs5750211,109,43,-0.187963,4.3497e-06,False
rs5750211,109,44,-0.184415,6.70332e-06,False
rs5750211,109,45,-0.161225,8.57024e-05,False
rs5750211,109,46,-0.16324,7.53497e-05,False
rs5750211,109,47,-0.150669,0.000259972,False
rs5750211,109,48,-0.17422,2.64215e-05,False
rs5750211,109,49,-0.171353,3.67459e-05,False
rs5750211,109,50,-0.15798,0.000146795,False
rs5750211,109,51,-0.166961,6.18579e-05,False
rs5750211,109,52,-0.172871,3.66715e-05,False
rs5750211,109,53,-0.17493,3.06375e-05,False
rs5750211,109,54,-0.182416,1.49537e-05,False
rs5750211,109,55,-0.173861,3.83701e-05,False
rs5750211,109,56,-0.172665,4.59367e-05,False
rs5750211,109,57,-0.180973,2.0667e-05,False
rs5750211,109,58,-0.170679,6.37803e-05,False
rs5750211,109,59,-0.181611,2.26819e-05,False
rs5750211,109,60,-0.188846,1.10184e-05,False
rs5750211,109,61,-0.183808,2.00529e-05,False
rs5750211,109,62,-0.182574,2.46389e-05,False
rs5750211,109,63,-0.189681,1.25461e-05,False
rs5750211,109,64,-0.179784,3.7916e-05,False
rs5750211,109,65,-0.182049,3.23448e-05,False
rs5750211,109,66,-0.18643,2.26815e-05,False
rs5750211,109,67,-0.174735,7.80235e-05,False
rs5750211,109,68,-0.183914,3.49023e-05,False
rs5750211,109,69,-0.189309,2.13375e-05,False
rs5750211,109,70,-0.167773,0.000174905,False
rs5750211,109,71,-0.168284,0.000174399,False
rs5750211,109,72,-0.171912,0.000135478,False
rs5750211,109,73,-0.167294,0.000220176,False
rs5750211,109,74,-0.174229,0.000125152,False
rs5750211,109,75,-0.158705,0.000494905,False
rs5750211,109,76,-0.155382,0.000678707,False
rs5750211,109,77,-0.165985,0.000300487,False
rs5750211,109,78,-0.16397,0.000372743,False
rs5750211,109,79,-0.172846,0.000187652,False
rs5750211,109,80,-0.16751,0.000305081,False
rs5750211,109,81,-0.178965,0.000118815,False
rs5750211,109,82,-0.176466,0.000156345,False
rs5750211,109,83,-0.175967,0.000169066,False
rs5750211,109,84,-0.17389,0.000212188,False
rs5750211,109,85,-0.179518,0.00013762,False
rs5750211,109,86,-0.182522,0.000112841,False
rs5750211,109,87,-0.187811,7.56711e-05,False
rs5750211,109,88,-0.188296,7.30713e-05,False
rs5750211,109,89,-0.167987,0.000415196,False
rs5750211,109,90,-0.17752,0.000203419,False
rs5750211,109,91,-0.195682,4.52187e-05,False
rs5750211,109,92,-0.199139,3.48501e-05,False
rs5750211,109,93,-0.20121,3.05066e-05,False
rs5750211,109,94,-0.1868,0.000113114,False
rs5750211,109,95,-0.196565,4.94694e-05,False
rs5750211,109,96,-0.191044,8.61794e-05,False
rs5750211,109,97,-0.206082,2.3849e-05,False
rs5750211,109,98,-0.188436,0.000116564,False
rs5750211,109,99,-0.197639,5.51673e-05,False
rs5750211,109,100,-0.187185,0.000138997,False
rs5750211,109,101,-0.190767,0.000107932,False
rs5750211,109,102,-0.199618,5.15568e-05,False
rs5750211,109,103,-0.201104,4.70517e-05,False
rs5750211,109,104,-0.206001,3.18193e-05,False
rs5750211,109,105,-0.204232,3.80633e-05,False
rs5750211,109,106,-0.20446,3.84494e-05,False
rs5750211,109,107,-0.219798,1.01502e-05,False
rs5750211,109,108,-0.209272,2.7164e-05,False
rs5750211,109,109,-0.206538,3.58707e-05,False
rs5750211,109,110,-0.208615,3.0994e-05,False
rs5750211,109,111,-0.203686,4.83542e-05,False
rs5750211,109,112,-0.211668,2.49586e-05,False
rs5750211,109,113,-0.219578,1.26968e-05,False
rs5750211,109,114,-0.226862,6.71831e-06,False
rs5750211,109,115,-0.215533,1.88938e-05,False
rs5750211,109,116,-0.212248,2.65666e-05,False
rs5750211,109,117,-0.211028,3.12824e-05,False
rs5750211,109,118,-0.203257,6.15078e-05,False
rs5750211,109,119,-0.209464,3.78297e-05,False
rs5750211,109,120,-0.218779,1.71475e-05,False
rs5750211,109,121,-0.214279,2.62736e-05,False
rs5750211,109,122,-0.204142,6.36635e-05,False
rs5750211,109,123,-0.198314,0.000106535,False
rs5750211,109,124,-0.216798,2.33376e-05,False
rs5750211,109,125,-0.194904,0.000145404,False
rs5750211,109,126,-0.202899,7.66645e-05,False
rs5750211,109,127,-0.209652,4.40963e-05,False
rs5750211,109,128,-0.208566,4.95969e-05,False
rs5750211,109,129,-0.206692,5.93588e-05,False
rs5750211,109,130,-0.201308,9.11824e-05,False
rs5750211,109,131,-0.204043,7.38969e-05,False
rs5750211,109,132,-0.212816,3.6935e-05,False
rs5750211,109,133,-0.225862,1.19861e-05,False
rs5750211,109,134,-0.226908,1.13479e-05,False
rs5750211,109,135,-0.230094,8.61613e-06,False
rs5750211,109,136,-0.235315,5.37725e-06,False
rs5750211,109,137,-0.235896,5.23353e-06,False
rs5750211,109,138,-0.233779,6.51799e-06,False
rs5750211,109,139,-0.225869,1.34188e-05,False
rs5750211,109,140,-0.233962,6.52833e-06,False
rs5750211,109,141,-0.22775,1.12156e-05,False
rs5750211,109,142,-0.249474,1.53674e-06,False
rs5750211,109,143,-0.244929,2.37686e-06,False
rs5750211,109,144,-0.243853,2.64873e-06,False
rs5750211,109,145,-0.244339,2.67047e-06,False
rs5750211,109,146,-0.227817,1.20589e-05,False
rs5750211,109,147,-0.22585,1.46575e-05,False
rs5750211,109,148,-0.22145,2.20865e-05,False
rs5750211,109,149,-0.209273,6.11716e-05,False
rs5750211,109,150,-0.213946,4.31195e-05,False
rs5750211,109,151,-0.215219,3.94789e-05,False
rs5750211,109,152,-0.224613,1.81074e-05,False
rs5750211,109,153,-0.236663,6.32894e-06,False
rs5750211,109,154,-0.232662,9.32253e-06,False
rs5750211,109,155,-0.24337,3.58867e-06,False
rs5750211,109,156,-0.237715,6.06006e-06,False
rs5750211,109,157,-0.243181,3.70889e-06,False
rs5750211,109,158,-0.233914,8.85182e-06,False
rs5750211,109,159,-0.22603,1.73313e-05,False
rs5750211,109,160,-0.231643,1.09197e-05,False
rs5750211,109,161,-0.249959,2.21102e-06,False
rs5750211,109,162,-0.236518,7.69913e-06,False
rs5750211,109,163,-0.240292,5.45757e-06,False
rs5750211,109,164,-0.240912,5.26651e-06,False
rs5750211,109,165,-0.234116,1.02218e-05,False
rs5750211,109,166,-0.229983,1.52416e-05,False
rs5750211,109,167,-0.238697,7.55386e-06,False
rs5750211,109,168,-0.226843,2.16483e-05,False
rs5750211,109,169,-0.247474,3.87789e-06,False
rs5750211,109,170,-0.237601,9.64487e-06,False
rs5750211,109,171,-0.228739,2.19722e-05,False
rs5750211,109,172,-0.228202,2.51148e-05,False
rs5750211,109,173,-0.22905,2.47016e-05,False
rs5750211,109,174,-0.237269,1.29848e-05,False
rs5750211,109,175,-0.241096,1.02705e-05,False
rs5750211,109,176,-0.254071,3.63333e-06,False
rs5750211,109,177,-0.259461,2.43598e-06,False
rs5750211,109,178,-0.257393,3.26029e-06,False
rs5750211,109,179,-0.259326,3.04484e-06,False
rs5750211,109,180,-0.263876,2.32538e-06,False
rs5750211,109,181,-0.263379,2.72495e-06,False
rs5750211,109,182,-0.26126,3.60864e-06,False
rs5750211,109,183,-0.273209,1.46232e-06,False
rs5750211,109,184,-0.282654,7.37039e-07,False
rs5750211,109,185,-0.274977,1.6624e-06,False
rs5750211,109,186,-0.272659,2.4052e-06,False
rs5750211,109,187,-0.269114,3.79464e-06,False
rs5750211,109,188,-0.280176,1.75617e-06,False
rs5750211,109,189,-0.276981,2.71483e-06,False
rs5750211,109,190,-0.28042,2.45765e-06,False
rs5750211,109,191,-0.296812,7.49874e-07,False
rs5750211,109,192,-0.286225,2.131e-06,False
rs5750211,109,193,-0.288698,2.06207e-06,False
rs5750211,109,194,-0.307574,5.25792e-07,False
rs5750211,109,195,-0.29595,1.72011e-06,False
rs5750211,109,196,-0.298178,1.71798e-06,False
rs5750211,109,197,-0.313299,5.9412e-07,False
rs5750211,109,198,-0.302975,1.67674e-06,False
rs5750211,109,199,-0.320286,5.3357e-07,False
rs5750211,109,200,-0.326401,4.00495e-07,False
rs5750211,109,201,-0.309883,1.78684e-06,False
rs5750211,109,202,-0.301277,4.05023e-06,False
rs5750211,109,203,-0.321512,1.03078e-06,False
rs5750211,109,204,-0.30468,4.3585e-06,False
rs5750211,109,205,-0.312781,2.82614e-06,False
rs5750211,109,206,-0.317498,2.27833e-06,False
rs5750211,109,207,-0.317151,2.68132e-06,False
rs5750211,109,208,-0.329405,1.25476e-06,False
rs5750211,109,209,-0.318377,3.11345e-06,False
rs5750211,109,210,-0.314883,4.66916e-06,False
rs5750211,109,211,-0.318945,3.95682e-06,False
rs5750211,109,212,-0.313008,6.56381e-06,False
rs5750211,109,213,-0.314331,6.49385e-06,False
rs5750211,109,214,-0.317279,5.78576e-06,False
rs5750211,109,215,-0.302163,1.7036e-05,False
rs5750211,109,216,-0.317034,6.93298e-06,False
rs5750211,109,217,-0.304465,1.65058e-05,False
rs5750211,109,218,-0.323917,4.88284e-06,False
rs5750211,109,219,-0.312534,1.1214e-05,False
rs5750211,109,220,-0.303545,2.02475e-05,False
rs5750211,109,221,-0.307884,1.62036e-05,False
rs5750211,109,222,-0.303658,2.12566e-05,False
rs5750211,109,223,-0.317648,8.71884e-06,False
rs5750211,109,224,-0.29549,3.67404e-05,False
rs5750211,109,225,-0.305761,1.96321e-05,False
rs5750211,109,226,-0.294429,3.93308e-05,False
rs5750211,109,227,-0.275969,0.000115383,False
rs5750211,109,228,-0.303055,2.30276e-05,False
rs5750211,109,229,-0.299919,2.79154e-05,False
rs5750211,109,230,-0.283229,7.48251e-05,False
rs5750211,109,231,-0.29468,3.71183e-05,False
rs5750211,109,232,-0.301396,2.43529e-05,False
rs5750211,109,233,-0.290287,4.71719e-05,False
rs5750211,109,234,-0.277781,9.85508e-05,False
rs5750211,109,235,-0.293626,3.85148e-05,False
rs5750211,109,236,-0.303624,2.0527e-05,False
rs5750211,109,237,-0.284313,6.63754e-05,False
rs5750211,109,238,-0.288382,5.28261e-05,False
rs5750211,109,239,-0.287642,5.52227e-05,False
rs5750211,109,240,-0.29085,4.73545e-05,False
rs5750211,109,241,-0.290663,4.81654e-05,False
rs5750211,109,242,-0.284281,7.348e-05,False
rs5750211,109,243,-0.280227,9.67567e-05,False
rs5750211,109,244,-0.279839,0.000104747,False
rs5750211,109,245,-0.269062,0.00020515,False
rs5750211,109,246,-0.265372,0.000266954,False
rs5750211,109,247,-0.282327,0.000117407,False
rs5750211,109,248,-0.259591,0.000430069,False
rs5750211,109,249,-0.260674,0.000445199,False
rs5750211,109,250,-0.266622,0.000368378,False
rs5750211,110,8,-0.152353,0.000397563,False
rs5750211,110,9,-0.141608,0.000858352,False
rs5750211,110,10,-0.146913,0.000485618,False
rs5750211,110,11,-0.143222,0.000578158,False
rs5750211,110,12,-0.132697,0.0012858,False
rs5750211,110,13,-0.134427,0.00103558,False
rs5750211,110,14,-0.153835,0.000157243,False
rs5750211,110,15,-0.159008,8.84705e-05,False
rs5750211,110,16,-0.159415,8.16026e-05,False
rs5750211,110,17,-0.150868,0.000186546,False
rs5750211,110,18,-0.135401,0.0007573,False
rs5750211,110,19,-0.155278,0.000112606,False
rs5750211,110,20,-0.145335,0.000286405,False
rs5750211,110,21,-0.153402,0.000132378,False
rs5750211,110,22,-0.156803,9.25443e-05,False
rs5750211,110,23,-0.15357,0.000125396,False
rs5750211,110,24,-0.144229,0.000318754,False
rs5750211,110,25,-0.162138,5.22506e-05,False
rs5750211,110,26,-0.152381,0.000142979,False
rs5750211,110,27,-0.144192,0.000317836,False
rs5750211,110,28,-0.152439,0.000144307,False
rs5750211,110,29,-0.151071,0.000163226,False
rs5750211,110,30,-0.142083,0.000400324,False
rs5750211,110,31,-0.143282,0.000359504,False
rs5750211,110,32,-0.169208,2.51489e-05,False
rs5750211,110,33,-0.143196,0.000373599,False
rs5750211,110,34,-0.151883,0.000162466,False
rs5750211,110,35,-0.161863,5.85065e-05,False
rs5750211,110,36,-0.157772,9.12023e-05,False
rs5750211,110,37,-0.169658,2.78959e-05,False
rs5750211,110,38,-0.150553,0.000203851,False
rs5750211,110,39,-0.160317,7.69315e-05,False
rs5750211,110,40,-0.165269,4.83048e-05,False
rs5750211,110,41,-0.175684,1.61192e-05,False
rs5750211,110,42,-0.180792,9.83197e-06,False
rs5750211,110,43,-0.164151,5.99753e-05,False
rs5750211,110,44,-0.160371,9.14846e-05,False
rs5750211,110,45,-0.189717,3.72716e-06,False
rs5750211,110,46,-0.168392,4.30622e-05,False
rs5750211,110,47,-0.172758,2.8045e-05,False
rs5750211,110,48,-0.172317,3.17359e-05,False
rs5750211,110,49,-0.186894,6.56443e-06,False
rs5750211,110,50,-0.177876,1.93503e-05,False
rs5750211,110,51,-0.169175,4.908e-05,False
rs5750211,110,52,-0.176544,2.42299e-05,False
rs5750211,110,53,-0.176157,2.6262e-05,False
rs5750211,110,54,-0.158336,0.00016912,False
rs5750211,110,55,-0.174413,3.74674e-05,False
rs5750211,110,56,-0.184292,1.38497e-05,False
rs5750211,110,57,-0.166681,8.8825e-05,False
rs5750211,110,58,-0.163025,0.00013043,False
rs5750211,110,59,-0.160238,0.000177068,False
rs5750211,110,60,-0.178429,3.16752e-05,False
rs5750211,110,61,-0.178491,3.37369e-05,False
rs5750211,110,62,-0.173331,6.07427e-05,False
rs5750211,110,63,-0.181267,2.94987e-05,False
rs5750211,110,64,-0.181996,2.9569e-05,False
rs5750211,110,65,-0.17769,4.7614e-05,False
rs5750211,110,66,-0.165821,0.000154318,False
rs5750211,110,67,-0.163374,0.000203234,False
rs5750211,110,68,-0.163208,0.00021714,False
rs5750211,110,69,-0.16535,0.000191957,False
rs5750211,110,70,-0.154421,0.000526248,False
rs5750211,110,71,-0.153213,0.000618093,False
rs5750211,110,72,-0.155927,0.00049948,False
rs5750211,110,73,-0.14446,0.00134436,False
rs5750211,110,74,-0.159128,0.000434421,False
rs5750211,110,75,-0.167273,0.000233734,False
rs5750211,110,76,-0.16638,0.000261215,False
rs5750211,110,77,-0.163683,0.000343501,False
rs5750211,110,78,-0.162987,0.000382549,False
rs5750211,110,79,-0.162736,0.000404343,False
rs5750211,110,80,-0.149295,0.00122836,False
rs5750211,110,81,-0.163015,0.000436298,False
rs5750211,110,82,-0.180396,0.000106665,False
rs5750211,110,83,-0.167579,0.000332561,False
rs5750211,110,84,-0.180141,0.000119807,False
rs5750211,110,85,-0.171989,0.000246356,False
rs5750211,110,86,-0.172298,0.000251479,False
rs5750211,110,87,-0.188053,6.75563e-05,False
rs5750211,110,88,-0.18043,0.000134488,False
rs5750211,110,89,-0.177091,0.000181315,False
rs5750211,110,90,-0.179154,0.000157531,False
rs5750211,110,91,-0.19251,5.30278e-05,False
rs5750211,110,92,-0.188303,7.91977e-05,False
rs5750211,110,93,-0.182016,0.000142839,False
rs5750211,110,94,-0.177408,0.000218783,False
rs5750211,110,95,-0.17419,0.000293587,False
rs5750211,110,96,-0.187,0.000102966,False
rs5750211,110,97,-0.187468,0.000104971,False
rs5750211,110,98,-0.198081,4.38493e-05,False
rs5750211,110,99,-0.207559,1.88902e-05,False
rs5750211,110,100,-0.215967,9.21598e-06,False
rs5750211,110,101,-0.218205,7.77136e-06,False
rs5750211,110,102,-0.213835,1.21702e-05,False
rs5750211,110,103,-0.205329,2.76119e-05,False
rs5750211,110,104,-0.202647,3.66498e-05,False
rs5750211,110,105,-0.212187,1.58721e-05,False
rs5750211,110,106,-0.200662,4.57597e-05,False
rs5750211,110,107,-0.216633,1.14335e-05,False
rs5750211,110,108,-0.2014,4.66308e-05,False
rs5750211,110,109,-0.185536,0.000177408,False
rs5750211,110,110,-0.187296,0.000158267,False
rs5750211,110,111,-0.184159,0.00020783,False
rs5750211,110,112,-0.185299,0.000196874,False
rs5750211,110,113,-0.198176,7.13084e-05,False
rs5750211,110,114,-0.204847,4.15245e-05,False
rs5750211,110,115,-0.193142,0.000115792,False
rs5750211,110,116,-0.186482,0.000201437,False
rs5750211,110,117,-0.191147,0.00014255,False
rs5750211,110,118,-0.200666,6.71604e-05,False
rs5750211,110,119,-0.20698,4.01563e-05,False
rs5750211,110,120,-0.223625,9.61753e-06,False
rs5750211,110,121,-0.223046,1.02627e-05,False
rs5750211,110,122,-0.221923,1.17732e-05,False
rs5750211,110,123,-0.20301,6.20785e-05,False
rs5750211,110,124,-0.220189,1.48526e-05,False
rs5750211,110,125,-0.218501,1.73619e-05,False
rs5750211,110,126,-0.225492,9.74722e-06,False
rs5750211,110,127,-0.222014,1.38187e-05,False
rs5750211,110,128,-0.221613,1.48174e-05,False
rs5750211,110,129,-0.224399,1.18335e-05,False
rs5750211,110,130,-0.22441,1.17773e-05,False
rs5750211,110,131,-0.21869,1.99614e-05,False
rs5750211,110,132,-0.221076,1.65387e-05,False
rs5750211,110,133,-0.221858,1.55589e-05,False
rs5750211,110,134,-0.220913,1.7485e-05,False
rs5750211,110,135,-0.227082,1.036e-05,False
rs5750211,110,136,-0.224528,1.30267e-05,False
rs5750211,110,137,-0.23221,6.757e-06,False
rs5750211,110,138,-0.24163,2.89704e-06,False
rs5750211,110,139,-0.237788,4.17449e-06,False
rs5750211,110,140,-0.240452,3.37634e-06,False
rs5750211,110,141,-0.232702,6.82489e-06,False
rs5750211,110,142,-0.22684,1.14262e-05,False
rs5750211,110,143,-0.22588,1.26824e-05,False
rs5750211,110,144,-0.244667,2.25136e-06,False
rs5750211,110,145,-0.244135,2.39563e-06,False
rs5750211,110,146,-0.261835,4.46246e-07,False
rs5750211,110,147,-0.250574,1.43495e-06,False
rs5750211,110,148,-0.244646,2.54119e-06,False
rs5750211,110,149,-0.23639,5.64578e-06,False
rs5750211,110,150,-0.246666,2.15119e-06,False
rs5750211,110,151,-0.261569,5.37813e-07,False
rs5750211,110,152,-0.254596,1.14945e-06,False
rs5750211,110,153,-0.245167,2.77423e-06,False
rs5750211,110,154,-0.249554,1.88523e-06,False
rs5750211,110,155,-0.238271,5.48449e-06,False
rs5750211,110,156,-0.245183,2.93768e-06,False
rs5750211,110,157,-0.243803,3.43098e-06,False
rs5750211,110,158,-0.245254,3.08833e-06,False
rs5750211,110,159,-0.243395,3.84802e-06,False
rs5750211,110,160,-0.244832,3.45079e-06,False
rs5750211,110,161,-0.241356,4.80614e-06,False
rs5750211,110,162,-0.239672,5.73838e-06,False
rs5750211,110,163,-0.239074,6.24993e-06,False
rs5750211,110,164,-0.240737,5.82323e-06,False
rs5750211,110,165,-0.237084,8.31358e-06,False
rs5750211,110,166,-0.235859,9.76491e-06,False
rs5750211,110,167,-0.237873,8.78593e-06,False
rs5750211,110,168,-0.237006,9.93287e-06,False
rs5750211,110,169,-0.252994,2.57108e-06,False
rs5750211,110,170,-0.237263,1.09767e-05,False
rs5750211,110,171,-0.249249,4.24908e-06,False
rs5750211,110,172,-0.267,9.12563e-07,False
rs5750211,110,173,-0.248555,5.30732e-06,False
rs5750211,110,174,-0.252821,4.00923e-06,False
rs5750211,110,175,-0.246288,7.65207e-06,False
rs5750211,110,176,-0.245411,8.7758e-06,False
rs5750211,110,177,-0.255452,4.24137e-06,False
rs5750211,110,178,-0.270434,1.23969e-06,False
rs5750211,110,179,-0.256776,4.78101e-06,False
rs5750211,110,180,-0.269647,1.79496e-06,False
rs5750211,110,181,-0.252466,8.80129e-06,False
rs5750211,110,182,-0.273379,1.72688e-06,False
rs5750211,110,183,-0.271591,2.28309e-06,False
rs5750211,110,184,-0.27905,1.40507e-06,False
rs5750211,110,185,-0.279622,1.56188e-06,False
rs5750211,110,186,-0.269308,4.39987e-06,False
rs5750211,110,187,-0.282777,1.67446e-06,False
rs5750211,110,188,-0.280719,2.4014e-06,False
rs5750211,110,189,-0.287256,1.64936e-06,False
rs5750211,110,190,-0.301426,6.16593e-07,False
rs5750211,110,191,-0.310319,3.52256e-07,False
rs5750211,110,192,-0.304371,7.36192e-07,False
rs5750211,110,193,-0.300913,1.17573e-06,False
rs5750211,110,194,-0.299733,1.57011e-06,False
rs5750211,110,195,-0.300292,1.83177e-06,False
rs5750211,110,196,-0.304496,1.57798e-06,False
rs5750211,110,197,-0.305551,1.73798e-06,False
rs5750211,110,198,-0.321874,5.68434e-07,False
rs5750211,110,199,-0.312959,1.39476e-06,False
rs5750211,110,200,-0.314739,1.47238e-06,False
rs5750211,110,201,-0.310485,2.40742e-06,False
rs5750211,110,202,-0.319584,1.40442e-06,False
rs5750211,110,203,-0.320306,1.59209e-06,False
rs5750211,110,204,-0.322518,1.60987e-06,False
rs5750211,110,205,-0.33036,1.00763e-06,False
rs5750211,110,206,-0.327956,1.38013e-06,False
rs5750211,110,207,-0.325804,1.793e-06,False
rs5750211,110,208,-0.331765,1.37923e-06,False
rs5750211,110,209,-0.338973,8.85709e-07,False
rs5750211,110,210,-0.346431,5.92119e-07,False
rs5750211,110,211,-0.343221,8.20522e-07,False
rs5750211,110,212,-0.33792,1.34475e-06,False
rs5750211,110,213,-0.339275,1.30142e-06,False
rs5750211,110,214,-0.33065,2.58849e-06,False
rs5750211,110,215,-0.316527,7.11654e-06,False
rs5750211,110,216,-0.317681,6.88092e-06,False
rs5750211,110,217,-0.32303,5.04381e-06,False
rs5750211,110,218,-0.314733,9.13213e-06,False
rs5750211,110,219,-0.317371,7.94328e-06,False
rs5750211,110,220,-0.304233,1.91743e-05,False
rs5750211,110,221,-0.314654,9.79672e-06,False
rs5750211,110,222,-0.316463,9.00624e-06,False
rs5750211,110,223,-0.31491,9.981e-06,False
rs5750211,110,224,-0.286497,5.74636e-05,False
rs5750211,110,225,-0.293852,3.70249e-05,False
rs5750211,110,226,-0.29259,3.96987e-05,False
rs5750211,110,227,-0.298026,2.80029e-05,False
rs5750211,110,228,-0.293842,3.60964e-05,False
rs5750211,110,229,-0.291246,4.10805e-05,False
rs5750211,110,230,-0.277607,9.35021e-05,False
rs5750211,110,231,-0.271699,0.000129797,False
rs5750211,110,232,-0.265036,0.0001863,False
rs5750211,110,233,-0.263894,0.000195188,False
rs5750211,110,234,-0.259415,0.000249148,False
rs5750211,110,235,-0.257777,0.000273742,False
rs5750211,110,236,-0.25337,0.000343879,False
rs5750211,110,237,-0.247418,0.000479951,False
rs5750211,110,238,-0.270626,0.00013331,False
rs5750211,110,239,-0.249627,0.000440361,False
rs5750211,110,240,-0.247555,0.00048948,False
rs5750211,110,241,-0.254132,0.000359442,False
rs5750211,110,242,-0.24856,0.000504578,False
rs5750211,110,243,-0.22859,0.00142792,False
rs5750211,110,244,-0.229234,0.00145029,False
rs5750211,110,245,-0.217785,0.00259366,False
rs5750211,110,246,-0.225382,0.00194454,False
rs5750211,110,247,-0.228188,0.00184045,False
rs5750211,110,248,-0.209079,0.00462573,False
rs5750211,110,249,-0.217625,0.00348715,False
rs5750211,110,250,-0.206681,0.00591864,False
rs5750211,111,9,-0.14693,0.000610486,False
rs5750211,111,10,-0.147506,0.000500197,False
rs5750211,111,11,-0.149969,0.000342691,False
rs5750211,111,12,-0.135576,0.00107513,False
rs5750211,111,13,-0.134388,0.00109732,False
rs5750211,111,14,-0.131093,0.0013449,False
rs5750211,111,15,-0.151836,0.000189992,False
rs5750211,111,16,-0.14392,0.000369609,False
rs5750211,111,17,-0.13418,0.000875629,False
rs5750211,111,18,-0.133355,0.000924965,False
rs5750211,111,19,-0.125976,0.00170285,False
rs5750211,111,20,-0.132628,0.000942229,False
rs5750211,111,21,-0.150105,0.000180502,False
rs5750211,111,22,-0.130767,0.00108029,False
rs5750211,111,23,-0.151422,0.00015369,False
rs5750211,111,24,-0.130809,0.00106797,False
rs5750211,111,25,-0.129155,0.00126099,False
rs5750211,111,26,-0.143717,0.000317869,False
rs5750211,111,27,-0.134378,0.000761689,False
rs5750211,111,28,-0.132386,0.000951215,False
rs5750211,111,29,-0.137348,0.000596144,False
rs5750211,111,30,-0.136223,0.000666433,False
rs5750211,111,31,-0.138584,0.000529967,False
rs5750211,111,32,-0.144188,0.000319316,False
rs5750211,111,33,-0.148125,0.000222971,False
rs5750211,111,34,-0.148067,0.000224235,False
rs5750211,111,35,-0.156526,9.854e-05,False
rs5750211,111,36,-0.154509,0.000124877,False
rs5750211,111,37,-0.165172,4.09381e-05,False
rs5750211,111,38,-0.162599,5.50391e-05,False
rs5750211,111,39,-0.161406,6.54775e-05,False
rs5750211,111,40,-0.163967,5.36408e-05,False
rs5750211,111,41,-0.163592,5.56866e-05,False
rs5750211,111,42,-0.163452,5.79686e-05,False
rs5750211,111,43,-0.16252,6.67561e-05,False
rs5750211,111,44,-0.169684,3.28291e-05,False
rs5750211,111,45,-0.155287,0.000151047,False
rs5750211,111,46,-0.170136,3.41238e-05,False
rs5750211,111,47,-0.173433,2.4386e-05,False
rs5750211,111,48,-0.164216,6.78031e-05,False
rs5750211,111,49,-0.16918,4.27727e-05,False
rs5750211,111,50,-0.146907,0.000377725,False
rs5750211,111,51,-0.170246,3.99489e-05,False
rs5750211,111,52,-0.159691,0.000121504,False
rs5750211,111,53,-0.151756,0.000278031,False
rs5750211,111,54,-0.149164,0.000364074,False
rs5750211,111,55,-0.162729,0.000105323,False
rs5750211,111,56,-0.16221,0.000117224,False
rs5750211,111,57,-0.165572,8.75802e-05,False
rs5750211,111,58,-0.163214,0.00011408,False
rs5750211,111,59,-0.166654,8.81448e-05,False
rs5750211,111,60,-0.1638,0.000125102,False
rs5750211,111,61,-0.162722,0.000148945,False
rs5750211,111,62,-0.154318,0.000337701,False
rs5750211,111,63,-0.177327,3.89745e-05,False
rs5750211,111,64,-0.171697,7.29019e-05,False
rs5750211,111,65,-0.175679,5.44982e-05,False
rs5750211,111,66,-0.16285,0.000191896,False
rs5750211,111,67,-0.170003,0.00010309,False
rs5750211,111,68,-0.163034,0.000207081,False
rs5750211,111,69,-0.157826,0.0003486,False
rs5750211,111,70,-0.154286,0.000491716,False
rs5750211,111,71,-0.158573,0.000351426,False
rs5750211,111,72,-0.144127,0.00122158,False
rs5750211,111,73,-0.144163,0.00125818,False
rs5750211,111,74,-0.143456,0.00139849,False
rs5750211,111,75,-0.151046,0.000804483,False
rs5750211,111,76,-0.141246,0.00176322,False
rs5750211,111,77,-0.159973,0.000409353,False
rs5750211,111,78,-0.158504,0.000487283,False
rs5750211,111,79,-0.152342,0.000866607,False
rs5750211,111,80,-0.164592,0.00033332,False
rs5750211,111,81,-0.158433,0.000569119,False
rs5750211,111,82,-0.155764,0.000735334,False
rs5750211,111,83,-0.157853,0.000645311,False
rs5750211,111,84,-0.166061,0.000351993,False
rs5750211,111,85,-0.160395,0.00056823,False
rs5750211,111,86,-0.153665,0.000976259,False
rs5750211,111,87,-0.16562,0.000403965,False
rs5750211,111,88,-0.16782,0.000352778,False
rs5750211,111,89,-0.172733,0.000246274,False
rs5750211,111,90,-0.173632,0.000235494,False
rs5750211,111,91,-0.174381,0.000228144,False
rs5750211,111,92,-0.162345,0.000623364,False
rs5750211,111,93,-0.17085,0.000326709,False
rs5750211,111,94,-0.182322,0.000129498,False
rs5750211,111,95,-0.175758,0.000231026,False
rs5750211,111,96,-0.167878,0.00044967,False
rs5750211,111,97,-0.176935,0.00022792,False
rs5750211,111,98,-0.192448,6.28299e-05,False
rs5750211,111,99,-0.176867,0.00023689,False
rs5750211,111,100,-0.186395,0.000113905,False
rs5750211,111,101,-0.184868,0.000133232,False
rs5750211,111,102,-0.179739,0.000206358,False
rs5750211,111,103,-0.18819,0.000105356,False
rs5750211,111,104,-0.193525,6.89168e-05,False
rs5750211,111,105,-0.17694,0.000289767,False
rs5750211,111,106,-0.189344,0.000107543,False
rs5750211,111,107,-0.17978,0.000243255,False
rs5750211,111,108,-0.198962,4.94344e-05,False
rs5750211,111,109,-0.185845,0.000155567,False
rs5750211,111,110,-0.194984,7.6407e-05,False
rs5750211,111,111,-0.196049,7.21452e-05,False
rs5750211,111,112,-0.189204,0.000131453,False
rs5750211,111,113,-0.196053,7.72069e-05,False
rs5750211,111,114,-0.18753,0.000157075,False
rs5750211,111,115,-0.192973,0.00010404,False
rs5750211,111,116,-0.190726,0.000128291,False
rs5750211,111,117,-0.204443,4.17057e-05,False
rs5750211,111,118,-0.205589,3.86469e-05,False
rs5750211,111,119,-0.201023,5.82901e-05,False
rs5750211,111,120,-0.204227,4.56298e-05,False
rs5750211,111,121,-0.20736,3.51728e-05,False
rs5750211,111,122,-0.197252,8.60194e-05,False
rs5750211,111,123,-0.20095,6.44689e-05,False
rs5750211,111,124,-0.191576,0.000139748,False
rs5750211,111,125,-0.202774,5.7703e-05,False
rs5750211,111,126,-0.203342,5.6684e-05,False
rs5750211,111,127,-0.201094,7.06561e-05,False
rs5750211,111,128,-0.20853,3.83066e-05,False
rs5750211,111,129,-0.204169,5.64254e-05,False
rs5750211,111,130,-0.207972,4.19514e-05,False
rs5750211,111,131,-0.22411,1.03324e-05,False
rs5750211,111,132,-0.230401,5.76159e-06,False
rs5750211,111,133,-0.227648,7.57643e-06,False
rs5750211,111,134,-0.221252,1.4057e-05,False
rs5750211,111,135,-0.218758,1.78426e-05,False
rs5750211,111,136,-0.234774,4.25111e-06,False
rs5750211,111,137,-0.22811,8.24388e-06,False
rs5750211,111,138,-0.235946,4.0246e-06,False
rs5750211,111,139,-0.217852,2.11458e-05,False
rs5750211,111,140,-0.23153,6.21781e-06,False
rs5750211,111,141,-0.219267,1.94491e-05,False
rs5750211,111,142,-0.228037,8.99384e-06,False
rs5750211,111,143,-0.230002,7.79327e-06,False
rs5750211,111,144,-0.239059,3.39251e-06,False
rs5750211,111,145,-0.228679,9.42957e-06,False
rs5750211,111,146,-0.218276,2.38315e-05,False
rs5750211,111,147,-0.236391,4.76968e-06,False
rs5750211,111,148,-0.221507,1.87526e-05,False
rs5750211,111,149,-0.233683,6.62599e-06,False
rs5750211,111,150,-0.229711,9.54168e-06,False
rs5750211,111,151,-0.236194,5.50562e-06,False
rs5750211,111,152,-0.233276,7.43336e-06,False
rs5750211,111,153,-0.227934,1.24633e-05,False
rs5750211,111,154,-0.237693,5.22262e-06,False
rs5750211,111,155,-0.240896,4.06367e-06,False
rs5750211,111,156,-0.237633,5.69282e-06,False
rs5750211,111,157,-0.250593,1.69633e-06,False
rs5750211,111,158,-0.254893,1.20676e-06,False
rs5750211,111,159,-0.252487,1.60429e-06,False
rs5750211,111,160,-0.250502,1.98903e-06,False
rs5750211,111,161,-0.254558,1.42076e-06,False
rs5750211,111,162,-0.24799,2.74855e-06,False
rs5750211,111,163,-0.24345,4.40872e-06,False
rs5750211,111,164,-0.236945,8.30272e-06,False
rs5750211,111,165,-0.241383,5.99026e-06,False
rs5750211,111,166,-0.245445,4.4358e-06,False
rs5750211,111,167,-0.248924,3.42126e-06,False
rs5750211,111,168,-0.2427,6.59452e-06,False
rs5750211,111,169,-0.241637,7.72876e-06,False
rs5750211,111,170,-0.235521,1.38078e-05,False
rs5750211,111,171,-0.221039,4.86923e-05,False
rs5750211,111,172,-0.218108,6.59291e-05,False
rs5750211,111,173,-0.219378,6.54511e-05,False
rs5750211,111,174,-0.229632,3.26304e-05,False
rs5750211,111,175,-0.22516,4.98934e-05,False
rs5750211,111,176,-0.233662,2.8965e-05,False
rs5750211,111,177,-0.240734,1.80833e-05,False
rs5750211,111,178,-0.230896,4.33477e-05,False
rs5750211,111,179,-0.234443,3.50242e-05,False
rs5750211,111,180,-0.235404,3.715e-05,False
rs5750211,111,181,-0.263043,4.71818e-06,False
rs5750211,111,182,-0.251342,1.37179e-05,False
rs5750211,111,183,-0.269562,3.56729e-06,False
rs5750211,111,184,-0.268174,4.8511e-06,False
rs5750211,111,185,-0.266106,6.62788e-06,False
rs5750211,111,186,-0.285246,1.63754e-06,False
rs5750211,111,187,-0.292043,1.10251e-06,False
rs5750211,111,188,-0.290297,1.57138e-06,False
rs5750211,111,189,-0.29231,1.57352e-06,False
rs5750211,111,190,-0.285257,3.30763e-06,False
rs5750211,111,191,-0.296338,1.63019e-06,False
rs5750211,111,192,-0.301277,1.31438e-06,False
rs5750211,111,193,-0.312572,6.32588e-07,False
rs5750211,111,194,-0.313522,7.38034e-07,False
rs5750211,111,195,-0.309439,1.18114e-06,False
rs5750211,111,196,-0.308307,1.59551e-06,False
rs5750211,111,197,-0.294699,5.32892e-06,False
rs5750211,111,198,-0.308995,2.16003e-06,False
rs5750211,111,199,-0.31975,1.16224e-06,False
rs5750211,111,200,-0.293504,8.91076e-06,False
rs5750211,111,201,-0.31054,3.12348e-06,False
rs5750211,111,202,-0.316962,2.28999e-06,False
rs5750211,111,203,-0.322658,1.73619e-06,False
rs5750211,111,204,-0.316793,3.04853e-06,False
rs5750211,111,205,-0.309353,5.69466e-06,False
rs5750211,111,206,-0.30799,7.05594e-06,False
rs5750211,111,207,-0.308695,7.40588e-06,False
rs5750211,111,208,-0.299829,1.47623e-05,False
rs5750211,111,209,-0.315434,5.56382e-06,False
rs5750211,111,210,-0.307035,1.03604e-05,False
rs5750211,111,211,-0.304172,1.34121e-05,False
rs5750211,111,212,-0.314317,7.51041e-06,False
rs5750211,111,213,-0.313868,8.01538e-06,False
rs5750211,111,214,-0.318109,6.31573e-06,False
rs5750211,111,215,-0.305107,1.54e-05,False
rs5750211,111,216,-0.302377,1.90518e-05,False
rs5750211,111,217,-0.29349,3.44253e-05,False
rs5750211,111,218,-0.278917,8.32707e-05,False
rs5750211,111,219,-0.293845,3.46907e-05,False
rs5750211,111,220,-0.27637,9.88706e-05,False
rs5750211,111,221,-0.279954,8.08332e-05,False
rs5750211,111,222,-0.276872,9.80722e-05,False
rs5750211,111,223,-0.265096,0.00018859,False
rs5750211,111,224,-0.271982,0.000125422,False
rs5750211,111,225,-0.27288,0.000118321,False
rs5750211,111,226,-0.265898,0.000173563,False
rs5750211,111,227,-0.271062,0.000129875,False
rs5750211,111,228,-0.263508,0.000191683,False
rs5750211,111,229,-0.26391,0.000182723,False
rs5750211,111,230,-0.267876,0.000147327,False
rs5750211,111,231,-0.260768,0.000214718,False
rs5750211,111,232,-0.26958,0.000131137,False
rs5750211,111,233,-0.272161,0.000114204,False
rs5750211,111,234,-0.25716,0.000261326,False
rs5750211,111,235,-0.234242,0.000888399,False
rs5750211,111,236,-0.244168,0.000529778,False
rs5750211,111,237,-0.253725,0.000329531,False
rs5750211,111,238,-0.255894,0.000295538,False
rs5750211,111,239,-0.235301,0.000884782,False
rs5750211,111,240,-0.239531,0.000729716,False
rs5750211,111,241,-0.223349,0.00168308,False
rs5750211,111,242,-0.24537,0.000577886,False
rs5750211,111,243,-0.2152,0.00267087,False
rs5750211,111,244,-0.21068,0.00342038,False
rs5750211,111,245,-0.215184,0.00295902,False
rs5750211,111,246,-0.201536,0.00571606,False
rs5750211,111,247,-0.199133,0.00667434,False
rs5750211,111,248,-0.197975,0.00741963,False
rs5750211,111,249,-0.202117,0.00673321,False
rs5750211,111,250,-0.200451,0.0077809,False
rs5750211,112,9,-0.143015,0.000878452,False
rs5750211,112,10,-0.149403,0.00044527,False
rs5750211,112,11,-0.14054,0.000840645,False
rs5750211,112,12,-0.137772,0.000949041,False
rs5750211,112,13,-0.156332,0.000153976,False
rs5750211,112,14,-0.151692,0.000222645,False
rs5750211,112,15,-0.149729,0.000251336,False
rs5750211,112,16,-0.14404,0.000402608,False
rs5750211,112,17,-0.142141,0.000441234,False
rs5750211,112,18,-0.134628,0.000851254,False
rs5750211,112,19,-0.146622,0.000271699,False
rs5750211,112,20,-0.118279,0.003199,False
rs5750211,112,21,-0.146032,0.000275109,False
rs5750211,112,22,-0.1389,0.000540486,False
rs5750211,112,23,-0.136796,0.000648629,False
rs5750211,112,24,-0.131209,0.00105866,False
rs5750211,112,25,-0.129114,0.00122318,False
rs5750211,112,26,-0.138218,0.000553873,False
rs5750211,112,27,-0.134028,0.000780885,False
rs5750211,112,28,-0.127944,0.0013662,False
rs5750211,112,29,-0.147605,0.000221375,False
rs5750211,112,30,-0.148142,0.000203789,False
rs5750211,112,31,-0.145752,0.000261875,False
rs5750211,112,32,-0.147523,0.000222186,False
rs5750211,112,33,-0.140901,0.000436237,False
rs5750211,112,34,-0.152471,0.000139536,False
rs5750211,112,35,-0.149134,0.000196734,False
rs5750211,112,36,-0.166067,3.50079e-05,False
rs5750211,112,37,-0.159596,6.93735e-05,False
rs5750211,112,38,-0.15626,0.000100956,False
rs5750211,112,39,-0.181915,6.11042e-06,False
rs5750211,112,40,-0.180621,7.78035e-06,False
rs5750211,112,41,-0.17372,1.70562e-05,False
rs5750211,112,42,-0.167539,3.55867e-05,False
rs5750211,112,43,-0.169003,3.16991e-05,False
rs5750211,112,44,-0.18515,5.39936e-06,False
rs5750211,112,45,-0.183327,6.93385e-06,False
rs5750211,112,46,-0.185474,5.7744e-06,False
rs5750211,112,47,-0.176362,1.72721e-05,False
rs5750211,112,48,-0.189878,3.92949e-06,False
rs5750211,112,49,-0.188269,4.8472e-06,False
rs5750211,112,50,-0.181174,1.18794e-05,False
rs5750211,112,51,-0.188272,5.48266e-06,False
rs5750211,112,52,-0.17792,1.83727e-05,False
rs5750211,112,53,-0.171736,3.50204e-05,False
rs5750211,112,54,-0.176917,2.22734e-05,False
rs5750211,112,55,-0.180492,1.6245e-05,False
rs5750211,112,56,-0.175919,2.82143e-05,False
rs5750211,112,57,-0.181016,1.7233e-05,False
rs5750211,112,58,-0.174061,3.84151e-05,False
rs5750211,112,59,-0.180907,2.02673e-05,False
rs5750211,112,60,-0.173212,4.672e-05,False
rs5750211,112,61,-0.199853,2.79934e-06,False
rs5750211,112,62,-0.171488,6.29607e-05,False
rs5750211,112,63,-0.181627,2.41195e-05,False
rs5750211,112,64,-0.196363,5.49146e-06,False
rs5750211,112,65,-0.181391,2.80007e-05,False
rs5750211,112,66,-0.187317,1.58803e-05,False
rs5750211,112,67,-0.175027,5.87455e-05,False
rs5750211,112,68,-0.172458,8.01866e-05,False
rs5750211,112,69,-0.172293,8.57636e-05,False
rs5750211,112,70,-0.191412,1.34114e-05,False
rs5750211,112,71,-0.172693,9.11007e-05,False
rs5750211,112,72,-0.177679,6.06782e-05,False
rs5750211,112,73,-0.164483,0.000215933,False
rs5750211,112,74,-0.175706,8.02223e-05,False
rs5750211,112,75,-0.163672,0.000252898,False
rs5750211,112,76,-0.162836,0.000285526,False
rs5750211,112,77,-0.180458,6.11982e-05,False
rs5750211,112,78,-0.186398,3.64906e-05,False
rs5750211,112,79,-0.163515,0.000310743,False
rs5750211,112,80,-0.149369,0.0010288,False
rs5750211,112,81,-0.162382,0.00039481,False
rs5750211,112,82,-0.181888,7.59345e-05,False
rs5750211,112,83,-0.179669,9.54151e-05,False
rs5750211,112,84,-0.161381,0.00047199,False
rs5750211,112,85,-0.169797,0.000244465,False
rs5750211,112,86,-0.173343,0.000190022,False
rs5750211,112,87,-0.174815,0.000171897,False
rs5750211,112,88,-0.173257,0.000205054,False
rs5750211,112,89,-0.184951,7.68171e-05,False
rs5750211,112,90,-0.172654,0.000238149,False
rs5750211,112,91,-0.173531,0.000222883,False
rs5750211,112,92,-0.183045,0.000103361,False
rs5750211,112,93,-0.178436,0.0001624,False
rs5750211,112,94,-0.172694,0.000269492,False
rs5750211,112,95,-0.185414,9.88343e-05,False
rs5750211,112,96,-0.190296,6.5021e-05,False
rs5750211,112,97,-0.193298,5.14675e-05,False
rs5750211,112,98,-0.204462,1.93737e-05,False
rs5750211,112,99,-0.205121,1.86743e-05,False
rs5750211,112,100,-0.204398,2.07448e-05,False
rs5750211,112,101,-0.202487,2.55416e-05,False
rs5750211,112,102,-0.195537,5.09461e-05,False
rs5750211,112,103,-0.192564,6.74751e-05,False
rs5750211,112,104,-0.196331,4.96075e-05,False
rs5750211,112,105,-0.186711,0.000117825,False
rs5750211,112,106,-0.181055,0.000194183,False
rs5750211,112,107,-0.200355,3.81064e-05,False
rs5750211,112,108,-0.195784,5.8257e-05,False
rs5750211,112,109,-0.190483,9.63864e-05,False
rs5750211,112,110,-0.193144,8.03263e-05,False
rs5750211,112,111,-0.202562,3.6408e-05,False
rs5750211,112,112,-0.199133,5.11505e-05,False
rs5750211,112,113,-0.227151,4.005e-06,False
rs5750211,112,114,-0.220282,8.04648e-06,False
rs5750211,112,115,-0.221226,7.77157e-06,False
rs5750211,112,116,-0.220318,8.5902e-06,False
rs5750211,112,117,-0.2301,3.42912e-06,False
rs5750211,112,118,-0.21942,9.79275e-06,False
rs5750211,112,119,-0.210039,2.35272e-05,False
rs5750211,112,120,-0.222688,7.66262e-06,False
rs5750211,112,121,-0.235811,2.16048e-06,False
rs5750211,112,122,-0.233429,2.81862e-06,False
rs5750211,112,123,-0.231037,3.69366e-06,False
rs5750211,112,124,-0.213909,1.93481e-05,False
rs5750211,112,125,-0.227913,5.5153e-06,False
rs5750211,112,126,-0.226713,6.2625e-06,False
rs5750211,112,127,-0.222074,9.98442e-06,False
rs5750211,112,128,-0.219504,1.30262e-05,False
rs5750211,112,129,-0.218473,1.44445e-05,False
rs5750211,112,130,-0.222822,1.01656e-05,False
rs5750211,112,131,-0.236187,3.02063e-06,False
rs5750211,112,132,-0.232823,4.20503e-06,False
rs5750211,112,133,-0.238432,2.49104e-06,False
rs5750211,112,134,-0.213569,2.53114e-05,False
rs5750211,112,135,-0.214524,2.37197e-05,False
rs5750211,112,136,-0.219181,1.63993e-05,False
rs5750211,112,137,-0.228184,7.30484e-06,False
rs5750211,112,138,-0.219839,1.54918e-05,False
rs5750211,112,139,-0.225753,9.26817e-06,False
rs5750211,112,140,-0.218827,1.79468e-05,False
rs5750211,112,141,-0.240203,2.59427e-06,False
rs5750211,112,142,-0.241376,2.35186e-06,False
rs5750211,112,143,-0.243298,1.98231e-06,False
rs5750211,112,144,-0.233954,4.97306e-06,False
rs5750211,112,145,-0.220875,1.63427e-05,False
rs5750211,112,146,-0.224336,1.22437e-05,False
rs5750211,112,147,-0.229644,7.83257e-06,False
rs5750211,112,148,-0.235119,5.11013e-06,False
rs5750211,112,149,-0.240741,3.10314e-06,False
rs5750211,112,150,-0.247222,1.71101e-06,False
rs5750211,112,151,-0.233007,6.73654e-06,False
rs5750211,112,152,-0.241631,3.17166e-06,False
rs5750211,112,153,-0.251927,1.23652e-06,False
rs5750211,112,154,-0.237659,5.01964e-06,False
rs5750211,112,155,-0.226145,1.48781e-05,False
rs5750211,112,156,-0.232883,8.63619e-06,False
rs5750211,112,157,-0.248797,2.03353e-06,False
rs5750211,112,158,-0.250848,1.76722e-06,False
rs5750211,112,159,-0.24498,3.21452e-06,False
rs5750211,112,160,-0.242545,4.40195e-06,False
rs5750211,112,161,-0.257238,1.16412e-06,False
rs5750211,112,162,-0.255162,1.51607e-06,False
rs5750211,112,163,-0.250099,2.55719e-06,False
rs5750211,112,164,-0.243388,5.0365e-06,False
rs5750211,112,165,-0.240633,6.8516e-06,False
rs5750211,112,166,-0.231034,1.725e-05,False
rs5750211,112,167,-0.235723,1.21843e-05,False
rs5750211,112,168,-0.241186,8.26394e-06,False
rs5750211,112,169,-0.243127,7.51681e-06,False
rs5750211,112,170,-0.242778,8.59427e-06,False
rs5750211,112,171,-0.229143,2.90102e-05,False
rs5750211,112,172,-0.228657,3.31215e-05,False
rs5750211,112,173,-0.230696,3.12012e-05,False
rs5750211,112,174,-0.240115,1.57634e-05,False
rs5750211,112,175,-0.229497,4.18604e-05,False
rs5750211,112,176,-0.240218,2.00638e-05,False
rs5750211,112,177,-0.235132,3.23996e-05,False
rs5750211,112,178,-0.244789,1.72668e-05,False
rs5750211,112,179,-0.242151,2.43746e-05,False
rs5750211,112,180,-0.247184,1.9553e-05,False
rs5750211,112,181,-0.242949,3.05644e-05,False
rs5750211,112,182,-0.266086,5.71367e-06,False
rs5750211,112,183,-0.26679,6.27459e-06,False
rs5750211,112,184,-0.284599,1.67455e-06,False
rs5750211,112,185,-0.289141,1.36825e-06,False
rs5750211,112,186,-0.287848,1.8775e-06,False
rs5750211,112,187,-0.289899,1.84271e-06,False
rs5750211,112,188,-0.294061,1.55847e-06,False
rs5750211,112,189,-0.290897,2.43307e-06,False
rs5750211,112,190,-0.298087,1.66653e-06,False
rs5750211,112,191,-0.311562,6.5659e-07,False
rs5750211,112,192,-0.300876,1.93571e-06,False
rs5750211,112,193,-0.290927,4.91661e-06,False
rs5750211,112,194,-0.325295,3.88871e-07,False
rs5750211,112,195,-0.330949,2.98429e-07,False
rs5750211,112,196,-0.326264,5.26977e-07,False
rs5750211,112,197,-0.324064,7.70474e-07,False
rs5750211,112,198,-0.32279,1.02052e-06,False
rs5750211,112,199,-0.332013,5.8998e-07,False
rs5750211,112,200,-0.32124,1.53858e-06,False
rs5750211,112,201,-0.320499,1.84353e-06,False
rs5750211,112,202,-0.31692,2.73401e-06,False
rs5750211,112,203,-0.320387,2.45566e-06,False
rs5750211,112,204,-0.311416,5.34848e-06,False
rs5750211,112,205,-0.303662,9.99019e-06,False
rs5750211,112,206,-0.319558,3.62853e-06,False
rs5750211,112,207,-0.313363,6.00587e-06,False
rs5750211,112,208,-0.323018,3.42316e-06,False
rs5750211,112,209,-0.317398,5.38422e-06,False
rs5750211,112,210,-0.313787,7.15458e-06,False
rs5750211,112,211,-0.322259,4.19084e-06,False
rs5750211,112,212,-0.324991,3.61795e-06,False
rs5750211,112,213,-0.312696,8.68673e-06,False
rs5750211,112,214,-0.312388,9.01193e-06,False
rs5750211,112,215,-0.301103,1.94653e-05,False
rs5750211,112,216,-0.298517,2.2927e-05,False
rs5750211,112,217,-0.295917,2.74812e-05,False
rs5750211,112,218,-0.293198,3.25962e-05,False
rs5750211,112,219,-0.283545,5.92615e-05,False
rs5750211,112,220,-0.280325,7.18852e-05,False
rs5750211,112,221,-0.28791,4.49171e-05,False
rs5750211,112,222,-0.28846,4.34133e-05,False
rs5750211,112,223,-0.273587,0.000103998,False
rs5750211,112,224,-0.280396,6.88128e-05,False
rs5750211,112,225,-0.273166,0.000104499,False
rs5750211,112,226,-0.26733,0.000142277,False
rs5750211,112,227,-0.258048,0.000237763,False
rs5750211,112,228,-0.272902,0.000100126,False
rs5750211,112,229,-0.273536,9.53271e-05,False
rs5750211,112,230,-0.249257,0.000373311,False
rs5750211,112,231,-0.253032,0.000304286,False
rs5750211,112,232,-0.250486,0.000351936,False
rs5750211,112,233,-0.225499,0.00127964,False
rs5750211,112,234,-0.248513,0.000385025,False
rs5750211,112,235,-0.236337,0.000749673,False
rs5750211,112,236,-0.227262,0.00121405,False
rs5750211,112,237,-0.204787,0.00361102,False
rs5750211,112,238,-0.210114,0.00285393,False
rs5750211,112,239,-0.225703,0.0013899,False
rs5750211,112,240,-0.197213,0.00537747,False
rs5750211,112,241,-0.197006,0.00558978,False
rs5750211,112,242,-0.202711,0.00447498,False
rs5750211,112,243,-0.200396,0.00525403,False
rs5750211,112,244,-0.177998,0.0136019,False
rs5750211,112,245,-0.190321,0.00865848,False
rs5750211,112,246,-0.190492,0.00922135,False
rs5750211,112,247,-0.182074,0.0135934,False
rs5750211,112,248,-0.173867,0.019339,False
rs5750211,112,249,-0.193954,0.00988087,False
rs5750211,112,250,-0.194106,0.0105688,False
rs5750211,113,9,-0.119961,0.00565075,False
rs5750211,113,10,-0.135922,0.00155191,False
rs5750211,113,11,-0.132811,0.00177406,False
rs5750211,113,12,-0.132649,0.00159739,False
rs5750211,113,13,-0.132714,0.00145051,False
rs5750211,113,14,-0.13538,0.0010667,False
rs5750211,113,15,-0.140229,0.000636932,False
rs5750211,113,16,-0.140946,0.000576788,False
rs5750211,113,17,-0.134053,0.000990915,False
rs5750211,113,18,-0.146315,0.000305429,False
rs5750211,113,19,-0.125985,0.00190774,False
rs5750211,113,20,-0.135995,0.000765027,False
rs5750211,113,21,-0.145438,0.000316434,False
rs5750211,113,22,-0.136389,0.000729886,False
rs5750211,113,23,-0.141073,0.000450377,False
rs5750211,113,24,-0.157626,8.87234e-05,False
rs5750211,113,25,-0.137822,0.000598983,False
rs5750211,113,26,-0.155752,0.000105239,False
rs5750211,113,27,-0.150977,0.000168234,False
rs5750211,113,28,-0.151817,0.00015068,False
rs5750211,113,29,-0.154688,0.000112851,False
rs5750211,113,30,-0.155746,0.000102279,False
rs5750211,113,31,-0.164639,3.90548e-05,False
rs5750211,113,32,-0.165018,3.77925e-05,False
rs5750211,113,33,-0.172757,1.61039e-05,False
rs5750211,113,34,-0.153097,0.000131261,False
rs5750211,113,35,-0.168352,2.75059e-05,False
rs5750211,113,36,-0.184499,4.27295e-06,False
rs5750211,113,37,-0.167207,3.1262e-05,False
rs5750211,113,38,-0.171527,1.99065e-05,False
rs5750211,113,39,-0.18513,4.25805e-06,False
rs5750211,113,40,-0.168782,2.99204e-05,False
rs5750211,113,41,-0.167509,3.57806e-05,False
rs5750211,113,42,-0.179307,9.6369e-06,False
rs5750211,113,43,-0.177596,1.24665e-05,False
rs5750211,113,44,-0.160933,7.64007e-05,False
rs5750211,113,45,-0.184765,6.05686e-06,False
rs5750211,113,46,-0.177832,1.41973e-05,False
rs5750211,113,47,-0.195294,1.89779e-06,False
rs5750211,113,48,-0.179299,1.30792e-05,False
rs5750211,113,49,-0.181841,1.03649e-05,False
rs5750211,113,50,-0.191089,3.74184e-06,False
rs5750211,113,51,-0.187771,5.737e-06,False
rs5750211,113,52,-0.180871,1.35362e-05,False
rs5750211,113,53,-0.180747,1.45421e-05,False
rs5750211,113,54,-0.174484,2.98917e-05,False
rs5750211,113,55,-0.179085,1.88425e-05,False
rs5750211,113,56,-0.176749,2.56305e-05,False
rs5750211,113,57,-0.186567,9.40116e-06,False
rs5750211,113,58,-0.183034,1.45481e-05,False
rs5750211,113,59,-0.186599,1.09201e-05,False
rs5750211,113,60,-0.18577,1.21681e-05,False
rs5750211,113,61,-0.176335,3.66389e-05,False
rs5750211,113,62,-0.166443,0.000101249,False
rs5750211,113,63,-0.169493,7.87983e-05,False
rs5750211,113,64,-0.176677,4.1558e-05,False
rs5750211,113,65,-0.201756,3.08235e-06,False
rs5750211,113,66,-0.176259,4.70605e-05,False
rs5750211,113,67,-0.18655,1.71744e-05,False
rs5750211,113,68,-0.179252,3.97894e-05,False
rs5750211,113,69,-0.174437,6.71754e-05,False
rs5750211,113,70,-0.18896,1.71618e-05,False
rs5750211,113,71,-0.178665,5.03556e-05,False
rs5750211,113,72,-0.191993,1.3991e-05,False
rs5750211,113,73,-0.189463,1.87837e-05,False
rs5750211,113,74,-0.175394,8.18841e-05,False
rs5750211,113,75,-0.185207,3.43956e-05,False
rs5750211,113,76,-0.193531,1.59882e-05,False
rs5750211,113,77,-0.187457,3.07875e-05,False
rs5750211,113,78,-0.191401,2.29934e-05,False
rs5750211,113,79,-0.198961,1.12548e-05,False
rs5750211,113,80,-0.191496,2.5493e-05,False
rs5750211,113,81,-0.192628,2.37691e-05,False
rs5750211,113,82,-0.191165,2.94746e-05,False
rs5750211,113,83,-0.176994,0.000114664,False
rs5750211,113,84,-0.186972,4.9267e-05,False
rs5750211,113,85,-0.180726,8.89118e-05,False
rs5750211,113,86,-0.170651,0.00021972,False
rs5750211,113,87,-0.192635,3.26261e-05,False
rs5750211,113,88,-0.188658,4.97074e-05,False
rs5750211,113,89,-0.184629,7.41628e-05,False
rs5750211,113,90,-0.177704,0.000142599,False
rs5750211,113,91,-0.16702,0.000367419,False
rs5750211,113,92,-0.187245,6.65815e-05,False
rs5750211,113,93,-0.195173,3.35283e-05,False
rs5750211,113,94,-0.194084,3.79907e-05,False
rs5750211,113,95,-0.183791,9.84732e-05,False
rs5750211,113,96,-0.199202,2.53686e-05,False
rs5750211,113,97,-0.206985,1.3048e-05,False
rs5750211,113,98,-0.182527,0.000126601,False
rs5750211,113,99,-0.182323,0.000135808,False
rs5750211,113,100,-0.183525,0.000124439,False
rs5750211,113,101,-0.181856,0.000145753,False
rs5750211,113,102,-0.18707,9.88651e-05,False
rs5750211,113,103,-0.195387,5.13793e-05,False
rs5750211,113,104,-0.182999,0.000148761,False
rs5750211,113,105,-0.193874,5.86537e-05,False
rs5750211,113,106,-0.183884,0.000145356,False
rs5750211,113,107,-0.196296,5.156e-05,False
rs5750211,113,108,-0.196446,5.27217e-05,False
rs5750211,113,109,-0.195289,6.01946e-05,False
rs5750211,113,110,-0.19974,4.3203e-05,False
rs5750211,113,111,-0.199148,4.56079e-05,False
rs5750211,113,112,-0.208491,2.06149e-05,False
rs5750211,113,113,-0.224854,4.56367e-06,False
rs5750211,113,114,-0.226332,4.02536e-06,False
rs5750211,113,115,-0.21344,1.42836e-05,False
rs5750211,113,116,-0.217882,9.71059e-06,False
rs5750211,113,117,-0.215669,1.24583e-05,False
rs5750211,113,118,-0.228494,3.88506e-06,False
rs5750211,113,119,-0.220795,8.29632e-06,False
rs5750211,113,120,-0.221753,7.91233e-06,False
rs5750211,113,121,-0.218207,1.10981e-05,False
rs5750211,113,122,-0.224385,6.54781e-06,False
rs5750211,113,123,-0.214296,1.67265e-05,False
rs5750211,113,124,-0.2036,4.34637e-05,False
rs5750211,113,125,-0.204828,4.09855e-05,False
rs5750211,113,126,-0.213642,1.93909e-05,False
rs5750211,113,127,-0.221023,1.01831e-05,False
rs5750211,113,128,-0.22657,6.27527e-06,False
rs5750211,113,129,-0.230256,4.54833e-06,False
rs5750211,113,130,-0.229094,5.29551e-06,False
rs5750211,113,131,-0.233415,3.79152e-06,False
rs5750211,113,132,-0.224791,8.67988e-06,False
rs5750211,113,133,-0.228725,6.08176e-06,False
rs5750211,113,134,-0.22846,6.31439e-06,False
rs5750211,113,135,-0.225783,8.59265e-06,False
rs5750211,113,136,-0.2366,3.19629e-06,False
rs5750211,113,137,-0.246068,1.25644e-06,False
rs5750211,113,138,-0.225884,8.98384e-06,False
rs5750211,113,139,-0.228107,7.46546e-06,False
rs5750211,113,140,-0.245052,1.57692e-06,False
rs5750211,113,141,-0.24936,1.05854e-06,False
rs5750211,113,142,-0.228391,8.06184e-06,False
rs5750211,113,143,-0.230965,6.4346e-06,False
rs5750211,113,144,-0.232487,5.7296e-06,False
rs5750211,113,145,-0.231015,6.70952e-06,False
rs5750211,113,146,-0.222894,1.46918e-05,False
rs5750211,113,147,-0.226702,1.105e-05,False
rs5750211,113,148,-0.230718,8.18266e-06,False
rs5750211,113,149,-0.239443,3.64786e-06,False
rs5750211,113,150,-0.226237,1.24458e-05,False
rs5750211,113,151,-0.212085,4.37002e-05,False
rs5750211,113,152,-0.217955,2.77177e-05,False
rs5750211,113,153,-0.221662,2.11503e-05,False
rs5750211,113,154,-0.229576,1.13326e-05,False
rs5750211,113,155,-0.239242,5.02775e-06,False
rs5750211,113,156,-0.236642,6.52519e-06,False
rs5750211,113,157,-0.237671,6.20848e-06,False
rs5750211,113,158,-0.238147,6.33488e-06,False
rs5750211,113,159,-0.233211,1.06929e-05,False
rs5750211,113,160,-0.236161,8.738e-06,False
rs5750211,113,161,-0.23525,9.78568e-06,False
rs5750211,113,162,-0.235451,1.02441e-05,False
rs5750211,113,163,-0.236135,1.02135e-05,False
rs5750211,113,164,-0.226374,2.58577e-05,False
rs5750211,113,165,-0.232137,1.73727e-05,False
rs5750211,113,166,-0.242794,7.57254e-06,False
rs5750211,113,167,-0.25041,4.24188e-06,False
rs5750211,113,168,-0.241297,1.02667e-05,False
rs5750211,113,169,-0.255433,3.3865e-06,False
rs5750211,113,170,-0.251818,5.12803e-06,False
rs5750211,113,171,-0.244155,1.10108e-05,False
rs5750211,113,172,-0.254037,5.57332e-06,False
rs5750211,113,173,-0.236018,2.67807e-05,False
rs5750211,113,174,-0.229047,4.9801e-05,False
rs5750211,113,175,-0.243165,1.90289e-05,False
rs5750211,113,176,-0.244635,1.88555e-05,False
rs5750211,113,177,-0.259369,6.67085e-06,False
rs5750211,113,178,-0.260375,7.00232e-06,False
rs5750211,113,179,-0.260174,8.40382e-06,False
rs5750211,113,180,-0.243046,3.56002e-05,False
rs5750211,113,181,-0.261686,9.71118e-06,False
rs5750211,113,182,-0.276459,3.58088e-06,False
rs5750211,113,183,-0.276215,4.29623e-06,False
rs5750211,113,184,-0.275794,5.0906e-06,False
rs5750211,113,185,-0.282388,3.50848e-06,False
rs5750211,113,186,-0.280604,4.7982e-06,False
rs5750211,113,187,-0.283222,4.80469e-06,False
rs5750211,113,188,-0.293863,2.38822e-06,False
rs5750211,113,189,-0.28877,4.21127e-06,False
rs5750211,113,190,-0.29345,3.35705e-06,False
rs5750211,113,191,-0.30687,1.42186e-06,False
rs5750211,113,192,-0.305365,1.93048e-06,False
rs5750211,113,193,-0.307283,1.95992e-06,False
rs5750211,113,194,-0.295007,5.7791e-06,False
rs5750211,113,195,-0.314845,1.51376e-06,False
rs5750211,113,196,-0.302682,4.34512e-06,False
rs5750211,113,197,-0.307381,3.56292e-06,False
rs5750211,113,198,-0.296567,8.79483e-06,False
rs5750211,113,199,-0.303901,5.91906e-06,False
rs5750211,113,200,-0.306762,5.3688e-06,False
rs5750211,113,201,-0.299805,9.88478e-06,False
rs5750211,113,202,-0.290292,2.0485e-05,False
rs5750211,113,203,-0.297409,1.39812e-05,False
rs5750211,113,204,-0.313287,5.24526e-06,False
rs5750211,113,205,-0.300381,1.35987e-05,False
rs5750211,113,206,-0.295141,2.10805e-05,False
rs5750211,113,207,-0.294065,2.33354e-05,False
rs5750211,113,208,-0.302475,1.42104e-05,False
rs5750211,113,209,-0.297211,2.13885e-05,False
rs5750211,113,210,-0.303136,1.51627e-05,False
rs5750211,113,211,-0.311103,9.38925e-06,False
rs5750211,113,212,-0.305753,1.36854e-05,False
rs5750211,113,213,-0.30032,1.98565e-05,False
rs5750211,113,214,-0.312206,9.40951e-06,False
rs5750211,113,215,-0.29101,3.65371e-05,False
rs5750211,113,216,-0.284438,5.41163e-05,False
rs5750211,113,217,-0.293698,3.11868e-05,False
rs5750211,113,218,-0.299023,2.17892e-05,False
rs5750211,113,219,-0.292107,3.38905e-05,False
rs5750211,113,220,-0.280246,6.9454e-05,False
rs5750211,113,221,-0.256691,0.000266458,False
rs5750211,113,222,-0.280508,6.73025e-05,False
rs5750211,113,223,-0.281318,6.28724e-05,False
rs5750211,113,224,-0.267449,0.000139279,False
rs5750211,113,225,-0.272116,0.000103468,False
rs5750211,113,226,-0.270936,0.000110167,False
rs5750211,113,227,-0.268194,0.000128211,False
rs5750211,113,228,-0.254713,0.000272942,False
rs5750211,113,229,-0.251929,0.000318353,False
rs5750211,113,230,-0.26203,0.000178274,False
rs5750211,113,231,-0.245956,0.000438846,False
rs5750211,113,232,-0.244304,0.00047929,False
rs5750211,113,233,-0.241276,0.000563855,False
rs5750211,113,234,-0.232802,0.000883492,False
rs5750211,113,235,-0.232421,0.000911996,False
rs5750211,113,236,-0.230405,0.00101447,False
rs5750211,113,237,-0.227969,0.00118988,False
rs5750211,113,238,-0.220021,0.0018022,False
rs5750211,113,239,-0.220722,0.00179417,False
rs5750211,113,240,-0.20858,0.00330045,False
rs5750211,113,241,-0.194306,0.00642538,False
rs5750211,113,242,-0.211137,0.00323581,False
rs5750211,113,243,-0.209428,0.00362293,False
rs5750211,113,244,-0.202566,0.00514311,False
rs5750211,113,245,-0.190404,0.0090265,False
rs5750211,113,246,-0.194095,0.008275,False
rs5750211,113,247,-0.175456,0.0179491,False
rs5750211,113,248,-0.17767,0.0175696,False
rs5750211,113,249,-0.169588,0.0247791,False
rs5750211,113,250,-0.180192,0.0181568,False
rs5750211,114,10,-0.107634,0.0133059,False
rs5750211,114,11,-0.107243,0.012483,False
rs5750211,114,12,-0.129899,0.00226352,False
rs5750211,114,13,-0.122287,0.003708,False
rs5750211,114,14,-0.124918,0.0028147,False
rs5750211,114,15,-0.123122,0.00303499,False
rs5750211,114,16,-0.138755,0.00078699,False
rs5750211,114,17,-0.142665,0.000520667,False
rs5750211,114,18,-0.157112,0.000125419,False
rs5750211,114,19,-0.144976,0.000390794,False
rs5750211,114,20,-0.147725,0.000293703,False
rs5750211,114,21,-0.140159,0.000568701,False
rs5750211,114,22,-0.14976,0.000221849,False
rs5750211,114,23,-0.150512,0.000198402,False
rs5750211,114,24,-0.155009,0.000124913,False
rs5750211,114,25,-0.150599,0.000185945,False
rs5750211,114,26,-0.157633,9.12105e-05,False
rs5750211,114,27,-0.147331,0.000246682,False
rs5750211,114,28,-0.148172,0.000223831,False
rs5750211,114,29,-0.145821,0.000284513,False
rs5750211,114,30,-0.150434,0.000181476,False
rs5750211,114,31,-0.145416,0.000291143,False
rs5750211,114,32,-0.162093,5.4416e-05,False
rs5750211,114,33,-0.164137,4.47864e-05,False
rs5750211,114,34,-0.166258,3.68211e-05,False
rs5750211,114,35,-0.165026,4.2002e-05,False
rs5750211,114,36,-0.169841,2.4714e-05,False
rs5750211,114,37,-0.178598,9.09256e-06,False
rs5750211,114,38,-0.165589,4.16253e-05,False
rs5750211,114,39,-0.171508,2.21163e-05,False
rs5750211,114,40,-0.161383,6.73715e-05,False
rs5750211,114,41,-0.17006,2.7246e-05,False
rs5750211,114,42,-0.183623,6.17922e-06,False
rs5750211,114,43,-0.170835,2.73176e-05,False
rs5750211,114,44,-0.162565,6.88873e-05,False
rs5750211,114,45,-0.174155,2.05654e-05,False
rs5750211,114,46,-0.179515,1.1735e-05,False
rs5750211,114,47,-0.16822,4.15394e-05,False
rs5750211,114,48,-0.178597,1.42676e-05,False
rs5750211,114,49,-0.192219,3.03087e-06,False
rs5750211,114,50,-0.186911,6.01159e-06,False
rs5750211,114,51,-0.181402,1.20103e-05,False
rs5750211,114,52,-0.180566,1.36005e-05,False
rs5750211,114,53,-0.189883,5.04489e-06,False
rs5750211,114,54,-0.187389,7.27203e-06,False
rs5750211,114,55,-0.170117,4.79076e-05,False
rs5750211,114,56,-0.168418,5.84792e-05,False
rs5750211,114,57,-0.174342,3.45059e-05,False
rs5750211,114,58,-0.17757,2.65109e-05,False
rs5750211,114,59,-0.183246,1.51079e-05,False
rs5750211,114,60,-0.164673,0.000104445,False
rs5750211,114,61,-0.184704,1.47133e-05,False
rs5750211,114,62,-0.181223,2.19088e-05,False
rs5750211,114,63,-0.173616,5.07837e-05,False
rs5750211,114,64,-0.167591,9.61181e-05,False
rs5750211,114,65,-0.188843,1.17506e-05,False
rs5750211,114,66,-0.179577,3.26974e-05,False
rs5750211,114,67,-0.165385,0.000134562,False
rs5750211,114,68,-0.178345,4.15831e-05,False
rs5750211,114,69,-0.182222,2.90753e-05,False
rs5750211,114,70,-0.168122,0.000119559,False
rs5750211,114,71,-0.163806,0.00019043,False
rs5750211,114,72,-0.177578,5.71181e-05,False
rs5750211,114,73,-0.185231,2.7458e-05,False
rs5750211,114,74,-0.172691,9.85602e-05,False
rs5750211,114,75,-0.17155,0.000116911,False
rs5750211,114,76,-0.175577,8.65969e-05,False
rs5750211,114,77,-0.167889,0.000178582,False
rs5750211,114,78,-0.155959,0.00051507,False
rs5750211,114,79,-0.158692,0.000431246,False
rs5750211,114,80,-0.169554,0.000181178,False
rs5750211,114,81,-0.173205,0.000137203,False
rs5750211,114,82,-0.177138,0.000100608,False
rs5750211,114,83,-0.178383,9.56708e-05,False
rs5750211,114,84,-0.173324,0.000155706,False
rs5750211,114,85,-0.18633,4.86999e-05,False
rs5750211,114,86,-0.193797,2.5687e-05,False
rs5750211,114,87,-0.182445,7.98145e-05,False
rs5750211,114,88,-0.184698,6.67503e-05,False
rs5750211,114,89,-0.197938,2.01046e-05,False
rs5750211,114,90,-0.193139,3.33396e-05,False
rs5750211,114,91,-0.183725,8.22719e-05,False
rs5750211,114,92,-0.184479,7.91671e-05,False
rs5750211,114,93,-0.194212,3.36631e-05,False
rs5750211,114,94,-0.184837,8.15577e-05,False
rs5750211,114,95,-0.187218,7.08407e-05,False
rs5750211,114,96,-0.181131,0.000124371,False
rs5750211,114,97,-0.18188,0.000122075,False
rs5750211,114,98,-0.177856,0.000178037,False
rs5750211,114,99,-0.186743,8.6446e-05,False
rs5750211,114,100,-0.18012,0.000156557,False
rs5750211,114,101,-0.180631,0.000156165,False
rs5750211,114,102,-0.182692,0.00013544,False
rs5750211,114,103,-0.183776,0.000130082,False
rs5750211,114,104,-0.177225,0.000233371,False
rs5750211,114,105,-0.157475,0.0010914,False
rs5750211,114,106,-0.173207,0.000334303,False
rs5750211,114,107,-0.181478,0.000176987,False
rs5750211,114,108,-0.194923,5.69597e-05,False
rs5750211,114,109,-0.198075,4.51343e-05,False
rs5750211,114,110,-0.198754,4.3105e-05,False
rs5750211,114,111,-0.194612,6.49862e-05,False
rs5750211,114,112,-0.195147,6.40176e-05,False
rs5750211,114,113,-0.200378,4.10586e-05,False
rs5750211,114,114,-0.199693,4.65812e-05,False
rs5750211,114,115,-0.204281,3.10521e-05,False
rs5750211,114,116,-0.215341,1.17884e-05,False
rs5750211,114,117,-0.217413,9.91383e-06,False
rs5750211,114,118,-0.220006,8.11029e-06,False
rs5750211,114,119,-0.217345,1.1147e-05,False
rs5750211,114,120,-0.213833,1.54209e-05,False
rs5750211,114,121,-0.223344,6.45025e-06,False
rs5750211,114,122,-0.233124,2.53036e-06,False
rs5750211,114,123,-0.22197,7.68962e-06,False
rs5750211,114,124,-0.216992,1.2846e-05,False
rs5750211,114,125,-0.215949,1.45211e-05,False
rs5750211,114,126,-0.230726,3.80145e-06,False
rs5750211,114,127,-0.220539,1.0118e-05,False
rs5750211,114,128,-0.22053,1.05192e-05,False
rs5750211,114,129,-0.218914,1.30216e-05,False
rs5750211,114,130,-0.234565,3.0478e-06,False
rs5750211,114,131,-0.216155,1.77981e-05,False
rs5750211,114,132,-0.210906,2.83367e-05,False
rs5750211,114,133,-0.22222,1.09283e-05,False
rs5750211,114,134,-0.220308,1.30141e-05,False
rs5750211,114,135,-0.221067,1.26258e-05,False
rs5750211,114,136,-0.21561,2.14323e-05,False
rs5750211,114,137,-0.21617,2.03587e-05,False
rs5750211,114,138,-0.222316,1.20444e-05,False
rs5750211,114,139,-0.225406,9.27547e-06,False
rs5750211,114,140,-0.212427,3.05314e-05,False
rs5750211,114,141,-0.209032,4.16912e-05,False
rs5750211,114,142,-0.204041,6.6311e-05,False
rs5750211,114,143,-0.205131,6.20383e-05,False
rs5750211,114,144,-0.209332,4.53213e-05,False
rs5750211,114,145,-0.212411,3.60036e-05,False
rs5750211,114,146,-0.207817,5.47492e-05,False
rs5750211,114,147,-0.209785,4.80432e-05,False
rs5750211,114,148,-0.204824,7.55427e-05,False
rs5750211,114,149,-0.204997,7.65414e-05,False
rs5750211,114,150,-0.20586,7.54778e-05,False
rs5750211,114,151,-0.206562,7.30694e-05,False
rs5750211,114,152,-0.209669,5.8632e-05,False
rs5750211,114,153,-0.217772,3.1454e-05,False
rs5750211,114,154,-0.225125,1.76518e-05,False
rs5750211,114,155,-0.224878,1.93064e-05,False
rs5750211,114,156,-0.219011,3.33305e-05,False
rs5750211,114,157,-0.212951,5.82401e-05,False
rs5750211,114,158,-0.23342,1.13471e-05,False
rs5750211,114,159,-0.239016,7.78344e-06,False
rs5750211,114,160,-0.242645,5.83905e-06,False
rs5750211,114,161,-0.246444,4.45642e-06,False
rs5750211,114,162,-0.260735,1.33458e-06,False
rs5750211,114,163,-0.250325,3.70481e-06,False
rs5750211,114,164,-0.242055,8.56384e-06,False
rs5750211,114,165,-0.246988,6.07482e-06,False
rs5750211,114,166,-0.249793,5.25553e-06,False
rs5750211,114,167,-0.25007,5.58918e-06,False
rs5750211,114,168,-0.248195,7.49451e-06,False
rs5750211,114,169,-0.249113,7.65273e-06,False
rs5750211,114,170,-0.264001,2.40612e-06,False
rs5750211,114,171,-0.255547,5.61458e-06,False
rs5750211,114,172,-0.257757,5.52021e-06,False
rs5750211,114,173,-0.263925,3.77186e-06,False
rs5750211,114,174,-0.265445,3.70861e-06,False
rs5750211,114,175,-0.264081,4.91015e-06,False
rs5750211,114,176,-0.267819,4.1454e-06,False
rs5750211,114,177,-0.263912,6.52224e-06,False
rs5750211,114,178,-0.260919,9.59364e-06,False
rs5750211,114,179,-0.262495,9.58932e-06,False
rs5750211,114,180,-0.261383,1.19705e-05,False
rs5750211,114,181,-0.274,5.18204e-06,False
rs5750211,114,182,-0.262875,1.39187e-05,False
rs5750211,114,183,-0.257966,2.30941e-05,False
rs5750211,114,184,-0.251007,4.28887e-05,False
rs5750211,114,185,-0.259802,2.62615e-05,False
rs5750211,114,186,-0.280119,6.78109e-06,False
rs5750211,114,187,-0.274149,1.21346e-05,False
rs5750211,114,188,-0.26254,3.2577e-05,False
rs5750211,114,189,-0.266661,2.78888e-05,False
rs5750211,114,190,-0.27589,1.65874e-05,False
rs5750211,114,191,-0.269329,2.93226e-05,False
rs5750211,114,192,-0.279858,1.64543e-05,False
rs5750211,114,193,-0.28296,1.50915e-05,False
rs5750211,114,194,-0.301684,4.54429e-06,False
rs5750211,114,195,-0.301656,5.19747e-06,False
rs5750211,114,196,-0.297036,8.09566e-06,False
rs5750211,114,197,-0.295963,1.00345e-05,False
rs5750211,114,198,-0.302773,6.7997e-06,False
rs5750211,114,199,-0.304304,7.02679e-06,False
rs5750211,114,200,-0.303952,7.91429e-06,False
rs5750211,114,201,-0.315228,3.95597e-06,False
rs5750211,114,202,-0.304198,9.36777e-06,False
rs5750211,114,203,-0.317678,3.9578e-06,False
rs5750211,114,204,-0.315357,5.01324e-06,False
rs5750211,114,205,-0.320293,3.86221e-06,False
rs5750211,114,206,-0.305831,1.08221e-05,False
rs5750211,114,207,-0.302009,1.4744e-05,False
rs5750211,114,208,-0.30406,1.34477e-05,False
rs5750211,114,209,-0.31297,7.67857e-06,False
rs5750211,114,210,-0.302522,1.54493e-05,False
rs5750211,114,211,-0.309861,9.96877e-06,False
rs5750211,114,212,-0.292132,3.1472e-05,False
rs5750211,114,213,-0.294984,2.62299e-05,False
rs5750211,114,214,-0.303336,1.57936e-05,False
rs5750211,114,215,-0.303349,1.57062e-05,False
rs5750211,114,216,-0.28376,5.28523e-05,False
rs5750211,114,217,-0.293411,2.90627e-05,False
rs5750211,114,218,-0.303054,1.55836e-05,False
rs5750211,114,219,-0.267196,0.000139116,False
rs5750211,114,220,-0.274045,9.12294e-05,False
rs5750211,114,221,-0.301086,1.71893e-05,False
rs5750211,114,222,-0.278822,6.76378e-05,False
rs5750211,114,223,-0.279285,6.43891e-05,False
rs5750211,114,224,-0.272659,9.26354e-05,False
rs5750211,114,225,-0.25251,0.00029637,False
rs5750211,114,226,-0.260559,0.000184187,False
rs5750211,114,227,-0.266802,0.000126817,False
rs5750211,114,228,-0.259392,0.000197294,False
rs5750211,114,229,-0.235888,0.000706486,False
rs5750211,114,230,-0.243983,0.000462495,False
rs5750211,114,231,-0.243536,0.000474718,False
rs5750211,114,232,-0.230842,0.000927887,False
rs5750211,114,233,-0.22091,0.00154371,False
rs5750211,114,234,-0.21291,0.00231423,False
rs5750211,114,235,-0.233691,0.000849321,False
rs5750211,114,236,-0.204302,0.00363377,False
rs5750211,114,237,-0.203848,0.00379911,False
rs5750211,114,238,-0.192701,0.00635537,False
rs5750211,114,239,-0.191287,0.00701721,False
rs5750211,114,240,-0.177189,0.0128008,False
rs5750211,114,241,-0.180589,0.011516,False
rs5750211,114,242,-0.172728,0.0162949,False
rs5750211,114,243,-0.180375,0.0126272,False
rs5750211,114,244,-0.174181,0.0167532,False
rs5750211,114,245,-0.170133,0.020265,False
rs5750211,114,246,-0.164018,0.026355,False
rs5750211,114,247,-0.171829,0.0212833,False
rs5750211,114,248,-0.167243,0.0266296,False
rs5750211,114,249,-0.167437,0.0282731,False
rs5750211,115,11,-0.13139,0.00243059,False
rs5750211,115,12,-0.125386,0.00349715,False
rs5750211,115,13,-0.142857,0.000776904,False
rs5750211,115,14,-0.149962,0.000371696,False
rs5750211,115,15,-0.12378,0.00308134,False
rs5750211,115,16,-0.131529,0.00156617,False
rs5750211,115,17,-0.138483,0.000824741,False
rs5750211,115,18,-0.130536,0.00153706,False
rs5750211,115,19,-0.144132,0.000464035,False
rs5750211,115,20,-0.126569,0.00203239,False
rs5750211,115,21,-0.153503,0.000177519,False
rs5750211,115,22,-0.146818,0.000330769,False
rs5750211,115,23,-0.14496,0.000372604,False
rs5750211,115,24,-0.156233,0.000119153,False
rs5750211,115,25,-0.147596,0.000273663,False
rs5750211,115,26,-0.174913,1.52829e-05,False
rs5750211,115,27,-0.144238,0.00036391,False
rs5750211,115,28,-0.153747,0.000142833,False
rs5750211,115,29,-0.158174,8.87102e-05,False
rs5750211,115,30,-0.160984,6.62951e-05,False
rs5750211,115,31,-0.170509,2.35587e-05,False
rs5750211,115,32,-0.165801,4.00115e-05,False
rs5750211,115,33,-0.185862,4.13289e-06,False
rs5750211,115,34,-0.175124,1.44362e-05,False
rs5750211,115,35,-0.173598,1.70444e-05,False
rs5750211,115,36,-0.169042,2.9316e-05,False
rs5750211,115,37,-0.171908,2.19033e-05,False
rs5750211,115,38,-0.167971,3.30041e-05,False
rs5750211,115,39,-0.191185,2.50828e-06,False
rs5750211,115,40,-0.173759,1.9418e-05,False
rs5750211,115,41,-0.176886,1.3973e-05,False
rs5750211,115,42,-0.175252,1.7559e-05,False
rs5750211,115,43,-0.186654,5.04451e-06,False
rs5750211,115,44,-0.17728,1.47307e-05,False
rs5750211,115,45,-0.186188,5.67815e-06,False
rs5750211,115,46,-0.188746,4.34795e-06,False
rs5750211,115,47,-0.175485,2.05408e-05,False
rs5750211,115,48,-0.197098,1.73765e-06,False
rs5750211,115,49,-0.17971,1.4409e-05,False
rs5750211,115,50,-0.180294,1.3692e-05,False
rs5750211,115,51,-0.18038,1.41883e-05,False
rs5750211,115,52,-0.185488,8.36514e-06,False
rs5750211,115,53,-0.174831,2.70442e-05,False
rs5750211,115,54,-0.169099,5.16585e-05,False
rs5750211,115,55,-0.188086,7.08368e-06,False
rs5750211,115,56,-0.174969,2.94696e-05,False
rs5750211,115,57,-0.186144,9.5104e-06,False
rs5750211,115,58,-0.189285,7.38505e-06,False
rs5750211,115,59,-0.181208,1.8264e-05,False
rs5750211,115,60,-0.176274,3.24591e-05,False
rs5750211,115,61,-0.179577,2.44947e-05,False
rs5750211,115,62,-0.185136,1.42436e-05,False
rs5750211,115,63,-0.196453,4.19803e-06,False
rs5750211,115,64,-0.191639,7.99985e-06,False
rs5750211,115,65,-0.180746,2.71771e-05,False
rs5750211,115,66,-0.193825,7.21219e-06,False
rs5750211,115,67,-0.201588,3.20203e-06,False
rs5750211,115,68,-0.185339,2.00753e-05,False
rs5750211,115,69,-0.191058,1.17324e-05,False
rs5750211,115,70,-0.188123,1.69978e-05,False
rs5750211,115,71,-0.193871,9.69417e-06,False
rs5750211,115,72,-0.202774,3.85305e-06,False
rs5750211,115,73,-0.195325,9.54561e-06,False
rs5750211,115,74,-0.187338,2.26357e-05,False
rs5750211,115,75,-0.187286,2.42644e-05,False
rs5750211,115,76,-0.181225,4.81103e-05,False
rs5750211,115,77,-0.200792,7.05091e-06,False
rs5750211,115,78,-0.187405,2.95328e-05,False
rs5750211,115,79,-0.173872,0.000113578,False
rs5750211,115,80,-0.162419,0.000318137,False
rs5750211,115,81,-0.185278,4.38251e-05,False
rs5750211,115,82,-0.182602,6.2265e-05,False
rs5750211,115,83,-0.184707,5.2251e-05,False
rs5750211,115,84,-0.181154,7.43221e-05,False
rs5750211,115,85,-0.183266,6.41784e-05,False
rs5750211,115,86,-0.187818,4.46687e-05,False
rs5750211,115,87,-0.196428,2.11425e-05,False
rs5750211,115,88,-0.203784,1.04591e-05,False
rs5750211,115,89,-0.185367,6.40389e-05,False
rs5750211,115,90,-0.193656,3.12895e-05,False
rs5750211,115,91,-0.19639,2.52274e-05,False
rs5750211,115,92,-0.196891,2.48094e-05,False
rs5750211,115,93,-0.203309,1.43075e-05,False
rs5750211,115,94,-0.19371,3.69022e-05,False
rs5750211,115,95,-0.190134,5.22294e-05,False
rs5750211,115,96,-0.177708,0.000163495,False
rs5750211,115,97,-0.17493,0.000213358,False
rs5750211,115,98,-0.185425,8.92348e-05,False
rs5750211,115,99,-0.182269,0.000125409,False
rs5750211,115,100,-0.193094,5.02263e-05,False
rs5750211,115,101,-0.187754,8.44217e-05,False
rs5750211,115,102,-0.192181,5.78941e-05,False
rs5750211,115,103,-0.188904,8.03577e-05,False
rs5750211,115,104,-0.191305,6.81817e-05,False
rs5750211,115,105,-0.199576,3.35717e-05,False
rs5750211,115,106,-0.199016,3.63605e-05,False
rs5750211,115,107,-0.199771,3.56344e-05,False
rs5750211,115,108,-0.211248,1.2236e-05,False
rs5750211,115,109,-0.210605,1.3635e-05,False
rs5750211,115,110,-0.216403,8.11374e-06,False
rs5750211,115,111,-0.209726,1.65307e-05,False
rs5750211,115,112,-0.208615,1.83298e-05,False
rs5750211,115,113,-0.203577,3.02737e-05,False
rs5750211,115,114,-0.208732,1.97582e-05,False
rs5750211,115,115,-0.205544,2.81859e-05,False
rs5750211,115,116,-0.215162,1.18541e-05,False
rs5750211,115,117,-0.207251,2.57013e-05,False
rs5750211,115,118,-0.224614,5.2512e-06,False
rs5750211,115,119,-0.232888,2.4233e-06,False
rs5750211,115,120,-0.245075,7.47782e-07,False
rs5750211,115,121,-0.237206,1.7491e-06,False
rs5750211,115,122,-0.238761,1.5105e-06,False
rs5750211,115,123,-0.246544,7.41407e-07,False
rs5750211,115,124,-0.238669,1.70272e-06,False
rs5750211,115,125,-0.250116,5.43041e-07,False
rs5750211,115,126,-0.242032,1.29856e-06,False
rs5750211,115,127,-0.225055,7.03249e-06,False
rs5750211,115,128,-0.24533,1.0193e-06,False
rs5750211,115,129,-0.244438,1.13955e-06,False
rs5750211,115,130,-0.247768,8.47712e-07,False
rs5750211,115,131,-0.240718,1.80223e-06,False
rs5750211,115,132,-0.242288,1.60437e-06,False
rs5750211,115,133,-0.247792,9.57635e-07,False
rs5750211,115,134,-0.248929,9.00672e-07,False
rs5750211,115,135,-0.23902,2.4498e-06,False
rs5750211,115,136,-0.241159,2.06631e-06,False
rs5750211,115,137,-0.252903,6.82528e-07,False
rs5750211,115,138,-0.254089,6.48563e-07,False
rs5750211,115,139,-0.249705,1.0149e-06,False
rs5750211,115,140,-0.269577,1.38366e-07,False
rs5750211,115,141,-0.260994,3.54443e-07,False
rs5750211,115,142,-0.269764,1.54382e-07,False
rs5750211,115,143,-0.251039,1.0886e-06,False
rs5750211,115,144,-0.259343,4.8076e-07,False
rs5750211,115,145,-0.254445,8.26575e-07,False
rs5750211,115,146,-0.252093,1.11254e-06,False
rs5750211,115,147,-0.241282,3.27948e-06,False
rs5750211,115,148,-0.231557,8.44942e-06,False
rs5750211,115,149,-0.23762,5.19157e-06,False
rs5750211,115,150,-0.232858,8.46744e-06,False
rs5750211,115,151,-0.244755,3.01924e-06,False
rs5750211,115,152,-0.241669,4.19192e-06,False
rs5750211,115,153,-0.233456,9.28197e-06,False
rs5750211,115,154,-0.243688,3.86816e-06,False
rs5750211,115,155,-0.238712,6.63007e-06,False
rs5750211,115,156,-0.233126,1.18552e-05,False
rs5750211,115,157,-0.23078,1.55505e-05,False
rs5750211,115,158,-0.233704,1.29321e-05,False
rs5750211,115,159,-0.239525,8.31714e-06,False
rs5750211,115,160,-0.242293,7.20409e-06,False
rs5750211,115,161,-0.258916,1.78964e-06,False
rs5750211,115,162,-0.260125,1.76912e-06,False
rs5750211,115,163,-0.263227,1.48966e-06,False
rs5750211,115,164,-0.245681,7.87961e-06,False
rs5750211,115,165,-0.247222,7.58882e-06,False
rs5750211,115,166,-0.250837,6.12991e-06,False
rs5750211,115,167,-0.260035,3.13868e-06,False
rs5750211,115,168,-0.247283,1.07219e-05,False
rs5750211,115,169,-0.255558,5.9259e-06,False
rs5750211,115,170,-0.255157,6.9675e-06,False
rs5750211,115,171,-0.260058,5.25033e-06,False
rs5750211,115,172,-0.263077,4.63049e-06,False
rs5750211,115,173,-0.262078,5.81723e-06,False
rs5750211,115,174,-0.266682,4.60634e-06,False
rs5750211,115,175,-0.273849,3.01631e-06,False
rs5750211,115,176,-0.266624,6.22695e-06,False
rs5750211,115,177,-0.270998,5.08485e-06,False
rs5750211,115,178,-0.265711,9.1703e-06,False
rs5750211,115,179,-0.266754,9.49876e-06,False
rs5750211,115,180,-0.261538,1.58361e-05,False
rs5750211,115,181,-0.262151,1.73718e-05,False
rs5750211,115,182,-0.277179,6.58613e-06,False
rs5750211,115,183,-0.272232,1.10702e-05,False
rs5750211,115,184,-0.28228,6.00851e-06,False
rs5750211,115,185,-0.285417,5.59494e-06,False
rs5750211,115,186,-0.277674,1.14203e-05,False
rs5750211,115,187,-0.292835,4.38e-06,False
rs5750211,115,188,-0.287619,7.68302e-06,False
rs5750211,115,189,-0.286604,9.24482e-06,False
rs5750211,115,190,-0.298144,4.63183e-06,False
rs5750211,115,191,-0.292555,8.08018e-06,False
rs5750211,115,192,-0.300123,5.25967e-06,False
rs5750211,115,193,-0.305751,3.96849e-06,False
rs5750211,115,194,-0.307594,4.06017e-06,False
rs5750211,115,195,-0.301595,6.85635e-06,False
rs5750211,115,196,-0.301693,7.55829e-06,False
rs5750211,115,197,-0.294825,1.32719e-05,False
rs5750211,115,198,-0.295761,1.37456e-05,False
rs5750211,115,199,-0.308538,6.34992e-06,False
rs5750211,115,200,-0.302372,1.05699e-05,False
rs5750211,115,201,-0.305378,9.25823e-06,False
rs5750211,115,202,-0.308452,7.93131e-06,False
rs5750211,115,203,-0.31209,6.64622e-06,False
rs5750211,115,204,-0.314712,5.8007e-06,False
rs5750211,115,205,-0.307942,9.81403e-06,False
rs5750211,115,206,-0.30689,1.08623e-05,False
rs5750211,115,207,-0.306176,1.15811e-05,False
rs5750211,115,208,-0.319184,4.97074e-06,False
rs5750211,115,209,-0.308232,1.03892e-05,False
rs5750211,115,210,-0.30178,1.64549e-05,False
rs5750211,115,211,-0.302366,1.58246e-05,False
rs5750211,115,212,-0.311952,8.41078e-06,False
rs5750211,115,213,-0.314676,7.06575e-06,False
rs5750211,115,214,-0.309584,9.75096e-06,False
rs5750211,115,215,-0.298033,2.10468e-05,False
rs5750211,115,216,-0.296333,2.30685e-05,False
rs5750211,115,217,-0.291097,3.1997e-05,False
rs5750211,115,218,-0.282767,5.24766e-05,False
rs5750211,115,219,-0.280031,6.07788e-05,False
rs5750211,115,220,-0.284875,4.47216e-05,False
rs5750211,115,221,-0.279319,6.35093e-05,False
rs5750211,115,222,-0.281374,5.46186e-05,False
rs5750211,115,223,-0.2618,0.000174653,False
rs5750211,115,224,-0.263824,0.000150012,False
rs5750211,115,225,-0.264617,0.00014525,False
rs5750211,115,226,-0.266561,0.000130004,False
rs5750211,115,227,-0.251839,0.000297406,False
rs5750211,115,228,-0.243275,0.000472569,False
rs5750211,115,229,-0.263191,0.000156385,False
rs5750211,115,230,-0.254086,0.000266979,False
rs5750211,115,231,-0.229564,0.000990621,False
rs5750211,115,232,-0.238825,0.000624054,False
rs5750211,115,233,-0.237722,0.000669745,False
rs5750211,115,234,-0.23013,0.00101448,False
rs5750211,115,235,-0.211266,0.00263848,False
rs5750211,115,236,-0.239479,0.000691147,False
rs5750211,115,237,-0.215739,0.00226994,False
rs5750211,115,238,-0.197377,0.00540279,False
rs5750211,115,239,-0.217019,0.00230284,False
rs5750211,115,240,-0.203561,0.00446681,False
rs5750211,115,241,-0.200052,0.00541194,False
rs5750211,115,242,-0.19385,0.00740124,False
rs5750211,115,243,-0.199963,0.0060159,False
rs5750211,115,244,-0.198974,0.00661385,False
rs5750211,115,245,-0.197575,0.00751083,False
rs5750211,115,246,-0.204305,0.00613954,False
rs5750211,115,247,-0.197656,0.00856011,False
rs5750211,115,248,-0.208456,0.00610091,False
rs5750211,115,249,-0.191854,0.0125947,False
rs5750211,116,13,-0.129904,0.00253182,False
rs5750211,116,14,-0.137974,0.00119631,False
rs5750211,116,15,-0.142139,0.000785997,False
rs5750211,116,16,-0.136987,0.00112133,False
rs5750211,116,17,-0.150805,0.000310355,False
rs5750211,116,18,-0.143632,0.000558237,False
rs5750211,116,19,-0.130549,0.0016244,False
rs5750211,116,20,-0.160837,9.69526e-05,False
rs5750211,116,21,-0.158148,0.00012843,False
rs5750211,116,22,-0.14927,0.00028253,False
rs5750211,116,23,-0.150692,0.000231782,False
rs5750211,116,24,-0.167149,4.4042e-05,False
rs5750211,116,25,-0.158009,0.000106712,False
rs5750211,116,26,-0.17,2.90299e-05,False
rs5750211,116,27,-0.166345,4.19951e-05,False
rs5750211,116,28,-0.167248,3.81337e-05,False
rs5750211,116,29,-0.172119,2.16257e-05,False
rs5750211,116,30,-0.170394,2.65029e-05,False
rs5750211,116,31,-0.162235,6.13598e-05,False
rs5750211,116,32,-0.167666,3.44867e-05,False
rs5750211,116,33,-0.176615,1.31263e-05,False
rs5750211,116,34,-0.18297,6.55976e-06,False
rs5750211,116,35,-0.193386,1.92642e-06,False
rs5750211,116,36,-0.165476,4.54214e-05,False
rs5750211,116,37,-0.182115,7.15869e-06,False
rs5750211,116,38,-0.179102,1.09888e-05,False
rs5750211,116,39,-0.182528,7.19203e-06,False
rs5750211,116,40,-0.181074,8.8272e-06,False
rs5750211,116,41,-0.18647,4.91772e-06,False
rs5750211,116,42,-0.177502,1.43703e-05,False
rs5750211,116,43,-0.171474,2.8439e-05,False
rs5750211,116,44,-0.194684,2.00479e-06,False
rs5750211,116,45,-0.184974,6.70012e-06,False
rs5750211,116,46,-0.181518,1.02713e-05,False
rs5750211,116,47,-0.187974,5.07392e-06,False
rs5750211,116,48,-0.190551,3.99908e-06,False
rs5750211,116,49,-0.187002,6.26023e-06,False
rs5750211,116,50,-0.191313,4.01196e-06,False
rs5750211,116,51,-0.179357,1.59238e-05,False
rs5750211,116,52,-0.188858,5.89665e-06,False
rs5750211,116,53,-0.195554,2.86593e-06,False
rs5750211,116,54,-0.187388,8.17669e-06,False
rs5750211,116,55,-0.192928,4.36091e-06,False
rs5750211,116,56,-0.191303,5.43481e-06,False
rs5750211,116,57,-0.189433,7.56995e-06,False
rs5750211,116,58,-0.193616,4.8952e-06,False
rs5750211,116,59,-0.196902,3.73195e-06,False
rs5750211,116,60,-0.180219,2.3733e-05,False
rs5750211,116,61,-0.192559,6.52072e-06,False
rs5750211,116,62,-0.188153,1.12763e-05,False
rs5750211,116,63,-0.193076,6.96559e-06,False
rs5750211,116,64,-0.193916,6.71544e-06,False
rs5750211,116,65,-0.202269,2.76557e-06,False
rs5750211,116,66,-0.201463,3.34597e-06,False
rs5750211,116,67,-0.185753,1.90001e-05,False
rs5750211,116,68,-0.195968,6.67392e-06,False
rs5750211,116,69,-0.199918,4.73309e-06,False
rs5750211,116,70,-0.197899,6.51014e-06,False
rs5750211,116,71,-0.21298,1.2752e-06,False
rs5750211,116,72,-0.196111,8.50615e-06,False
rs5750211,116,73,-0.207227,2.74109e-06,False
rs5750211,116,74,-0.195438,1.02077e-05,False
rs5750211,116,75,-0.206657,3.40231e-06,False
rs5750211,116,76,-0.197511,9.65844e-06,False
rs5750211,116,77,-0.189496,2.29079e-05,False
rs5750211,116,78,-0.193436,1.60271e-05,False
rs5750211,116,79,-0.197499,1.14916e-05,False
rs5750211,116,80,-0.210795,3.04661e-06,False
rs5750211,116,81,-0.177422,8.8977e-05,False
rs5750211,116,82,-0.194033,1.97502e-05,False
rs5750211,116,83,-0.203577,7.9273e-06,False
rs5750211,116,84,-0.205545,6.75175e-06,False
rs5750211,116,85,-0.188642,3.87021e-05,False
rs5750211,116,86,-0.194577,2.31439e-05,False
rs5750211,116,87,-0.205593,8.00111e-06,False
rs5750211,116,88,-0.208545,6.35174e-06,False
rs5750211,116,89,-0.205912,8.86789e-06,False
rs5750211,116,90,-0.206612,8.94541e-06,False
rs5750211,116,91,-0.212253,5.34619e-06,False
rs5750211,116,92,-0.19921,2.04061e-05,False
rs5750211,116,93,-0.195086,3.1216e-05,False
rs5750211,116,94,-0.208709,8.70369e-06,False
rs5750211,116,95,-0.201492,1.89832e-05,False
rs5750211,116,96,-0.205759,1.30419e-05,False
rs5750211,116,97,-0.206312,1.29687e-05,False
rs5750211,116,98,-0.193283,4.58113e-05,False
rs5750211,116,99,-0.209768,1.04916e-05,False
rs5750211,116,100,-0.206027,1.55427e-05,False
rs5750211,116,101,-0.202603,2.18724e-05,False
rs5750211,116,102,-0.20669,1.56876e-05,False
rs5750211,116,103,-0.193766,5.21292e-05,False
rs5750211,116,104,-0.190164,7.87139e-05,False
rs5750211,116,105,-0.2074,1.69928e-05,False
rs5750211,116,106,-0.204772,2.28874e-05,False
rs5750211,116,107,-0.200392,3.5466e-05,False
rs5750211,116,108,-0.197255,4.77739e-05,False
rs5750211,116,109,-0.204731,2.52092e-05,False
rs5750211,116,110,-0.192063,7.9843e-05,False
rs5750211,116,111,-0.195407,6.27972e-05,False
rs5750211,116,112,-0.190386,0.000100721,False
rs5750211,116,113,-0.184389,0.00017011,False
rs5750211,116,114,-0.179837,0.000254394,False
rs5750211,116,115,-0.19943,5.23594e-05,False
rs5750211,116,116,-0.216987,1.09963e-05,False
rs5750211,116,117,-0.204355,3.56591e-05,False
rs5750211,116,118,-0.21114,1.99683e-05,False
rs5750211,116,119,-0.213172,1.73026e-05,False
rs5750211,116,120,-0.206155,3.33971e-05,False
rs5750211,116,121,-0.214772,1.58603e-05,False
rs5750211,116,122,-0.225458,6.12921e-06,False
rs5750211,116,123,-0.233487,3.00128e-06,False
rs5750211,116,124,-0.224758,7.13397e-06,False
rs5750211,116,125,-0.229795,4.57322e-06,False
rs5750211,116,126,-0.238216,2.10925e-06,False
rs5750211,116,127,-0.228429,5.4764e-06,False
rs5750211,116,128,-0.223226,9.42288e-06,False
rs5750211,116,129,-0.213519,2.40325e-05,False
rs5750211,116,130,-0.2335,4.08521e-06,False
rs5750211,116,131,-0.231171,5.34188e-06,False
rs5750211,116,132,-0.227728,7.48409e-06,False
rs5750211,116,133,-0.228287,7.16007e-06,False
rs5750211,116,134,-0.225483,9.63032e-06,False
rs5750211,116,135,-0.238811,2.93277e-06,False
rs5750211,116,136,-0.233621,4.98414e-06,False
rs5750211,116,137,-0.23936,2.92018e-06,False
rs5750211,116,138,-0.220339,1.71575e-05,False
rs5750211,116,139,-0.230032,7.7273e-06,False
rs5750211,116,140,-0.234367,5.53472e-06,False
rs5750211,116,141,-0.244743,2.10208e-06,False
rs5750211,116,142,-0.250556,1.27925e-06,False
rs5750211,116,143,-0.24318,2.68481e-06,False
rs5750211,116,144,-0.229165,1.01849e-05,False
rs5750211,116,145,-0.237154,5.2507e-06,False
rs5750211,116,146,-0.245946,2.43637e-06,False
rs5750211,116,147,-0.234382,7.36988e-06,False
rs5750211,116,148,-0.24406,3.23324e-06,False
rs5750211,116,149,-0.256314,1.08896e-06,False
rs5750211,116,150,-0.255606,1.24506e-06,False
rs5750211,116,151,-0.251148,1.9787e-06,False
rs5750211,116,152,-0.261037,8.55308e-07,False
rs5750211,116,153,-0.252748,2.02399e-06,False
rs5750211,116,154,-0.253182,2.07815e-06,False
rs5750211,116,155,-0.265237,7.32259e-07,False
rs5750211,116,156,-0.272204,4.14116e-07,False
rs5750211,116,157,-0.267356,7.29071e-07,False
rs5750211,116,158,-0.27084,5.83118e-07,False
rs5750211,116,159,-0.265901,9.91964e-07,False
rs5750211,116,160,-0.259298,2.08925e-06,False
rs5750211,116,161,-0.252046,4.42659e-06,False
rs5750211,116,162,-0.255753,3.53395e-06,False
rs5750211,116,163,-0.254901,4.28371e-06,False
rs5750211,116,164,-0.271641,1.11921e-06,False
rs5750211,116,165,-0.27298,1.14069e-06,False
rs5750211,116,166,-0.27554,1.02422e-06,False
rs5750211,116,167,-0.267132,2.45078e-06,False
rs5750211,116,168,-0.272342,1.81184e-06,False
rs5750211,116,169,-0.280087,1.03275e-06,False
rs5750211,116,170,-0.286502,6.79283e-07,False
rs5750211,116,171,-0.290985,5.18544e-07,False
rs5750211,116,172,-0.289522,7.00133e-07,False
rs5750211,116,173,-0.293779,5.70972e-07,False
rs5750211,116,174,-0.289563,9.69154e-07,False
rs5750211,116,175,-0.280748,2.39361e-06,False
rs5750211,116,176,-0.276062,3.99978e-06,False
rs5750211,116,177,-0.292347,1.22634e-06,False
rs5750211,116,178,-0.283076,3.14792e-06,False
rs5750211,116,179,-0.285661,2.86309e-06,False
rs5750211,116,180,-0.280421,5.1944e-06,False
rs5750211,116,181,-0.288314,3.36471e-06,False
rs5750211,116,182,-0.281784,6.40547e-06,False
rs5750211,116,183,-0.273699,1.35628e-05,False
rs5750211,116,184,-0.284758,6.9418e-06,False
rs5750211,116,185,-0.294725,3.78993e-06,False
rs5750211,116,186,-0.280159,1.27544e-05,False
rs5750211,116,187,-0.29386,5.40037e-06,False
rs5750211,116,188,-0.28221,1.44935e-05,False
rs5750211,116,189,-0.287905,1.08343e-05,False
rs5750211,116,190,-0.288038,1.22683e-05,False
rs5750211,116,191,-0.288178,1.36204e-05,False
rs5750211,116,192,-0.301924,5.76459e-06,False
rs5750211,116,193,-0.285161,2.08481e-05,False
rs5750211,116,194,-0.315266,2.83697e-06,False
rs5750211,116,195,-0.300565,8.81823e-06,False
rs5750211,116,196,-0.296628,1.27792e-05,False
rs5750211,116,197,-0.292995,1.72704e-05,False
rs5750211,116,198,-0.285736,2.91465e-05,False
rs5750211,116,199,-0.302211,1.07535e-05,False
rs5750211,116,200,-0.297606,1.57754e-05,False
rs5750211,116,201,-0.300087,1.43699e-05,False
rs5750211,116,202,-0.283788,4.24911e-05,False
rs5750211,116,203,-0.294302,2.27301e-05,False
rs5750211,116,204,-0.298906,1.70946e-05,False
rs5750211,116,205,-0.309206,8.9687e-06,False
rs5750211,116,206,-0.315134,6.36165e-06,False
rs5750211,116,207,-0.3038,1.36626e-05,False
rs5750211,116,208,-0.294175,2.63399e-05,False
rs5750211,116,209,-0.278392,7.05001e-05,False
rs5750211,116,210,-0.276736,7.69817e-05,False
rs5750211,116,211,-0.294453,2.59135e-05,False
rs5750211,116,212,-0.307702,1.09955e-05,False
rs5750211,116,213,-0.301949,1.59667e-05,False
rs5750211,116,214,-0.293364,2.76796e-05,False
rs5750211,116,215,-0.283402,5.03362e-05,False
rs5750211,116,216,-0.301797,1.59833e-05,False
rs5750211,116,217,-0.29699,2.13116e-05,False
rs5750211,116,218,-0.301035,1.64934e-05,False
rs5750211,116,219,-0.290311,3.2579e-05,False
rs5750211,116,220,-0.297785,1.97648e-05,False
rs5750211,116,221,-0.285816,4.09652e-05,False
rs5750211,116,222,-0.28134,5.36525e-05,False
rs5750211,116,223,-0.273439,8.72485e-05,False
rs5750211,116,224,-0.26418,0.000149787,False
rs5750211,116,225,-0.269579,0.000109142,False
rs5750211,116,226,-0.259891,0.000189924,False
rs5750211,116,227,-0.245618,0.000424774,False
rs5750211,116,228,-0.259518,0.00019728,False
rs5750211,116,229,-0.241596,0.000536766,False
rs5750211,116,230,-0.239088,0.000617408,False
rs5750211,116,231,-0.230032,0.00100803,False
rs5750211,116,232,-0.237323,0.000711461,False
rs5750211,116,233,-0.229784,0.00107435,False
rs5750211,116,234,-0.228616,0.00117543,False
rs5750211,116,235,-0.220753,0.00178752,False
rs5750211,116,236,-0.22796,0.00130248,False
rs5750211,116,237,-0.211167,0.00304924,False
rs5750211,116,238,-0.225263,0.00162689,False
rs5750211,116,239,-0.225123,0.00171366,False
rs5750211,116,240,-0.211792,0.00333444,False
rs5750211,116,241,-0.20663,0.0044344,False
rs5750211,116,242,-0.205088,0.00496514,False
rs5750211,116,243,-0.203594,0.00558021,False
rs5750211,116,244,-0.195923,0.00814891,False
rs5750211,116,245,-0.192709,0.0098292,False
rs5750211,116,246,-0.19629,0.00919742,False
rs5750211,116,247,-0.175055,0.0214403,False
rs5750211,116,248,-0.173843,0.0238682,False
rs5750211,117,16,-0.132371,0.00181703,False
rs5750211,117,17,-0.139898,0.000900791,False
rs5750211,117,18,-0.146207,0.000502661,False
rs5750211,117,19,-0.135574,0.00113576,False
rs5750211,117,20,-0.155263,0.000192276,False
rs5750211,117,21,-0.140826,0.000668778,False
rs5750211,117,22,-0.157216,0.00014062,False
rs5750211,117,23,-0.157481,0.000128919,False
rs5750211,117,24,-0.147899,0.000313806,False
rs5750211,117,25,-0.156342,0.000135614,False
rs5750211,117,26,-0.155983,0.000136191,False
rs5750211,117,27,-0.159194,9.75617e-05,False
rs5750211,117,28,-0.167304,4.12116e-05,False
rs5750211,117,29,-0.141921,0.000496909,False
rs5750211,117,30,-0.160208,8.56389e-05,False
rs5750211,117,31,-0.163388,6.09651e-05,False
rs5750211,117,32,-0.153616,0.000164447,False
rs5750211,117,33,-0.162889,6.31744e-05,False
rs5750211,117,34,-0.170781,2.93461e-05,False
rs5750211,117,35,-0.150793,0.000219278,False
rs5750211,117,36,-0.172595,2.37477e-05,False
rs5750211,117,37,-0.172096,2.56853e-05,False
rs5750211,117,38,-0.171726,2.72187e-05,False
rs5750211,117,39,-0.168155,4.09987e-05,False
rs5750211,117,40,-0.182805,8.18768e-06,False
rs5750211,117,41,-0.174741,2.11466e-05,False
rs5750211,117,42,-0.178557,1.41652e-05,False
rs5750211,117,43,-0.172088,2.99569e-05,False
rs5750211,117,44,-0.159469,0.000111794,False
rs5750211,117,45,-0.175252,2.16898e-05,False
rs5750211,117,46,-0.171126,3.61721e-05,False
rs5750211,117,47,-0.173917,2.68557e-05,False
rs5750211,117,48,-0.165421,6.91311e-05,False
rs5750211,117,49,-0.157152,0.000157421,False
rs5750211,117,50,-0.167019,6.25227e-05,False
rs5750211,117,51,-0.177785,2.07798e-05,False
rs5750211,117,52,-0.155628,0.000200476,False
rs5750211,117,53,-0.153226,0.000265085,False
rs5750211,117,54,-0.162751,0.000108126,False
rs5750211,117,55,-0.169438,5.7889e-05,False
rs5750211,117,56,-0.166674,8.12038e-05,False
rs5750211,117,57,-0.169121,6.60254e-05,False
rs5750211,117,58,-0.170356,6.05923e-05,False
rs5750211,117,59,-0.173478,4.58326e-05,False
rs5750211,117,60,-0.16335,0.000131455,False
rs5750211,117,61,-0.169998,7.22519e-05,False
rs5750211,117,62,-0.180578,2.54131e-05,False
rs5750211,117,63,-0.189711,1.03784e-05,False
rs5750211,117,64,-0.194007,7.05798e-06,False
rs5750211,117,65,-0.194513,7.1449e-06,False
rs5750211,117,66,-0.194651,7.54202e-06,False
rs5750211,117,67,-0.206983,2.00241e-06,False
rs5750211,117,68,-0.208772,1.77709e-06,False
rs5750211,117,69,-0.20424,3.08831e-06,False
rs5750211,117,70,-0.189208,1.61494e-05,False
rs5750211,117,71,-0.189703,1.65303e-05,False
rs5750211,117,72,-0.183036,3.38561e-05,False
rs5750211,117,73,-0.208471,2.50278e-06,False
rs5750211,117,74,-0.20952,2.47472e-06,False
rs5750211,117,75,-0.205465,4.10501e-06,False
rs5750211,117,76,-0.193727,1.52455e-05,False
rs5750211,117,77,-0.191189,2.06621e-05,False
rs5750211,117,78,-0.202626,6.7742e-06,False
rs5750211,117,79,-0.200014,9.37767e-06,False
rs5750211,117,80,-0.209592,3.77943e-06,False
rs5750211,117,81,-0.194822,1.82035e-05,False
rs5750211,117,82,-0.205203,6.74248e-06,False
rs5750211,117,83,-0.203865,8.15799e-06,False
rs5750211,117,84,-0.197416,1.65667e-05,False
rs5750211,117,85,-0.198309,1.65915e-05,False
rs5750211,117,86,-0.188385,4.40876e-05,False
rs5750211,117,87,-0.203591,1.05221e-05,False
rs5750211,117,88,-0.203988,1.10943e-05,False
rs5750211,117,89,-0.196296,2.40416e-05,False
rs5750211,117,90,-0.190821,4.28613e-05,False
rs5750211,117,91,-0.183122,8.95979e-05,False
rs5750211,117,92,-0.198022,2.3559e-05,False
rs5750211,117,93,-0.202305,1.65821e-05,False
rs5750211,117,94,-0.199808,2.23207e-05,False
rs5750211,117,95,-0.182115,0.000118064,False
rs5750211,117,96,-0.197549,3.06315e-05,False
rs5750211,117,97,-0.196062,3.62105e-05,False
rs5750211,117,98,-0.207956,1.21293e-05,False
rs5750211,117,99,-0.215475,6.2241e-06,False
rs5750211,117,100,-0.204095,1.94825e-05,False
rs5750211,117,101,-0.201541,2.55723e-05,False
rs5750211,117,102,-0.201664,2.58862e-05,False
rs5750211,117,103,-0.204638,2.0174e-05,False
rs5750211,117,104,-0.189742,8.33933e-05,False
rs5750211,117,105,-0.203205,2.60001e-05,False
rs5750211,117,106,-0.200475,3.45901e-05,False
rs5750211,117,107,-0.210158,1.4569e-05,False
rs5750211,117,108,-0.199185,4.27312e-05,False
rs5750211,117,109,-0.200989,3.80154e-05,False
rs5750211,117,110,-0.197152,5.47853e-05,False
rs5750211,117,111,-0.200445,4.37292e-05,False
rs5750211,117,112,-0.210926,1.74692e-05,False
rs5750211,117,113,-0.205353,3.09125e-05,False
rs5750211,117,114,-0.199994,5.2681e-05,False
rs5750211,117,115,-0.205762,3.31896e-05,False
rs5750211,117,116,-0.206731,3.15797e-05,False
rs5750211,117,117,-0.212514,1.96072e-05,False
rs5750211,117,118,-0.21074,2.351e-05,False
rs5750211,117,119,-0.214525,1.76186e-05,False
rs5750211,117,120,-0.208332,3.13669e-05,False
rs5750211,117,121,-0.221409,9.87368e-06,False
rs5750211,117,122,-0.226622,6.306e-06,False
rs5750211,117,123,-0.236677,2.54456e-06,False
rs5750211,117,124,-0.234821,3.23854e-06,False
rs5750211,117,125,-0.242784,1.56807e-06,False
rs5750211,117,126,-0.237834,2.60836e-06,False
rs5750211,117,127,-0.24297,1.68368e-06,False
rs5750211,117,128,-0.245645,1.35368e-06,False
rs5750211,117,129,-0.244483,1.51341e-06,False
rs5750211,117,130,-0.234878,4.07643e-06,False
rs5750211,117,131,-0.241309,2.27564e-06,False
rs5750211,117,132,-0.235249,4.3163e-06,False
rs5750211,117,133,-0.233521,5.34398e-06,False
rs5750211,117,134,-0.242307,2.45455e-06,False
rs5750211,117,135,-0.229526,8.17459e-06,False
rs5750211,117,136,-0.221685,1.71404e-05,False
rs5750211,117,137,-0.231861,7.28822e-06,False
rs5750211,117,138,-0.243184,2.61425e-06,False
rs5750211,117,139,-0.250784,1.32335e-06,False
rs5750211,117,140,-0.251157,1.34644e-06,False
rs5750211,117,141,-0.254419,1.02687e-06,False
rs5750211,117,142,-0.255272,1.01683e-06,False
rs5750211,117,143,-0.245242,2.78543e-06,False
rs5750211,117,144,-0.251391,1.58699e-06,False
rs5750211,117,145,-0.240487,4.8261e-06,False
rs5750211,117,146,-0.242561,4.14881e-06,False
rs5750211,117,147,-0.241218,4.98583e-06,False
rs5750211,117,148,-0.241015,5.23827e-06,False
rs5750211,117,149,-0.24248,5.00112e-06,False
rs5750211,117,150,-0.236567,9.00089e-06,False
rs5750211,117,151,-0.235747,1.03916e-05,False
rs5750211,117,152,-0.246319,4.39335e-06,False
rs5750211,117,153,-0.234879,1.27764e-05,False
rs5750211,117,154,-0.229008,2.237e-05,False
rs5750211,117,155,-0.227815,2.63277e-05,False
rs5750211,117,156,-0.242791,8.11647e-06,False
rs5750211,117,157,-0.235396,1.6192e-05,False
rs5750211,117,158,-0.245443,7.48783e-06,False
rs5750211,117,159,-0.247418,7.05256e-06,False
rs5750211,117,160,-0.242161,1.1871e-05,False
rs5750211,117,161,-0.251072,6.18599e-06,False
rs5750211,117,162,-0.245974,1.07165e-05,False
rs5750211,117,163,-0.24141,1.69688e-05,False
rs5750211,117,164,-0.239284,2.2371e-05,False
rs5750211,117,165,-0.247134,1.34482e-05,False
rs5750211,117,166,-0.244684,1.80438e-05,False
rs5750211,117,167,-0.242073,2.57878e-05,False
rs5750211,117,168,-0.245502,2.20542e-05,False
rs5750211,117,169,-0.246622,2.24642e-05,False
rs5750211,117,170,-0.248222,2.23049e-05,False
rs5750211,117,171,-0.249934,2.2452e-05,False
rs5750211,117,172,-0.249275,2.67259e-05,False
rs5750211,117,173,-0.251384,2.54788e-05,False
rs5750211,117,174,-0.259416,1.54754e-05,False
rs5750211,117,175,-0.246166,4.64526e-05,False
rs5750211,117,176,-0.249856,4.04624e-05,False
rs5750211,117,177,-0.243149,7.1323e-05,False
rs5750211,117,178,-0.25145,4.53466e-05,False
rs5750211,117,179,-0.275483,9.02449e-06,False
rs5750211,117,180,-0.26559,2.13931e-05,False
rs5750211,117,181,-0.282669,7.17255e-06,False
rs5750211,117,182,-0.281255,9.24595e-06,False
rs5750211,117,183,-0.268073,2.66091e-05,False
rs5750211,117,184,-0.270105,2.58454e-05,False
rs5750211,117,185,-0.288023,8.23732e-06,False
rs5750211,117,186,-0.284718,1.1982e-05,False
rs5750211,117,187,-0.270121,3.70654e-05,False
rs5750211,117,188,-0.288904,1.16011e-05,False
rs5750211,117,189,-0.285242,1.68618e-05,False
rs5750211,117,190,-0.292239,1.14295e-05,False
rs5750211,117,191,-0.267915,6.31166e-05,False
rs5750211,117,192,-0.275945,4.2561e-05,False
rs5750211,117,193,-0.279027,3.77135e-05,False
rs5750211,117,194,-0.276504,4.73826e-05,False
rs5750211,117,195,-0.282868,3.39134e-05,False
rs5750211,117,196,-0.274193,6.30124e-05,False
rs5750211,117,197,-0.266359,0.000106582,False
rs5750211,117,198,-0.291858,2.31414e-05,False
rs5750211,117,199,-0.275945,6.58013e-05,False
rs5750211,117,200,-0.272301,8.71797e-05,False
rs5750211,117,201,-0.277981,6.375e-05,False
rs5750211,117,202,-0.282416,5.08127e-05,False
rs5750211,117,203,-0.281032,5.57051e-05,False
rs5750211,117,204,-0.278325,6.68902e-05,False
rs5750211,117,205,-0.270633,0.000105066,False
rs5750211,117,206,-0.264884,0.000146255,False
rs5750211,117,207,-0.268641,0.000120877,False
rs5750211,117,208,-0.262746,0.000168649,False
rs5750211,117,209,-0.281098,5.83918e-05,False
rs5750211,117,210,-0.27163,0.000101579,False
rs5750211,117,211,-0.268919,0.000118449,False
rs5750211,117,212,-0.263668,0.000160684,False
rs5750211,117,213,-0.260504,0.000195503,False
rs5750211,117,214,-0.256045,0.000248414,False
rs5750211,117,215,-0.26901,0.000118131,False
rs5750211,117,216,-0.262395,0.000171496,False
rs5750211,117,217,-0.265763,0.000142686,False
rs5750211,117,218,-0.259973,0.000197479,False
rs5750211,117,219,-0.265608,0.000141267,False
rs5750211,117,220,-0.259934,0.000196807,False
rs5750211,117,221,-0.257023,0.000233168,False
rs5750211,117,222,-0.26033,0.000191471,False
rs5750211,117,223,-0.245037,0.000442894,False
rs5750211,117,224,-0.257475,0.00022377,False
rs5750211,117,225,-0.262491,0.000168288,False
rs5750211,117,226,-0.252595,0.000299095,False
rs5750211,117,227,-0.247502,0.00039578,False
rs5750211,117,228,-0.238381,0.000657038,False
rs5750211,117,229,-0.240712,0.000584619,False
rs5750211,117,230,-0.226144,0.00126179,False
rs5750211,117,231,-0.240058,0.000634644,False
rs5750211,117,232,-0.226853,0.00131707,False
rs5750211,117,233,-0.208864,0.00311372,False
rs5750211,117,234,-0.196908,0.00549592,False
rs5750211,117,235,-0.193312,0.00663418,False
rs5750211,117,236,-0.190667,0.00767419,False
rs5750211,117,237,-0.200418,0.00528887,False
rs5750211,117,238,-0.193241,0.00752451,False
rs5750211,117,239,-0.178859,0.0138307,False
rs5750211,117,240,-0.160459,0.0280259,False
rs5750211,117,241,-0.169731,0.0208956,False
rs5750211,117,242,-0.173606,0.0188502,False
rs5750211,117,243,-0.16738,0.0247175,False
rs5750211,117,244,-0.150018,0.0457987,False
rs5750211,117,245,-0.138844,0.0670105,False
rs5750211,117,246,-0.132783,0.0826805,False
rs5750211,117,247,-0.128891,0.0957529,False
rs5750211,118,25,-0.142839,0.000612126,False
rs5750211,118,26,-0.151977,0.000262008,False
rs5750211,118,27,-0.146009,0.000440738,False
rs5750211,118,28,-0.160657,0.00010724,False
rs5750211,118,29,-0.161715,9.49182e-05,False
rs5750211,118,30,-0.165044,6.7722e-05,False
rs5750211,118,31,-0.153565,0.000208719,False
rs5750211,118,32,-0.166202,6.06642e-05,False
rs5750211,118,33,-0.15757,0.000144159,False
rs5750211,118,34,-0.164149,7.35306e-05,False
rs5750211,118,35,-0.165109,6.6982e-05,False
rs5750211,118,36,-0.155822,0.000170197,False
rs5750211,118,37,-0.157937,0.000138988,False
rs5750211,118,38,-0.172421,3.12007e-05,False
rs5750211,118,39,-0.160012,0.00011094,False
rs5750211,118,40,-0.162234,8.98027e-05,False
rs5750211,118,41,-0.164521,7.16231e-05,False
rs5750211,118,42,-0.172593,3.25389e-05,False
rs5750211,118,43,-0.174123,2.90591e-05,False
rs5750211,118,44,-0.171103,3.83373e-05,False
rs5750211,118,45,-0.160391,0.000114298,False
rs5750211,118,46,-0.174378,2.82815e-05,False
rs5750211,118,47,-0.174288,2.99482e-05,False
rs5750211,118,48,-0.170248,4.79341e-05,False
rs5750211,118,49,-0.173065,3.63687e-05,False
rs5750211,118,50,-0.178484,2.07967e-05,False
rs5750211,118,51,-0.16245,0.000114783,False
rs5750211,118,52,-0.177604,2.50985e-05,False
rs5750211,118,53,-0.167334,7.60041e-05,False
rs5750211,118,54,-0.173733,4.21169e-05,False
rs5750211,118,55,-0.188244,9.87329e-06,False
rs5750211,118,56,-0.198808,3.11884e-06,False
rs5750211,118,57,-0.183333,1.78729e-05,False
rs5750211,118,58,-0.170397,7.09096e-05,False
rs5750211,118,59,-0.185708,1.57879e-05,False
rs5750211,118,60,-0.189654,1.09331e-05,False
rs5750211,118,61,-0.181195,2.78964e-05,False
rs5750211,118,62,-0.191448,1.01481e-05,False
rs5750211,118,63,-0.185373,2.07499e-05,False
rs5750211,118,64,-0.189781,1.35592e-05,False
rs5750211,118,65,-0.186665,1.92701e-05,False
rs5750211,118,66,-0.188872,1.64374e-05,False
rs5750211,118,67,-0.169745,0.000110764,False
rs5750211,118,68,-0.182515,3.37094e-05,False
rs5750211,118,69,-0.177653,5.65126e-05,False
rs5750211,118,70,-0.1713,0.000108044,False
rs5750211,118,71,-0.177827,6.08707e-05,False
rs5750211,118,72,-0.191327,1.68925e-05,False
rs5750211,118,73,-0.166547,0.000193258,False
rs5750211,118,74,-0.159715,0.000356146,False
rs5750211,118,75,-0.188441,2.6806e-05,False
rs5750211,118,76,-0.179565,6.67166e-05,False
rs5750211,118,77,-0.187196,3.52357e-05,False
rs5750211,118,78,-0.193173,2.02045e-05,False
rs5750211,118,79,-0.194664,1.90129e-05,False
rs5750211,118,80,-0.217439,1.93743e-06,False
rs5750211,118,81,-0.207387,5.97346e-06,False
rs5750211,118,82,-0.211616,3.93834e-06,False
rs5750211,118,83,-0.217003,2.3931e-06,False
rs5750211,118,84,-0.193699,2.66442e-05,False
rs5750211,118,85,-0.207678,7.2656e-06,False
rs5750211,118,86,-0.21034,5.94819e-06,False
rs5750211,118,87,-0.21123,5.74725e-06,False
rs5750211,118,88,-0.204812,1.14174e-05,False
rs5750211,118,89,-0.207587,9.16096e-06,False
rs5750211,118,90,-0.196564,2.76863e-05,False
rs5750211,118,91,-0.212697,6.02365e-06,False
rs5750211,118,92,-0.210945,7.78523e-06,False
rs5750211,118,93,-0.218296,3.94658e-06,False
rs5750211,118,94,-0.194658,3.9921e-05,False
rs5750211,118,95,-0.206198,1.4217e-05,False
rs5750211,118,96,-0.216337,5.59008e-06,False
rs5750211,118,97,-0.210724,1.02598e-05,False
rs5750211,118,98,-0.200327,2.77797e-05,False
rs5750211,118,99,-0.201518,2.68141e-05,False
rs5750211,118,100,-0.191416,6.60669e-05,False
rs5750211,118,101,-0.205648,1.9666e-05,False
rs5750211,118,102,-0.218114,6.18185e-06,False
rs5750211,118,103,-0.227714,2.57903e-06,False
rs5750211,118,104,-0.229426,2.27312e-06,False
rs5750211,118,105,-0.236081,1.19925e-06,False
rs5750211,118,106,-0.218443,7.42664e-06,False
rs5750211,118,107,-0.212268,1.42413e-05,False
rs5750211,118,108,-0.222777,5.38863e-06,False
rs5750211,118,109,-0.215589,1.12236e-05,False
rs5750211,118,110,-0.207778,2.48656e-05,False
rs5750211,118,111,-0.207067,2.8012e-05,False
rs5750211,118,112,-0.204705,3.60572e-05,False
rs5750211,118,113,-0.21176,2.10074e-05,False
rs5750211,118,114,-0.213115,1.94686e-05,False
rs5750211,118,115,-0.216763,1.50383e-05,False
rs5750211,118,116,-0.217524,1.43291e-05,False
rs5750211,118,117,-0.222224,9.61902e-06,False
rs5750211,118,118,-0.221866,1.05754e-05,False
rs5750211,118,119,-0.230449,4.71966e-06,False
rs5750211,118,120,-0.212622,2.56136e-05,False
rs5750211,118,121,-0.224166,9.41036e-06,False
rs5750211,118,122,-0.219947,1.43266e-05,False
rs5750211,118,123,-0.230674,5.66287e-06,False
rs5750211,118,124,-0.227876,7.77564e-06,False
rs5750211,118,125,-0.233247,4.7574e-06,False
rs5750211,118,126,-0.233812,4.7801e-06,False
rs5750211,118,127,-0.234259,4.80788e-06,False
rs5750211,118,128,-0.233623,5.28915e-06,False
rs5750211,118,129,-0.226964,1.00118e-05,False
rs5750211,118,130,-0.232134,6.55397e-06,False
rs5750211,118,131,-0.238136,3.88298e-06,False
rs5750211,118,132,-0.23504,5.67891e-06,False
rs5750211,118,133,-0.242497,2.89848e-06,False
rs5750211,118,134,-0.242424,3.03802e-06,False
rs5750211,118,135,-0.2464,2.22907e-06,False
rs5750211,118,136,-0.249064,1.84392e-06,False
rs5750211,118,137,-0.247749,2.15886e-06,False
rs5750211,118,138,-0.252157,1.53889e-06,False
rs5750211,118,139,-0.26447,4.96898e-07,False
rs5750211,118,140,-0.265115,4.93432e-07,False
rs5750211,118,141,-0.266904,4.44641e-07,False
rs5750211,118,142,-0.267726,4.36287e-07,False
rs5750211,118,143,-0.25994,9.99783e-07,False
rs5750211,118,144,-0.259532,1.09334e-06,False
rs5750211,118,145,-0.272238,3.3914e-07,False
rs5750211,118,146,-0.264363,7.6724e-07,False
rs5750211,118,147,-0.268797,5.28678e-07,False
rs5750211,118,148,-0.264331,8.55724e-07,False
rs5750211,118,149,-0.252411,2.86323e-06,False
rs5750211,118,150,-0.260597,1.4194e-06,False
rs5750211,118,151,-0.261455,1.41974e-06,False
rs5750211,118,152,-0.257629,2.17271e-06,False
rs5750211,118,153,-0.243967,7.83723e-06,False
rs5750211,118,154,-0.251767,4.38399e-06,False
rs5750211,118,155,-0.248421,6.31468e-06,False
rs5750211,118,156,-0.254371,4.03956e-06,False
rs5750211,118,157,-0.245491,9.57596e-06,False
rs5750211,118,158,-0.246257,1.00786e-05,False
rs5750211,118,159,-0.263491,2.51836e-06,False
rs5750211,118,160,-0.264941,2.49196e-06,False
rs5750211,118,161,-0.273443,1.35161e-06,False
rs5750211,118,162,-0.267314,2.69278e-06,False
rs5750211,118,163,-0.269623,2.48585e-06,False
rs5750211,118,164,-0.268234,3.20288e-06,False
rs5750211,118,165,-0.274823,2.09185e-06,False
rs5750211,118,166,-0.267935,4.23904e-06,False
rs5750211,118,167,-0.274984,2.73124e-06,False
rs5750211,118,168,-0.284198,1.45274e-06,False
rs5750211,118,169,-0.272416,4.4675e-06,False
rs5750211,118,170,-0.28422,1.8963e-06,False
rs5750211,118,171,-0.278712,3.41426e-06,False
rs5750211,118,172,-0.271221,7.1454e-06,False
rs5750211,118,173,-0.27617,5.6633e-06,False
rs5750211,118,174,-0.28026,4.65113e-06,False
rs5750211,118,175,-0.277505,6.51557e-06,False
rs5750211,118,176,-0.285658,4.03343e-06,False
rs5750211,118,177,-0.284492,5.01541e-06,False
rs5750211,118,178,-0.279063,8.7603e-06,False
rs5750211,118,179,-0.284626,6.49166e-06,False
rs5750211,118,180,-0.298451,2.67221e-06,False
rs5750211,118,181,-0.299976,2.71072e-06,False
rs5750211,118,182,-0.303707,2.31054e-06,False
rs5750211,118,183,-0.303665,2.66817e-06,False
rs5750211,118,184,-0.285608,1.1481e-05,False
rs5750211,118,185,-0.307422,2.66624e-06,False
rs5750211,118,186,-0.312249,2.20463e-06,False
rs5750211,118,187,-0.304359,4.53936e-06,False
rs5750211,118,188,-0.294068,1.06172e-05,False
rs5750211,118,189,-0.307274,4.67029e-06,False
rs5750211,118,190,-0.29696,1.07263e-05,False
rs5750211,118,191,-0.288412,2.10421e-05,False
rs5750211,118,192,-0.295085,1.45536e-05,False
rs5750211,118,193,-0.306966,7.09472e-06,False
rs5750211,118,194,-0.295644,1.65159e-05,False
rs5750211,118,195,-0.295891,1.74711e-05,False
rs5750211,118,196,-0.272493,8.04443e-05,False
rs5750211,118,197,-0.259103,0.000181845,False
rs5750211,118,198,-0.270151,9.97383e-05,False
rs5750211,118,199,-0.276913,6.89899e-05,False
rs5750211,118,200,-0.267003,0.000127591,False
rs5750211,118,201,-0.275188,8.11509e-05,False
rs5750211,118,202,-0.290008,3.38738e-05,False
rs5750211,118,203,-0.267694,0.000128879,False
rs5750211,118,204,-0.271412,0.000104341,False
rs5750211,118,205,-0.269081,0.000121143,False
rs5750211,118,206,-0.267342,0.000133663,False
rs5750211,118,207,-0.280642,6.20311e-05,False
rs5750211,118,208,-0.272636,9.6376e-05,False
rs5750211,118,209,-0.2792,6.56402e-05,False
rs5750211,118,210,-0.280611,6.13585e-05,False
rs5750211,118,211,-0.275081,8.59412e-05,False
rs5750211,118,212,-0.279522,6.57402e-05,False
rs5750211,118,213,-0.277349,7.47338e-05,False
rs5750211,118,214,-0.285425,4.54588e-05,False
rs5750211,118,215,-0.264885,0.000154327,False
rs5750211,118,216,-0.259166,0.000215253,False
rs5750211,118,217,-0.263508,0.000169621,False
rs5750211,118,218,-0.257372,0.000236866,False
rs5750211,118,219,-0.257129,0.000240564,False
rs5750211,118,220,-0.25642,0.000252087,False
rs5750211,118,221,-0.240098,0.000607057,False
rs5750211,118,222,-0.240478,0.000608785,False
rs5750211,118,223,-0.225736,0.00129925,False
rs5750211,118,224,-0.214496,0.00222715,False
rs5750211,118,225,-0.221114,0.0016497,False
rs5750211,118,226,-0.222606,0.00155227,False
rs5750211,118,227,-0.208124,0.00311997,False
rs5750211,118,228,-0.237367,0.000756373,False
rs5750211,118,229,-0.230689,0.00109175,False
rs5750211,118,230,-0.229698,0.00118255,False
rs5750211,118,231,-0.210546,0.00305151,False
rs5750211,118,232,-0.218748,0.00213465,False
rs5750211,118,233,-0.219661,0.00214749,False
rs5750211,118,234,-0.228085,0.00149286,False
rs5750211,118,235,-0.217113,0.00259494,False
rs5750211,118,236,-0.225139,0.00186766,False
rs5750211,118,237,-0.213972,0.00330094,False
rs5750211,118,238,-0.216795,0.00307856,False
rs5750211,118,239,-0.222218,0.00254267,False
rs5750211,118,240,-0.202811,0.00620038,False
rs5750211,118,241,-0.207049,0.00546644,False
rs5750211,118,242,-0.188837,0.0118931,False
rs5750211,118,243,-0.185984,0.0140296,False
rs5750211,118,244,-0.17798,0.0197606,False
rs5750211,118,245,-0.173814,0.0240637,False
rs5750211,119,42,-0.164172,9.66848e-05,False
rs5750211,119,43,-0.165698,8.16503e-05,False
rs5750211,119,44,-0.161118,0.000133682,False
rs5750211,119,45,-0.153819,0.000263837,False
rs5750211,119,46,-0.162834,0.000115029,False
rs5750211,119,47,-0.163562,0.000110348,False
rs5750211,119,48,-0.142451,0.000765162,False
rs5750211,119,49,-0.162728,0.000128325,False
rs5750211,119,50,-0.152858,0.000329795,False
rs5750211,119,51,-0.160772,0.000163953,False
rs5750211,119,52,-0.152781,0.000353301,False
rs5750211,119,53,-0.15634,0.000261987,False
rs5750211,119,54,-0.150776,0.000448118,False
rs5750211,119,55,-0.151354,0.00044023,False
rs5750211,119,56,-0.16458,0.000141423,False
rs5750211,119,57,-0.145879,0.000769741,False
rs5750211,119,58,-0.149787,0.000561847,False
rs5750211,119,59,-0.154061,0.000420057,False
rs5750211,119,60,-0.157595,0.000315455,False
rs5750211,119,61,-0.156444,0.000366888,False
rs5750211,119,62,-0.157831,0.000324677,False
rs5750211,119,63,-0.160406,0.000265082,False
rs5750211,119,64,-0.1666,0.000155134,False
rs5750211,119,65,-0.176282,6.73725e-05,False
rs5750211,119,66,-0.173491,8.87084e-05,False
rs5750211,119,67,-0.177999,5.88974e-05,False
rs5750211,119,68,-0.18457,3.30109e-05,False
rs5750211,119,69,-0.171526,0.000120857,False
rs5750211,119,70,-0.171523,0.000124298,False
rs5750211,119,71,-0.177703,7.22712e-05,False
rs5750211,119,72,-0.181075,5.44191e-05,False
rs5750211,119,73,-0.177453,8.13312e-05,False
rs5750211,119,74,-0.180903,6.17523e-05,False
rs5750211,119,75,-0.181059,6.36966e-05,False
rs5750211,119,76,-0.180233,7.18947e-05,False
rs5750211,119,77,-0.180341,7.72159e-05,False
rs5750211,119,78,-0.186001,4.72242e-05,False
rs5750211,119,79,-0.174421,0.000143397,False
rs5750211,119,80,-0.18398,6.40849e-05,False
rs5750211,119,81,-0.183436,7.09665e-05,False
rs5750211,119,82,-0.170933,0.000225224,False
rs5750211,119,83,-0.181447,9.3903e-05,False
rs5750211,119,84,-0.191071,4.12001e-05,False
rs5750211,119,85,-0.181272,0.000106536,False
rs5750211,119,86,-0.192894,3.83904e-05,False
rs5750211,119,87,-0.18635,7.24425e-05,False
rs5750211,119,88,-0.186805,7.17215e-05,False
rs5750211,119,89,-0.198734,2.53584e-05,False
rs5750211,119,90,-0.18605,8.43539e-05,False
rs5750211,119,91,-0.187688,7.53591e-05,False
rs5750211,119,92,-0.188117,7.63547e-05,False
rs5750211,119,93,-0.182969,0.000122324,False
rs5750211,119,94,-0.179083,0.000178268,False
rs5750211,119,95,-0.177375,0.000209258,False
rs5750211,119,96,-0.176306,0.000237752,False
rs5750211,119,97,-0.183891,0.000128139,False
rs5750211,119,98,-0.191101,7.26952e-05,False
rs5750211,119,99,-0.186249,0.000113879,False
rs5750211,119,100,-0.191844,7.41897e-05,False
rs5750211,119,101,-0.211594,1.298e-05,False
rs5750211,119,102,-0.208443,1.88144e-05,False
rs5750211,119,103,-0.207437,2.16458e-05,False
rs5750211,119,104,-0.206283,2.44799e-05,False
rs5750211,119,105,-0.199084,5.01442e-05,False
rs5750211,119,106,-0.191444,0.000103728,False
rs5750211,119,107,-0.209318,2.24796e-05,False
rs5750211,119,108,-0.218683,9.93136e-06,False
rs5750211,119,109,-0.220776,8.98938e-06,False
rs5750211,119,110,-0.226004,5.96315e-06,False
rs5750211,119,111,-0.213356,2.00117e-05,False
rs5750211,119,112,-0.219842,1.18341e-05,False
rs5750211,119,113,-0.211379,2.71976e-05,False
rs5750211,119,114,-0.232388,4.15501e-06,False
rs5750211,119,115,-0.221787,1.19929e-05,False
rs5750211,119,116,-0.243036,1.71802e-06,False
rs5750211,119,117,-0.253658,6.43627e-07,False
rs5750211,119,118,-0.23835,2.98196e-06,False
rs5750211,119,119,-0.235237,4.14681e-06,False
rs5750211,119,120,-0.230225,7.0594e-06,False
rs5750211,119,121,-0.223476,1.33451e-05,False
rs5750211,119,122,-0.22962,8.14407e-06,False
rs5750211,119,123,-0.211952,4.00976e-05,False
rs5750211,119,124,-0.220307,2.03985e-05,False
rs5750211,119,125,-0.234367,6.12535e-06,False
rs5750211,119,126,-0.214992,3.38225e-05,False
rs5750211,119,127,-0.22274,1.79639e-05,False
rs5750211,119,128,-0.227902,1.21078e-05,False
rs5750211,119,129,-0.235901,6.16644e-06,False
rs5750211,119,130,-0.234054,7.59849e-06,False
rs5750211,119,131,-0.24116,4.17196e-06,False
rs5750211,119,132,-0.227259,1.52358e-05,False
rs5750211,119,133,-0.246946,2.76705e-06,False
rs5750211,119,134,-0.255519,1.30014e-06,False
rs5750211,119,135,-0.254193,1.53285e-06,False
rs5750211,119,136,-0.264524,5.86713e-07,False
rs5750211,119,137,-0.2748,2.32447e-07,False
rs5750211,119,138,-0.277021,1.94103e-07,False
rs5750211,119,139,-0.2762,2.21632e-07,False
rs5750211,119,140,-0.281365,1.39824e-07,False
rs5750211,119,141,-0.281974,1.43662e-07,False
rs5750211,119,142,-0.275771,2.88172e-07,False
rs5750211,119,143,-0.27207,4.38354e-07,False
rs5750211,119,144,-0.279988,2.17733e-07,False
rs5750211,119,145,-0.273056,4.61032e-07,False
rs5750211,119,146,-0.255243,2.52928e-06,False
rs5750211,119,147,-0.251424,3.67344e-06,False
rs5750211,119,148,-0.25435,2.98231e-06,False
rs5750211,119,149,-0.250655,4.44632e-06,False
rs5750211,119,150,-0.254814,3.35059e-06,False
rs5750211,119,151,-0.258981,2.48499e-06,False
rs5750211,119,152,-0.255945,3.56784e-06,False
rs5750211,119,153,-0.256194,3.78623e-06,False
rs5750211,119,154,-0.253569,5.29533e-06,False
rs5750211,119,155,-0.245252,1.17573e-05,False
rs5750211,119,156,-0.253235,6.7678e-06,False
rs5750211,119,157,-0.255386,6.11266e-06,False
rs5750211,119,158,-0.258019,5.44952e-06,False
rs5750211,119,159,-0.264519,3.56632e-06,False
rs5750211,119,160,-0.258325,6.74208e-06,False
rs5750211,119,161,-0.264467,4.54652e-06,False
rs5750211,119,162,-0.265425,4.95763e-06,False
rs5750211,119,163,-0.266313,5.23512e-06,False
rs5750211,119,164,-0.269971,4.37349e-06,False
rs5750211,119,165,-0.257963,1.3007e-05,False
rs5750211,119,166,-0.27509,3.85249e-06,False
rs5750211,119,167,-0.281214,2.70503e-06,False
rs5750211,119,168,-0.292758,1.21918e-06,False
rs5750211,119,169,-0.292028,1.48495e-06,False
rs5750211,119,170,-0.283487,3.45884e-06,False
rs5750211,119,171,-0.276762,6.52713e-06,False
rs5750211,119,172,-0.267541,1.49016e-05,False
rs5750211,119,173,-0.2726,1.13366e-05,False
rs5750211,119,174,-0.276524,9.56287e-06,False
rs5750211,119,175,-0.270742,1.63804e-05,False
rs5750211,119,176,-0.295864,2.85629e-06,False
rs5750211,119,177,-0.295782,3.2458e-06,False
rs5750211,119,178,-0.276167,1.58091e-05,False
rs5750211,119,179,-0.271256,2.47175e-05,False
rs5750211,119,180,-0.281142,1.39631e-05,False
rs5750211,119,181,-0.267237,4.05322e-05,False
rs5750211,119,182,-0.277967,2.16106e-05,False
rs5750211,119,183,-0.275036,2.92853e-05,False
rs5750211,119,184,-0.271966,3.96264e-05,False
rs5750211,119,185,-0.267624,5.72162e-05,False
rs5750211,119,186,-0.262752,8.54035e-05,False
rs5750211,119,187,-0.269195,6.23314e-05,False
rs5750211,119,188,-0.272444,5.59855e-05,False
rs5750211,119,189,-0.271102,6.59047e-05,False
rs5750211,119,190,-0.26697,9.22749e-05,False
rs5750211,119,191,-0.247239,0.000310164,False
rs5750211,119,192,-0.251358,0.000261297,False
rs5750211,119,193,-0.2659,0.000116956,False
rs5750211,119,194,-0.242843,0.000450269,False
rs5750211,119,195,-0.24381,0.000445285,False
rs5750211,119,196,-0.236799,0.000673238,False
rs5750211,119,197,-0.242973,0.000499163,False
rs5750211,119,198,-0.243292,0.000499317,False
rs5750211,119,199,-0.245335,0.00045287,False
rs5750211,119,200,-0.249464,0.000366152,False
rs5750211,119,201,-0.239104,0.000640129,False
rs5750211,119,202,-0.248902,0.000381163,False
rs5750211,119,203,-0.23252,0.000907225,False
rs5750211,119,204,-0.240381,0.000599182,False
rs5750211,119,205,-0.233053,0.000879956,False
rs5750211,119,206,-0.246725,0.000435198,False
rs5750211,119,207,-0.267105,0.000138376,False
rs5750211,119,208,-0.253074,0.000304945,False
rs5750211,119,209,-0.249595,0.000371475,False
rs5750211,119,210,-0.24866,0.000392583,False
rs5750211,119,211,-0.266975,0.000139966,False
rs5750211,119,212,-0.240109,0.000612822,False
rs5750211,119,213,-0.24437,0.000493641,False
rs5750211,119,214,-0.247557,0.000417816,False
rs5750211,119,215,-0.251325,0.000344996,False
rs5750211,119,216,-0.25657,0.000263946,False
rs5750211,119,217,-0.232624,0.000938948,False
rs5750211,119,218,-0.237983,0.000716126,False
rs5750211,119,219,-0.224477,0.00142352,False
rs5750211,119,220,-0.239709,0.000679995,False
rs5750211,119,221,-0.221498,0.00168848,False
rs5750211,119,222,-0.212266,0.00263938,False
rs5750211,119,223,-0.203161,0.00405835,False
rs5750211,119,224,-0.220596,0.00182593,False
rs5750211,119,225,-0.21648,0.00224955,False
rs5750211,119,226,-0.207333,0.00345149,False
rs5750211,119,227,-0.203609,0.00414985,False
rs5750211,119,228,-0.198942,0.00517505,False
rs5750211,119,229,-0.214132,0.00271512,False
rs5750211,119,230,-0.196704,0.00600886,False
rs5750211,119,231,-0.199398,0.0055004,False
rs5750211,119,232,-0.186329,0.00972867,False
rs5750211,119,233,-0.186449,0.00987885,False
rs5750211,119,234,-0.207454,0.00432297,False
rs5750211,119,235,-0.196285,0.00722734,False
rs5750211,119,236,-0.184876,0.0119278,False
