snip,slice_num,coord_num,beta,pval,is_bonf
rs5752801,1,39,-0.0114945,0.637489,False
rs5752801,1,40,-0.00890184,0.715823,False
rs5752801,1,41,-0.00611887,0.802074,False
rs5752801,1,42,-0.0229929,0.346535,False
rs5752801,1,43,-0.0152874,0.53281,False
rs5752801,1,44,-0.012411,0.61178,False
rs5752801,1,45,-0.0269059,0.271855,False
rs5752801,1,46,-0.0228722,0.351134,False
rs5752801,1,47,-0.0199081,0.417649,False
rs5752801,1,48,-0.033479,0.173441,False
rs5752801,1,49,-0.0220806,0.369405,False
rs5752801,1,50,-0.0264386,0.283045,False
rs5752801,1,51,-0.0266578,0.280363,False
rs5752801,1,52,-0.0310236,0.209004,False
rs5752801,1,53,-0.0270978,0.273569,False
rs5752801,1,54,-0.0270266,0.27572,False
rs5752801,1,55,-0.0395786,0.1118,False
rs5752801,1,56,-0.0345119,0.165941,False
rs5752801,1,57,-0.036005,0.148792,False
rs5752801,1,58,-0.0377848,0.1309,False
rs5752801,1,59,-0.0399911,0.110257,False
rs5752801,1,60,-0.029153,0.245528,False
rs5752801,1,61,-0.0317598,0.206636,False
rs5752801,1,62,-0.0389112,0.123277,False
rs5752801,1,63,-0.0401567,0.111625,False
rs5752801,1,64,-0.0319769,0.206353,False
rs5752801,1,65,-0.042958,0.090355,False
rs5752801,1,66,-0.0422228,0.0967985,False
rs5752801,1,67,-0.0363475,0.153282,False
rs5752801,1,68,-0.0351519,0.1685,False
rs5752801,1,69,-0.0280217,0.272484,False
rs5752801,1,70,-0.0386921,0.130908,False
rs5752801,1,71,-0.03299,0.198647,False
rs5752801,1,72,-0.0231757,0.367644,False
rs5752801,1,73,-0.033246,0.197791,False
rs5752801,1,74,-0.0413089,0.109727,False
rs5752801,1,75,-0.0332409,0.199819,False
rs5752801,1,76,-0.0330488,0.20404,False
rs5752801,1,77,-0.0303984,0.24355,False
rs5752801,1,78,-0.0401024,0.124404,False
rs5752801,1,79,-0.0432508,0.0981728,False
rs5752801,1,80,-0.0463179,0.0775121,False
rs5752801,1,81,-0.0525213,0.0460963,False
rs5752801,1,82,-0.0419925,0.111016,False
rs5752801,1,83,-0.0478536,0.0698822,False
rs5752801,1,84,-0.0507241,0.0556804,False
rs5752801,1,85,-0.0496492,0.0617187,False
rs5752801,1,86,-0.0445156,0.0951535,False
rs5752801,1,87,-0.0576618,0.0310836,False
rs5752801,1,88,-0.0588768,0.0281897,False
rs5752801,1,89,-0.0547406,0.041495,False
rs5752801,1,90,-0.0570614,0.0339231,False
rs5752801,1,91,-0.0626771,0.020108,False
rs5752801,1,92,-0.0630224,0.0199507,False
rs5752801,1,93,-0.062854,0.0204519,False
rs5752801,1,94,-0.0648865,0.0169059,False
rs5752801,1,95,-0.0629815,0.0209937,False
rs5752801,1,96,-0.0610736,0.0253156,False
rs5752801,1,97,-0.0724043,0.00813967,False
rs5752801,1,98,-0.0639097,0.0196801,False
rs5752801,1,99,-0.0686447,0.0123921,False
rs5752801,1,100,-0.0619383,0.0245282,False
rs5752801,1,101,-0.0761063,0.00580705,False
rs5752801,1,102,-0.0781292,0.00476463,False
rs5752801,1,103,-0.0757596,0.00635272,False
rs5752801,1,104,-0.0663288,0.0171348,False
rs5752801,1,105,-0.0729572,0.00893129,False
rs5752801,1,106,-0.0699088,0.0124052,False
rs5752801,1,107,-0.0736622,0.00863282,False
rs5752801,1,108,-0.0774991,0.0058388,False
rs5752801,1,109,-0.0696092,0.0136141,False
rs5752801,1,110,-0.0815758,0.00390202,False
rs5752801,1,111,-0.0779578,0.00598464,False
rs5752801,1,112,-0.0807109,0.00448188,False
rs5752801,1,113,-0.0833624,0.00343733,False
rs5752801,1,114,-0.0798951,0.0051795,False
rs5752801,1,115,-0.0955923,0.000847419,False
rs5752801,1,116,-0.0821703,0.00421798,False
rs5752801,1,117,-0.0889777,0.00198537,False
rs5752801,1,118,-0.0934895,0.00117966,False
rs5752801,1,119,-0.0976401,0.000726868,False
rs5752801,1,120,-0.0925352,0.00141193,False
rs5752801,1,121,-0.0974505,0.000796533,False
rs5752801,1,122,-0.0955529,0.00101777,False
rs5752801,1,123,-0.0872369,0.00277035,False
rs5752801,1,124,-0.0907533,0.00192236,False
rs5752801,1,125,-0.0954678,0.00110958,False
rs5752801,1,126,-0.0938705,0.00136408,False
rs5752801,1,127,-0.0919826,0.00176343,False
rs5752801,1,128,-0.086964,0.00318156,False
rs5752801,1,129,-0.0867795,0.00329212,False
rs5752801,1,130,-0.0952487,0.00130031,False
rs5752801,1,131,-0.0965803,0.00112684,False
rs5752801,1,132,-0.0939864,0.00155561,False
rs5752801,1,133,-0.0914428,0.00210835,False
rs5752801,1,134,-0.100181,0.00077608,False
rs5752801,1,135,-0.0977949,0.00106838,False
rs5752801,1,136,-0.0945471,0.00159497,False
rs5752801,1,137,-0.0998756,0.00087964,False
rs5752801,1,138,-0.103865,0.000568391,False
rs5752801,1,139,-0.0965425,0.001371,False
rs5752801,1,140,-0.0957886,0.00150647,False
rs5752801,1,141,-0.100775,0.000858383,False
rs5752801,1,142,-0.104287,0.000578094,False
rs5752801,1,143,-0.104661,0.00058089,False
rs5752801,1,144,-0.10183,0.000828081,False
rs5752801,1,145,-0.105447,0.000549542,False
rs5752801,1,146,-0.114162,0.000190012,False
rs5752801,1,147,-0.112886,0.000233016,False
rs5752801,1,148,-0.113605,0.000218049,False
rs5752801,1,149,-0.121663,7.76748e-05,False
rs5752801,1,150,-0.12326,6.4905e-05,False
rs5752801,1,151,-0.117414,0.000146659,False
rs5752801,1,152,-0.114524,0.000220928,False
rs5752801,1,153,-0.11532,0.000209295,False
rs5752801,1,154,-0.121226,0.000101179,False
rs5752801,1,155,-0.119197,0.000136426,False
rs5752801,1,156,-0.131811,2.58316e-05,False
rs5752801,1,157,-0.134358,1.8848e-05,False
rs5752801,1,158,-0.135539,1.72861e-05,False
rs5752801,1,159,-0.137434,1.38696e-05,False
rs5752801,1,160,-0.135725,1.87375e-05,False
rs5752801,1,161,-0.137723,1.50745e-05,False
rs5752801,1,162,-0.134809,2.46264e-05,False
rs5752801,1,163,-0.144763,6.37727e-06,False
rs5752801,1,164,-0.147934,4.29777e-06,False
rs5752801,1,165,-0.14004,1.46031e-05,False
rs5752801,1,166,-0.143223,9.76686e-06,False
rs5752801,1,167,-0.143586,1.02542e-05,False
rs5752801,1,168,-0.142953,1.23193e-05,False
rs5752801,1,169,-0.147742,6.79388e-06,False
rs5752801,1,170,-0.150919,4.76649e-06,False
rs5752801,1,171,-0.145106,1.18471e-05,False
rs5752801,1,172,-0.14811,8.70783e-06,False
rs5752801,1,173,-0.151977,5.69904e-06,False
rs5752801,1,174,-0.151272,6.59913e-06,False
rs5752801,1,175,-0.152805,6.06065e-06,False
rs5752801,1,176,-0.147905,1.28163e-05,False
rs5752801,1,177,-0.148959,1.24487e-05,False
rs5752801,1,178,-0.15463,6.25293e-06,False
rs5752801,1,179,-0.159044,3.81394e-06,False
rs5752801,1,180,-0.166881,1.36705e-06,False
rs5752801,1,181,-0.166275,1.69241e-06,False
rs5752801,1,182,-0.165667,2.07775e-06,False
rs5752801,1,183,-0.172291,9.18809e-07,False
rs5752801,1,184,-0.170872,1.29681e-06,False
rs5752801,1,185,-0.171927,1.32842e-06,False
rs5752801,1,186,-0.177807,6.47098e-07,False
rs5752801,1,187,-0.170926,1.99904e-06,False
rs5752801,1,188,-0.180979,5.53366e-07,False
rs5752801,1,189,-0.180553,6.74933e-07,False
rs5752801,1,190,-0.17872,1.03939e-06,False
rs5752801,1,191,-0.181182,8.35243e-07,False
rs5752801,1,192,-0.188399,3.4543e-07,False
rs5752801,1,193,-0.190057,3.16173e-07,False
rs5752801,1,194,-0.191967,2.81972e-07,False
rs5752801,1,195,-0.180069,1.65061e-06,False
rs5752801,1,196,-0.181609,1.47148e-06,False
rs5752801,1,197,-0.18264,1.43095e-06,False
rs5752801,1,198,-0.189835,6.29372e-07,False
rs5752801,1,199,-0.184198,1.50341e-06,False
rs5752801,1,200,-0.177604,3.88403e-06,False
rs5752801,1,201,-0.186999,1.28923e-06,False
rs5752801,1,202,-0.186623,1.47737e-06,False
rs5752801,1,203,-0.192007,8.31159e-07,False
rs5752801,1,204,-0.187775,1.59674e-06,False
rs5752801,1,205,-0.188597,1.58079e-06,False
rs5752801,1,206,-0.19058,1.3044e-06,False
rs5752801,1,207,-0.193783,9.91645e-07,False
rs5752801,1,208,-0.197031,7.24597e-07,False
rs5752801,1,209,-0.187971,2.46038e-06,False
rs5752801,1,210,-0.191895,1.64776e-06,False
rs5752801,1,211,-0.197071,9.49749e-07,False
rs5752801,1,212,-0.195579,1.27316e-06,False
rs5752801,1,213,-0.191209,2.44552e-06,False
rs5752801,1,214,-0.202743,6.57162e-07,False
rs5752801,1,215,-0.194409,1.98709e-06,False
rs5752801,1,216,-0.18694,5.2792e-06,False
rs5752801,1,217,-0.197471,1.66794e-06,False
rs5752801,1,218,-0.191035,3.8659e-06,False
rs5752801,1,219,-0.184448,8.68136e-06,False
rs5752801,1,220,-0.185,8.73975e-06,False
rs5752801,1,221,-0.185588,8.924e-06,False
rs5752801,1,222,-0.184071,1.11779e-05,False
rs5752801,1,223,-0.177764,2.35792e-05,False
rs5752801,1,224,-0.176659,2.8243e-05,False
rs5752801,2,9,-0.00893785,0.732554,False
rs5752801,2,10,-0.0154415,0.550126,False
rs5752801,2,11,-0.00564265,0.825377,False
rs5752801,2,12,-0.00942774,0.708635,False
rs5752801,2,13,-0.0126092,0.615517,False
rs5752801,2,14,-0.00859922,0.729807,False
rs5752801,2,15,-0.0118625,0.631488,False
rs5752801,2,16,-0.0180543,0.463231,False
rs5752801,2,17,-0.00148091,0.951855,False
rs5752801,2,18,-0.0122393,0.617024,False
rs5752801,2,19,-6.4294e-05,0.997893,False
rs5752801,2,20,-0.0105778,0.663292,False
rs5752801,2,21,-3.62498e-06,0.999881,False
rs5752801,2,22,-0.0112857,0.641256,False
rs5752801,2,23,-0.0129919,0.59095,False
rs5752801,2,24,0.00267681,0.911533,False
rs5752801,2,25,-0.00782649,0.745509,False
rs5752801,2,26,-0.00932738,0.698506,False
rs5752801,2,27,-0.00697369,0.77173,False
rs5752801,2,28,-0.00798669,0.740041,False
rs5752801,2,29,0.000966981,0.968021,False
rs5752801,2,30,-0.00860814,0.72038,False
rs5752801,2,31,-0.013127,0.584814,False
rs5752801,2,32,0.00188082,0.937787,False
rs5752801,2,33,-0.00799349,0.739473,False
rs5752801,2,34,-0.0162965,0.497653,False
rs5752801,2,35,3.02367e-05,0.998999,False
rs5752801,2,36,-0.0146701,0.5425,False
rs5752801,2,37,-0.00875876,0.715767,False
rs5752801,2,38,-0.0129831,0.590602,False
rs5752801,2,39,-0.0159442,0.508576,False
rs5752801,2,40,-0.0239598,0.320074,False
rs5752801,2,41,-0.021426,0.37517,False
rs5752801,2,42,-0.0209533,0.387514,False
rs5752801,2,43,-0.0380671,0.116382,False
rs5752801,2,44,-0.0287506,0.235492,False
rs5752801,2,45,-0.0258359,0.286659,False
rs5752801,2,46,-0.0366075,0.132128,False
rs5752801,2,47,-0.0343245,0.158345,False
rs5752801,2,48,-0.029512,0.225376,False
rs5752801,2,49,-0.0346643,0.154528,False
rs5752801,2,50,-0.0281168,0.249649,False
rs5752801,2,51,-0.028612,0.242074,False
rs5752801,2,52,-0.0308808,0.207466,False
rs5752801,2,53,-0.0325352,0.184916,False
rs5752801,2,54,-0.0338079,0.168959,False
rs5752801,2,55,-0.0289422,0.240826,False
rs5752801,2,56,-0.0182939,0.459161,False
rs5752801,2,57,-0.0299629,0.226414,False
rs5752801,2,58,-0.0265631,0.28401,False
rs5752801,2,59,-0.0345596,0.164716,False
rs5752801,2,60,-0.0351405,0.158,False
rs5752801,2,61,-0.0287525,0.250123,False
rs5752801,2,62,-0.0303064,0.225926,False
rs5752801,2,63,-0.0294383,0.240808,False
rs5752801,2,64,-0.019512,0.437863,False
rs5752801,2,65,-0.0321603,0.202479,False
rs5752801,2,66,-0.0356341,0.158748,False
rs5752801,2,67,-0.0339548,0.180165,False
rs5752801,2,68,-0.0368885,0.146336,False
rs5752801,2,69,-0.0358011,0.160161,False
rs5752801,2,70,-0.0459745,0.0713992,False
rs5752801,2,71,-0.0336686,0.188092,False
rs5752801,2,72,-0.0375092,0.144019,False
rs5752801,2,73,-0.0373446,0.147972,False
rs5752801,2,74,-0.038656,0.134058,False
rs5752801,2,75,-0.0360151,0.163058,False
rs5752801,2,76,-0.0374821,0.148433,False
rs5752801,2,77,-0.0358407,0.168054,False
rs5752801,2,78,-0.0349677,0.178936,False
rs5752801,2,79,-0.047229,0.0708192,False
rs5752801,2,80,-0.0433526,0.0980214,False
rs5752801,2,81,-0.045088,0.0863216,False
rs5752801,2,82,-0.0447944,0.0894098,False
rs5752801,2,83,-0.0513546,0.0512591,False
rs5752801,2,84,-0.0549821,0.0374209,False
rs5752801,2,85,-0.0601446,0.0232245,False
rs5752801,2,86,-0.0488601,0.0657743,False
rs5752801,2,87,-0.058945,0.0267388,False
rs5752801,2,88,-0.0516833,0.0526959,False
rs5752801,2,89,-0.049077,0.0661879,False
rs5752801,2,90,-0.0531858,0.0470895,False
rs5752801,2,91,-0.0492114,0.066874,False
rs5752801,2,92,-0.0527471,0.0496961,False
rs5752801,2,93,-0.0553754,0.0396751,False
rs5752801,2,94,-0.0493675,0.0676723,False
rs5752801,2,95,-0.0667859,0.0136102,False
rs5752801,2,96,-0.0591388,0.0291908,False
rs5752801,2,97,-0.0584146,0.0318261,False
rs5752801,2,98,-0.0538378,0.0485057,False
rs5752801,2,99,-0.0609959,0.0256936,False
rs5752801,2,100,-0.0553419,0.0432491,False
rs5752801,2,101,-0.0581247,0.03429,False
rs5752801,2,102,-0.0554214,0.0441735,False
rs5752801,2,103,-0.0622353,0.024132,False
rs5752801,2,104,-0.0645436,0.0196454,False
rs5752801,2,105,-0.0716823,0.00965937,False
rs5752801,2,106,-0.0703121,0.0114015,False
rs5752801,2,107,-0.0768011,0.00585036,False
rs5752801,2,108,-0.0839811,0.00264503,False
rs5752801,2,109,-0.087847,0.00172598,False
rs5752801,2,110,-0.0848999,0.00252591,False
rs5752801,2,111,-0.0904157,0.00133339,False
rs5752801,2,112,-0.0936036,0.000918075,False
rs5752801,2,113,-0.0935073,0.000973287,False
rs5752801,2,114,-0.097449,0.000602317,False
rs5752801,2,115,-0.0811578,0.0044228,False
rs5752801,2,116,-0.0975004,0.000644307,False
rs5752801,2,117,-0.0913786,0.00141154,False
rs5752801,2,118,-0.0979349,0.000638801,False
rs5752801,2,119,-0.0976113,0.000693337,False
rs5752801,2,120,-0.0947613,0.00101012,False
rs5752801,2,121,-0.0885167,0.00220025,False
rs5752801,2,122,-0.0899029,0.00187706,False
rs5752801,2,123,-0.0904787,0.00179158,False
rs5752801,2,124,-0.0866455,0.00287348,False
rs5752801,2,125,-0.093941,0.00122912,False
rs5752801,2,126,-0.0922078,0.00155686,False
rs5752801,2,127,-0.0843464,0.00386058,False
rs5752801,2,128,-0.0928574,0.00149791,False
rs5752801,2,129,-0.0891271,0.00234036,False
rs5752801,2,130,-0.0826714,0.0048237,False
rs5752801,2,131,-0.0853863,0.00368879,False
rs5752801,2,132,-0.0905549,0.00213976,False
rs5752801,2,133,-0.083159,0.00490651,False
rs5752801,2,134,-0.0917002,0.00194783,False
rs5752801,2,135,-0.0917639,0.00198464,False
rs5752801,2,136,-0.0978604,0.00100978,False
rs5752801,2,137,-0.0973673,0.00110028,False
rs5752801,2,138,-0.0895973,0.00271593,False
rs5752801,2,139,-0.0887117,0.00306305,False
rs5752801,2,140,-0.0969416,0.00126409,False
rs5752801,2,141,-0.0978755,0.00115394,False
rs5752801,2,142,-0.0927998,0.00210954,False
rs5752801,2,143,-0.0941831,0.00182663,False
rs5752801,2,144,-0.101065,0.000836038,False
rs5752801,2,145,-0.110536,0.000266303,False
rs5752801,2,146,-0.122102,5.98925e-05,False
rs5752801,2,147,-0.116608,0.000129698,False
rs5752801,2,148,-0.10999,0.00031579,False
rs5752801,2,149,-0.114589,0.000180578,False
rs5752801,2,150,-0.117322,0.000127928,False
rs5752801,2,151,-0.123686,5.71824e-05,False
rs5752801,2,152,-0.132519,1.67633e-05,False
rs5752801,2,153,-0.121725,8.10417e-05,False
rs5752801,2,154,-0.120949,9.19448e-05,False
rs5752801,2,155,-0.121384,9.13072e-05,False
rs5752801,2,156,-0.12514,5.78685e-05,False
rs5752801,2,157,-0.122167,9.01708e-05,False
rs5752801,2,158,-0.120877,0.000110588,False
rs5752801,2,159,-0.115983,0.000218261,False
rs5752801,2,160,-0.119973,0.000138006,False
rs5752801,2,161,-0.120788,0.000132328,False
rs5752801,2,162,-0.122154,0.000115996,False
rs5752801,2,163,-0.115326,0.000282434,False
rs5752801,2,164,-0.128084,5.88008e-05,False
rs5752801,2,165,-0.132201,3.5731e-05,False
rs5752801,2,166,-0.130487,4.84883e-05,False
rs5752801,2,167,-0.136983,2.16988e-05,False
rs5752801,2,168,-0.144504,8.04883e-06,False
rs5752801,2,169,-0.145674,7.45283e-06,False
rs5752801,2,170,-0.139681,1.83483e-05,False
rs5752801,2,171,-0.143016,1.26319e-05,False
rs5752801,2,172,-0.147963,6.76932e-06,False
rs5752801,2,173,-0.150599,5.10107e-06,False
rs5752801,2,174,-0.153399,3.75711e-06,False
rs5752801,2,175,-0.150815,5.93682e-06,False
rs5752801,2,176,-0.156406,2.84794e-06,False
rs5752801,2,177,-0.159818,1.93434e-06,False
rs5752801,2,178,-0.156657,3.45484e-06,False
rs5752801,2,179,-0.167666,7.79897e-07,False
rs5752801,2,180,-0.168608,7.65163e-07,False
rs5752801,2,181,-0.164135,1.70017e-06,False
rs5752801,2,182,-0.161563,2.78326e-06,False
rs5752801,2,183,-0.166957,1.48976e-06,False
rs5752801,2,184,-0.1745,5.78705e-07,False
rs5752801,2,185,-0.175779,5.34351e-07,False
rs5752801,2,186,-0.176316,5.7236e-07,False
rs5752801,2,187,-0.176244,6.84334e-07,False
rs5752801,2,188,-0.185931,1.91474e-07,False
rs5752801,2,189,-0.188784,1.43538e-07,False
rs5752801,2,190,-0.194492,7.07459e-08,False
rs5752801,2,191,-0.199598,3.90073e-08,False
rs5752801,2,192,-0.191556,1.55876e-07,False
rs5752801,2,193,-0.193088,1.49076e-07,False
rs5752801,2,194,-0.193377,1.584e-07,False
rs5752801,2,195,-0.20151,5.77795e-08,False
rs5752801,2,196,-0.19293,2.41687e-07,False
rs5752801,2,197,-0.198412,1.25236e-07,False
rs5752801,2,198,-0.193787,2.79129e-07,False
rs5752801,2,199,-0.202903,9.0771e-08,False
rs5752801,2,200,-0.20355,9.24715e-08,False
rs5752801,2,201,-0.198615,2.19191e-07,False
rs5752801,2,202,-0.19841,2.50618e-07,False
rs5752801,2,203,-0.204019,1.32242e-07,False
rs5752801,2,204,-0.205628,1.23796e-07,False
rs5752801,2,205,-0.21327,4.52656e-08,False
rs5752801,2,206,-0.206601,1.33728e-07,False
rs5752801,2,207,-0.202049,2.86574e-07,False
rs5752801,2,208,-0.20511,2.15042e-07,False
rs5752801,2,209,-0.218003,4.03917e-08,False
rs5752801,2,210,-0.199433,5.48604e-07,False
rs5752801,2,211,-0.210507,1.47197e-07,False
rs5752801,2,212,-0.206227,2.93931e-07,False
rs5752801,2,213,-0.207959,2.49956e-07,False
rs5752801,2,214,-0.203847,5.02001e-07,False
rs5752801,2,215,-0.201569,7.45966e-07,False
rs5752801,2,216,-0.211765,2.2313e-07,False
rs5752801,2,217,-0.20724,4.5169e-07,False
rs5752801,2,218,-0.204173,7.25794e-07,False
rs5752801,2,219,-0.198394,1.59203e-06,False
rs5752801,2,220,-0.200825,1.31178e-06,False
rs5752801,2,221,-0.194103,3.15592e-06,False
rs5752801,2,222,-0.191581,4.59255e-06,False
rs5752801,2,223,-0.190735,5.35835e-06,False
rs5752801,2,224,-0.178151,2.28735e-05,False
rs5752801,2,225,-0.167958,6.91816e-05,False
rs5752801,2,226,-0.178555,2.49886e-05,False
rs5752801,2,227,-0.158072,0.000198025,False
rs5752801,2,228,-0.166348,9.44017e-05,False
rs5752801,2,229,-0.164207,0.000122442,False
rs5752801,2,230,-0.158334,0.000224718,False
rs5752801,2,231,-0.149232,0.000526635,False
rs5752801,2,232,-0.139736,0.00120706,False
rs5752801,2,233,-0.142156,0.00103473,False
rs5752801,2,234,-0.139011,0.00141516,False
rs5752801,2,235,-0.133421,0.00224767,False
rs5752801,2,236,-0.115567,0.00848611,False
rs5752801,2,237,-0.125878,0.00430721,False
rs5752801,2,238,-0.133725,0.00255416,False
rs5752801,2,239,-0.117354,0.0084535,False
rs5752801,2,240,-0.115455,0.0100219,False
rs5752801,2,241,-0.112012,0.0129797,False
rs5752801,2,242,-0.0993684,0.0289901,False
rs5752801,2,243,-0.0931791,0.041972,False
rs5752801,2,244,-0.0925433,0.0452609,False
rs5752801,2,245,-0.0853463,0.0674061,False
rs5752801,2,246,-0.0833663,0.0769536,False
rs5752801,2,247,-0.0748825,0.115921,False
rs5752801,2,248,-0.0689859,0.152386,False
rs5752801,2,249,-0.0672145,0.168742,False
rs5752801,2,250,-0.0522897,0.29152,False
rs5752801,3,7,-0.00128945,0.961125,False
rs5752801,3,8,-0.0112348,0.666942,False
rs5752801,3,9,-0.0122917,0.633357,False
rs5752801,3,10,-0.00835856,0.742557,False
rs5752801,3,11,-0.0156231,0.535396,False
rs5752801,3,12,-0.0131135,0.599129,False
rs5752801,3,13,-0.0183733,0.456873,False
rs5752801,3,14,-0.0106438,0.664158,False
rs5752801,3,15,-0.0246061,0.313425,False
rs5752801,3,16,-0.0104061,0.668499,False
rs5752801,3,17,-0.0119191,0.62267,False
rs5752801,3,18,-0.00739502,0.759052,False
rs5752801,3,19,-0.018665,0.438649,False
rs5752801,3,20,-0.0106506,0.658326,False
rs5752801,3,21,-0.010848,0.650981,False
rs5752801,3,22,-0.0201219,0.401622,False
rs5752801,3,23,-0.00708594,0.767126,False
rs5752801,3,24,-0.017431,0.467069,False
rs5752801,3,25,-0.00353568,0.882548,False
rs5752801,3,26,-0.0168154,0.482761,False
rs5752801,3,27,-0.0017672,0.941122,False
rs5752801,3,28,-0.012546,0.599846,False
rs5752801,3,29,-0.00803696,0.736885,False
rs5752801,3,30,-0.00714673,0.764768,False
rs5752801,3,31,-0.0148974,0.533179,False
rs5752801,3,32,-0.0215102,0.367939,False
rs5752801,3,33,-0.0156998,0.510381,False
rs5752801,3,34,-0.0164058,0.49264,False
rs5752801,3,35,-0.0169011,0.479305,False
rs5752801,3,36,-0.00724829,0.761579,False
rs5752801,3,37,-0.0130406,0.585634,False
rs5752801,3,38,-0.0145535,0.542364,False
rs5752801,3,39,-0.00996027,0.677587,False
rs5752801,3,40,-0.0137656,0.565355,False
rs5752801,3,41,-0.0154605,0.517829,False
rs5752801,3,42,-0.0202222,0.399288,False
rs5752801,3,43,-0.0127709,0.594475,False
rs5752801,3,44,-0.021288,0.376387,False
rs5752801,3,45,-0.0222703,0.354987,False
rs5752801,3,46,-0.0309595,0.19986,False
rs5752801,3,47,-0.0221547,0.359442,False
rs5752801,3,48,-0.0198413,0.411906,False
rs5752801,3,49,-0.0180748,0.455996,False
rs5752801,3,50,-0.0228867,0.347072,False
rs5752801,3,51,-0.0308223,0.205468,False
rs5752801,3,52,-0.0220461,0.365476,False
rs5752801,3,53,-0.0273054,0.263677,False
rs5752801,3,54,-0.0301715,0.218424,False
rs5752801,3,55,-0.027015,0.271838,False
rs5752801,3,56,-0.0347116,0.158536,False
rs5752801,3,57,-0.0244746,0.320989,False
rs5752801,3,58,-0.0268297,0.278395,False
rs5752801,3,59,-0.0345551,0.163639,False
rs5752801,3,60,-0.0232904,0.349451,False
rs5752801,3,61,-0.0247121,0.321663,False
rs5752801,3,62,-0.0409003,0.100954,False
rs5752801,3,63,-0.0325401,0.194403,False
rs5752801,3,64,-0.0289935,0.247916,False
rs5752801,3,65,-0.0313311,0.213248,False
rs5752801,3,66,-0.0380605,0.131054,False
rs5752801,3,67,-0.0319815,0.206325,False
rs5752801,3,68,-0.0393849,0.120627,False
rs5752801,3,69,-0.0380419,0.134727,False
rs5752801,3,70,-0.0456878,0.073065,False
rs5752801,3,71,-0.041778,0.101658,False
rs5752801,3,72,-0.0392112,0.125752,False
rs5752801,3,73,-0.0483012,0.0602158,False
rs5752801,3,74,-0.0399243,0.120901,False
rs5752801,3,75,-0.0499594,0.0531543,False
rs5752801,3,76,-0.0438895,0.0900397,False
rs5752801,3,77,-0.0373654,0.149619,False
rs5752801,3,78,-0.0419074,0.107054,False
rs5752801,3,79,-0.0463269,0.0756311,False
rs5752801,3,80,-0.0478319,0.0675685,False
rs5752801,3,81,-0.0521508,0.046818,False
rs5752801,3,82,-0.044385,0.0911276,False
rs5752801,3,83,-0.0419629,0.11082,False
rs5752801,3,84,-0.0504684,0.0556973,False
rs5752801,3,85,-0.0362626,0.17026,False
rs5752801,3,86,-0.0556586,0.0356875,False
rs5752801,3,87,-0.0512118,0.0538387,False
rs5752801,3,88,-0.0500903,0.059979,False
rs5752801,3,89,-0.0599114,0.0249765,False
rs5752801,3,90,-0.0529305,0.0477804,False
rs5752801,3,91,-0.0518084,0.0532964,False
rs5752801,3,92,-0.044985,0.0942884,False
rs5752801,3,93,-0.0459689,0.08804,False
rs5752801,3,94,-0.0618064,0.022054,False
rs5752801,3,95,-0.0605714,0.0251316,False
rs5752801,3,96,-0.0543003,0.0455443,False
rs5752801,3,97,-0.064647,0.0174527,False
rs5752801,3,98,-0.0647991,0.0172814,False
rs5752801,3,99,-0.06409,0.0187624,False
rs5752801,3,100,-0.0699471,0.0105287,False
rs5752801,3,101,-0.0712735,0.00932473,False
rs5752801,3,102,-0.0761468,0.00552622,False
rs5752801,3,103,-0.0808492,0.00326842,False
rs5752801,3,104,-0.0737403,0.00749383,False
rs5752801,3,105,-0.0669364,0.0153458,False
rs5752801,3,106,-0.0767955,0.00551566,False
rs5752801,3,107,-0.0878649,0.00155744,False
rs5752801,3,108,-0.0848195,0.00230104,False
rs5752801,3,109,-0.0841614,0.00257133,False
rs5752801,3,110,-0.0754565,0.0070008,False
rs5752801,3,111,-0.0750818,0.00745038,False
rs5752801,3,112,-0.0852179,0.00240911,False
rs5752801,3,113,-0.0870128,0.00199776,False
rs5752801,3,114,-0.0858508,0.00235541,False
rs5752801,3,115,-0.0906518,0.00135393,False
rs5752801,3,116,-0.0910773,0.00133836,False
rs5752801,3,117,-0.0883214,0.0019493,False
rs5752801,3,118,-0.0949103,0.000874041,False
rs5752801,3,119,-0.0884186,0.00199573,False
rs5752801,3,120,-0.0858818,0.0027049,False
rs5752801,3,121,-0.0834007,0.00367806,False
rs5752801,3,122,-0.0838034,0.00362464,False
rs5752801,3,123,-0.0910473,0.00157589,False
rs5752801,3,124,-0.100099,0.00052641,False
rs5752801,3,125,-0.0932969,0.00127616,False
rs5752801,3,126,-0.0963228,0.000910318,False
rs5752801,3,127,-0.0853595,0.00328273,False
rs5752801,3,128,-0.088152,0.00245529,False
rs5752801,3,129,-0.0891317,0.00224997,False
rs5752801,3,130,-0.0935387,0.00137285,False
rs5752801,3,131,-0.086264,0.0032416,False
rs5752801,3,132,-0.0897841,0.00223368,False
rs5752801,3,133,-0.0936161,0.00147247,False
rs5752801,3,134,-0.0988484,0.000789296,False
rs5752801,3,135,-0.107267,0.000279611,False
rs5752801,3,136,-0.0980864,0.000911333,False
rs5752801,3,137,-0.094447,0.001449,False
rs5752801,3,138,-0.099637,0.000794692,False
rs5752801,3,139,-0.0983356,0.000953725,False
rs5752801,3,140,-0.0976392,0.00108346,False
rs5752801,3,141,-0.0922778,0.00204302,False
rs5752801,3,142,-0.103499,0.000558297,False
rs5752801,3,143,-0.106837,0.000372399,False
rs5752801,3,144,-0.107575,0.000348009,False
rs5752801,3,145,-0.114061,0.0001554,False
rs5752801,3,146,-0.10776,0.000366541,False
rs5752801,3,147,-0.10154,0.000808445,False
rs5752801,3,148,-0.114255,0.000170497,False
rs5752801,3,149,-0.12417,4.50327e-05,False
rs5752801,3,150,-0.122934,5.70829e-05,False
rs5752801,3,151,-0.119562,9.24809e-05,False
rs5752801,3,152,-0.125286,4.39786e-05,False
rs5752801,3,153,-0.131551,1.85448e-05,False
rs5752801,3,154,-0.134714,1.20915e-05,False
rs5752801,3,155,-0.135565,1.1194e-05,False
rs5752801,3,156,-0.128739,3.15072e-05,False
rs5752801,3,157,-0.126339,4.61262e-05,False
rs5752801,3,158,-0.123313,7.12386e-05,False
rs5752801,3,159,-0.123912,6.93643e-05,False
rs5752801,3,160,-0.12762,4.32822e-05,False
rs5752801,3,161,-0.121023,0.000112145,False
rs5752801,3,162,-0.133657,2.04306e-05,False
rs5752801,3,163,-0.131569,2.92376e-05,False
rs5752801,3,164,-0.127546,5.29214e-05,False
rs5752801,3,165,-0.128486,4.94111e-05,False
rs5752801,3,166,-0.132921,2.8077e-05,False
rs5752801,3,167,-0.131506,3.60618e-05,False
rs5752801,3,168,-0.140296,1.12696e-05,False
rs5752801,3,169,-0.129422,5.50504e-05,False
rs5752801,3,170,-0.143624,8.10399e-06,False
rs5752801,3,171,-0.140391,1.38868e-05,False
rs5752801,3,172,-0.141504,1.34477e-05,False
rs5752801,3,173,-0.142057,1.3072e-05,False
rs5752801,3,174,-0.15054,4.26677e-06,False
rs5752801,3,175,-0.142096,1.58002e-05,False
rs5752801,3,176,-0.136901,3.40426e-05,False
rs5752801,3,177,-0.136978,3.63897e-05,False
rs5752801,3,178,-0.14817,8.98443e-06,False
rs5752801,3,179,-0.153101,5.03715e-06,False
rs5752801,3,180,-0.159137,2.4185e-06,False
rs5752801,3,181,-0.160963,2.10481e-06,False
rs5752801,3,182,-0.164099,1.53166e-06,False
rs5752801,3,183,-0.165565,1.42309e-06,False
rs5752801,3,184,-0.161014,3.04703e-06,False
rs5752801,3,185,-0.170852,8.63221e-07,False
rs5752801,3,186,-0.174644,5.78733e-07,False
rs5752801,3,187,-0.180324,2.88267e-07,False
rs5752801,3,188,-0.173695,8.7616e-07,False
rs5752801,3,189,-0.172166,1.24257e-06,False
rs5752801,3,190,-0.177488,7.00716e-07,False
rs5752801,3,191,-0.184781,2.83422e-07,False
rs5752801,3,192,-0.17479,1.38181e-06,False
rs5752801,3,193,-0.176532,1.22056e-06,False
rs5752801,3,194,-0.174215,1.95854e-06,False
rs5752801,3,195,-0.184475,5.28138e-07,False
rs5752801,3,196,-0.180867,9.98663e-07,False
rs5752801,3,197,-0.186989,4.99959e-07,False
rs5752801,3,198,-0.181458,1.20726e-06,False
rs5752801,3,199,-0.178948,1.90032e-06,False
rs5752801,3,200,-0.185007,9.86382e-07,False
rs5752801,3,201,-0.190156,5.66325e-07,False
rs5752801,3,202,-0.187277,9.29443e-07,False
rs5752801,3,203,-0.191223,6.45736e-07,False
rs5752801,3,204,-0.192353,6.17699e-07,False
rs5752801,3,205,-0.185265,1.80988e-06,False
rs5752801,3,206,-0.203812,1.72357e-07,False
rs5752801,3,207,-0.19321,8.36075e-07,False
rs5752801,3,208,-0.1937,8.71366e-07,False
rs5752801,3,209,-0.204335,2.34022e-07,False
rs5752801,3,210,-0.203109,3.20491e-07,False
rs5752801,3,211,-0.19785,7.01855e-07,False
rs5752801,3,212,-0.19714,8.75218e-07,False
rs5752801,3,213,-0.201524,5.49039e-07,False
rs5752801,3,214,-0.211127,1.79586e-07,False
rs5752801,3,215,-0.201652,7.05678e-07,False
rs5752801,3,216,-0.213263,1.68374e-07,False
rs5752801,3,217,-0.20732,4.0146e-07,False
rs5752801,3,218,-0.198976,1.2964e-06,False
rs5752801,3,219,-0.197412,1.72757e-06,False
rs5752801,3,220,-0.201857,1.09088e-06,False
rs5752801,3,221,-0.195306,2.64642e-06,False
rs5752801,3,222,-0.204239,1.01544e-06,False
rs5752801,3,223,-0.18332,1.17312e-05,False
rs5752801,3,224,-0.200118,1.88227e-06,False
rs5752801,3,225,-0.189335,7.28447e-06,False
rs5752801,3,226,-0.183506,1.43724e-05,False
rs5752801,3,227,-0.181537,1.90395e-05,False
rs5752801,3,228,-0.168842,7.32111e-05,False
rs5752801,3,229,-0.171644,5.95693e-05,False
rs5752801,3,230,-0.16877,8.35218e-05,False
rs5752801,3,231,-0.16348,0.000144364,False
rs5752801,3,232,-0.156262,0.000292782,False
rs5752801,3,233,-0.164908,0.000140733,False
rs5752801,3,234,-0.143161,0.000989505,False
rs5752801,3,235,-0.145762,0.000834826,False
rs5752801,3,236,-0.137556,0.00168118,False
rs5752801,3,237,-0.130092,0.0031188,False
rs5752801,3,238,-0.123509,0.00519096,False
rs5752801,3,239,-0.125499,0.00468887,False
rs5752801,3,240,-0.106491,0.0170759,False
rs5752801,3,241,-0.106803,0.0173201,False
rs5752801,3,242,-0.103322,0.0221088,False
rs5752801,3,243,-0.0943781,0.0380299,False
rs5752801,3,244,-0.0837196,0.0681735,False
rs5752801,3,245,-0.0822732,0.0752583,False
rs5752801,3,246,-0.065229,0.162033,False
rs5752801,3,247,-0.0632759,0.179344,False
rs5752801,3,248,-0.0596041,0.210727,False
rs5752801,3,249,-0.0488344,0.310694,False
rs5752801,3,250,-0.0406479,0.404077,False
rs5752801,4,7,-0.0130532,0.617335,False
rs5752801,4,8,-0.00569399,0.825523,False
rs5752801,4,9,-0.0173521,0.496286,False
rs5752801,4,10,-0.0170171,0.50011,False
rs5752801,4,11,-0.0181353,0.468215,False
rs5752801,4,12,-0.022181,0.370847,False
rs5752801,4,13,-0.0125046,0.61073,False
rs5752801,4,14,-0.0198398,0.417137,False
rs5752801,4,15,-0.0178411,0.461851,False
rs5752801,4,16,-0.0117683,0.626762,False
rs5752801,4,17,-0.0171621,0.475646,False
rs5752801,4,18,-0.00889191,0.711737,False
rs5752801,4,19,-0.00900636,0.70663,False
rs5752801,4,20,-0.006932,0.771213,False
rs5752801,4,21,-0.0122963,0.60623,False
rs5752801,4,22,-0.0137011,0.565076,False
rs5752801,4,23,-0.00861717,0.717655,False
rs5752801,4,24,-0.00205262,0.931125,False
rs5752801,4,25,-0.0164821,0.487737,False
rs5752801,4,26,-0.00347135,0.884006,False
rs5752801,4,27,-0.00487439,0.837417,False
rs5752801,4,28,-0.0151276,0.524853,False
rs5752801,4,29,-0.00533189,0.822478,False
rs5752801,4,30,-0.00284825,0.90456,False
rs5752801,4,31,-0.00887635,0.708967,False
rs5752801,4,32,-0.00799334,0.736735,False
rs5752801,4,33,-0.00751731,0.752212,False
rs5752801,4,34,-0.00896547,0.705992,False
rs5752801,4,35,-0.0121603,0.609493,False
rs5752801,4,36,-0.0242116,0.310333,False
rs5752801,4,37,-0.00956048,0.688385,False
rs5752801,4,38,-0.0134134,0.574554,False
rs5752801,4,39,-0.0222397,0.351381,False
rs5752801,4,40,-0.014337,0.54878,False
rs5752801,4,41,-0.0244474,0.306589,False
rs5752801,4,42,-0.0165714,0.489222,False
rs5752801,4,43,-0.0183035,0.446167,False
rs5752801,4,44,-0.02235,0.352582,False
rs5752801,4,45,-0.0181411,0.450638,False
rs5752801,4,46,-0.0275272,0.254298,False
rs5752801,4,47,-0.0158266,0.512367,False
rs5752801,4,48,-0.0251315,0.298886,False
rs5752801,4,49,-0.0250763,0.300627,False
rs5752801,4,50,-0.025672,0.290048,False
rs5752801,4,51,-0.0221218,0.362547,False
rs5752801,4,52,-0.0213482,0.381361,False
rs5752801,4,53,-0.0272555,0.265421,False
rs5752801,4,54,-0.0263827,0.281931,False
rs5752801,4,55,-0.0150314,0.539617,False
rs5752801,4,56,-0.0189792,0.44042,False
rs5752801,4,57,-0.0221134,0.369578,False
rs5752801,4,58,-0.0268092,0.277609,False
rs5752801,4,59,-0.0233406,0.345371,False
rs5752801,4,60,-0.0234586,0.345162,False
rs5752801,4,61,-0.021337,0.391207,False
rs5752801,4,62,-0.0267024,0.28349,False
rs5752801,4,63,-0.0242425,0.331965,False
rs5752801,4,64,-0.0243284,0.33138,False
rs5752801,4,65,-0.0154346,0.538997,False
rs5752801,4,66,-0.0365968,0.145791,False
rs5752801,4,67,-0.0365775,0.147083,False
rs5752801,4,68,-0.0340242,0.177912,False
rs5752801,4,69,-0.0297396,0.24091,False
rs5752801,4,70,-0.0281874,0.267917,False
rs5752801,4,71,-0.0337646,0.18509,False
rs5752801,4,72,-0.0355394,0.164588,False
rs5752801,4,73,-0.0287937,0.260447,False
rs5752801,4,74,-0.0256435,0.318611,False
rs5752801,4,75,-0.0370271,0.15055,False
rs5752801,4,76,-0.0364782,0.158247,False
rs5752801,4,77,-0.0334321,0.19699,False
rs5752801,4,78,-0.0323276,0.213169,False
rs5752801,4,79,-0.0413278,0.112385,False
rs5752801,4,80,-0.0405255,0.120299,False
rs5752801,4,81,-0.0300976,0.249741,False
rs5752801,4,82,-0.0371934,0.155342,False
rs5752801,4,83,-0.0441716,0.0919986,False
rs5752801,4,84,-0.0458504,0.0813439,False
rs5752801,4,85,-0.0419621,0.111722,False
rs5752801,4,86,-0.0480977,0.0688153,False
rs5752801,4,87,-0.0446222,0.0921922,False
rs5752801,4,88,-0.0504591,0.0568526,False
rs5752801,4,89,-0.051557,0.0526181,False
rs5752801,4,90,-0.0621789,0.0197168,False
rs5752801,4,91,-0.0588558,0.027828,False
rs5752801,4,92,-0.0544406,0.0424451,False
rs5752801,4,93,-0.0589044,0.0282478,False
rs5752801,4,94,-0.0589948,0.0282626,False
rs5752801,4,95,-0.0592784,0.0280733,False
rs5752801,4,96,-0.0638112,0.0183144,False
rs5752801,4,97,-0.0674944,0.0127589,False
rs5752801,4,98,-0.070863,0.0090287,False
rs5752801,4,99,-0.0682918,0.0122542,False
rs5752801,4,100,-0.0721778,0.00825119,False
rs5752801,4,101,-0.0820827,0.00272799,False
rs5752801,4,102,-0.0736529,0.00737459,False
rs5752801,4,103,-0.074115,0.00711251,False
rs5752801,4,104,-0.0724411,0.0086599,False
rs5752801,4,105,-0.0775683,0.00495251,False
rs5752801,4,106,-0.0844566,0.00229358,False
rs5752801,4,107,-0.0736919,0.00786139,False
rs5752801,4,108,-0.0767039,0.00578852,False
rs5752801,4,109,-0.0782564,0.00493079,False
rs5752801,4,110,-0.0766763,0.0060858,False
rs5752801,4,111,-0.0718376,0.0103669,False
rs5752801,4,112,-0.0745935,0.00786974,False
rs5752801,4,113,-0.0817301,0.00363302,False
rs5752801,4,114,-0.0794427,0.00476056,False
rs5752801,4,115,-0.082342,0.00355143,False
rs5752801,4,116,-0.0708869,0.0123427,False
rs5752801,4,117,-0.0728872,0.0103135,False
rs5752801,4,118,-0.0765971,0.00713691,False
rs5752801,4,119,-0.0914196,0.00133877,False
rs5752801,4,120,-0.0895537,0.00172542,False
rs5752801,4,121,-0.0890558,0.00186981,False
rs5752801,4,122,-0.0909196,0.00152773,False
rs5752801,4,123,-0.0917209,0.00143179,False
rs5752801,4,124,-0.0971779,0.000755207,False
rs5752801,4,125,-0.0895804,0.00193038,False
rs5752801,4,126,-0.0802327,0.00560019,False
rs5752801,4,127,-0.0904503,0.00180446,False
rs5752801,4,128,-0.0888997,0.00223784,False
rs5752801,4,129,-0.0897491,0.00206583,False
rs5752801,4,130,-0.0906757,0.00186593,False
rs5752801,4,131,-0.0941584,0.00124471,False
rs5752801,4,132,-0.0933385,0.00141531,False
rs5752801,4,133,-0.0999852,0.000659211,False
rs5752801,4,134,-0.0951685,0.00121204,False
rs5752801,4,135,-0.0914468,0.00187836,False
rs5752801,4,136,-0.0942612,0.00138318,False
rs5752801,4,137,-0.0968047,0.00105684,False
rs5752801,4,138,-0.0918431,0.00195237,False
rs5752801,4,139,-0.0964773,0.00114722,False
rs5752801,4,140,-0.0976315,0.00101975,False
rs5752801,4,141,-0.0920139,0.00200553,False
rs5752801,4,142,-0.0946307,0.00151824,False
rs5752801,4,143,-0.0877983,0.00332466,False
rs5752801,4,144,-0.0895965,0.00277135,False
rs5752801,4,145,-0.0907332,0.00250877,False
rs5752801,4,146,-0.0943956,0.00169944,False
rs5752801,4,147,-0.0958342,0.00148243,False
rs5752801,4,148,-0.0970371,0.00130428,False
rs5752801,4,149,-0.101725,0.000770702,False
rs5752801,4,150,-0.106333,0.000451876,False
rs5752801,4,151,-0.109061,0.000330669,False
rs5752801,4,152,-0.10654,0.000467465,False
rs5752801,4,153,-0.115834,0.000147323,False
rs5752801,4,154,-0.117822,0.000117639,False
rs5752801,4,155,-0.122384,6.66612e-05,False
rs5752801,4,156,-0.123005,6.22239e-05,False
rs5752801,4,157,-0.113477,0.000225455,False
rs5752801,4,158,-0.107605,0.000491121,False
rs5752801,4,159,-0.101278,0.00105159,False
rs5752801,4,160,-0.108101,0.000493515,False
rs5752801,4,161,-0.1151,0.000218744,False
rs5752801,4,162,-0.123004,8.03197e-05,False
rs5752801,4,163,-0.125504,5.84174e-05,False
rs5752801,4,164,-0.125367,6.27599e-05,False
rs5752801,4,165,-0.121519,0.000109531,False
rs5752801,4,166,-0.127654,5.0281e-05,False
rs5752801,4,167,-0.121088,0.000128417,False
rs5752801,4,168,-0.125736,7.42184e-05,False
rs5752801,4,169,-0.127894,5.88323e-05,False
rs5752801,4,170,-0.138664,1.40882e-05,False
rs5752801,4,171,-0.139037,1.46498e-05,False
rs5752801,4,172,-0.131957,4.20892e-05,False
rs5752801,4,173,-0.134847,2.98535e-05,False
rs5752801,4,174,-0.147089,5.74097e-06,False
rs5752801,4,175,-0.140515,1.63652e-05,False
rs5752801,4,176,-0.141061,1.67477e-05,False
rs5752801,4,177,-0.137479,2.99456e-05,False
rs5752801,4,178,-0.147359,8.33688e-06,False
rs5752801,4,179,-0.157945,1.96954e-06,False
rs5752801,4,180,-0.160595,1.53354e-06,False
rs5752801,4,181,-0.152899,5.23283e-06,False
rs5752801,4,182,-0.153737,5.109e-06,False
rs5752801,4,183,-0.150737,9.00079e-06,False
rs5752801,4,184,-0.158093,3.70095e-06,False
rs5752801,4,185,-0.167384,1.11494e-06,False
rs5752801,4,186,-0.166424,1.41723e-06,False
rs5752801,4,187,-0.169221,1.11136e-06,False
rs5752801,4,188,-0.171028,1.00364e-06,False
rs5752801,4,189,-0.185589,1.28141e-07,False
rs5752801,4,190,-0.173723,9.28444e-07,False
rs5752801,4,191,-0.181122,3.69821e-07,False
rs5752801,4,192,-0.187021,1.74642e-07,False
rs5752801,4,193,-0.183468,3.47411e-07,False
rs5752801,4,194,-0.180116,6.7363e-07,False
rs5752801,4,195,-0.174312,1.72582e-06,False
rs5752801,4,196,-0.188066,2.91277e-07,False
rs5752801,4,197,-0.189196,2.9486e-07,False
rs5752801,4,198,-0.202052,5.02052e-08,False
rs5752801,4,199,-0.188469,4.21652e-07,False
rs5752801,4,200,-0.193153,2.54414e-07,False
rs5752801,4,201,-0.198968,1.28732e-07,False
rs5752801,4,202,-0.201181,1.07658e-07,False
rs5752801,4,203,-0.192507,4.35211e-07,False
rs5752801,4,204,-0.200471,1.64207e-07,False
rs5752801,4,205,-0.203346,1.26074e-07,False
rs5752801,4,206,-0.198779,2.79906e-07,False
rs5752801,4,207,-0.207255,9.57689e-08,False
rs5752801,4,208,-0.201788,2.41994e-07,False
rs5752801,4,209,-0.206212,1.53391e-07,False
rs5752801,4,210,-0.206069,1.77074e-07,False
rs5752801,4,211,-0.213286,7.36154e-08,False
rs5752801,4,212,-0.212591,9.8583e-08,False
rs5752801,4,213,-0.220333,3.91269e-08,False
rs5752801,4,214,-0.217596,6.62381e-08,False
rs5752801,4,215,-0.212978,1.39333e-07,False
rs5752801,4,216,-0.227572,2.23882e-08,False
rs5752801,4,217,-0.221865,5.60034e-08,False
rs5752801,4,218,-0.220017,8.15258e-08,False
rs5752801,4,219,-0.221534,7.5859e-08,False
rs5752801,4,220,-0.214758,2.14044e-07,False
rs5752801,4,221,-0.22998,3.16668e-08,False
rs5752801,4,222,-0.216096,2.23248e-07,False
rs5752801,4,223,-0.216644,2.37715e-07,False
rs5752801,4,224,-0.209758,6.26255e-07,False
rs5752801,4,225,-0.210437,6.06559e-07,False
rs5752801,4,226,-0.20622,1.11811e-06,False
rs5752801,4,227,-0.201525,2.21411e-06,False
rs5752801,4,228,-0.191383,7.30916e-06,False
rs5752801,4,229,-0.192814,6.72122e-06,False
rs5752801,4,230,-0.180544,2.62534e-05,False
rs5752801,4,231,-0.18621,1.58756e-05,False
rs5752801,4,232,-0.172474,6.73458e-05,False
rs5752801,4,233,-0.16391,0.000160256,False
rs5752801,4,234,-0.170484,9.12409e-05,False
rs5752801,4,235,-0.167528,0.000126564,False
rs5752801,4,236,-0.162993,0.000203311,False
rs5752801,4,237,-0.155205,0.000432523,False
rs5752801,4,238,-0.142829,0.00125387,False
rs5752801,4,239,-0.140978,0.00150884,False
rs5752801,4,240,-0.142998,0.00136642,False
rs5752801,4,241,-0.125026,0.00539005,False
rs5752801,4,242,-0.133688,0.0030589,False
rs5752801,4,243,-0.118693,0.00901206,False
rs5752801,4,244,-0.112105,0.0143112,False
rs5752801,4,245,-0.102936,0.0255254,False
rs5752801,4,246,-0.0901083,0.0525687,False
rs5752801,4,247,-0.0820096,0.0805758,False
rs5752801,4,248,-0.0798462,0.0921437,False
rs5752801,4,249,-0.0773469,0.10619,False
rs5752801,4,250,-0.061998,0.200005,False
rs5752801,4,251,-0.0540179,0.269257,False
rs5752801,5,7,-0.016464,0.524928,False
rs5752801,5,8,-0.0170613,0.505391,False
rs5752801,5,9,-0.0230107,0.36447,False
rs5752801,5,10,-0.0292094,0.244847,False
rs5752801,5,11,-0.0340819,0.170405,False
rs5752801,5,12,-0.0304618,0.216085,False
rs5752801,5,13,-0.0266446,0.275463,False
rs5752801,5,14,-0.0286687,0.238302,False
rs5752801,5,15,-0.0282913,0.2423,False
rs5752801,5,16,-0.0173293,0.471159,False
rs5752801,5,17,-0.0215209,0.370474,False
rs5752801,5,18,-0.022609,0.344771,False
rs5752801,5,19,-0.0189519,0.427682,False
rs5752801,5,20,-0.0259614,0.275822,False
rs5752801,5,21,-0.0176103,0.458379,False
rs5752801,5,22,-0.00222814,0.925405,False
rs5752801,5,23,-0.0158342,0.505603,False
rs5752801,5,24,-0.0135721,0.568757,False
rs5752801,5,25,-0.0082868,0.726622,False
rs5752801,5,26,-0.0232118,0.329159,False
rs5752801,5,27,-0.00570087,0.810241,False
rs5752801,5,28,-0.00700569,0.767845,False
rs5752801,5,29,-0.0120799,0.610999,False
rs5752801,5,30,-0.00365059,0.877666,False
rs5752801,5,31,-0.0176399,0.45688,False
rs5752801,5,32,-0.0131534,0.579743,False
rs5752801,5,33,-0.0239956,0.312947,False
rs5752801,5,34,-0.0259012,0.275734,False
rs5752801,5,35,-0.0276602,0.243547,False
rs5752801,5,36,-0.0293335,0.216679,False
rs5752801,5,37,-0.0223053,0.348768,False
rs5752801,5,38,-0.0330634,0.165094,False
rs5752801,5,39,-0.0340939,0.152567,False
rs5752801,5,40,-0.0304488,0.202181,False
rs5752801,5,41,-0.0253508,0.287824,False
rs5752801,5,42,-0.0313905,0.189166,False
rs5752801,5,43,-0.0191489,0.424249,False
rs5752801,5,44,-0.0332759,0.165306,False
rs5752801,5,45,-0.0310916,0.195733,False
rs5752801,5,46,-0.0257852,0.283212,False
rs5752801,5,47,-0.0300209,0.212725,False
rs5752801,5,48,-0.0269966,0.26397,False
rs5752801,5,49,-0.0170406,0.480832,False
rs5752801,5,50,-0.0211354,0.383189,False
rs5752801,5,51,-0.0240511,0.321817,False
rs5752801,5,52,-0.0202682,0.404962,False
rs5752801,5,53,-0.0228523,0.348115,False
rs5752801,5,54,-0.0243547,0.318081,False
rs5752801,5,55,-0.0240424,0.325945,False
rs5752801,5,56,-0.02704,0.271056,False
rs5752801,5,57,-0.0274513,0.263553,False
rs5752801,5,58,-0.0300672,0.221533,False
rs5752801,5,59,-0.0275058,0.264844,False
rs5752801,5,60,-0.0259871,0.293935,False
rs5752801,5,61,-0.0292045,0.238032,False
rs5752801,5,62,-0.0286351,0.248824,False
rs5752801,5,63,-0.0158124,0.525117,False
rs5752801,5,64,-0.0247331,0.322052,False
rs5752801,5,65,-0.0261305,0.296692,False
rs5752801,5,66,-0.0401121,0.11035,False
rs5752801,5,67,-0.031506,0.210868,False
rs5752801,5,68,-0.0281437,0.264395,False
rs5752801,5,69,-0.0275375,0.276733,False
rs5752801,5,70,-0.0399239,0.116036,False
rs5752801,5,71,-0.0381326,0.134928,False
rs5752801,5,72,-0.0341238,0.181592,False
rs5752801,5,73,-0.0350772,0.170674,False
rs5752801,5,74,-0.0494204,0.0540202,False
rs5752801,5,75,-0.0428162,0.0963011,False
rs5752801,5,76,-0.0478351,0.0640765,False
rs5752801,5,77,-0.0509731,0.0489762,False
rs5752801,5,78,-0.0503976,0.0521486,False
rs5752801,5,79,-0.0466877,0.0723335,False
rs5752801,5,80,-0.054457,0.0365576,False
rs5752801,5,81,-0.0410199,0.116122,False
rs5752801,5,82,-0.0410956,0.116165,False
rs5752801,5,83,-0.0357534,0.173366,False
rs5752801,5,84,-0.0419214,0.111409,False
rs5752801,5,85,-0.0390718,0.138051,False
rs5752801,5,86,-0.0564393,0.0325382,False
rs5752801,5,87,-0.0489521,0.064247,False
rs5752801,5,88,-0.0403095,0.129061,False
rs5752801,5,89,-0.0390195,0.142503,False
rs5752801,5,90,-0.0400544,0.133148,False
rs5752801,5,91,-0.0420163,0.116633,False
rs5752801,5,92,-0.0463417,0.0843822,False
rs5752801,5,93,-0.04376,0.102672,False
rs5752801,5,94,-0.0487989,0.069892,False
rs5752801,5,95,-0.0488641,0.0700032,False
rs5752801,5,96,-0.0488547,0.0707279,False
rs5752801,5,97,-0.0452678,0.0950633,False
rs5752801,5,98,-0.0483077,0.0753692,False
rs5752801,5,99,-0.0586121,0.0309289,False
rs5752801,5,100,-0.0632722,0.0201616,False
rs5752801,5,101,-0.0662454,0.0152355,False
rs5752801,5,102,-0.0669653,0.0144344,False
rs5752801,5,103,-0.050513,0.0659259,False
rs5752801,5,104,-0.0603963,0.0281643,False
rs5752801,5,105,-0.0706762,0.0105193,False
rs5752801,5,106,-0.0707716,0.0105308,False
rs5752801,5,107,-0.069452,0.0121703,False
rs5752801,5,108,-0.0605288,0.0292702,False
rs5752801,5,109,-0.062829,0.0241111,False
rs5752801,5,110,-0.069264,0.0130631,False
rs5752801,5,111,-0.0821758,0.00331191,False
rs5752801,5,112,-0.0807131,0.00398074,False
rs5752801,5,113,-0.0795817,0.00460359,False
rs5752801,5,114,-0.0784671,0.00535213,False
rs5752801,5,115,-0.077329,0.00612076,False
rs5752801,5,116,-0.0867014,0.0021804,False
rs5752801,5,117,-0.0787883,0.00545067,False
rs5752801,5,118,-0.0715265,0.0118137,False
rs5752801,5,119,-0.0758724,0.00766503,False
rs5752801,5,120,-0.0901635,0.00155357,False
rs5752801,5,121,-0.0835351,0.00345377,False
rs5752801,5,122,-0.0788853,0.00586011,False
rs5752801,5,123,-0.0813633,0.00456676,False
rs5752801,5,124,-0.0847171,0.0032079,False
rs5752801,5,125,-0.0903851,0.0016832,False
rs5752801,5,126,-0.0830824,0.00393607,False
rs5752801,5,127,-0.0866851,0.00267655,False
rs5752801,5,128,-0.08383,0.00376194,False
rs5752801,5,129,-0.0875438,0.00257003,False
rs5752801,5,130,-0.0901375,0.00194072,False
rs5752801,5,131,-0.0867961,0.0028782,False
rs5752801,5,132,-0.0862736,0.00312121,False
rs5752801,5,133,-0.0856785,0.00340287,False
rs5752801,5,134,-0.087539,0.00279132,False
rs5752801,5,135,-0.0932221,0.00145942,False
rs5752801,5,136,-0.09219,0.00167798,False
rs5752801,5,137,-0.0833056,0.00453672,False
rs5752801,5,138,-0.0841258,0.00422623,False
rs5752801,5,139,-0.0837774,0.00459803,False
rs5752801,5,140,-0.0841551,0.00447935,False
rs5752801,5,141,-0.0747018,0.0116178,False
rs5752801,5,142,-0.0819,0.00571054,False
rs5752801,5,143,-0.0880409,0.00303715,False
rs5752801,5,144,-0.0876339,0.0032259,False
rs5752801,5,145,-0.0907122,0.00235577,False
rs5752801,5,146,-0.091603,0.0021524,False
rs5752801,5,147,-0.0981999,0.0010262,False
rs5752801,5,148,-0.0985827,0.00101112,False
rs5752801,5,149,-0.0932407,0.00190896,False
rs5752801,5,150,-0.10019,0.000875758,False
rs5752801,5,151,-0.0960927,0.00142543,False
rs5752801,5,152,-0.0991467,0.00103082,False
rs5752801,5,153,-0.101412,0.000799556,False
rs5752801,5,154,-0.10196,0.000760977,False
rs5752801,5,155,-0.0990698,0.00109306,False
rs5752801,5,156,-0.102556,0.000740415,False
rs5752801,5,157,-0.102144,0.000799578,False
rs5752801,5,158,-0.100583,0.000975345,False
rs5752801,5,159,-0.102561,0.000802527,False
rs5752801,5,160,-0.107388,0.000470834,False
rs5752801,5,161,-0.10725,0.000487852,False
rs5752801,5,162,-0.10566,0.000610559,False
rs5752801,5,163,-0.112381,0.000282721,False
rs5752801,5,164,-0.117016,0.00016241,False
rs5752801,5,165,-0.113125,0.000274143,False
rs5752801,5,166,-0.121531,9.82519e-05,False
rs5752801,5,167,-0.121902,9.74703e-05,False
rs5752801,5,168,-0.121521,0.000108008,False
rs5752801,5,169,-0.12343,8.97671e-05,False
rs5752801,5,170,-0.130175,3.84394e-05,False
rs5752801,5,171,-0.128421,5.15269e-05,False
rs5752801,5,172,-0.123177,0.00010986,False
rs5752801,5,173,-0.123642,0.000110251,False
rs5752801,5,174,-0.12616,8.4071e-05,False
rs5752801,5,175,-0.13384,3.2336e-05,False
rs5752801,5,176,-0.14883,4.17846e-06,False
rs5752801,5,177,-0.135706,2.92773e-05,False
rs5752801,5,178,-0.138857,2.12578e-05,False
rs5752801,5,179,-0.147379,7.35259e-06,False
rs5752801,5,180,-0.146159,9.54145e-06,False
rs5752801,5,181,-0.148836,7.13091e-06,False
rs5752801,5,182,-0.149122,7.84997e-06,False
rs5752801,5,183,-0.149835,7.9042e-06,False
rs5752801,5,184,-0.154383,4.71078e-06,False
rs5752801,5,185,-0.159112,2.6874e-06,False
rs5752801,5,186,-0.167231,9.72088e-07,False
rs5752801,5,187,-0.171471,6.00413e-07,False
rs5752801,5,188,-0.171467,6.88144e-07,False
rs5752801,5,189,-0.165663,1.92515e-06,False
rs5752801,5,190,-0.16905,1.3991e-06,False
rs5752801,5,191,-0.168404,1.7362e-06,False
rs5752801,5,192,-0.169015,1.82663e-06,False
rs5752801,5,193,-0.170065,1.84677e-06,False
rs5752801,5,194,-0.174166,1.2262e-06,False
rs5752801,5,195,-0.178875,7.47222e-07,False
rs5752801,5,196,-0.176255,1.19857e-06,False
rs5752801,5,197,-0.182202,6.19292e-07,False
rs5752801,5,198,-0.182571,6.76991e-07,False
rs5752801,5,199,-0.183826,6.60905e-07,False
rs5752801,5,200,-0.181381,1.0426e-06,False
rs5752801,5,201,-0.188174,4.64591e-07,False
rs5752801,5,202,-0.188779,5.01944e-07,False
rs5752801,5,203,-0.189904,4.88166e-07,False
rs5752801,5,204,-0.199005,1.63931e-07,False
rs5752801,5,205,-0.202961,1.07384e-07,False
rs5752801,5,206,-0.189887,7.67244e-07,False
rs5752801,5,207,-0.19734,3.19465e-07,False
rs5752801,5,208,-0.199696,2.69713e-07,False
rs5752801,5,209,-0.204093,1.74861e-07,False
rs5752801,5,210,-0.203252,2.29821e-07,False
rs5752801,5,211,-0.208282,1.33565e-07,False
rs5752801,5,212,-0.208349,1.4934e-07,False
rs5752801,5,213,-0.22366,2.02842e-08,False
rs5752801,5,214,-0.217357,6.12566e-08,False
rs5752801,5,215,-0.210978,1.71203e-07,False
rs5752801,5,216,-0.221333,4.74748e-08,False
rs5752801,5,217,-0.223809,4.02951e-08,False
rs5752801,5,218,-0.223069,5.21136e-08,False
rs5752801,5,219,-0.221277,7.42769e-08,False
rs5752801,5,220,-0.222624,7.10347e-08,False
rs5752801,5,221,-0.216646,1.79802e-07,False
rs5752801,5,222,-0.218647,1.62253e-07,False
rs5752801,5,223,-0.21249,3.92158e-07,False
rs5752801,5,224,-0.215567,2.94783e-07,False
rs5752801,5,225,-0.211236,5.62203e-07,False
rs5752801,5,226,-0.207314,1.03806e-06,False
rs5752801,5,227,-0.200301,2.52175e-06,False
rs5752801,5,228,-0.199098,3.17897e-06,False
rs5752801,5,229,-0.193004,6.69427e-06,False
rs5752801,5,230,-0.194848,5.98531e-06,False
rs5752801,5,231,-0.195214,6.1447e-06,False
rs5752801,5,232,-0.188359,1.36078e-05,False
rs5752801,5,233,-0.176347,4.97097e-05,False
rs5752801,5,234,-0.180705,3.34666e-05,False
rs5752801,5,235,-0.174869,6.4931e-05,False
rs5752801,5,236,-0.161205,0.000244882,False
rs5752801,5,237,-0.162433,0.000229487,False
rs5752801,5,238,-0.158624,0.000341177,False
rs5752801,5,239,-0.152683,0.000597843,False
rs5752801,5,240,-0.146753,0.00102168,False
rs5752801,5,241,-0.142894,0.00145758,False
rs5752801,5,242,-0.130092,0.00392306,False
rs5752801,5,243,-0.124585,0.00605837,False
rs5752801,5,244,-0.126372,0.00568668,False
rs5752801,5,245,-0.10849,0.018536,False
rs5752801,5,246,-0.10576,0.0225485,False
rs5752801,5,247,-0.101733,0.0296683,False
rs5752801,5,248,-0.0941727,0.0460115,False
rs5752801,5,249,-0.0808844,0.0897269,False
rs5752801,5,250,-0.0768301,0.1106,False
rs5752801,5,251,-0.060397,0.214099,False
rs5752801,6,7,-0.0114125,0.658951,False
rs5752801,6,8,-0.0113762,0.65745,False
rs5752801,6,9,-0.019936,0.429479,False
rs5752801,6,10,-0.0120202,0.631023,False
rs5752801,6,11,-0.0115994,0.639278,False
rs5752801,6,12,-0.0175193,0.475497,False
rs5752801,6,13,-0.0195695,0.4216,False
rs5752801,6,14,-0.0171846,0.478044,False
rs5752801,6,15,-0.00636198,0.79158,False
rs5752801,6,16,-0.00885878,0.711714,False
rs5752801,6,17,-0.0138203,0.563006,False
rs5752801,6,18,-0.0153453,0.51969,False
rs5752801,6,19,-0.00557974,0.814814,False
rs5752801,6,20,-0.0120746,0.610539,False
rs5752801,6,21,-0.00540638,0.819994,False
rs5752801,6,22,0.000536468,0.981981,False
rs5752801,6,23,0.00889467,0.707695,False
rs5752801,6,24,-0.00580504,0.806495,False
rs5752801,6,25,0.00195597,0.934232,False
rs5752801,6,26,-0.00989607,0.676669,False
rs5752801,6,27,-0.0066804,0.778231,False
rs5752801,6,28,-0.000196426,0.99338,False
rs5752801,6,29,-0.0017356,0.941552,False
rs5752801,6,30,-0.00996224,0.674179,False
rs5752801,6,31,-0.0140416,0.553364,False
rs5752801,6,32,-0.00545055,0.818396,False
rs5752801,6,33,-0.0128173,0.58881,False
rs5752801,6,34,-0.0211721,0.372596,False
rs5752801,6,35,-0.00948806,0.689367,False
rs5752801,6,36,-0.0142855,0.548057,False
rs5752801,6,37,-0.0148239,0.5333,False
rs5752801,6,38,-0.0197759,0.406288,False
rs5752801,6,39,-0.0164949,0.489329,False
rs5752801,6,40,-0.0201041,0.399833,False
rs5752801,6,41,-0.0320511,0.180189,False
rs5752801,6,42,-0.0125698,0.59939,False
rs5752801,6,43,-0.0219416,0.360909,False
rs5752801,6,44,-0.0296941,0.216449,False
rs5752801,6,45,-0.0192795,0.423185,False
rs5752801,6,46,-0.0221072,0.359049,False
rs5752801,6,47,-0.0179465,0.457329,False
rs5752801,6,48,-0.033926,0.16071,False
rs5752801,6,49,-0.0302394,0.212029,False
rs5752801,6,50,-0.0348221,0.150943,False
rs5752801,6,51,-0.0275521,0.25633,False
rs5752801,6,52,-0.0301481,0.215561,False
rs5752801,6,53,-0.0340195,0.162194,False
rs5752801,6,54,-0.0288661,0.236436,False
rs5752801,6,55,-0.0364206,0.136451,False
rs5752801,6,56,-0.0320742,0.189523,False
rs5752801,6,57,-0.0177999,0.46806,False
rs5752801,6,58,-0.0316871,0.197055,False
rs5752801,6,59,-0.0224679,0.361363,False
rs5752801,6,60,-0.0233826,0.342882,False
rs5752801,6,61,-0.0181265,0.463438,False
rs5752801,6,62,-0.023723,0.338096,False
rs5752801,6,63,-0.0237381,0.338796,False
rs5752801,6,64,-0.0322216,0.195748,False
rs5752801,6,65,-0.0263029,0.292508,False
rs5752801,6,66,-0.0304469,0.223112,False
rs5752801,6,67,-0.0199358,0.426817,False
rs5752801,6,68,-0.0366261,0.146207,False
rs5752801,6,69,-0.0322762,0.200918,False
rs5752801,6,70,-0.03488,0.167759,False
rs5752801,6,71,-0.0314877,0.215356,False
rs5752801,6,72,-0.0319595,0.210688,False
rs5752801,6,73,-0.0378823,0.137223,False
rs5752801,6,74,-0.0367831,0.151208,False
rs5752801,6,75,-0.0375269,0.144264,False
rs5752801,6,76,-0.0379071,0.141453,False
rs5752801,6,77,-0.0362184,0.160772,False
rs5752801,6,78,-0.0332569,0.198646,False
rs5752801,6,79,-0.0385681,0.137173,False
rs5752801,6,80,-0.0407545,0.117537,False
rs5752801,6,81,-0.0517351,0.04737,False
rs5752801,6,82,-0.0446967,0.0880963,False
rs5752801,6,83,-0.0460161,0.079749,False
rs5752801,6,84,-0.0459229,0.0810765,False
rs5752801,6,85,-0.0482404,0.0674892,False
rs5752801,6,86,-0.0489213,0.0642631,False
rs5752801,6,87,-0.0476494,0.0723396,False
rs5752801,6,88,-0.0419821,0.113427,False
rs5752801,6,89,-0.0612675,0.0215718,False
rs5752801,6,90,-0.0654188,0.0144102,False
rs5752801,6,91,-0.0502769,0.0599876,False
rs5752801,6,92,-0.0574787,0.0320572,False
rs5752801,6,93,-0.0585352,0.0295211,False
rs5752801,6,94,-0.0612759,0.0228872,False
rs5752801,6,95,-0.0654371,0.0153499,False
rs5752801,6,96,-0.0615548,0.0231831,False
rs5752801,6,97,-0.0588502,0.0299701,False
rs5752801,6,98,-0.071815,0.00829677,False
rs5752801,6,99,-0.0714518,0.0087702,False
rs5752801,6,100,-0.0754256,0.00570607,False
rs5752801,6,101,-0.0744293,0.0065701,False
rs5752801,6,102,-0.0744608,0.00670362,False
rs5752801,6,103,-0.0761175,0.0056447,False
rs5752801,6,104,-0.0711835,0.00982195,False
rs5752801,6,105,-0.0736809,0.00762584,False
rs5752801,6,106,-0.0721013,0.00933164,False
rs5752801,6,107,-0.0728866,0.00872674,False
rs5752801,6,108,-0.0813541,0.00349274,False
rs5752801,6,109,-0.0800406,0.00413176,False
rs5752801,6,110,-0.0840064,0.00268109,False
rs5752801,6,111,-0.0861943,0.00213724,False
rs5752801,6,112,-0.0801913,0.00434774,False
rs5752801,6,113,-0.0865558,0.00212846,False
rs5752801,6,114,-0.0882749,0.00174301,False
rs5752801,6,115,-0.0827445,0.00347158,False
rs5752801,6,116,-0.0874533,0.00204452,False
rs5752801,6,117,-0.0888211,0.0017717,False
rs5752801,6,118,-0.0846304,0.00296628,False
rs5752801,6,119,-0.0840922,0.00319032,False
rs5752801,6,120,-0.0915558,0.00134093,False
rs5752801,6,121,-0.0863173,0.00257366,False
rs5752801,6,122,-0.0844683,0.00322749,False
rs5752801,6,123,-0.0845655,0.0032491,False
rs5752801,6,124,-0.0883265,0.00213795,False
rs5752801,6,125,-0.0904882,0.00169514,False
rs5752801,6,126,-0.0803386,0.00543382,False
rs5752801,6,127,-0.0841513,0.00362303,False
rs5752801,6,128,-0.0858627,0.0030296,False
rs5752801,6,129,-0.0872263,0.00263156,False
rs5752801,6,130,-0.0874843,0.00256853,False
rs5752801,6,131,-0.0854535,0.00329862,False
rs5752801,6,132,-0.0886095,0.00237515,False
rs5752801,6,133,-0.0825498,0.00474527,False
rs5752801,6,134,-0.0765149,0.00890881,False
rs5752801,6,135,-0.0754879,0.0100167,False
rs5752801,6,136,-0.0792227,0.0069994,False
rs5752801,6,137,-0.0941387,0.00138002,False
rs5752801,6,138,-0.0853962,0.0037801,False
rs5752801,6,139,-0.0940707,0.0014396,False
rs5752801,6,140,-0.0875211,0.00305512,False
rs5752801,6,141,-0.0887454,0.00274304,False
rs5752801,6,142,-0.0818295,0.00582393,False
rs5752801,6,143,-0.0808033,0.00649644,False
rs5752801,6,144,-0.0861272,0.00381615,False
rs5752801,6,145,-0.0852791,0.00425104,False
rs5752801,6,146,-0.0904376,0.00245533,False
rs5752801,6,147,-0.0978723,0.00106347,False
rs5752801,6,148,-0.0955854,0.00143685,False
rs5752801,6,149,-0.0943359,0.00166703,False
rs5752801,6,150,-0.0966629,0.00128908,False
rs5752801,6,151,-0.106085,0.000422359,False
rs5752801,6,152,-0.104116,0.000535385,False
rs5752801,6,153,-0.103688,0.000577986,False
rs5752801,6,154,-0.103102,0.000636375,False
rs5752801,6,155,-0.105057,0.000511149,False
rs5752801,6,156,-0.110949,0.00025303,False
rs5752801,6,157,-0.116148,0.000134298,False
rs5752801,6,158,-0.125335,3.87748e-05,False
rs5752801,6,159,-0.11858,0.000102697,False
rs5752801,6,160,-0.119528,9.29731e-05,False
rs5752801,6,161,-0.117115,0.000133349,False
rs5752801,6,162,-0.111661,0.000279373,False
rs5752801,6,163,-0.121076,8.54962e-05,False
rs5752801,6,164,-0.118879,0.00012039,False
rs5752801,6,165,-0.127036,4.16928e-05,False
rs5752801,6,166,-0.119264,0.000124015,False
rs5752801,6,167,-0.121898,9.17539e-05,False
rs5752801,6,168,-0.125336,6.19689e-05,False
rs5752801,6,169,-0.125826,6.03806e-05,False
rs5752801,6,170,-0.119312,0.00015224,False
rs5752801,6,171,-0.125625,7.054e-05,False
rs5752801,6,172,-0.123285,0.000101321,False
rs5752801,6,173,-0.134397,2.35024e-05,False
rs5752801,6,174,-0.127983,6.02629e-05,False
rs5752801,6,175,-0.13141,4.18664e-05,False
rs5752801,6,176,-0.129171,6.04125e-05,False
rs5752801,6,177,-0.133972,3.34533e-05,False
rs5752801,6,178,-0.132194,4.66288e-05,False
rs5752801,6,179,-0.138774,2.10739e-05,False
rs5752801,6,180,-0.140965,1.69741e-05,False
rs5752801,6,181,-0.149944,5.34127e-06,False
rs5752801,6,182,-0.144188,1.29981e-05,False
rs5752801,6,183,-0.15357,3.91359e-06,False
rs5752801,6,184,-0.145058,1.39649e-05,False
rs5752801,6,185,-0.150836,7.04576e-06,False
rs5752801,6,186,-0.151634,7.16221e-06,False
rs5752801,6,187,-0.151782,8.081e-06,False
rs5752801,6,188,-0.164101,1.56264e-06,False
rs5752801,6,189,-0.165993,1.3424e-06,False
rs5752801,6,190,-0.170156,8.61592e-07,False
rs5752801,6,191,-0.166404,1.70639e-06,False
rs5752801,6,192,-0.169746,1.19794e-06,False
rs5752801,6,193,-0.163343,3.6396e-06,False
rs5752801,6,194,-0.167444,2.27968e-06,False
rs5752801,6,195,-0.174447,1.03054e-06,False
rs5752801,6,196,-0.170034,2.14592e-06,False
rs5752801,6,197,-0.170778,2.27172e-06,False
rs5752801,6,198,-0.177525,1.03554e-06,False
rs5752801,6,199,-0.180259,8.13744e-07,False
rs5752801,6,200,-0.182155,7.33869e-07,False
rs5752801,6,201,-0.177254,1.68731e-06,False
rs5752801,6,202,-0.186934,5.05857e-07,False
rs5752801,6,203,-0.185985,6.75638e-07,False
rs5752801,6,204,-0.198726,1.33077e-07,False
rs5752801,6,205,-0.198504,1.6207e-07,False
rs5752801,6,206,-0.188982,7.4741e-07,False
rs5752801,6,207,-0.202021,1.44832e-07,False
rs5752801,6,208,-0.204421,1.18517e-07,False
rs5752801,6,209,-0.201192,2.13313e-07,False
rs5752801,6,210,-0.212693,5.09493e-08,False
rs5752801,6,211,-0.213488,5.41444e-08,False
rs5752801,6,212,-0.21322,6.85756e-08,False
rs5752801,6,213,-0.210619,1.12126e-07,False
rs5752801,6,214,-0.21351,9.2389e-08,False
rs5752801,6,215,-0.217892,5.94912e-08,False
rs5752801,6,216,-0.212874,1.39068e-07,False
rs5752801,6,217,-0.21787,8.6573e-08,False
rs5752801,6,218,-0.207778,3.803e-07,False
rs5752801,6,219,-0.212367,2.35593e-07,False
rs5752801,6,220,-0.21534,1.91119e-07,False
rs5752801,6,221,-0.214062,2.51644e-07,False
rs5752801,6,222,-0.206563,7.38115e-07,False
rs5752801,6,223,-0.217931,2.09155e-07,False
rs5752801,6,224,-0.20932,6.79019e-07,False
rs5752801,6,225,-0.226346,9.19955e-08,False
rs5752801,6,226,-0.224215,1.28073e-07,False
rs5752801,6,227,-0.214602,4.8543e-07,False
rs5752801,6,228,-0.212935,6.68263e-07,False
rs5752801,6,229,-0.211853,8.27083e-07,False
rs5752801,6,230,-0.210585,1.06319e-06,False
rs5752801,6,231,-0.208597,1.42239e-06,False
rs5752801,6,232,-0.204937,2.43725e-06,False
rs5752801,6,233,-0.195352,7.55111e-06,False
rs5752801,6,234,-0.192014,1.15452e-05,False
rs5752801,6,235,-0.189196,1.66266e-05,False
rs5752801,6,236,-0.190389,1.58355e-05,False
rs5752801,6,237,-0.184471,3.06939e-05,False
rs5752801,6,238,-0.170195,0.000127887,False
rs5752801,6,239,-0.162164,0.000280234,False
rs5752801,6,240,-0.163626,0.000262182,False
rs5752801,6,241,-0.152743,0.000697898,False
rs5752801,6,242,-0.152512,0.000756828,False
rs5752801,6,243,-0.153367,0.000756613,False
rs5752801,6,244,-0.131452,0.00413797,False
rs5752801,6,245,-0.125529,0.00643751,False
rs5752801,6,246,-0.121982,0.00858378,False
rs5752801,6,247,-0.117563,0.012004,False
rs5752801,6,248,-0.104189,0.0273449,False
rs5752801,6,249,-0.102528,0.0313312,False
rs5752801,6,250,-0.0976891,0.0421577,False
rs5752801,6,251,-0.0875249,0.0713752,False
rs5752801,7,7,0.00138363,0.956764,False
rs5752801,7,8,-0.000299284,0.99055,False
rs5752801,7,9,-0.00833128,0.73895,False
rs5752801,7,10,0.00436519,0.86031,False
rs5752801,7,11,0.0079294,0.746948,False
rs5752801,7,12,-0.00389203,0.873185,False
rs5752801,7,13,0.00719846,0.766837,False
rs5752801,7,14,-0.000155239,0.994854,False
rs5752801,7,15,-0.00495462,0.83614,False
rs5752801,7,16,0.000179746,0.994001,False
rs5752801,7,17,-0.00915406,0.699928,False
rs5752801,7,18,0.0085086,0.720443,False
rs5752801,7,19,0.00383408,0.871521,False
rs5752801,7,20,-0.0039612,0.867209,False
rs5752801,7,21,-0.00610796,0.796394,False
rs5752801,7,22,-0.00361555,0.878219,False
rs5752801,7,23,0.00499744,0.832203,False
rs5752801,7,24,-0.00607017,0.797196,False
rs5752801,7,25,-0.013466,0.567405,False
rs5752801,7,26,-0.000847376,0.971244,False
rs5752801,7,27,-0.0103662,0.65967,False
rs5752801,7,28,-0.0196815,0.40375,False
rs5752801,7,29,-0.00921699,0.695732,False
rs5752801,7,30,-0.00871767,0.711483,False
rs5752801,7,31,-0.0186619,0.428183,False
rs5752801,7,32,-0.0116458,0.62127,False
rs5752801,7,33,-0.0149317,0.526886,False
rs5752801,7,34,-0.0226291,0.33725,False
rs5752801,7,35,-0.0202528,0.391445,False
rs5752801,7,36,-0.0252011,0.286513,False
rs5752801,7,37,-0.0312608,0.186804,False
rs5752801,7,38,-0.00492775,0.835501,False
rs5752801,7,39,-0.0211389,0.375046,False
rs5752801,7,40,-0.0220753,0.354376,False
rs5752801,7,41,-0.0206373,0.387073,False
rs5752801,7,42,-0.0264192,0.269002,False
rs5752801,7,43,-0.0386359,0.107136,False
rs5752801,7,44,-0.0244787,0.306666,False
rs5752801,7,45,-0.0318957,0.184228,False
rs5752801,7,46,-0.035718,0.137,False
rs5752801,7,47,-0.0312019,0.195326,False
rs5752801,7,48,-0.0371486,0.124826,False
rs5752801,7,49,-0.0296979,0.219296,False
rs5752801,7,50,-0.0336097,0.165923,False
rs5752801,7,51,-0.019078,0.431732,False
rs5752801,7,52,-0.0405322,0.0955402,False
rs5752801,7,53,-0.0382382,0.116773,False
rs5752801,7,54,-0.0266649,0.275222,False
rs5752801,7,55,-0.0194262,0.427381,False
rs5752801,7,56,-0.0207269,0.399489,False
rs5752801,7,57,-0.0258013,0.294137,False
rs5752801,7,58,-0.0197198,0.423878,False
rs5752801,7,59,-0.0266103,0.280994,False
rs5752801,7,60,-0.0248506,0.315139,False
rs5752801,7,61,-0.0102728,0.678433,False
rs5752801,7,62,-0.0221938,0.371602,False
rs5752801,7,63,-0.0175737,0.479722,False
rs5752801,7,64,-0.0312215,0.211655,False
rs5752801,7,65,-0.0241034,0.335458,False
rs5752801,7,66,-0.0239855,0.33915,False
rs5752801,7,67,-0.0268227,0.28641,False
rs5752801,7,68,-0.0253709,0.314613,False
rs5752801,7,69,-0.0352824,0.162649,False
rs5752801,7,70,-0.0334698,0.186155,False
rs5752801,7,71,-0.0265125,0.296255,False
rs5752801,7,72,-0.0241601,0.342519,False
rs5752801,7,73,-0.0276643,0.278777,False
rs5752801,7,74,-0.0311499,0.2229,False
rs5752801,7,75,-0.0271403,0.290421,False
rs5752801,7,76,-0.0322012,0.210857,False
rs5752801,7,77,-0.0344785,0.181566,False
rs5752801,7,78,-0.0412072,0.111147,False
rs5752801,7,79,-0.0481414,0.0636756,False
rs5752801,7,80,-0.0461966,0.0756331,False
rs5752801,7,81,-0.036403,0.162572,False
rs5752801,7,82,-0.04634,0.0763863,False
rs5752801,7,83,-0.0396935,0.13001,False
rs5752801,7,84,-0.0394668,0.132389,False
rs5752801,7,85,-0.0436979,0.0970876,False
rs5752801,7,86,-0.0517702,0.0502294,False
rs5752801,7,87,-0.0503517,0.057453,False
rs5752801,7,88,-0.0327235,0.217393,False
rs5752801,7,89,-0.044576,0.0939071,False
rs5752801,7,90,-0.0463648,0.0823337,False
rs5752801,7,91,-0.0512528,0.0551406,False
rs5752801,7,92,-0.048697,0.0696981,False
rs5752801,7,93,-0.0484672,0.0708221,False
rs5752801,7,94,-0.0566661,0.034844,False
rs5752801,7,95,-0.0625367,0.0204796,False
rs5752801,7,96,-0.056496,0.036691,False
rs5752801,7,97,-0.0579754,0.032496,False
rs5752801,7,98,-0.0707751,0.00931477,False
rs5752801,7,99,-0.0708195,0.00942001,False
rs5752801,7,100,-0.0736729,0.0069571,False
rs5752801,7,101,-0.0695049,0.0110927,False
rs5752801,7,102,-0.0746026,0.00663367,False
rs5752801,7,103,-0.0700883,0.0108652,False
rs5752801,7,104,-0.0698519,0.0113536,False
rs5752801,7,105,-0.07821,0.00465357,False
rs5752801,7,106,-0.070834,0.01058,False
rs5752801,7,107,-0.0778661,0.00507129,False
rs5752801,7,108,-0.0763513,0.00614252,False
rs5752801,7,109,-0.078791,0.00472732,False
rs5752801,7,110,-0.0683871,0.0143872,False
rs5752801,7,111,-0.0669769,0.016821,False
rs5752801,7,112,-0.0779696,0.00548406,False
rs5752801,7,113,-0.0650621,0.0208771,False
rs5752801,7,114,-0.0686612,0.0149017,False
rs5752801,7,115,-0.0704053,0.0126722,False
rs5752801,7,116,-0.0751254,0.00792757,False
rs5752801,7,117,-0.0863316,0.00231071,False
rs5752801,7,118,-0.0817332,0.00403081,False
rs5752801,7,119,-0.0756771,0.00783607,False
rs5752801,7,120,-0.0741252,0.00939359,False
rs5752801,7,121,-0.0767807,0.00721129,False
rs5752801,7,122,-0.078605,0.00599085,False
rs5752801,7,123,-0.0777334,0.0066646,False
rs5752801,7,124,-0.0802775,0.00515225,False
rs5752801,7,125,-0.0889166,0.00198976,False
rs5752801,7,126,-0.085204,0.00313632,False
rs5752801,7,127,-0.0873571,0.00249478,False
rs5752801,7,128,-0.0787647,0.0064505,False
rs5752801,7,129,-0.0867582,0.00276321,False
rs5752801,7,130,-0.0801589,0.00573377,False
rs5752801,7,131,-0.082631,0.00449596,False
rs5752801,7,132,-0.0795805,0.00619891,False
rs5752801,7,133,-0.0822634,0.00478081,False
rs5752801,7,134,-0.0813174,0.00537322,False
rs5752801,7,135,-0.0805665,0.00590208,False
rs5752801,7,136,-0.0796172,0.0065887,False
rs5752801,7,137,-0.0851992,0.0036436,False
rs5752801,7,138,-0.0923815,0.00165173,False
rs5752801,7,139,-0.0831484,0.00472526,False
rs5752801,7,140,-0.0782576,0.00795953,False
rs5752801,7,141,-0.0782769,0.00809133,False
rs5752801,7,142,-0.0820378,0.00557627,False
rs5752801,7,143,-0.0830519,0.00510277,False
rs5752801,7,144,-0.0829816,0.00516309,False
rs5752801,7,145,-0.0902357,0.00238883,False
rs5752801,7,146,-0.0902331,0.00243323,False
rs5752801,7,147,-0.0890958,0.00280944,False
rs5752801,7,148,-0.0947742,0.00150248,False
rs5752801,7,149,-0.093259,0.00179851,False
rs5752801,7,150,-0.0870163,0.00365564,False
rs5752801,7,151,-0.088958,0.00296246,False
rs5752801,7,152,-0.0891189,0.00301111,False
rs5752801,7,153,-0.0887925,0.00311788,False
rs5752801,7,154,-0.0912427,0.00240781,False
rs5752801,7,155,-0.0936581,0.0018558,False
rs5752801,7,156,-0.0944393,0.00174288,False
rs5752801,7,157,-0.0982865,0.00115836,False
rs5752801,7,158,-0.103292,0.000659315,False
rs5752801,7,159,-0.110038,0.000292956,False
rs5752801,7,160,-0.104955,0.000572164,False
rs5752801,7,161,-0.104809,0.000588534,False
rs5752801,7,162,-0.116355,0.000138575,False
rs5752801,7,163,-0.114872,0.000174672,False
rs5752801,7,164,-0.104441,0.000665318,False
rs5752801,7,165,-0.103835,0.00073471,False
rs5752801,7,166,-0.109402,0.00038615,False
rs5752801,7,167,-0.111917,0.000297683,False
rs5752801,7,168,-0.121918,8.58576e-05,False
rs5752801,7,169,-0.127065,4.45726e-05,False
rs5752801,7,170,-0.125438,5.82612e-05,False
rs5752801,7,171,-0.122178,9.46665e-05,False
rs5752801,7,172,-0.126916,5.34879e-05,False
rs5752801,7,173,-0.126634,5.88862e-05,False
rs5752801,7,174,-0.128535,4.89678e-05,False
rs5752801,7,175,-0.135524,1.95734e-05,False
rs5752801,7,176,-0.126732,7.00242e-05,False
rs5752801,7,177,-0.129953,5.00051e-05,False
rs5752801,7,178,-0.149654,3.19251e-06,False
rs5752801,7,179,-0.14572,6.40738e-06,False
rs5752801,7,180,-0.144169,8.80604e-06,False
rs5752801,7,181,-0.143101,1.15326e-05,False
rs5752801,7,182,-0.146049,8.30178e-06,False
rs5752801,7,183,-0.15182,3.8585e-06,False
rs5752801,7,184,-0.151154,4.76468e-06,False
rs5752801,7,185,-0.154197,3.46542e-06,False
rs5752801,7,186,-0.145238,1.39668e-05,False
rs5752801,7,187,-0.149821,8.25725e-06,False
rs5752801,7,188,-0.153377,5.70572e-06,False
rs5752801,7,189,-0.153244,6.62132e-06,False
rs5752801,7,190,-0.151606,9.58754e-06,False
rs5752801,7,191,-0.161913,2.61741e-06,False
rs5752801,7,192,-0.156779,6.16633e-06,False
rs5752801,7,193,-0.156047,7.73678e-06,False
rs5752801,7,194,-0.162726,3.58611e-06,False
rs5752801,7,195,-0.160819,5.23477e-06,False
rs5752801,7,196,-0.155037,1.28679e-05,False
rs5752801,7,197,-0.159927,7.82067e-06,False
rs5752801,7,198,-0.158913,1.00599e-05,False
rs5752801,7,199,-0.158884,1.13822e-05,False
rs5752801,7,200,-0.163148,7.49925e-06,False
rs5752801,7,201,-0.158801,1.45726e-05,False
rs5752801,7,202,-0.173334,2.61485e-06,False
rs5752801,7,203,-0.174686,2.59671e-06,False
rs5752801,7,204,-0.170594,5.15183e-06,False
rs5752801,7,205,-0.175867,2.97519e-06,False
rs5752801,7,206,-0.17408,4.15556e-06,False
rs5752801,7,207,-0.190115,5.88098e-07,False
rs5752801,7,208,-0.172788,6.53622e-06,False
rs5752801,7,209,-0.181046,2.64028e-06,False
rs5752801,7,210,-0.180237,3.36538e-06,False
rs5752801,7,211,-0.180379,3.73782e-06,False
rs5752801,7,212,-0.183067,3.22241e-06,False
rs5752801,7,213,-0.189729,1.5835e-06,False
rs5752801,7,214,-0.178365,7.21679e-06,False
rs5752801,7,215,-0.172715,1.62458e-05,False
rs5752801,7,216,-0.186084,3.76686e-06,False
rs5752801,7,217,-0.192375,2.02107e-06,False
rs5752801,7,218,-0.188047,3.84684e-06,False
rs5752801,7,219,-0.194003,2.14318e-06,False
rs5752801,7,220,-0.186827,5.71596e-06,False
rs5752801,7,221,-0.185501,7.25694e-06,False
rs5752801,7,222,-0.198827,1.79727e-06,False
rs5752801,7,223,-0.205472,8.8543e-07,False
rs5752801,7,224,-0.197888,2.47628e-06,False
rs5752801,7,225,-0.200838,1.94691e-06,False
rs5752801,7,226,-0.208144,9.24429e-07,False
rs5752801,7,227,-0.215529,4.2158e-07,False
rs5752801,7,228,-0.202116,2.31972e-06,False
rs5752801,7,229,-0.201269,2.848e-06,False
rs5752801,7,230,-0.207165,1.56991e-06,False
rs5752801,7,231,-0.202052,3.18061e-06,False
rs5752801,7,232,-0.203695,2.82807e-06,False
rs5752801,7,233,-0.201452,3.98044e-06,False
rs5752801,7,234,-0.197112,7.04763e-06,False
rs5752801,7,235,-0.195484,8.93528e-06,False
rs5752801,7,236,-0.185457,2.65944e-05,False
rs5752801,7,237,-0.189163,1.96431e-05,False
rs5752801,7,238,-0.18707,2.7301e-05,False
rs5752801,7,239,-0.177209,7.34576e-05,False
rs5752801,7,240,-0.171501,0.000133569,False
rs5752801,7,241,-0.171633,0.00014193,False
rs5752801,7,242,-0.160986,0.000387997,False
rs5752801,7,243,-0.149582,0.00102614,False
rs5752801,7,244,-0.140209,0.00224715,False
rs5752801,7,245,-0.137661,0.00284581,False
rs5752801,7,246,-0.139216,0.00274706,False
rs5752801,7,247,-0.132932,0.00453282,False
rs5752801,7,248,-0.121251,0.0102125,False
rs5752801,7,249,-0.109215,0.0216439,False
rs5752801,7,250,-0.0960131,0.0454347,False
rs5752801,7,251,-0.0949724,0.049828,False
rs5752801,8,7,-0.0136432,0.590779,False
rs5752801,8,8,-0.0215884,0.390784,False
rs5752801,8,9,-0.0153623,0.537543,False
rs5752801,8,10,-0.0134663,0.585144,False
rs5752801,8,11,-0.0214175,0.382158,False
rs5752801,8,12,-0.00786664,0.746625,False
rs5752801,8,13,-0.0196632,0.415841,False
rs5752801,8,14,-0.0200248,0.405142,False
rs5752801,8,15,-0.0183941,0.442174,False
rs5752801,8,16,-0.00425185,0.858633,False
rs5752801,8,17,-0.0106681,0.654329,False
rs5752801,8,18,-0.0100318,0.672951,False
rs5752801,8,19,-0.00335394,0.887498,False
rs5752801,8,20,-0.00733728,0.757024,False
rs5752801,8,21,-0.00967384,0.682796,False
rs5752801,8,22,-0.00206179,0.930499,False
rs5752801,8,23,0.00324739,0.890683,False
rs5752801,8,24,-0.0118741,0.615574,False
rs5752801,8,25,-0.00709572,0.764231,False
rs5752801,8,26,-0.0159678,0.499252,False
rs5752801,8,27,-0.00987301,0.67584,False
rs5752801,8,28,-0.00225894,0.923911,False
rs5752801,8,29,-0.0254888,0.280696,False
rs5752801,8,30,-0.00774299,0.742515,False
rs5752801,8,31,-0.00362642,0.878017,False
rs5752801,8,32,-0.0214772,0.363608,False
rs5752801,8,33,-0.0232617,0.325098,False
rs5752801,8,34,-0.0115362,0.626117,False
rs5752801,8,35,-0.0198073,0.40357,False
rs5752801,8,36,-0.0257782,0.278184,False
rs5752801,8,37,-0.00783102,0.741662,False
rs5752801,8,38,-0.0259253,0.276298,False
rs5752801,8,39,-0.028094,0.238558,False
rs5752801,8,40,-0.0276806,0.246497,False
rs5752801,8,41,-0.0320832,0.180418,False
rs5752801,8,42,-0.0274184,0.252474,False
rs5752801,8,43,-0.0190414,0.427983,False
rs5752801,8,44,-0.0274978,0.253547,False
rs5752801,8,45,-0.0295436,0.220827,False
rs5752801,8,46,-0.0207812,0.388454,False
rs5752801,8,47,-0.0319539,0.186822,False
rs5752801,8,48,-0.0181437,0.454189,False
rs5752801,8,49,-0.0271006,0.263523,False
rs5752801,8,50,-0.0296464,0.222673,False
rs5752801,8,51,-0.0238723,0.32719,False
rs5752801,8,52,-0.0114935,0.637163,False
rs5752801,8,53,-0.0332701,0.173711,False
rs5752801,8,54,-0.0227729,0.352655,False
rs5752801,8,55,-0.0181895,0.459205,False
rs5752801,8,56,-0.0227539,0.35475,False
rs5752801,8,57,-0.0321948,0.191335,False
rs5752801,8,58,-0.0146956,0.55189,False
rs5752801,8,59,-0.0213716,0.388391,False
rs5752801,8,60,-0.0285113,0.250935,False
rs5752801,8,61,-0.0229723,0.355712,False
rs5752801,8,62,-0.023516,0.345922,False
rs5752801,8,63,-0.0319569,0.201408,False
rs5752801,8,64,-0.0215568,0.389627,False
rs5752801,8,65,-0.0242494,0.333751,False
rs5752801,8,66,-0.0285802,0.256203,False
rs5752801,8,67,-0.0233078,0.355288,False
rs5752801,8,68,-0.0285603,0.25905,False
rs5752801,8,69,-0.0290816,0.251587,False
rs5752801,8,70,-0.0301345,0.235228,False
rs5752801,8,71,-0.0369733,0.147352,False
rs5752801,8,72,-0.0430332,0.0922588,False
rs5752801,8,73,-0.0449931,0.079063,False
rs5752801,8,74,-0.0429301,0.0938635,False
rs5752801,8,75,-0.0479165,0.062338,False
rs5752801,8,76,-0.0497449,0.0532809,False
rs5752801,8,77,-0.0431714,0.0951463,False
rs5752801,8,78,-0.0393974,0.128482,False
rs5752801,8,79,-0.0526695,0.042607,False
rs5752801,8,80,-0.0449298,0.0847285,False
rs5752801,8,81,-0.0498909,0.0560015,False
rs5752801,8,82,-0.046616,0.0750095,False
rs5752801,8,83,-0.0548166,0.0369917,False
rs5752801,8,84,-0.058932,0.0253064,False
rs5752801,8,85,-0.0552435,0.0365113,False
rs5752801,8,86,-0.0497194,0.0604038,False
rs5752801,8,87,-0.0512133,0.0539031,False
rs5752801,8,88,-0.0572973,0.0311167,False
rs5752801,8,89,-0.0629092,0.018217,False
rs5752801,8,90,-0.0442961,0.0980858,False
rs5752801,8,91,-0.0526524,0.0496774,False
rs5752801,8,92,-0.0586468,0.0291432,False
rs5752801,8,93,-0.0625145,0.0204107,False
rs5752801,8,94,-0.063286,0.0191724,False
rs5752801,8,95,-0.0672109,0.0131096,False
rs5752801,8,96,-0.0667832,0.0139061,False
rs5752801,8,97,-0.0694474,0.0107047,False
rs5752801,8,98,-0.0622292,0.0225228,False
rs5752801,8,99,-0.0715868,0.00877889,False
rs5752801,8,100,-0.0777054,0.00456959,False
rs5752801,8,101,-0.0762179,0.00558027,False
rs5752801,8,102,-0.0673653,0.0144896,False
rs5752801,8,103,-0.0718296,0.00937127,False
rs5752801,8,104,-0.0748921,0.00680102,False
rs5752801,8,105,-0.0771786,0.00539063,False
rs5752801,8,106,-0.0805195,0.00374199,False
rs5752801,8,107,-0.0703838,0.0113276,False
rs5752801,8,108,-0.069436,0.0128256,False
rs5752801,8,109,-0.0792192,0.00461237,False
rs5752801,8,110,-0.0718953,0.0103138,False
rs5752801,8,111,-0.0751069,0.00743069,False
rs5752801,8,112,-0.0717166,0.010723,False
rs5752801,8,113,-0.0702833,0.0125288,False
rs5752801,8,114,-0.0674686,0.0167375,False
rs5752801,8,115,-0.0763849,0.00695888,False
rs5752801,8,116,-0.071327,0.0120715,False
rs5752801,8,117,-0.072004,0.011322,False
rs5752801,8,118,-0.0716757,0.0118381,False
rs5752801,8,119,-0.070762,0.0132001,False
rs5752801,8,120,-0.0701888,0.0140774,False
rs5752801,8,121,-0.0679381,0.0177681,False
rs5752801,8,122,-0.0606239,0.0345707,False
rs5752801,8,123,-0.0593552,0.0389262,False
rs5752801,8,124,-0.0661058,0.0216455,False
rs5752801,8,125,-0.0740726,0.0102053,False
rs5752801,8,126,-0.0782791,0.00668796,False
rs5752801,8,127,-0.0624481,0.0308228,False
rs5752801,8,128,-0.0663193,0.0219481,False
rs5752801,8,129,-0.0753021,0.00937749,False
rs5752801,8,130,-0.0773581,0.00777405,False
rs5752801,8,131,-0.0777856,0.00754409,False
rs5752801,8,132,-0.0749319,0.0100101,False
rs5752801,8,133,-0.0775977,0.00780119,False
rs5752801,8,134,-0.0769978,0.00845829,False
rs5752801,8,135,-0.0765007,0.00894271,False
rs5752801,8,136,-0.0773171,0.00840618,False
rs5752801,8,137,-0.0745298,0.0112821,False
rs5752801,8,138,-0.0816238,0.00558617,False
rs5752801,8,139,-0.0769233,0.00903918,False
rs5752801,8,140,-0.0769682,0.0091269,False
rs5752801,8,141,-0.0823252,0.00532426,False
rs5752801,8,142,-0.0876406,0.00306957,False
rs5752801,8,143,-0.0761328,0.0102592,False
rs5752801,8,144,-0.0766589,0.00980332,False
rs5752801,8,145,-0.0819724,0.00580452,False
rs5752801,8,146,-0.0805392,0.00668115,False
rs5752801,8,147,-0.0829519,0.0053642,False
rs5752801,8,148,-0.0841551,0.0047922,False
rs5752801,8,149,-0.0861466,0.00393737,False
rs5752801,8,150,-0.0800155,0.00749049,False
rs5752801,8,151,-0.0850127,0.00457829,False
rs5752801,8,152,-0.0784704,0.00890098,False
rs5752801,8,153,-0.0861521,0.0041151,False
rs5752801,8,154,-0.0844677,0.00502591,False
rs5752801,8,155,-0.0836491,0.00547235,False
rs5752801,8,156,-0.0803918,0.00774398,False
rs5752801,8,157,-0.0842865,0.00534534,False
rs5752801,8,158,-0.0875273,0.0038498,False
rs5752801,8,159,-0.0976609,0.00129187,False
rs5752801,8,160,-0.101556,0.000840164,False
rs5752801,8,161,-0.109713,0.000314058,False
rs5752801,8,162,-0.10095,0.000920125,False
rs5752801,8,163,-0.10161,0.000883289,False
rs5752801,8,164,-0.102186,0.000847612,False
rs5752801,8,165,-0.119657,9.91994e-05,False
rs5752801,8,166,-0.110956,0.000305094,False
rs5752801,8,167,-0.121793,7.68382e-05,False
rs5752801,8,168,-0.125297,4.95104e-05,False
rs5752801,8,169,-0.120757,9.58756e-05,False
rs5752801,8,170,-0.115029,0.000213451,False
rs5752801,8,171,-0.114886,0.000224176,False
rs5752801,8,172,-0.118301,0.000148122,False
rs5752801,8,173,-0.116226,0.000206375,False
rs5752801,8,174,-0.108789,0.000533649,False
rs5752801,8,175,-0.111833,0.000378667,False
rs5752801,8,176,-0.125363,7.22173e-05,False
rs5752801,8,177,-0.124231,9.01586e-05,False
rs5752801,8,178,-0.133398,2.79612e-05,False
rs5752801,8,179,-0.13434,2.60813e-05,False
rs5752801,8,180,-0.129866,5.31228e-05,False
rs5752801,8,181,-0.130726,5.25715e-05,False
rs5752801,8,182,-0.131601,5.06844e-05,False
rs5752801,8,183,-0.134122,3.82742e-05,False
rs5752801,8,184,-0.134135,4.27208e-05,False
rs5752801,8,185,-0.146869,8.2168e-06,False
rs5752801,8,186,-0.145394,1.11894e-05,False
rs5752801,8,187,-0.146091,1.11674e-05,False
rs5752801,8,188,-0.146985,1.13239e-05,False
rs5752801,8,189,-0.1366,5.10563e-05,False
rs5752801,8,190,-0.142299,2.67718e-05,False
rs5752801,8,191,-0.154487,5.81159e-06,False
rs5752801,8,192,-0.150851,1.08236e-05,False
rs5752801,8,193,-0.150364,1.31856e-05,False
rs5752801,8,194,-0.149181,1.73283e-05,False
rs5752801,8,195,-0.157038,6.96496e-06,False
rs5752801,8,196,-0.153427,1.27255e-05,False
rs5752801,8,197,-0.156585,9.67688e-06,False
rs5752801,8,198,-0.158024,9.09268e-06,False
rs5752801,8,199,-0.167669,2.83702e-06,False
rs5752801,8,200,-0.163738,5.65054e-06,False
rs5752801,8,201,-0.170804,2.55651e-06,False
rs5752801,8,202,-0.175109,1.68405e-06,False
rs5752801,8,203,-0.177174,1.41955e-06,False
rs5752801,8,204,-0.181711,9.35988e-07,False
rs5752801,8,205,-0.168992,5.84234e-06,False
rs5752801,8,206,-0.17642,2.65958e-06,False
rs5752801,8,207,-0.178402,2.3155e-06,False
rs5752801,8,208,-0.18884,6.74372e-07,False
rs5752801,8,209,-0.184232,1.48599e-06,False
rs5752801,8,210,-0.180151,2.82874e-06,False
rs5752801,8,211,-0.185403,1.68586e-06,False
rs5752801,8,212,-0.19824,3.69745e-07,False
rs5752801,8,213,-0.189947,1.30961e-06,False
rs5752801,8,214,-0.190441,1.46918e-06,False
rs5752801,8,215,-0.180958,5.48318e-06,False
rs5752801,8,216,-0.196903,9.0395e-07,False
rs5752801,8,217,-0.19894,7.96443e-07,False
rs5752801,8,218,-0.190389,2.69754e-06,False
rs5752801,8,219,-0.189609,3.44784e-06,False
rs5752801,8,220,-0.198056,1.42431e-06,False
rs5752801,8,221,-0.192201,3.31549e-06,False
rs5752801,8,222,-0.192451,3.63402e-06,False
rs5752801,8,223,-0.205035,9.33632e-07,False
rs5752801,8,224,-0.201966,1.50952e-06,False
rs5752801,8,225,-0.197329,2.91722e-06,False
rs5752801,8,226,-0.203806,1.56255e-06,False
rs5752801,8,227,-0.198793,3.17157e-06,False
rs5752801,8,228,-0.193872,6.06601e-06,False
rs5752801,8,229,-0.206295,1.65083e-06,False
rs5752801,8,230,-0.195879,5.84687e-06,False
rs5752801,8,231,-0.198709,4.58728e-06,False
rs5752801,8,232,-0.188941,1.48862e-05,False
rs5752801,8,233,-0.186245,2.08696e-05,False
rs5752801,8,234,-0.189841,1.53351e-05,False
rs5752801,8,235,-0.187831,2.07769e-05,False
rs5752801,8,236,-0.182677,3.7487e-05,False
rs5752801,8,237,-0.189589,2.07811e-05,False
rs5752801,8,238,-0.180624,5.38434e-05,False
rs5752801,8,239,-0.177032,8.0109e-05,False
rs5752801,8,240,-0.188602,2.92708e-05,False
rs5752801,8,241,-0.179708,7.26048e-05,False
rs5752801,8,242,-0.185951,4.39637e-05,False
rs5752801,8,243,-0.165745,0.000289685,False
rs5752801,8,244,-0.170821,0.000205671,False
rs5752801,8,245,-0.16328,0.000432033,False
rs5752801,8,246,-0.154131,0.000951838,False
rs5752801,8,247,-0.145522,0.00195878,False
rs5752801,8,248,-0.147364,0.00185768,False
rs5752801,8,249,-0.134097,0.00496406,False
rs5752801,8,250,-0.127514,0.00803266,False
rs5752801,8,251,-0.110214,0.0230499,False
rs5752801,9,7,0.000546672,0.982728,False
rs5752801,9,8,-0.00427528,0.864551,False
rs5752801,9,9,-0.00214202,0.931126,False
rs5752801,9,10,0.0117509,0.633198,False
rs5752801,9,11,0.00060833,0.980111,False
rs5752801,9,12,-0.00373953,0.877211,False
rs5752801,9,13,-0.00251261,0.9169,False
rs5752801,9,14,-0.0169814,0.478475,False
rs5752801,9,15,-0.00550871,0.817778,False
rs5752801,9,16,-0.00440162,0.853226,False
rs5752801,9,17,-0.00771788,0.744852,False
rs5752801,9,18,-0.0106402,0.653745,False
rs5752801,9,19,-0.0220218,0.352167,False
rs5752801,9,20,-0.00400978,0.86555,False
rs5752801,9,21,-0.0140837,0.551994,False
rs5752801,9,22,0.00122386,0.958674,False
rs5752801,9,23,-0.0113288,0.631288,False
rs5752801,9,24,-0.00631711,0.789078,False
rs5752801,9,25,-0.00691769,0.769818,False
rs5752801,9,26,-0.0131381,0.577376,False
rs5752801,9,27,-0.0186969,0.42896,False
rs5752801,9,28,-0.0191813,0.416804,False
rs5752801,9,29,-0.0155712,0.509617,False
rs5752801,9,30,-0.0165525,0.484066,False
rs5752801,9,31,-0.0146169,0.535511,False
rs5752801,9,32,-0.0297278,0.208243,False
rs5752801,9,33,-0.0223114,0.345549,False
rs5752801,9,34,-0.0298567,0.207197,False
rs5752801,9,35,-0.0226606,0.338965,False
rs5752801,9,36,-0.0329126,0.165039,False
rs5752801,9,37,-0.0172823,0.465704,False
rs5752801,9,38,-0.027938,0.239365,False
rs5752801,9,39,-0.0369233,0.121492,False
rs5752801,9,40,-0.0230311,0.333538,False
rs5752801,9,41,-0.031208,0.191369,False
rs5752801,9,42,-0.0258235,0.280084,False
rs5752801,9,43,-0.0216114,0.36759,False
rs5752801,9,44,-0.0329334,0.170028,False
rs5752801,9,45,-0.0421801,0.0796487,False
rs5752801,9,46,-0.0334143,0.165215,False
rs5752801,9,47,-0.0239682,0.320144,False
rs5752801,9,48,-0.0325424,0.178166,False
rs5752801,9,49,-0.0230582,0.341442,False
rs5752801,9,50,-0.0292148,0.22877,False
rs5752801,9,51,-0.0176702,0.467568,False
rs5752801,9,52,-0.0261769,0.282708,False
rs5752801,9,53,-0.0223311,0.359669,False
rs5752801,9,54,-0.0244145,0.318238,False
rs5752801,9,55,-0.0312868,0.201806,False
rs5752801,9,56,-0.0233257,0.341083,False
rs5752801,9,57,-0.0219909,0.370501,False
rs5752801,9,58,-0.0261101,0.290055,False
rs5752801,9,59,-0.0257365,0.298008,False
rs5752801,9,60,-0.0177902,0.472211,False
rs5752801,9,61,-0.0264183,0.28748,False
rs5752801,9,62,-0.0328324,0.187031,False
rs5752801,9,63,-0.022515,0.367981,False
rs5752801,9,64,-0.033333,0.182127,False
rs5752801,9,65,-0.0289062,0.249047,False
rs5752801,9,66,-0.0247983,0.323258,False
rs5752801,9,67,-0.0269318,0.285374,False
rs5752801,9,68,-0.0313664,0.214988,False
rs5752801,9,69,-0.0364633,0.150127,False
rs5752801,9,70,-0.0352511,0.165153,False
rs5752801,9,71,-0.0342048,0.17984,False
rs5752801,9,72,-0.0387746,0.12871,False
rs5752801,9,73,-0.0391112,0.126649,False
rs5752801,9,74,-0.0447084,0.0819853,False
rs5752801,9,75,-0.0462386,0.0723126,False
rs5752801,9,76,-0.0413771,0.109082,False
rs5752801,9,77,-0.0464638,0.0725996,False
rs5752801,9,78,-0.040116,0.122851,False
rs5752801,9,79,-0.0413172,0.112694,False
rs5752801,9,80,-0.0445229,0.088413,False
rs5752801,9,81,-0.0470538,0.0730623,False
rs5752801,9,82,-0.0456572,0.082836,False
rs5752801,9,83,-0.0492131,0.0617561,False
rs5752801,9,84,-0.0455909,0.084686,False
rs5752801,9,85,-0.04571,0.0847762,False
rs5752801,9,86,-0.0502679,0.0585385,False
rs5752801,9,87,-0.0612728,0.0213702,False
rs5752801,9,88,-0.0535975,0.0447935,False
rs5752801,9,89,-0.0533267,0.0463481,False
rs5752801,9,90,-0.0629511,0.0190528,False
rs5752801,9,91,-0.0548833,0.0416328,False
rs5752801,9,92,-0.0567099,0.0357576,False
rs5752801,9,93,-0.0653676,0.0156392,False
rs5752801,9,94,-0.0617223,0.0229034,False
rs5752801,9,95,-0.0734988,0.00687745,False
rs5752801,9,96,-0.0747169,0.00605328,False
rs5752801,9,97,-0.0684582,0.0122544,False
rs5752801,9,98,-0.0727749,0.0078627,False
rs5752801,9,99,-0.0686952,0.0122756,False
rs5752801,9,100,-0.0701455,0.0106841,False
rs5752801,9,101,-0.0644752,0.0193301,False
rs5752801,9,102,-0.0610545,0.0269892,False
rs5752801,9,103,-0.0650222,0.0188638,False
rs5752801,9,104,-0.0713667,0.0101184,False
rs5752801,9,105,-0.0720598,0.00960421,False
rs5752801,9,106,-0.0611142,0.0282914,False
rs5752801,9,107,-0.0657686,0.0184651,False
rs5752801,9,108,-0.0673182,0.016211,False
rs5752801,9,109,-0.0706866,0.0117094,False
rs5752801,9,110,-0.0784688,0.00527673,False
rs5752801,9,111,-0.0727219,0.00988612,False
rs5752801,9,112,-0.079036,0.00513539,False
rs5752801,9,113,-0.0808288,0.00430156,False
rs5752801,9,114,-0.0766051,0.00690065,False
rs5752801,9,115,-0.0854969,0.0025985,False
rs5752801,9,116,-0.0886158,0.00184999,False
rs5752801,9,117,-0.0913681,0.00138456,False
rs5752801,9,118,-0.0898249,0.00168272,False
rs5752801,9,119,-0.0862618,0.00257476,False
rs5752801,9,120,-0.0845945,0.00321563,False
rs5752801,9,121,-0.086086,0.00274633,False
rs5752801,9,122,-0.0828824,0.00393549,False
rs5752801,9,123,-0.0866619,0.00259735,False
rs5752801,9,124,-0.0786855,0.00646581,False
rs5752801,9,125,-0.079039,0.00628805,False
rs5752801,9,126,-0.0850609,0.00330547,False
rs5752801,9,127,-0.0882335,0.00232917,False
rs5752801,9,128,-0.0868328,0.00274062,False
rs5752801,9,129,-0.0901167,0.00193095,False
rs5752801,9,130,-0.085553,0.00328835,False
rs5752801,9,131,-0.0880034,0.00257109,False
rs5752801,9,132,-0.0843807,0.00385455,False
rs5752801,9,133,-0.0889937,0.00236151,False
rs5752801,9,134,-0.0894244,0.00228716,False
rs5752801,9,135,-0.0798586,0.0065398,False
rs5752801,9,136,-0.0793164,0.00686914,False
rs5752801,9,137,-0.0780879,0.00789153,False
rs5752801,9,138,-0.0807632,0.00615388,False
rs5752801,9,139,-0.0826454,0.00507718,False
rs5752801,9,140,-0.0817266,0.00573393,False
rs5752801,9,141,-0.0870891,0.00322368,False
rs5752801,9,142,-0.0923803,0.00181463,False
rs5752801,9,143,-0.0973414,0.00102838,False
rs5752801,9,144,-0.0894536,0.00257323,False
rs5752801,9,145,-0.0948597,0.00142955,False
rs5752801,9,146,-0.0919849,0.00203206,False
rs5752801,9,147,-0.0896325,0.00266208,False
rs5752801,9,148,-0.0941228,0.00159477,False
rs5752801,9,149,-0.0874867,0.00339126,False
rs5752801,9,150,-0.0876158,0.00335526,False
rs5752801,9,151,-0.0936321,0.00176775,False
rs5752801,9,152,-0.0917629,0.00222418,False
rs5752801,9,153,-0.0936215,0.00180632,False
rs5752801,9,154,-0.0943796,0.00166562,False
rs5752801,9,155,-0.0972092,0.0012273,False
rs5752801,9,156,-0.0947588,0.00164166,False
rs5752801,9,157,-0.100156,0.000884315,False
rs5752801,9,158,-0.104955,0.00050039,False
rs5752801,9,159,-0.0996149,0.000978007,False
rs5752801,9,160,-0.105003,0.000514622,False
rs5752801,9,161,-0.10908,0.000311448,False
rs5752801,9,162,-0.109393,0.000312926,False
rs5752801,9,163,-0.110654,0.000269171,False
rs5752801,9,164,-0.114374,0.000168449,False
rs5752801,9,165,-0.110373,0.000294045,False
rs5752801,9,166,-0.11495,0.000167023,False
rs5752801,9,167,-0.122774,6.10377e-05,False
rs5752801,9,168,-0.124911,4.76669e-05,False
rs5752801,9,169,-0.120179,9.45711e-05,False
rs5752801,9,170,-0.118234,0.000126486,False
rs5752801,9,171,-0.120194,0.000101841,False
rs5752801,9,172,-0.125757,4.92903e-05,False
rs5752801,9,173,-0.125097,5.78305e-05,False
rs5752801,9,174,-0.131607,2.42597e-05,False
rs5752801,9,175,-0.131029,2.78933e-05,False
rs5752801,9,176,-0.130439,3.2462e-05,False
rs5752801,9,177,-0.12879,4.34161e-05,False
rs5752801,9,178,-0.133529,2.38142e-05,False
rs5752801,9,179,-0.139159,1.14404e-05,False
rs5752801,9,180,-0.135909,1.9357e-05,False
rs5752801,9,181,-0.144503,6.32258e-06,False
rs5752801,9,182,-0.128599,6.16618e-05,False
rs5752801,9,183,-0.130259,5.32311e-05,False
rs5752801,9,184,-0.133592,3.81172e-05,False
rs5752801,9,185,-0.13024,6.45826e-05,False
rs5752801,9,186,-0.132057,5.57124e-05,False
rs5752801,9,187,-0.138589,2.53058e-05,False
rs5752801,9,188,-0.139936,2.30281e-05,False
rs5752801,9,189,-0.143927,1.55232e-05,False
rs5752801,9,190,-0.147224,1.08076e-05,False
rs5752801,9,191,-0.138841,3.76345e-05,False
rs5752801,9,192,-0.139183,4.00869e-05,False
rs5752801,9,193,-0.140121,3.97811e-05,False
rs5752801,9,194,-0.146763,1.85755e-05,False
rs5752801,9,195,-0.147364,1.98705e-05,False
rs5752801,9,196,-0.154063,9.04127e-06,False
rs5752801,9,197,-0.150392,1.68621e-05,False
rs5752801,9,198,-0.142382,5.25241e-05,False
rs5752801,9,199,-0.156688,9.65903e-06,False
rs5752801,9,200,-0.154657,1.42772e-05,False
rs5752801,9,201,-0.150022,2.92028e-05,False
rs5752801,9,202,-0.149543,3.41028e-05,False
rs5752801,9,203,-0.156543,1.66951e-05,False
rs5752801,9,204,-0.164129,7.45794e-06,False
rs5752801,9,205,-0.166905,6.13054e-06,False
rs5752801,9,206,-0.168012,5.97972e-06,False
rs5752801,9,207,-0.182009,1.12713e-06,False
rs5752801,9,208,-0.18646,7.19868e-07,False
rs5752801,9,209,-0.189673,5.60321e-07,False
rs5752801,9,210,-0.182322,1.78415e-06,False
rs5752801,9,211,-0.18889,9.22845e-07,False
rs5752801,9,212,-0.192265,6.72866e-07,False
rs5752801,9,213,-0.19742,4.04862e-07,False
rs5752801,9,214,-0.189537,1.41152e-06,False
rs5752801,9,215,-0.198472,5.05771e-07,False
rs5752801,9,216,-0.198217,6.23431e-07,False
rs5752801,9,217,-0.198547,7.17241e-07,False
rs5752801,9,218,-0.191102,2.13323e-06,False
rs5752801,9,219,-0.207775,3.07505e-07,False
rs5752801,9,220,-0.20553,4.98582e-07,False
rs5752801,9,221,-0.203949,6.79043e-07,False
rs5752801,9,222,-0.211971,2.93862e-07,False
rs5752801,9,223,-0.200355,1.47315e-06,False
rs5752801,9,224,-0.206495,8.02453e-07,False
rs5752801,9,225,-0.211254,5.16919e-07,False
rs5752801,9,226,-0.217481,2.77286e-07,False
rs5752801,9,227,-0.218974,2.69589e-07,False
rs5752801,9,228,-0.22165,2.12587e-07,False
rs5752801,9,229,-0.219182,3.37289e-07,False
rs5752801,9,230,-0.21133,9.77306e-07,False
rs5752801,9,231,-0.21608,6.23508e-07,False
rs5752801,9,232,-0.210652,1.3404e-06,False
rs5752801,9,233,-0.216884,7.05628e-07,False
rs5752801,9,234,-0.212907,1.27167e-06,False
rs5752801,9,235,-0.211896,1.59228e-06,False
rs5752801,9,236,-0.203604,4.41844e-06,False
rs5752801,9,237,-0.205443,3.84063e-06,False
rs5752801,9,238,-0.20443,4.91163e-06,False
rs5752801,9,239,-0.211679,2.45925e-06,False
rs5752801,9,240,-0.194017,1.70917e-05,False
rs5752801,9,241,-0.192587,2.14169e-05,False
rs5752801,9,242,-0.191579,2.58951e-05,False
rs5752801,9,243,-0.180412,8.1934e-05,False
rs5752801,9,244,-0.176926,0.000121206,False
rs5752801,9,245,-0.176341,0.000141137,False
rs5752801,9,246,-0.170192,0.000265131,False
rs5752801,9,247,-0.15389,0.00105146,False
rs5752801,9,248,-0.142204,0.00265884,False
rs5752801,9,249,-0.139583,0.00341803,False
rs5752801,9,250,-0.137692,0.00408363,False
rs5752801,9,251,-0.125839,0.0092485,False
rs5752801,10,7,-0.00086058,0.972699,False
rs5752801,10,8,-0.008284,0.738874,False
rs5752801,10,9,-0.0166378,0.499958,False
rs5752801,10,10,6.40064e-05,0.997911,False
rs5752801,10,11,-0.0104049,0.668106,False
rs5752801,10,12,-0.00419548,0.861892,False
rs5752801,10,13,-0.00801295,0.738424,False
rs5752801,10,14,-0.0142326,0.550124,False
rs5752801,10,15,-0.0125851,0.596771,False
rs5752801,10,16,-0.00296276,0.900599,False
rs5752801,10,17,-0.0190006,0.422229,False
rs5752801,10,18,-0.0139212,0.556193,False
rs5752801,10,19,-0.00643642,0.785117,False
rs5752801,10,20,-0.00743973,0.752496,False
rs5752801,10,21,-0.00608979,0.796562,False
rs5752801,10,22,-0.00521412,0.825171,False
rs5752801,10,23,-0.0057092,0.808647,False
rs5752801,10,24,-0.00505517,0.83004,False
rs5752801,10,25,-0.0177867,0.45064,False
rs5752801,10,26,-0.0101972,0.665322,False
rs5752801,10,27,-0.00802333,0.733865,False
rs5752801,10,28,-0.0136186,0.5636,False
rs5752801,10,29,-0.0169073,0.474463,False
rs5752801,10,30,-0.010124,0.668466,False
rs5752801,10,31,-0.0197314,0.402838,False
rs5752801,10,32,-0.0203946,0.387809,False
rs5752801,10,33,-0.0212806,0.367302,False
rs5752801,10,34,-0.0267044,0.259103,False
rs5752801,10,35,-0.0249011,0.293324,False
rs5752801,10,36,-0.0292225,0.217853,False
rs5752801,10,37,-0.023348,0.324683,False
rs5752801,10,38,-0.0365089,0.12432,False
rs5752801,10,39,-0.0293049,0.218412,False
rs5752801,10,40,-0.0353562,0.138099,False
rs5752801,10,41,-0.0308387,0.196904,False
rs5752801,10,42,-0.0323522,0.176663,False
rs5752801,10,43,-0.0373376,0.119264,False
rs5752801,10,44,-0.0273245,0.255462,False
rs5752801,10,45,-0.0323026,0.179798,False
rs5752801,10,46,-0.033811,0.160337,False
rs5752801,10,47,-0.0358191,0.137916,False
rs5752801,10,48,-0.0339396,0.160789,False
rs5752801,10,49,-0.0315499,0.192898,False
rs5752801,10,50,-0.0247576,0.308578,False
rs5752801,10,51,-0.0281416,0.246907,False
rs5752801,10,52,-0.0282031,0.246871,False
rs5752801,10,53,-0.0288201,0.238039,False
rs5752801,10,54,-0.0268672,0.272298,False
rs5752801,10,55,-0.0311791,0.20407,False
rs5752801,10,56,-0.0360699,0.142619,False
rs5752801,10,57,-0.029866,0.224916,False
rs5752801,10,58,-0.031299,0.204527,False
rs5752801,10,59,-0.0211008,0.393744,False
rs5752801,10,60,-0.0347689,0.160494,False
rs5752801,10,61,-0.0365372,0.142261,False
rs5752801,10,62,-0.0359701,0.148281,False
rs5752801,10,63,-0.0415657,0.0963396,False
rs5752801,10,64,-0.0386296,0.123249,False
rs5752801,10,65,-0.0350557,0.162371,False
rs5752801,10,66,-0.0350897,0.162988,False
rs5752801,10,67,-0.0393416,0.119389,False
rs5752801,10,68,-0.0425087,0.0935319,False
rs5752801,10,69,-0.0413632,0.10319,False
rs5752801,10,70,-0.0441593,0.0828226,False
rs5752801,10,71,-0.0378954,0.137469,False
rs5752801,10,72,-0.042419,0.0977653,False
rs5752801,10,73,-0.0554197,0.0308334,False
rs5752801,10,74,-0.0470977,0.0672838,False
rs5752801,10,75,-0.0499261,0.0529037,False
rs5752801,10,76,-0.0541985,0.0361532,False
rs5752801,10,77,-0.04692,0.070529,False
rs5752801,10,78,-0.0553782,0.0334474,False
rs5752801,10,79,-0.0654604,0.0121258,False
rs5752801,10,80,-0.066142,0.0114824,False
rs5752801,10,81,-0.0632963,0.01588,False
rs5752801,10,82,-0.0609895,0.0204189,False
rs5752801,10,83,-0.0618682,0.0190436,False
rs5752801,10,84,-0.0685198,0.0095516,False
rs5752801,10,85,-0.0629907,0.0173698,False
rs5752801,10,86,-0.059231,0.0259162,False
rs5752801,10,87,-0.0665967,0.0126108,False
rs5752801,10,88,-0.0526084,0.0492156,False
rs5752801,10,89,-0.0691407,0.00989502,False
rs5752801,10,90,-0.063858,0.0176031,False
rs5752801,10,91,-0.0675678,0.0121064,False
rs5752801,10,92,-0.0591536,0.0284435,False
rs5752801,10,93,-0.067899,0.0121478,False
rs5752801,10,94,-0.0592661,0.0289891,False
rs5752801,10,95,-0.0513485,0.0591646,False
rs5752801,10,96,-0.057817,0.0339873,False
rs5752801,10,97,-0.0647973,0.0180063,False
rs5752801,10,98,-0.071016,0.0096443,False
rs5752801,10,99,-0.0682483,0.0130922,False
rs5752801,10,100,-0.0737931,0.00737918,False
rs5752801,10,101,-0.067728,0.0140781,False
rs5752801,10,102,-0.0682427,0.0137124,False
rs5752801,10,103,-0.06608,0.0170128,False
rs5752801,10,104,-0.0609539,0.0282242,False
rs5752801,10,105,-0.0548895,0.0485877,False
rs5752801,10,106,-0.0642322,0.0212603,False
rs5752801,10,107,-0.0741341,0.00806943,False
rs5752801,10,108,-0.0691401,0.0136893,False
rs5752801,10,109,-0.0664838,0.0180634,False
rs5752801,10,110,-0.0660788,0.018971,False
rs5752801,10,111,-0.0707244,0.0121242,False
rs5752801,10,112,-0.0719314,0.0109028,False
rs5752801,10,113,-0.0703185,0.0131458,False
rs5752801,10,114,-0.0754937,0.00784934,False
rs5752801,10,115,-0.0708924,0.0126706,False
rs5752801,10,116,-0.0678194,0.0173594,False
rs5752801,10,117,-0.0796442,0.00529317,False
rs5752801,10,118,-0.0701378,0.0142882,False
rs5752801,10,119,-0.0675673,0.018388,False
rs5752801,10,120,-0.0700577,0.0146081,False
rs5752801,10,121,-0.0717783,0.0124999,False
rs5752801,10,122,-0.0717337,0.0127152,False
rs5752801,10,123,-0.0771936,0.00745503,False
rs5752801,10,124,-0.0844641,0.00350746,False
rs5752801,10,125,-0.0837567,0.00381694,False
rs5752801,10,126,-0.0814789,0.00495297,False
rs5752801,10,127,-0.0790496,0.00646916,False
rs5752801,10,128,-0.0866363,0.00291374,False
rs5752801,10,129,-0.086068,0.00312966,False
rs5752801,10,130,-0.0884026,0.00243378,False
rs5752801,10,131,-0.090832,0.00185815,False
rs5752801,10,132,-0.0876379,0.00273968,False
rs5752801,10,133,-0.0932338,0.00146077,False
rs5752801,10,134,-0.0886925,0.00253225,False
rs5752801,10,135,-0.0880817,0.00273652,False
rs5752801,10,136,-0.0941903,0.0013888,False
rs5752801,10,137,-0.0886709,0.002625,False
rs5752801,10,138,-0.0904545,0.00217246,False
rs5752801,10,139,-0.088216,0.00286166,False
rs5752801,10,140,-0.0919762,0.00190038,False
rs5752801,10,141,-0.0946897,0.00141514,False
rs5752801,10,142,-0.097617,0.00100607,False
rs5752801,10,143,-0.101487,0.000636099,False
rs5752801,10,144,-0.101795,0.000609899,False
rs5752801,10,145,-0.101091,0.000685738,False
rs5752801,10,146,-0.0997412,0.000817329,False
rs5752801,10,147,-0.0973289,0.00109585,False
rs5752801,10,148,-0.0940448,0.00164351,False
rs5752801,10,149,-0.0885196,0.00309164,False
rs5752801,10,150,-0.0956683,0.00139586,False
rs5752801,10,151,-0.0926329,0.00197591,False
rs5752801,10,152,-0.0991887,0.000937211,False
rs5752801,10,153,-0.0892552,0.00292663,False
rs5752801,10,154,-0.0893525,0.00291963,False
rs5752801,10,155,-0.0873713,0.00366604,False
rs5752801,10,156,-0.0847339,0.00484167,False
rs5752801,10,157,-0.092485,0.00211866,False
rs5752801,10,158,-0.105294,0.000480779,False
rs5752801,10,159,-0.103774,0.000584235,False
rs5752801,10,160,-0.0983498,0.00114112,False
rs5752801,10,161,-0.0945379,0.00177974,False
rs5752801,10,162,-0.101058,0.000842687,False
rs5752801,10,163,-0.109306,0.00030937,False
rs5752801,10,164,-0.105369,0.000520155,False
rs5752801,10,165,-0.105027,0.000551451,False
rs5752801,10,166,-0.107912,0.000399054,False
rs5752801,10,167,-0.106926,0.00046087,False
rs5752801,10,168,-0.107962,0.000413119,False
rs5752801,10,169,-0.107153,0.000469345,False
rs5752801,10,170,-0.107951,0.000446969,False
rs5752801,10,171,-0.108301,0.000442179,False
rs5752801,10,172,-0.110286,0.000352196,False
rs5752801,10,173,-0.105589,0.000638126,False
rs5752801,10,174,-0.114616,0.000213076,False
rs5752801,10,175,-0.117238,0.000160637,False
rs5752801,10,176,-0.112799,0.00029508,False
rs5752801,10,177,-0.124332,7.04362e-05,False
rs5752801,10,178,-0.128712,4.02883e-05,False
rs5752801,10,179,-0.127054,5.48054e-05,False
rs5752801,10,180,-0.119036,0.000168558,False
rs5752801,10,181,-0.118828,0.000180944,False
rs5752801,10,182,-0.120538,0.000154948,False
rs5752801,10,183,-0.119639,0.000182114,False
rs5752801,10,184,-0.12486,0.000103098,False
rs5752801,10,185,-0.123668,0.000127264,False
rs5752801,10,186,-0.134952,3.20624e-05,False
rs5752801,10,187,-0.133,4.41721e-05,False
rs5752801,10,188,-0.131841,5.70233e-05,False
rs5752801,10,189,-0.13739,3.11479e-05,False
rs5752801,10,190,-0.14424,1.33237e-05,False
rs5752801,10,191,-0.133929,5.79398e-05,False
rs5752801,10,192,-0.142729,2.0188e-05,False
rs5752801,10,193,-0.132135,8.88249e-05,False
rs5752801,10,194,-0.140682,3.38882e-05,False
rs5752801,10,195,-0.14958,1.19094e-05,False
rs5752801,10,196,-0.152334,9.3244e-06,False
rs5752801,10,197,-0.151711,1.12188e-05,False
rs5752801,10,198,-0.151741,1.30296e-05,False
rs5752801,10,199,-0.154965,9.65373e-06,False
rs5752801,10,200,-0.163814,3.35114e-06,False
rs5752801,10,201,-0.158134,8.2717e-06,False
rs5752801,10,202,-0.158232,9.66122e-06,False
rs5752801,10,203,-0.167303,3.33626e-06,False
rs5752801,10,204,-0.154206,2.05539e-05,False
rs5752801,10,205,-0.176031,1.3619e-06,False
rs5752801,10,206,-0.177561,1.33225e-06,False
rs5752801,10,207,-0.176681,1.79491e-06,False
rs5752801,10,208,-0.178413,1.67115e-06,False
rs5752801,10,209,-0.184376,8.95353e-07,False
rs5752801,10,210,-0.191214,4.27772e-07,False
rs5752801,10,211,-0.182352,1.70122e-06,False
rs5752801,10,212,-0.190485,6.77988e-07,False
rs5752801,10,213,-0.187558,1.18239e-06,False
rs5752801,10,214,-0.191762,8.32611e-07,False
rs5752801,10,215,-0.194078,7.38686e-07,False
rs5752801,10,216,-0.197199,5.9464e-07,False
rs5752801,10,217,-0.19947,5.39676e-07,False
rs5752801,10,218,-0.211101,1.37823e-07,False
rs5752801,10,219,-0.20695,3.09766e-07,False
rs5752801,10,220,-0.213985,1.45237e-07,False
rs5752801,10,221,-0.215261,1.41616e-07,False
rs5752801,10,222,-0.215946,1.61262e-07,False
rs5752801,10,223,-0.224681,5.94365e-08,False
rs5752801,10,224,-0.226844,5.27052e-08,False
rs5752801,10,225,-0.227609,5.63626e-08,False
rs5752801,10,226,-0.228753,6.0006e-08,False
rs5752801,10,227,-0.226578,9.55542e-08,False
rs5752801,10,228,-0.233955,4.28307e-08,False
rs5752801,10,229,-0.227608,1.10799e-07,False
rs5752801,10,230,-0.219657,3.50557e-07,False
rs5752801,10,231,-0.223284,2.58707e-07,False
rs5752801,10,232,-0.222009,3.46073e-07,False
rs5752801,10,233,-0.225715,2.5046e-07,False
rs5752801,10,234,-0.214221,1.10984e-06,False
rs5752801,10,235,-0.222092,4.94528e-07,False
rs5752801,10,236,-0.21535,1.25102e-06,False
rs5752801,10,237,-0.214042,1.57187e-06,False
rs5752801,10,238,-0.215474,1.50229e-06,False
rs5752801,10,239,-0.214207,1.94719e-06,False
rs5752801,10,240,-0.198236,1.13113e-05,False
rs5752801,10,241,-0.200472,9.90237e-06,False
rs5752801,10,242,-0.194616,2.00858e-05,False
rs5752801,10,243,-0.20597,7.22542e-06,False
rs5752801,10,244,-0.195479,2.23069e-05,False
rs5752801,10,245,-0.184991,6.66124e-05,False
rs5752801,10,246,-0.16913,0.000291781,False
rs5752801,10,247,-0.172729,0.000237694,False
rs5752801,10,248,-0.169046,0.000351609,False
rs5752801,10,249,-0.158993,0.000852025,False
rs5752801,10,250,-0.146637,0.00226504,False
rs5752801,10,251,-0.133391,0.00578339,False
rs5752801,11,7,-0.0125662,0.618181,False
rs5752801,11,8,0.00221492,0.929414,False
rs5752801,11,9,-0.00915579,0.711274,False
rs5752801,11,10,-0.00809441,0.741,False
rs5752801,11,11,-0.0203461,0.402681,False
rs5752801,11,12,-0.019846,0.410904,False
rs5752801,11,13,-0.0104179,0.664749,False
rs5752801,11,14,-0.00715541,0.764419,False
rs5752801,11,15,-0.0135486,0.56906,False
rs5752801,11,16,-0.00246414,0.917325,False
rs5752801,11,17,-0.00612795,0.795989,False
rs5752801,11,18,-0.0112026,0.635991,False
rs5752801,11,19,0.00134131,0.954671,False
rs5752801,11,20,-0.00316445,0.893239,False
rs5752801,11,21,-0.00358735,0.879236,False
rs5752801,11,22,-0.00741831,0.753025,False
rs5752801,11,23,-0.0123348,0.600187,False
rs5752801,11,24,-0.00781082,0.740383,False
rs5752801,11,25,-0.00329748,0.88865,False
rs5752801,11,26,-0.00314058,0.894019,False
rs5752801,11,27,-0.00342356,0.884541,False
rs5752801,11,28,-0.00318585,0.892374,False
rs5752801,11,29,-0.0126323,0.592512,False
rs5752801,11,30,-0.00483089,0.837754,False
rs5752801,11,31,-0.0152236,0.519039,False
rs5752801,11,32,-0.00851396,0.718997,False
rs5752801,11,33,-0.0182169,0.441685,False
rs5752801,11,34,-0.0111093,0.638931,False
rs5752801,11,35,-0.0170247,0.472192,False
rs5752801,11,36,-0.0175647,0.459852,False
rs5752801,11,37,-0.0299936,0.208006,False
rs5752801,11,38,-0.0210333,0.376901,False
rs5752801,11,39,-0.0215058,0.368005,False
rs5752801,11,40,-0.0257185,0.281073,False
rs5752801,11,41,-0.0291851,0.221869,False
rs5752801,11,42,-0.0405977,0.090252,False
rs5752801,11,43,-0.0226449,0.345514,False
rs5752801,11,44,-0.0327845,0.172337,False
rs5752801,11,45,-0.035041,0.145792,False
rs5752801,11,46,-0.0440428,0.0680481,False
rs5752801,11,47,-0.0390857,0.105841,False
rs5752801,11,48,-0.0239551,0.322028,False
rs5752801,11,49,-0.0367902,0.128824,False
rs5752801,11,50,-0.0370584,0.127596,False
rs5752801,11,51,-0.0321211,0.187622,False
rs5752801,11,52,-0.0303879,0.21324,False
rs5752801,11,53,-0.030376,0.214952,False
rs5752801,11,54,-0.0334753,0.172005,False
rs5752801,11,55,-0.0303062,0.217407,False
rs5752801,11,56,-0.0294198,0.232536,False
rs5752801,11,57,-0.0307706,0.212014,False
rs5752801,11,58,-0.035002,0.156616,False
rs5752801,11,59,-0.031579,0.202359,False
rs5752801,11,60,-0.0331846,0.181543,False
rs5752801,11,61,-0.040263,0.105389,False
rs5752801,11,62,-0.0426857,0.0872558,False
rs5752801,11,63,-0.0446966,0.0746594,False
rs5752801,11,64,-0.0409554,0.10335,False
rs5752801,11,65,-0.039618,0.11549,False
rs5752801,11,66,-0.0321411,0.202291,False
rs5752801,11,67,-0.0402957,0.1105,False
rs5752801,11,68,-0.0346343,0.173073,False
rs5752801,11,69,-0.0413151,0.104074,False
rs5752801,11,70,-0.0449818,0.0777474,False
rs5752801,11,71,-0.050336,0.0489144,False
rs5752801,11,72,-0.0396331,0.122403,False
rs5752801,11,73,-0.0453557,0.0773274,False
rs5752801,11,74,-0.045406,0.0784094,False
rs5752801,11,75,-0.0504926,0.0509361,False
rs5752801,11,76,-0.0439493,0.0903626,False
rs5752801,11,77,-0.0544081,0.0366134,False
rs5752801,11,78,-0.0483874,0.0640377,False
rs5752801,11,79,-0.0496716,0.0576832,False
rs5752801,11,80,-0.0411593,0.116585,False
rs5752801,11,81,-0.0512829,0.0514103,False
rs5752801,11,82,-0.0565997,0.0319417,False
rs5752801,11,83,-0.0509039,0.0543645,False
rs5752801,11,84,-0.0566333,0.0325073,False
rs5752801,11,85,-0.0572922,0.0310903,False
rs5752801,11,86,-0.0559454,0.0360309,False
rs5752801,11,87,-0.0641427,0.0164921,False
rs5752801,11,88,-0.0646018,0.0159567,False
rs5752801,11,89,-0.0592446,0.0273574,False
rs5752801,11,90,-0.0636713,0.0182578,False
rs5752801,11,91,-0.0618203,0.0222799,False
rs5752801,11,92,-0.0559616,0.0390092,False
rs5752801,11,93,-0.0663028,0.0147489,False
rs5752801,11,94,-0.0632414,0.0203054,False
rs5752801,11,95,-0.0624285,0.0221663,False
rs5752801,11,96,-0.0673106,0.0138005,False
rs5752801,11,97,-0.0646381,0.0182588,False
rs5752801,11,98,-0.0697054,0.0111556,False
rs5752801,11,99,-0.065798,0.0170428,False
rs5752801,11,100,-0.0711343,0.0100748,False
rs5752801,11,101,-0.067692,0.0145508,False
rs5752801,11,102,-0.0658845,0.0177639,False
rs5752801,11,103,-0.06411,0.0211556,False
rs5752801,11,104,-0.0677492,0.0149706,False
rs5752801,11,105,-0.0664551,0.0173728,False
rs5752801,11,106,-0.07394,0.00830237,False
rs5752801,11,107,-0.0708288,0.0116521,False
rs5752801,11,108,-0.0662147,0.018546,False
rs5752801,11,109,-0.0691052,0.0141432,False
rs5752801,11,110,-0.0708153,0.0121635,False
rs5752801,11,111,-0.0704531,0.0127898,False
rs5752801,11,112,-0.0737748,0.00930313,False
rs5752801,11,113,-0.0714915,0.0117849,False
rs5752801,11,114,-0.0766328,0.00712873,False
rs5752801,11,115,-0.073675,0.00994382,False
rs5752801,11,116,-0.0727175,0.0110357,False
rs5752801,11,117,-0.0744337,0.0093513,False
rs5752801,11,118,-0.0711027,0.0132725,False
rs5752801,11,119,-0.0768725,0.00753096,False
rs5752801,11,120,-0.0740091,0.0101773,False
rs5752801,11,121,-0.0787876,0.00630336,False
rs5752801,11,122,-0.0716184,0.0132204,False
rs5752801,11,123,-0.0795906,0.00597655,False
rs5752801,11,124,-0.0771804,0.00782706,False
rs5752801,11,125,-0.0793493,0.00639138,False
rs5752801,11,126,-0.0834691,0.00415748,False
rs5752801,11,127,-0.0856968,0.00330535,False
rs5752801,11,128,-0.0890725,0.00228967,False
rs5752801,11,129,-0.0934559,0.00139527,False
rs5752801,11,130,-0.0876338,0.00275217,False
rs5752801,11,131,-0.0854934,0.00352909,False
rs5752801,11,132,-0.0791868,0.00704146,False
rs5752801,11,133,-0.0832981,0.00467315,False
rs5752801,11,134,-0.0819579,0.00540914,False
rs5752801,11,135,-0.0880726,0.00282553,False
rs5752801,11,136,-0.0970522,0.00102713,False
rs5752801,11,137,-0.0931035,0.00163374,False
rs5752801,11,138,-0.095512,0.00125692,False
rs5752801,11,139,-0.0946427,0.00142441,False
rs5752801,11,140,-0.0893087,0.002618,False
rs5752801,11,141,-0.0833906,0.00505266,False
rs5752801,11,142,-0.0819706,0.00590526,False
rs5752801,11,143,-0.0902256,0.00243621,False
rs5752801,11,144,-0.0910021,0.00224971,False
rs5752801,11,145,-0.0936465,0.00166846,False
rs5752801,11,146,-0.091485,0.00215728,False
rs5752801,11,147,-0.0953914,0.00141273,False
rs5752801,11,148,-0.0974259,0.00111262,False
rs5752801,11,149,-0.0894095,0.00283198,False
rs5752801,11,150,-0.0853574,0.00435536,False
rs5752801,11,151,-0.0806383,0.00715834,False
rs5752801,11,152,-0.0964254,0.00130715,False
rs5752801,11,153,-0.0841556,0.00504216,False
rs5752801,11,154,-0.0847238,0.00475137,False
rs5752801,11,155,-0.0902503,0.00267443,False
rs5752801,11,156,-0.0875398,0.00363193,False
rs5752801,11,157,-0.0904609,0.00266735,False
rs5752801,11,158,-0.0863014,0.00417567,False
rs5752801,11,159,-0.085939,0.00433429,False
rs5752801,11,160,-0.0877905,0.00356493,False
rs5752801,11,161,-0.0920935,0.00229213,False
rs5752801,11,162,-0.0958197,0.00153115,False
rs5752801,11,163,-0.0927603,0.0021698,False
rs5752801,11,164,-0.0907998,0.00271641,False
rs5752801,11,165,-0.0940406,0.00194786,False
rs5752801,11,166,-0.094857,0.00181232,False
rs5752801,11,167,-0.0952392,0.00178451,False
rs5752801,11,168,-0.0952082,0.0017948,False
rs5752801,11,169,-0.102954,0.000751493,False
rs5752801,11,170,-0.100684,0.000995814,False
rs5752801,11,171,-0.104545,0.000649741,False
rs5752801,11,172,-0.10594,0.000567166,False
rs5752801,11,173,-0.113634,0.000226444,False
rs5752801,11,174,-0.113051,0.00025361,False
rs5752801,11,175,-0.116578,0.000170269,False
rs5752801,11,176,-0.114965,0.000215991,False
rs5752801,11,177,-0.125292,5.81168e-05,False
rs5752801,11,178,-0.1274,4.61755e-05,False
rs5752801,11,179,-0.124355,7.26481e-05,False
rs5752801,11,180,-0.119253,0.000146154,False
rs5752801,11,181,-0.123088,9.49681e-05,False
rs5752801,11,182,-0.119224,0.000167864,False
rs5752801,11,183,-0.117403,0.000220459,False
rs5752801,11,184,-0.123971,0.000100143,False
rs5752801,11,185,-0.123357,0.000119819,False
rs5752801,11,186,-0.130305,5.17456e-05,False
rs5752801,11,187,-0.116285,0.000321895,False
rs5752801,11,188,-0.131941,4.92161e-05,False
rs5752801,11,189,-0.12782,8.96637e-05,False
rs5752801,11,190,-0.12865,8.76553e-05,False
rs5752801,11,191,-0.134768,4.46732e-05,False
rs5752801,11,192,-0.128552,0.000106393,False
rs5752801,11,193,-0.123914,0.000207054,False
rs5752801,11,194,-0.130011,0.000106883,False
rs5752801,11,195,-0.148279,1.14416e-05,False
rs5752801,11,196,-0.137698,5.14032e-05,False
rs5752801,11,197,-0.142507,3.13817e-05,False
rs5752801,11,198,-0.139,5.39033e-05,False
rs5752801,11,199,-0.142736,3.83283e-05,False
rs5752801,11,200,-0.147545,2.27085e-05,False
rs5752801,11,201,-0.153386,1.21241e-05,False
rs5752801,11,202,-0.156561,9.35752e-06,False
rs5752801,11,203,-0.149935,2.46277e-05,False
rs5752801,11,204,-0.172652,1.40403e-06,False
rs5752801,11,205,-0.169399,2.62611e-06,False
rs5752801,11,206,-0.176391,1.14426e-06,False
rs5752801,11,207,-0.178067,1.10581e-06,False
rs5752801,11,208,-0.192721,1.64266e-07,False
rs5752801,11,209,-0.183371,7.51571e-07,False
rs5752801,11,210,-0.182256,1.08158e-06,False
rs5752801,11,211,-0.191143,3.78806e-07,False
rs5752801,11,212,-0.192155,4.07314e-07,False
rs5752801,11,213,-0.193524,4.12558e-07,False
rs5752801,11,214,-0.191962,6.46568e-07,False
rs5752801,11,215,-0.192174,7.28091e-07,False
rs5752801,11,216,-0.19104,1.08164e-06,False
rs5752801,11,217,-0.205624,1.88767e-07,False
rs5752801,11,218,-0.20505,2.53675e-07,False
rs5752801,11,219,-0.210212,1.54109e-07,False
rs5752801,11,220,-0.209475,2.13716e-07,False
rs5752801,11,221,-0.207248,3.51507e-07,False
rs5752801,11,222,-0.206472,4.70836e-07,False
rs5752801,11,223,-0.213373,2.31662e-07,False
rs5752801,11,224,-0.217349,1.67048e-07,False
rs5752801,11,225,-0.218321,1.78251e-07,False
rs5752801,11,226,-0.213443,3.89458e-07,False
rs5752801,11,227,-0.22519,1.03277e-07,False
rs5752801,11,228,-0.217764,3.09709e-07,False
rs5752801,11,229,-0.227082,1.14726e-07,False
rs5752801,11,230,-0.21084,9.93651e-07,False
rs5752801,11,231,-0.224397,2.19985e-07,False
rs5752801,11,232,-0.227614,1.69196e-07,False
rs5752801,11,233,-0.220574,4.75903e-07,False
rs5752801,11,234,-0.216829,8.08477e-07,False
rs5752801,11,235,-0.223921,3.91153e-07,False
rs5752801,11,236,-0.215948,1.1938e-06,False
rs5752801,11,237,-0.207631,3.27813e-06,False
rs5752801,11,238,-0.219407,1.00835e-06,False
rs5752801,11,239,-0.21067,3.00026e-06,False
rs5752801,11,240,-0.20756,4.63644e-06,False
rs5752801,11,241,-0.211113,3.63106e-06,False
rs5752801,11,242,-0.201066,1.11677e-05,False
rs5752801,11,243,-0.202085,1.14624e-05,False
rs5752801,11,244,-0.19372,2.91238e-05,False
rs5752801,11,245,-0.189783,4.62236e-05,False
rs5752801,11,246,-0.18068,0.00011817,False
rs5752801,11,247,-0.18516,8.69436e-05,False
rs5752801,11,248,-0.163749,0.000576363,False
rs5752801,11,249,-0.159198,0.000881932,False
rs5752801,11,250,-0.155336,0.00128419,False
rs5752801,11,251,-0.154615,0.00146563,False
rs5752801,12,7,-0.0169484,0.500004,False
rs5752801,12,8,0.00790596,0.751058,False
rs5752801,12,9,-0.0187322,0.44865,False
rs5752801,12,10,-0.0131399,0.591175,False
rs5752801,12,11,-0.00832126,0.732388,False
rs5752801,12,12,-0.0102299,0.670993,False
rs5752801,12,13,-0.00972296,0.685269,False
rs5752801,12,14,-0.0141944,0.55198,False
rs5752801,12,15,-0.00762693,0.748846,False
rs5752801,12,16,-0.0131045,0.580027,False
rs5752801,12,17,-0.0128711,0.586264,False
rs5752801,12,18,-0.00472002,0.841633,False
rs5752801,12,19,-0.011547,0.62517,False
rs5752801,12,20,-0.00962876,0.68301,False
rs5752801,12,21,-0.0197478,0.401947,False
rs5752801,12,22,-0.0113018,0.631088,False
rs5752801,12,23,-0.0114576,0.626841,False
rs5752801,12,24,-0.0155946,0.507978,False
rs5752801,12,25,-0.0180009,0.444621,False
rs5752801,12,26,-0.00906346,0.700533,False
rs5752801,12,27,-0.00809231,0.731373,False
rs5752801,12,28,-0.0165761,0.481442,False
rs5752801,12,29,-0.0164364,0.485907,False
rs5752801,12,30,-0.0143107,0.543975,False
rs5752801,12,31,-0.015994,0.498218,False
rs5752801,12,32,-0.0147074,0.534226,False
rs5752801,12,33,-0.0196234,0.406475,False
rs5752801,12,34,-0.0156627,0.507543,False
rs5752801,12,35,-0.0202278,0.394456,False
rs5752801,12,36,-0.0178413,0.452673,False
rs5752801,12,37,-0.0221418,0.35122,False
rs5752801,12,38,-0.0340978,0.151536,False
rs5752801,12,39,-0.0243818,0.306659,False
rs5752801,12,40,-0.0201183,0.399166,False
rs5752801,12,41,-0.0279988,0.242276,False
rs5752801,12,42,-0.0246189,0.304694,False
rs5752801,12,43,-0.0332959,0.16483,False
rs5752801,12,44,-0.0362386,0.131667,False
rs5752801,12,45,-0.028207,0.241341,False
rs5752801,12,46,-0.0279577,0.245535,False
rs5752801,12,47,-0.0383873,0.112874,False
rs5752801,12,48,-0.0294618,0.22388,False
rs5752801,12,49,-0.0285084,0.240554,False
rs5752801,12,50,-0.0382757,0.115644,False
rs5752801,12,51,-0.032753,0.179273,False
rs5752801,12,52,-0.0298731,0.221289,False
rs5752801,12,53,-0.0243766,0.320109,False
rs5752801,12,54,-0.0433844,0.0770448,False
rs5752801,12,55,-0.0386953,0.116288,False
rs5752801,12,56,-0.0351142,0.154777,False
rs5752801,12,57,-0.0387443,0.11662,False
rs5752801,12,58,-0.0349854,0.15736,False
rs5752801,12,59,-0.0338247,0.172936,False
rs5752801,12,60,-0.039051,0.116439,False
rs5752801,12,61,-0.0341245,0.172062,False
rs5752801,12,62,-0.0480696,0.0542815,False
rs5752801,12,63,-0.0355136,0.156053,False
rs5752801,12,64,-0.0324742,0.196431,False
rs5752801,12,65,-0.0382774,0.129414,False
rs5752801,12,66,-0.0333614,0.186928,False
rs5752801,12,67,-0.0273069,0.280868,False
rs5752801,12,68,-0.0417184,0.100616,False
rs5752801,12,69,-0.0438481,0.085578,False
rs5752801,12,70,-0.0438036,0.0863229,False
rs5752801,12,71,-0.0364341,0.155419,False
rs5752801,12,72,-0.0442295,0.085528,False
rs5752801,12,73,-0.041146,0.11077,False
rs5752801,12,74,-0.0475753,0.0658448,False
rs5752801,12,75,-0.039541,0.127392,False
rs5752801,12,76,-0.0408951,0.115889,False
rs5752801,12,77,-0.0442564,0.0897061,False
rs5752801,12,78,-0.0531212,0.0420109,False
rs5752801,12,79,-0.0502292,0.0557452,False
rs5752801,12,80,-0.0539874,0.0400834,False
rs5752801,12,81,-0.0514212,0.0514349,False
rs5752801,12,82,-0.0525297,0.0471646,False
rs5752801,12,83,-0.0573711,0.0307028,False
rs5752801,12,84,-0.0586395,0.0277084,False
rs5752801,12,85,-0.0512037,0.0548295,False
rs5752801,12,86,-0.0514289,0.0546737,False
rs5752801,12,87,-0.0563623,0.035773,False
rs5752801,12,88,-0.063263,0.0187456,False
rs5752801,12,89,-0.0576787,0.032887,False
rs5752801,12,90,-0.0542796,0.0454486,False
rs5752801,12,91,-0.0505936,0.0622506,False
rs5752801,12,92,-0.0619609,0.0226662,False
rs5752801,12,93,-0.0562689,0.0390364,False
rs5752801,12,94,-0.0536,0.0499017,False
rs5752801,12,95,-0.0550073,0.0450646,False
rs5752801,12,96,-0.0584263,0.0335083,False
rs5752801,12,97,-0.0559066,0.0425302,False
rs5752801,12,98,-0.0552626,0.0455969,False
rs5752801,12,99,-0.0548463,0.0478298,False
rs5752801,12,100,-0.0534301,0.0540465,False
rs5752801,12,101,-0.0491613,0.076945,False
rs5752801,12,102,-0.0527545,0.058432,False
rs5752801,12,103,-0.0604147,0.0306838,False
rs5752801,12,104,-0.0649147,0.0202898,False
rs5752801,12,105,-0.0677345,0.0155818,False
rs5752801,12,106,-0.0701114,0.0124559,False
rs5752801,12,107,-0.0710734,0.0114942,False
rs5752801,12,108,-0.0730487,0.00949869,False
rs5752801,12,109,-0.0736251,0.00915556,False
rs5752801,12,110,-0.0667767,0.0182484,False
rs5752801,12,111,-0.0624595,0.0273644,False
rs5752801,12,112,-0.0635259,0.0255481,False
rs5752801,12,113,-0.0639365,0.0247144,False
rs5752801,12,114,-0.069663,0.0146238,False
rs5752801,12,115,-0.0715765,0.0123909,False
rs5752801,12,116,-0.0796641,0.00551048,False
rs5752801,12,117,-0.068886,0.0165052,False
rs5752801,12,118,-0.0763051,0.00800427,False
rs5752801,12,119,-0.0700718,0.0150197,False
rs5752801,12,120,-0.0725896,0.011921,False
rs5752801,12,121,-0.0813631,0.00494551,False
rs5752801,12,122,-0.0793285,0.00625984,False
rs5752801,12,123,-0.0823144,0.00465377,False
rs5752801,12,124,-0.0761129,0.00896191,False
rs5752801,12,125,-0.072487,0.0128459,False
rs5752801,12,126,-0.0715793,0.0141758,False
rs5752801,12,127,-0.0760989,0.00916499,False
rs5752801,12,128,-0.0758079,0.00954441,False
rs5752801,12,129,-0.0804248,0.00605427,False
rs5752801,12,130,-0.0816829,0.00537181,False
rs5752801,12,131,-0.0785498,0.00754613,False
rs5752801,12,132,-0.0790831,0.00725815,False
rs5752801,12,133,-0.081302,0.00581274,False
rs5752801,12,134,-0.0843078,0.00425476,False
rs5752801,12,135,-0.0756153,0.0105497,False
rs5752801,12,136,-0.0896258,0.0024792,False
rs5752801,12,137,-0.0801348,0.00687375,False
rs5752801,12,138,-0.0839905,0.00457868,False
rs5752801,12,139,-0.0753881,0.0110327,False
rs5752801,12,140,-0.0784562,0.00833448,False
rs5752801,12,141,-0.0789185,0.00811317,False
rs5752801,12,142,-0.0828585,0.00552429,False
rs5752801,12,143,-0.0784865,0.00857905,False
rs5752801,12,144,-0.078369,0.00867129,False
rs5752801,12,145,-0.0752412,0.0117742,False
rs5752801,12,146,-0.0804663,0.00725539,False
rs5752801,12,147,-0.0748914,0.0124793,False
rs5752801,12,148,-0.0731875,0.014674,False
rs5752801,12,149,-0.0776815,0.00957015,False
rs5752801,12,150,-0.0757355,0.0115628,False
rs5752801,12,151,-0.0892601,0.00292217,False
rs5752801,12,152,-0.0844388,0.00493078,False
rs5752801,12,153,-0.0891093,0.00301329,False
rs5752801,12,154,-0.0833894,0.00549987,False
rs5752801,12,155,-0.0834127,0.00545665,False
rs5752801,12,156,-0.0856669,0.00436895,False
rs5752801,12,157,-0.0843836,0.0049822,False
rs5752801,12,158,-0.0891996,0.00300559,False
rs5752801,12,159,-0.0908414,0.00253617,False
rs5752801,12,160,-0.0926303,0.00211021,False
rs5752801,12,161,-0.0890473,0.00314818,False
rs5752801,12,162,-0.0897037,0.00292944,False
rs5752801,12,163,-0.0948408,0.00168471,False
rs5752801,12,164,-0.095567,0.00156101,False
rs5752801,12,165,-0.0933702,0.002029,False
rs5752801,12,166,-0.0895355,0.0031441,False
rs5752801,12,167,-0.0880999,0.00372235,False
rs5752801,12,168,-0.0915189,0.00260134,False
rs5752801,12,169,-0.0981466,0.00128615,False
rs5752801,12,170,-0.0982925,0.00129059,False
rs5752801,12,171,-0.10191,0.000869379,False
rs5752801,12,172,-0.100993,0.000992746,False
rs5752801,12,173,-0.0999231,0.00114644,False
rs5752801,12,174,-0.0932695,0.00242861,False
rs5752801,12,175,-0.10154,0.000979564,False
rs5752801,12,176,-0.105717,0.000613688,False
rs5752801,12,177,-0.10325,0.000850997,False
rs5752801,12,178,-0.105155,0.00070752,False
rs5752801,12,179,-0.106059,0.000658294,False
rs5752801,12,180,-0.107782,0.000560383,False
rs5752801,12,181,-0.112511,0.000328122,False
rs5752801,12,182,-0.109825,0.000467866,False
rs5752801,12,183,-0.117501,0.000192541,False
rs5752801,12,184,-0.104936,0.000918108,False
rs5752801,12,185,-0.112951,0.000388692,False
rs5752801,12,186,-0.116634,0.000258686,False
rs5752801,12,187,-0.116793,0.000277139,False
rs5752801,12,188,-0.116028,0.000324429,False
rs5752801,12,189,-0.122105,0.000165369,False
rs5752801,12,190,-0.121388,0.000195009,False
rs5752801,12,191,-0.123019,0.000170146,False
rs5752801,12,192,-0.129162,8.61939e-05,False
rs5752801,12,193,-0.140424,2.2035e-05,False
rs5752801,12,194,-0.131989,7.16396e-05,False
rs5752801,12,195,-0.13128,8.70528e-05,False
rs5752801,12,196,-0.134782,6.06173e-05,False
rs5752801,12,197,-0.133029,8.40139e-05,False
rs5752801,12,198,-0.148665,1.25794e-05,False
rs5752801,12,199,-0.136619,6.72639e-05,False
rs5752801,12,200,-0.13982,5.02606e-05,False
rs5752801,12,201,-0.152647,1.11514e-05,False
rs5752801,12,202,-0.155452,8.57499e-06,False
rs5752801,12,203,-0.155266,1.00627e-05,False
rs5752801,12,204,-0.159608,6.45906e-06,False
rs5752801,12,205,-0.160032,7.08247e-06,False
rs5752801,12,206,-0.166571,3.36754e-06,False
rs5752801,12,207,-0.174499,1.35697e-06,False
rs5752801,12,208,-0.16645,4.81441e-06,False
rs5752801,12,209,-0.174578,1.92977e-06,False
rs5752801,12,210,-0.17596,1.94833e-06,False
rs5752801,12,211,-0.184558,7.08389e-07,False
rs5752801,12,212,-0.188429,5.12001e-07,False
rs5752801,12,213,-0.190631,4.86234e-07,False
rs5752801,12,214,-0.197282,2.33725e-07,False
rs5752801,12,215,-0.200286,1.8661e-07,False
rs5752801,12,216,-0.199787,2.51657e-07,False
rs5752801,12,217,-0.191363,9.46389e-07,False
rs5752801,12,218,-0.200911,3.35004e-07,False
rs5752801,12,219,-0.194554,9.39232e-07,False
rs5752801,12,220,-0.201833,4.45758e-07,False
rs5752801,12,221,-0.204516,3.96209e-07,False
rs5752801,12,222,-0.19495,1.58009e-06,False
rs5752801,12,223,-0.199454,1.11694e-06,False
rs5752801,12,224,-0.212482,2.57701e-07,False
rs5752801,12,225,-0.215777,2.03761e-07,False
rs5752801,12,226,-0.209096,5.55484e-07,False
rs5752801,12,227,-0.213227,4.18096e-07,False
rs5752801,12,228,-0.223601,1.27203e-07,False
rs5752801,12,229,-0.210199,8.24057e-07,False
rs5752801,12,230,-0.220696,2.66365e-07,False
rs5752801,12,231,-0.220447,3.22095e-07,False
rs5752801,12,232,-0.210677,1.21935e-06,False
rs5752801,12,233,-0.210981,1.3479e-06,False
rs5752801,12,234,-0.217561,7.22943e-07,False
rs5752801,12,235,-0.212289,1.50334e-06,False
rs5752801,12,236,-0.195323,1.09146e-05,False
rs5752801,12,237,-0.209087,2.82457e-06,False
rs5752801,12,238,-0.203345,5.91853e-06,False
rs5752801,12,239,-0.200134,9.1331e-06,False
rs5752801,12,240,-0.205352,5.98442e-06,False
rs5752801,12,241,-0.197267,1.53901e-05,False
rs5752801,12,242,-0.203467,9.21045e-06,False
rs5752801,12,243,-0.191718,3.22645e-05,False
rs5752801,12,244,-0.200551,1.54999e-05,False
rs5752801,12,245,-0.188299,5.55879e-05,False
rs5752801,12,246,-0.194878,3.43606e-05,False
rs5752801,12,247,-0.185446,9.02064e-05,False
rs5752801,12,248,-0.192095,5.5954e-05,False
rs5752801,12,249,-0.184179,0.000124868,False
rs5752801,12,250,-0.179458,0.000208364,False
rs5752801,12,251,-0.184095,0.000155113,False
rs5752801,13,6,-0.00190075,0.940048,False
rs5752801,13,7,-0.00540218,0.829474,False
rs5752801,13,8,-0.00219667,0.929609,False
rs5752801,13,9,-0.00520163,0.832914,False
rs5752801,13,10,-0.00158029,0.948492,False
rs5752801,13,11,-0.00120166,0.96061,False
rs5752801,13,12,-0.00078118,0.974196,False
rs5752801,13,13,-0.000568317,0.981089,False
rs5752801,13,14,0.000759202,0.974708,False
rs5752801,13,15,-0.000855233,0.971414,False
rs5752801,13,16,0.00928753,0.695659,False
rs5752801,13,17,0.00577283,0.807527,False
rs5752801,13,18,-0.00600047,0.799527,False
rs5752801,13,19,0.00130593,0.955916,False
rs5752801,13,20,0.0125513,0.594949,False
rs5752801,13,21,-0.000733289,0.975159,False
rs5752801,13,22,-0.00567848,0.809583,False
rs5752801,13,23,-0.00925841,0.694719,False
rs5752801,13,24,-0.0073494,0.755079,False
rs5752801,13,25,-0.00437181,0.852815,False
rs5752801,13,26,-0.00560642,0.811786,False
rs5752801,13,27,-0.00699875,0.76663,False
rs5752801,13,28,-0.00183098,0.937954,False
rs5752801,13,29,-0.0110864,0.638343,False
rs5752801,13,30,-0.0180344,0.444549,False
rs5752801,13,31,-0.0208604,0.376591,False
rs5752801,13,32,-0.0196197,0.404929,False
rs5752801,13,33,-0.0248367,0.292939,False
rs5752801,13,34,-0.0223642,0.345119,False
rs5752801,13,35,-0.0319375,0.176898,False
rs5752801,13,36,-0.0226901,0.337858,False
rs5752801,13,37,-0.0259793,0.274441,False
rs5752801,13,38,-0.0330078,0.164833,False
rs5752801,13,39,-0.0315806,0.18414,False
rs5752801,13,40,-0.0364836,0.125818,False
rs5752801,13,41,-0.0340962,0.152738,False
rs5752801,13,42,-0.0317447,0.18387,False
rs5752801,13,43,-0.0433002,0.0705165,False
rs5752801,13,44,-0.026852,0.262853,False
rs5752801,13,45,-0.0336384,0.161824,False
rs5752801,13,46,-0.0452541,0.0604697,False
rs5752801,13,47,-0.0447286,0.063695,False
rs5752801,13,48,-0.0306859,0.205349,False
rs5752801,13,49,-0.0451795,0.062388,False
rs5752801,13,50,-0.0359765,0.138654,False
rs5752801,13,51,-0.0402277,0.098455,False
rs5752801,13,52,-0.0376883,0.123643,False
rs5752801,13,53,-0.0441626,0.0718313,False
rs5752801,13,54,-0.0373543,0.128522,False
rs5752801,13,55,-0.0415803,0.091438,False
rs5752801,13,56,-0.0390687,0.113945,False
rs5752801,13,57,-0.0331632,0.180687,False
rs5752801,13,58,-0.0448362,0.070787,False
rs5752801,13,59,-0.0331414,0.181674,False
rs5752801,13,60,-0.0373626,0.133537,False
rs5752801,13,61,-0.0387871,0.120964,False
rs5752801,13,62,-0.0418359,0.0948964,False
rs5752801,13,63,-0.0247938,0.323162,False
rs5752801,13,64,-0.041362,0.100035,False
rs5752801,13,65,-0.0417319,0.0983322,False
rs5752801,13,66,-0.0306934,0.225746,False
rs5752801,13,67,-0.0392687,0.121711,False
rs5752801,13,68,-0.0320436,0.208164,False
rs5752801,13,69,-0.0406041,0.111746,False
rs5752801,13,70,-0.0415547,0.104032,False
rs5752801,13,71,-0.0382665,0.135628,False
rs5752801,13,72,-0.0367615,0.152542,False
rs5752801,13,73,-0.0349335,0.17585,False
rs5752801,13,74,-0.0523472,0.0429141,False
rs5752801,13,75,-0.0547894,0.0344696,False
rs5752801,13,76,-0.0420891,0.105674,False
rs5752801,13,77,-0.0501862,0.054476,False
rs5752801,13,78,-0.049776,0.0570889,False
rs5752801,13,79,-0.0595894,0.0231124,False
rs5752801,13,80,-0.0479374,0.0689522,False
rs5752801,13,81,-0.0532321,0.0442577,False
rs5752801,13,82,-0.0523293,0.0480189,False
rs5752801,13,83,-0.0674146,0.0112253,False
rs5752801,13,84,-0.0618796,0.0203598,False
rs5752801,13,85,-0.057677,0.0308849,False
rs5752801,13,86,-0.0619255,0.0208092,False
rs5752801,13,87,-0.0596577,0.026503,False
rs5752801,13,88,-0.064329,0.0171793,False
rs5752801,13,89,-0.0714628,0.00830177,False
rs5752801,13,90,-0.0654368,0.0160218,False
rs5752801,13,91,-0.0681616,0.0123454,False
rs5752801,13,92,-0.0592018,0.029941,False
rs5752801,13,93,-0.0569862,0.037227,False
rs5752801,13,94,-0.0656342,0.0167133,False
rs5752801,13,95,-0.067493,0.0142999,False
rs5752801,13,96,-0.0656647,0.0172895,False
rs5752801,13,97,-0.0659911,0.0169865,False
rs5752801,13,98,-0.0671158,0.0156394,False
rs5752801,13,99,-0.0575925,0.0385526,False
rs5752801,13,100,-0.0766531,0.00591314,False
rs5752801,13,101,-0.067507,0.0155556,False
rs5752801,13,102,-0.0651988,0.0198487,False
rs5752801,13,103,-0.0690099,0.0139766,False
rs5752801,13,104,-0.0725684,0.00978184,False
rs5752801,13,105,-0.071382,0.0112553,False
rs5752801,13,106,-0.0667117,0.0181897,False
rs5752801,13,107,-0.0589257,0.0373341,False
rs5752801,13,108,-0.0567886,0.0450462,False
rs5752801,13,109,-0.0705376,0.0130408,False
rs5752801,13,110,-0.0763627,0.00733276,False
rs5752801,13,111,-0.082439,0.00385408,False
rs5752801,13,112,-0.0716384,0.0122287,False
rs5752801,13,113,-0.0702266,0.0143356,False
rs5752801,13,114,-0.0623738,0.0299408,False
rs5752801,13,115,-0.0652793,0.0232492,False
rs5752801,13,116,-0.0676583,0.0189969,False
rs5752801,13,117,-0.0649199,0.0247198,False
rs5752801,13,118,-0.0696357,0.0162781,False
rs5752801,13,119,-0.0732837,0.0115918,False
rs5752801,13,120,-0.0692126,0.0170417,False
rs5752801,13,121,-0.0691492,0.0173797,False
rs5752801,13,122,-0.0672463,0.0210609,False
rs5752801,13,123,-0.0731165,0.0122265,False
rs5752801,13,124,-0.0773114,0.00813249,False
rs5752801,13,125,-0.0806267,0.00588997,False
rs5752801,13,126,-0.0797,0.00657112,False
rs5752801,13,127,-0.078613,0.0074779,False
rs5752801,13,128,-0.0813069,0.00566732,False
rs5752801,13,129,-0.0865287,0.00325879,False
rs5752801,13,130,-0.0863557,0.00340476,False
rs5752801,13,131,-0.0856524,0.00377127,False
rs5752801,13,132,-0.0856238,0.00383769,False
rs5752801,13,133,-0.0817842,0.00575796,False
rs5752801,13,134,-0.0804271,0.00667655,False
rs5752801,13,135,-0.0810255,0.0063042,False
rs5752801,13,136,-0.0777048,0.00882085,False
rs5752801,13,137,-0.0776312,0.00902526,False
rs5752801,13,138,-0.0800057,0.00713823,False
rs5752801,13,139,-0.0911616,0.00220703,False
rs5752801,13,140,-0.0999059,0.000792641,False
rs5752801,13,141,-0.0892443,0.00281034,False
rs5752801,13,142,-0.0760334,0.0109409,False
rs5752801,13,143,-0.0710988,0.0174102,False
rs5752801,13,144,-0.0791941,0.0081208,False
rs5752801,13,145,-0.0755723,0.0116383,False
rs5752801,13,146,-0.0760624,0.0110428,False
rs5752801,13,147,-0.0800295,0.00751263,False
rs5752801,13,148,-0.0766296,0.0105055,False
rs5752801,13,149,-0.0776454,0.00958888,False
rs5752801,13,150,-0.0888321,0.00304203,False
rs5752801,13,151,-0.0867024,0.00386053,False
rs5752801,13,152,-0.0906454,0.00252923,False
rs5752801,13,153,-0.0879925,0.00337994,False
rs5752801,13,154,-0.0868904,0.00382335,False
rs5752801,13,155,-0.0823336,0.00616639,False
rs5752801,13,156,-0.0824157,0.00613011,False
rs5752801,13,157,-0.0755407,0.0120649,False
rs5752801,13,158,-0.0782535,0.00933287,False
rs5752801,13,159,-0.0859336,0.00430907,False
rs5752801,13,160,-0.0933167,0.00195346,False
rs5752801,13,161,-0.0884995,0.00330922,False
rs5752801,13,162,-0.0833099,0.00568917,False
rs5752801,13,163,-0.085536,0.00459184,False
rs5752801,13,164,-0.0863375,0.00424039,False
rs5752801,13,165,-0.0899941,0.00292022,False
rs5752801,13,166,-0.100629,0.000873722,False
rs5752801,13,167,-0.10337,0.000638165,False
rs5752801,13,168,-0.102821,0.00070944,False
rs5752801,13,169,-0.103433,0.000662642,False
rs5752801,13,170,-0.0979882,0.00129288,False
rs5752801,13,171,-0.105527,0.000539055,False
rs5752801,13,172,-0.109203,0.00034623,False
rs5752801,13,173,-0.106547,0.00049693,False
rs5752801,13,174,-0.102524,0.000827022,False
rs5752801,13,175,-0.0937484,0.0022832,False
rs5752801,13,176,-0.0976407,0.00153256,False
rs5752801,13,177,-0.111248,0.000316335,False
rs5752801,13,178,-0.110303,0.000366102,False
rs5752801,13,179,-0.10751,0.000527954,False
rs5752801,13,180,-0.101327,0.0011093,False
rs5752801,13,181,-0.0977245,0.00170888,False
rs5752801,13,182,-0.104633,0.000803969,False
rs5752801,13,183,-0.109823,0.000458321,False
rs5752801,13,184,-0.117567,0.000183625,False
rs5752801,13,185,-0.115954,0.000236002,False
rs5752801,13,186,-0.111739,0.000421235,False
rs5752801,13,187,-0.107698,0.000713901,False
rs5752801,13,188,-0.119781,0.000176362,False
rs5752801,13,189,-0.112292,0.00047065,False
rs5752801,13,190,-0.11845,0.000239311,False
rs5752801,13,191,-0.114529,0.000407721,False
rs5752801,13,192,-0.107549,0.000955288,False
rs5752801,13,193,-0.114894,0.000451878,False
rs5752801,13,194,-0.118512,0.0003179,False
rs5752801,13,195,-0.126233,0.000134084,False
rs5752801,13,196,-0.133897,5.64919e-05,False
rs5752801,13,197,-0.133421,6.57744e-05,False
rs5752801,13,198,-0.142254,2.36866e-05,False
rs5752801,13,199,-0.14271,2.52839e-05,False
rs5752801,13,200,-0.142736,2.77085e-05,False
rs5752801,13,201,-0.147267,1.72506e-05,False
rs5752801,13,202,-0.154537,7.4287e-06,False
rs5752801,13,203,-0.156593,6.5839e-06,False
rs5752801,13,204,-0.162425,3.4082e-06,False
rs5752801,13,205,-0.169973,1.4064e-06,False
rs5752801,13,206,-0.171738,1.25274e-06,False
rs5752801,13,207,-0.174968,9.61462e-07,False
rs5752801,13,208,-0.179894,5.70983e-07,False
rs5752801,13,209,-0.186168,2.8773e-07,False
rs5752801,13,210,-0.190843,1.76584e-07,False
rs5752801,13,211,-0.185464,4.79036e-07,False
rs5752801,13,212,-0.193278,1.84152e-07,False
rs5752801,13,213,-0.206632,3.3624e-08,False
rs5752801,13,214,-0.20095,9.92361e-08,False
rs5752801,13,215,-0.206544,5.33587e-08,False
rs5752801,13,216,-0.198145,2.38194e-07,False
rs5752801,13,217,-0.213338,3.45946e-08,False
rs5752801,13,218,-0.207916,9.76778e-08,False
rs5752801,13,219,-0.214469,4.65377e-08,False
rs5752801,13,220,-0.220523,2.60455e-08,False
rs5752801,13,221,-0.222699,2.46067e-08,False
rs5752801,13,222,-0.220742,4.18764e-08,False
rs5752801,13,223,-0.218867,6.7987e-08,False
rs5752801,13,224,-0.213742,1.74119e-07,False
rs5752801,13,225,-0.210004,3.53544e-07,False
rs5752801,13,226,-0.218756,1.36999e-07,False
rs5752801,13,227,-0.227836,5.06518e-08,False
rs5752801,13,228,-0.22826,5.8709e-08,False
rs5752801,13,229,-0.209783,7.28135e-07,False
rs5752801,13,230,-0.220508,2.33079e-07,False
rs5752801,13,231,-0.219875,3.13385e-07,False
rs5752801,13,232,-0.220613,3.22566e-07,False
rs5752801,13,233,-0.209058,1.56331e-06,False
rs5752801,13,234,-0.207391,2.19136e-06,False
rs5752801,13,235,-0.21952,6.32139e-07,False
rs5752801,13,236,-0.224867,3.9631e-07,False
rs5752801,13,237,-0.209924,2.49609e-06,False
rs5752801,13,238,-0.220774,8.64681e-07,False
rs5752801,13,239,-0.219654,1.12425e-06,False
rs5752801,13,240,-0.215243,2.09013e-06,False
rs5752801,13,241,-0.204564,7.57531e-06,False
rs5752801,13,242,-0.197342,1.75409e-05,False
rs5752801,13,243,-0.208295,6.70529e-06,False
rs5752801,13,244,-0.217761,2.92503e-06,False
rs5752801,13,245,-0.200454,1.91244e-05,False
rs5752801,13,246,-0.20316,1.68485e-05,False
rs5752801,13,247,-0.196303,3.78707e-05,False
rs5752801,13,248,-0.189228,8.04785e-05,False
rs5752801,13,249,-0.194208,5.86338e-05,False
rs5752801,13,250,-0.189171,0.000103045,False
rs5752801,13,251,-0.183943,0.000174298,False
rs5752801,14,6,0.0243275,0.334631,False
rs5752801,14,7,0.011905,0.633872,False
rs5752801,14,8,0.0104828,0.67276,False
rs5752801,14,9,0.0189663,0.440956,False
rs5752801,14,10,0.0131804,0.588534,False
rs5752801,14,11,0.0209581,0.386199,False
rs5752801,14,12,0.0132811,0.579687,False
rs5752801,14,13,0.0162254,0.497093,False
rs5752801,14,14,0.00687264,0.772719,False
rs5752801,14,15,0.0101604,0.668557,False
rs5752801,14,16,0.0131584,0.577826,False
rs5752801,14,17,0.000577034,0.98051,False
rs5752801,14,18,0.00541534,0.818809,False
rs5752801,14,19,-0.00105669,0.964223,False
rs5752801,14,20,-0.00547118,0.815939,False
rs5752801,14,21,-0.00251317,0.914808,False
rs5752801,14,22,-0.0144189,0.540189,False
rs5752801,14,23,-0.0041123,0.860936,False
rs5752801,14,24,-0.0126116,0.591419,False
rs5752801,14,25,-0.0202686,0.388905,False
rs5752801,14,26,-0.0226292,0.334703,False
rs5752801,14,27,-0.0063139,0.788138,False
rs5752801,14,28,-0.0174254,0.458066,False
rs5752801,14,29,-0.0152605,0.516601,False
rs5752801,14,30,-0.0163963,0.485791,False
rs5752801,14,31,-0.0101554,0.666515,False
rs5752801,14,32,-0.0143586,0.54236,False
rs5752801,14,33,-0.00454328,0.847133,False
rs5752801,14,34,-0.015521,0.511946,False
rs5752801,14,35,-0.0210481,0.374147,False
rs5752801,14,36,-0.0260516,0.270898,False
rs5752801,14,37,-0.0138247,0.560584,False
rs5752801,14,38,-0.00980286,0.679758,False
rs5752801,14,39,-0.0198749,0.40387,False
rs5752801,14,40,-0.0313332,0.187581,False
rs5752801,14,41,-0.0213383,0.371577,False
rs5752801,14,42,-0.0112703,0.637154,False
rs5752801,14,43,-0.0268373,0.262123,False
rs5752801,14,44,-0.0197666,0.411141,False
rs5752801,14,45,-0.0222162,0.356154,False
rs5752801,14,46,-0.0284796,0.237562,False
rs5752801,14,47,-0.0168288,0.485312,False
rs5752801,14,48,-0.0188385,0.436406,False
rs5752801,14,49,-0.0296867,0.220289,False
rs5752801,14,50,-0.0208027,0.392453,False
rs5752801,14,51,-0.024813,0.308789,False
rs5752801,14,52,-0.0196759,0.419034,False
rs5752801,14,53,-0.0301242,0.219157,False
rs5752801,14,54,-0.0212527,0.386031,False
rs5752801,14,55,-0.0318362,0.196029,False
rs5752801,14,56,-0.0230726,0.349765,False
rs5752801,14,57,-0.026605,0.282065,False
rs5752801,14,58,-0.0292796,0.238316,False
rs5752801,14,59,-0.0414974,0.0951909,False
rs5752801,14,60,-0.038113,0.126354,False
rs5752801,14,61,-0.0374999,0.132629,False
rs5752801,14,62,-0.0424716,0.089716,False
rs5752801,14,63,-0.0424288,0.090817,False
rs5752801,14,64,-0.0309774,0.21818,False
rs5752801,14,65,-0.0324741,0.19769,False
rs5752801,14,66,-0.0362669,0.152116,False
rs5752801,14,67,-0.0304234,0.23003,False
rs5752801,14,68,-0.0405077,0.111278,False
rs5752801,14,69,-0.0293743,0.249196,False
rs5752801,14,70,-0.0232188,0.363739,False
rs5752801,14,71,-0.0382905,0.135178,False
rs5752801,14,72,-0.0356957,0.166073,False
rs5752801,14,73,-0.0362763,0.159341,False
rs5752801,14,74,-0.0367254,0.155715,False
rs5752801,14,75,-0.0391991,0.13136,False
rs5752801,14,76,-0.0437756,0.0927781,False
rs5752801,14,77,-0.048967,0.0607594,False
rs5752801,14,78,-0.0399586,0.127239,False
rs5752801,14,79,-0.0394504,0.133875,False
rs5752801,14,80,-0.0501409,0.0572566,False
rs5752801,14,81,-0.0568854,0.0312993,False
rs5752801,14,82,-0.0601227,0.0234859,False
rs5752801,14,83,-0.0604026,0.0233667,False
rs5752801,14,84,-0.051076,0.0558597,False
rs5752801,14,85,-0.0512006,0.0560398,False
rs5752801,14,86,-0.0598006,0.025995,False
rs5752801,14,87,-0.0625466,0.0202534,False
rs5752801,14,88,-0.0651477,0.0158866,False
rs5752801,14,89,-0.0527324,0.0513811,False
rs5752801,14,90,-0.049743,0.0667716,False
rs5752801,14,91,-0.0558711,0.0403637,False
rs5752801,14,92,-0.0616511,0.0241238,False
rs5752801,14,93,-0.0601618,0.027989,False
rs5752801,14,94,-0.066672,0.0150725,False
rs5752801,14,95,-0.0663114,0.0159539,False
rs5752801,14,96,-0.0570819,0.0385413,False
rs5752801,14,97,-0.0594161,0.0317071,False
rs5752801,14,98,-0.0634032,0.0224565,False
rs5752801,14,99,-0.0636004,0.0223376,False
rs5752801,14,100,-0.0594919,0.03295,False
rs5752801,14,101,-0.0694817,0.0129598,False
rs5752801,14,102,-0.0644354,0.0216713,False
rs5752801,14,103,-0.0585225,0.0374058,False
rs5752801,14,104,-0.0600606,0.0331322,False
rs5752801,14,105,-0.0552131,0.050757,False
rs5752801,14,106,-0.0527663,0.062845,False
rs5752801,14,107,-0.0532949,0.0608261,False
rs5752801,14,108,-0.0510471,0.0732224,False
rs5752801,14,109,-0.0612772,0.031846,False
rs5752801,14,110,-0.0622781,0.0297006,False
rs5752801,14,111,-0.0604722,0.03531,False
rs5752801,14,112,-0.0609004,0.034297,False
rs5752801,14,113,-0.0675839,0.0190374,False
rs5752801,14,114,-0.0755181,0.00900787,False
rs5752801,14,115,-0.0727791,0.011961,False
rs5752801,14,116,-0.0636638,0.0282064,False
rs5752801,14,117,-0.0660014,0.023092,False
rs5752801,14,118,-0.0645966,0.0263078,False
rs5752801,14,119,-0.0642811,0.0270298,False
rs5752801,14,120,-0.0661982,0.0230832,False
rs5752801,14,121,-0.0626612,0.0319047,False
rs5752801,14,122,-0.0683932,0.0196011,False
rs5752801,14,123,-0.0703551,0.0166088,False
rs5752801,14,124,-0.0704099,0.0165493,False
rs5752801,14,125,-0.0648481,0.0274206,False
rs5752801,14,126,-0.071429,0.0152242,False
rs5752801,14,127,-0.0708743,0.0162768,False
rs5752801,14,128,-0.0673276,0.022576,False
rs5752801,14,129,-0.0690699,0.0196741,False
rs5752801,14,130,-0.0660265,0.0260751,False
rs5752801,14,131,-0.0726165,0.0145096,False
rs5752801,14,132,-0.0708158,0.0173015,False
rs5752801,14,133,-0.0705984,0.0177806,False
rs5752801,14,134,-0.0777834,0.00903531,False
rs5752801,14,135,-0.0678168,0.0229523,False
rs5752801,14,136,-0.0625219,0.0357583,False
rs5752801,14,137,-0.068598,0.0214964,False
rs5752801,14,138,-0.0768629,0.0100245,False
rs5752801,14,139,-0.0772677,0.00962228,False
rs5752801,14,140,-0.0692848,0.0206521,False
rs5752801,14,141,-0.074255,0.0132031,False
rs5752801,14,142,-0.0662548,0.0270971,False
rs5752801,14,143,-0.0700569,0.0194399,False
rs5752801,14,144,-0.0690616,0.0213513,False
rs5752801,14,145,-0.077013,0.0103264,False
rs5752801,14,146,-0.0762674,0.0111811,False
rs5752801,14,147,-0.077357,0.0101259,False
rs5752801,14,148,-0.0872967,0.00372791,False
rs5752801,14,149,-0.0803013,0.00756088,False
rs5752801,14,150,-0.0763077,0.0111145,False
rs5752801,14,151,-0.079816,0.007979,False
rs5752801,14,152,-0.0829555,0.00585853,False
rs5752801,14,153,-0.0755472,0.0122326,False
rs5752801,14,154,-0.0772207,0.0104742,False
rs5752801,14,155,-0.0753349,0.0124366,False
rs5752801,14,156,-0.0844018,0.00508704,False
rs5752801,14,157,-0.0836632,0.00545817,False
rs5752801,14,158,-0.0855571,0.00453,False
rs5752801,14,159,-0.0796117,0.00821136,False
rs5752801,14,160,-0.0912666,0.00247382,False
rs5752801,14,161,-0.0878223,0.00357642,False
rs5752801,14,162,-0.0926219,0.00215345,False
rs5752801,14,163,-0.0940065,0.00186371,False
rs5752801,14,164,-0.0954756,0.00157273,False
rs5752801,14,165,-0.10859,0.000328165,False
rs5752801,14,166,-0.111939,0.000217035,False
rs5752801,14,167,-0.110722,0.000254469,False
rs5752801,14,168,-0.114362,0.000160013,False
rs5752801,14,169,-0.117594,0.000103873,False
rs5752801,14,170,-0.113967,0.000173643,False
rs5752801,14,171,-0.119443,8.59082e-05,False
rs5752801,14,172,-0.1119,0.000244316,False
rs5752801,14,173,-0.113336,0.000206645,False
rs5752801,14,174,-0.113184,0.000212727,False
rs5752801,14,175,-0.107228,0.000455458,False
rs5752801,14,176,-0.113562,0.000212356,False
rs5752801,14,177,-0.106112,0.000553468,False
rs5752801,14,178,-0.106327,0.000559632,False
rs5752801,14,179,-0.106617,0.000557591,False
rs5752801,14,180,-0.104881,0.000714562,False
rs5752801,14,181,-0.105345,0.000686277,False
rs5752801,14,182,-0.0969128,0.00182248,False
rs5752801,14,183,-0.0971809,0.00181234,False
rs5752801,14,184,-0.100041,0.00137319,False
rs5752801,14,185,-0.10089,0.00129001,False
rs5752801,14,186,-0.105919,0.000762653,False
rs5752801,14,187,-0.103577,0.00105367,False
rs5752801,14,188,-0.105201,0.000901824,False
rs5752801,14,189,-0.104394,0.00105871,False
rs5752801,14,190,-0.107353,0.000794143,False
rs5752801,14,191,-0.111407,0.000526451,False
rs5752801,14,192,-0.113222,0.000453392,False
rs5752801,14,193,-0.112436,0.000531727,False
rs5752801,14,194,-0.115665,0.000385663,False
rs5752801,14,195,-0.117966,0.000316955,False
rs5752801,14,196,-0.119146,0.00029224,False
rs5752801,14,197,-0.121784,0.000229367,False
rs5752801,14,198,-0.125963,0.000158787,False
rs5752801,14,199,-0.130895,9.24615e-05,False
rs5752801,14,200,-0.124338,0.000222718,False
rs5752801,14,201,-0.134853,7.0154e-05,False
rs5752801,14,202,-0.137344,5.62831e-05,False
rs5752801,14,203,-0.148008,1.57442e-05,False
rs5752801,14,204,-0.147207,2.04427e-05,False
rs5752801,14,205,-0.144582,3.32308e-05,False
rs5752801,14,206,-0.153279,1.23037e-05,False
rs5752801,14,207,-0.164772,3.0256e-06,False
rs5752801,14,208,-0.16552,3.215e-06,False
rs5752801,14,209,-0.17453,1.10309e-06,False
rs5752801,14,210,-0.16992,2.5196e-06,False
rs5752801,14,211,-0.180016,7.62298e-07,False
rs5752801,14,212,-0.180159,8.83572e-07,False
rs5752801,14,213,-0.1878,3.89223e-07,False
rs5752801,14,214,-0.18501,6.94874e-07,False
rs5752801,14,215,-0.200759,9.25168e-08,False
rs5752801,14,216,-0.204093,7.04501e-08,False
rs5752801,14,217,-0.206768,6.13487e-08,False
rs5752801,14,218,-0.209887,5.00635e-08,False
rs5752801,14,219,-0.21906,1.68278e-08,False
rs5752801,14,220,-0.216751,3.19545e-08,False
rs5752801,14,221,-0.21481,5.42778e-08,False
rs5752801,14,222,-0.21831,4.10124e-08,False
rs5752801,14,223,-0.215211,8.22472e-08,False
rs5752801,14,224,-0.206779,3.17995e-07,False
rs5752801,14,225,-0.209778,2.70276e-07,False
rs5752801,14,226,-0.224502,4.74382e-08,False
rs5752801,14,227,-0.221187,9.61506e-08,False
rs5752801,14,228,-0.217207,2.00631e-07,False
rs5752801,14,229,-0.218961,2.02758e-07,False
rs5752801,14,230,-0.209531,7.86774e-07,False
rs5752801,14,231,-0.213536,5.93191e-07,False
rs5752801,14,232,-0.201518,2.8995e-06,False
rs5752801,14,233,-0.210141,1.26927e-06,False
rs5752801,14,234,-0.195678,7.48797e-06,False
rs5752801,14,235,-0.21389,1.15223e-06,False
rs5752801,14,236,-0.210373,2.00955e-06,False
rs5752801,14,237,-0.208398,2.899e-06,False
rs5752801,14,238,-0.213861,1.90142e-06,False
rs5752801,14,239,-0.214502,2.06237e-06,False
rs5752801,14,240,-0.212554,2.89453e-06,False
rs5752801,14,241,-0.214875,2.63236e-06,False
rs5752801,14,242,-0.209284,5.66759e-06,False
rs5752801,14,243,-0.207828,7.52893e-06,False
rs5752801,14,244,-0.209937,6.99198e-06,False
rs5752801,14,245,-0.205332,1.31292e-05,False
rs5752801,14,246,-0.202584,1.9513e-05,False
rs5752801,14,247,-0.191909,5.86962e-05,False
rs5752801,14,248,-0.191284,7.18947e-05,False
rs5752801,14,249,-0.188191,0.000105533,False
rs5752801,14,250,-0.179061,0.000248915,False
rs5752801,14,251,-0.195271,7.20727e-05,False
rs5752801,15,6,0.0488061,0.0532639,False
rs5752801,15,7,0.0357216,0.153856,False
rs5752801,15,8,0.0258828,0.296914,False
rs5752801,15,9,0.018518,0.452203,False
rs5752801,15,10,0.025143,0.303519,False
rs5752801,15,11,0.022702,0.349601,False
rs5752801,15,12,0.0118494,0.624248,False
rs5752801,15,13,0.0214613,0.371203,False
rs5752801,15,14,0.0153921,0.519521,False
rs5752801,15,15,0.00351189,0.883077,False
rs5752801,15,16,0.015003,0.528372,False
rs5752801,15,17,0.00286656,0.903758,False
rs5752801,15,18,0.00314592,0.89418,False
rs5752801,15,19,0.00801588,0.734209,False
rs5752801,15,20,0.00386692,0.869845,False
rs5752801,15,21,0.00179839,0.939259,False
rs5752801,15,22,0.00327175,0.889774,False
rs5752801,15,23,-0.00389332,0.868854,False
rs5752801,15,24,-0.00117128,0.960329,False
rs5752801,15,25,0.00314118,0.893739,False
rs5752801,15,26,0.00312321,0.894504,False
rs5752801,15,27,0.0021912,0.925838,False
rs5752801,15,28,-0.000670153,0.977294,False
rs5752801,15,29,3.02326e-05,0.998979,False
rs5752801,15,30,0.00153595,0.948097,False
rs5752801,15,31,0.00348912,0.882569,False
rs5752801,15,32,0.00817758,0.729168,False
rs5752801,15,33,0.00538041,0.820093,False
rs5752801,15,34,-0.00073675,0.975226,False
rs5752801,15,35,-0.00329247,0.88968,False
rs5752801,15,36,-0.010171,0.668901,False
rs5752801,15,37,-0.00583059,0.806804,False
rs5752801,15,38,-0.00548008,0.818556,False
rs5752801,15,39,-0.0112975,0.636563,False
rs5752801,15,40,-0.0136427,0.568205,False
rs5752801,15,41,-0.0183809,0.443776,False
rs5752801,15,42,-0.0126304,0.598283,False
rs5752801,15,43,-0.0197811,0.410687,False
rs5752801,15,44,-0.0161845,0.501545,False
rs5752801,15,45,-0.0238548,0.322152,False
rs5752801,15,46,-0.0135881,0.573835,False
rs5752801,15,47,-0.0248094,0.305611,False
rs5752801,15,48,-0.0270576,0.264617,False
rs5752801,15,49,-0.0151038,0.534741,False
rs5752801,15,50,-0.0354538,0.146548,False
rs5752801,15,51,-0.0296481,0.225039,False
rs5752801,15,52,-0.0216692,0.377137,False
rs5752801,15,53,-0.0247955,0.313258,False
rs5752801,15,54,-0.0325816,0.1861,False
rs5752801,15,55,-0.028871,0.242795,False
rs5752801,15,56,-0.0184641,0.455056,False
rs5752801,15,57,-0.0311733,0.208235,False
rs5752801,15,58,-0.0359993,0.147338,False
rs5752801,15,59,-0.0393851,0.112895,False
rs5752801,15,60,-0.0348847,0.162076,False
rs5752801,15,61,-0.0257861,0.303242,False
rs5752801,15,62,-0.0402654,0.108898,False
rs5752801,15,63,-0.0442392,0.0784672,False
rs5752801,15,64,-0.0415046,0.0995889,False
rs5752801,15,65,-0.0408589,0.106485,False
rs5752801,15,66,-0.0471057,0.0638785,False
rs5752801,15,67,-0.0419581,0.0990945,False
rs5752801,15,68,-0.0435676,0.0884643,False
rs5752801,15,69,-0.0407772,0.111539,False
rs5752801,15,70,-0.0430304,0.0941251,False
rs5752801,15,71,-0.0453531,0.0788359,False
rs5752801,15,72,-0.0403566,0.119245,False
rs5752801,15,73,-0.0371174,0.152013,False
rs5752801,15,74,-0.043022,0.0981214,False
rs5752801,15,75,-0.0448243,0.0856839,False
rs5752801,15,76,-0.0485033,0.063901,False
rs5752801,15,77,-0.0607412,0.0205375,False
rs5752801,15,78,-0.0553354,0.0354252,False
rs5752801,15,79,-0.0418298,0.11311,False
rs5752801,15,80,-0.0567992,0.031995,False
rs5752801,15,81,-0.0638906,0.0160377,False
rs5752801,15,82,-0.0598522,0.0246293,False
rs5752801,15,83,-0.0565338,0.0341942,False
rs5752801,15,84,-0.0505577,0.0591994,False
rs5752801,15,85,-0.0469695,0.0802804,False
rs5752801,15,86,-0.0621227,0.0209611,False
rs5752801,15,87,-0.0582001,0.0310364,False
rs5752801,15,88,-0.0639318,0.0183247,False
rs5752801,15,89,-0.0599283,0.0275107,False
rs5752801,15,90,-0.0625995,0.0216978,False
rs5752801,15,91,-0.0694831,0.0110894,False
rs5752801,15,92,-0.0745669,0.00650128,False
rs5752801,15,93,-0.0733387,0.0077087,False
rs5752801,15,94,-0.0749433,0.00659963,False
rs5752801,15,95,-0.0743507,0.00723116,False
rs5752801,15,96,-0.0672062,0.0155684,False
rs5752801,15,97,-0.068003,0.014706,False
rs5752801,15,98,-0.0619231,0.0267364,False
rs5752801,15,99,-0.0592317,0.0342713,False
rs5752801,15,100,-0.0660638,0.0185811,False
rs5752801,15,101,-0.0640448,0.0228794,False
rs5752801,15,102,-0.0659411,0.0195645,False
rs5752801,15,103,-0.0635915,0.0247375,False
rs5752801,15,104,-0.0596593,0.0355911,False
rs5752801,15,105,-0.0575316,0.0432408,False
rs5752801,15,106,-0.0581773,0.0415247,False
rs5752801,15,107,-0.0580398,0.0428578,False
rs5752801,15,108,-0.0619223,0.0306958,False
rs5752801,15,109,-0.0665298,0.0206151,False
rs5752801,15,110,-0.0724178,0.0120302,False
rs5752801,15,111,-0.0753454,0.0091338,False
rs5752801,15,112,-0.0776826,0.00736361,False
rs5752801,15,113,-0.0708544,0.014603,False
rs5752801,15,114,-0.0645358,0.0263221,False
rs5752801,15,115,-0.0668663,0.0216781,False
rs5752801,15,116,-0.0701743,0.0160929,False
rs5752801,15,117,-0.0765873,0.00879544,False
rs5752801,15,118,-0.0691923,0.017962,False
rs5752801,15,119,-0.0678016,0.0208256,False
rs5752801,15,120,-0.0680972,0.0203642,False
rs5752801,15,121,-0.0745296,0.0114034,False
rs5752801,15,122,-0.0766477,0.00929554,False
rs5752801,15,123,-0.0758121,0.0102561,False
rs5752801,15,124,-0.0881192,0.00291559,False
rs5752801,15,125,-0.0850011,0.00411959,False
rs5752801,15,126,-0.0870602,0.00334598,False
rs5752801,15,127,-0.0827813,0.00529777,False
rs5752801,15,128,-0.0838833,0.00477916,False
rs5752801,15,129,-0.0843699,0.00460625,False
rs5752801,15,130,-0.0830993,0.00536326,False
rs5752801,15,131,-0.0871712,0.00355544,False
rs5752801,15,132,-0.0820895,0.00615347,False
rs5752801,15,133,-0.0810758,0.00681674,False
rs5752801,15,134,-0.0834418,0.00534364,False
rs5752801,15,135,-0.0787094,0.00863606,False
rs5752801,15,136,-0.0719483,0.0166738,False
rs5752801,15,137,-0.0739139,0.0138432,False
rs5752801,15,138,-0.0786791,0.00882051,False
rs5752801,15,139,-0.0764674,0.0109575,False
rs5752801,15,140,-0.0803194,0.0075776,False
rs5752801,15,141,-0.0783538,0.00916709,False
rs5752801,15,142,-0.0760212,0.0116958,False
rs5752801,15,143,-0.0731064,0.015343,False
rs5752801,15,144,-0.076978,0.0106843,False
rs5752801,15,145,-0.0718054,0.0174209,False
rs5752801,15,146,-0.0751131,0.0128496,False
rs5752801,15,147,-0.0802129,0.00789919,False
rs5752801,15,148,-0.0843851,0.00523432,False
rs5752801,15,149,-0.0868578,0.00407544,False
rs5752801,15,150,-0.0844285,0.00521943,False
rs5752801,15,151,-0.0743499,0.0139296,False
rs5752801,15,152,-0.0818845,0.00678147,False
rs5752801,15,153,-0.0794578,0.0086627,False
rs5752801,15,154,-0.0766337,0.0113084,False
rs5752801,15,155,-0.0820527,0.00673492,False
rs5752801,15,156,-0.0902989,0.00285024,False
rs5752801,15,157,-0.0823361,0.00658102,False
rs5752801,15,158,-0.0852066,0.00490186,False
rs5752801,15,159,-0.0795986,0.00864359,False
rs5752801,15,160,-0.0895613,0.00314553,False
rs5752801,15,161,-0.0948334,0.00177819,False
rs5752801,15,162,-0.10036,0.000942264,False
rs5752801,15,163,-0.0935139,0.00207383,False
rs5752801,15,164,-0.0992583,0.00107195,False
rs5752801,15,165,-0.093508,0.0020541,False
rs5752801,15,166,-0.100174,0.00099153,False
rs5752801,15,167,-0.104306,0.000599019,False
rs5752801,15,168,-0.107944,0.000389407,False
rs5752801,15,169,-0.108281,0.000374206,False
rs5752801,15,170,-0.0997935,0.00104195,False
rs5752801,15,171,-0.108819,0.000354691,False
rs5752801,15,172,-0.108922,0.000356243,False
rs5752801,15,173,-0.106857,0.000467263,False
rs5752801,15,174,-0.105496,0.000574992,False
rs5752801,15,175,-0.10906,0.000372962,False
rs5752801,15,176,-0.112391,0.000246217,False
rs5752801,15,177,-0.114905,0.000178905,False
rs5752801,15,178,-0.125029,4.70385e-05,False
rs5752801,15,179,-0.124112,5.49035e-05,False
rs5752801,15,180,-0.11995,0.000101963,False
rs5752801,15,181,-0.117216,0.000149327,False
rs5752801,15,182,-0.120402,9.97039e-05,False
rs5752801,15,183,-0.126048,4.97602e-05,False
rs5752801,15,184,-0.124271,6.66021e-05,False
rs5752801,15,185,-0.121671,9.77905e-05,False
rs5752801,15,186,-0.117174,0.000184362,False
rs5752801,15,187,-0.119945,0.000135805,False
rs5752801,15,188,-0.129484,4.04146e-05,False
rs5752801,15,189,-0.117316,0.000216567,False
rs5752801,15,190,-0.123343,0.000103463,False
rs5752801,15,191,-0.129497,5.06813e-05,False
rs5752801,15,192,-0.136315,2.13075e-05,False
rs5752801,15,193,-0.136746,2.19698e-05,False
rs5752801,15,194,-0.129277,6.695e-05,False
rs5752801,15,195,-0.123889,0.000143483,False
rs5752801,15,196,-0.125216,0.000127266,False
rs5752801,15,197,-0.137459,2.89878e-05,False
rs5752801,15,198,-0.131936,6.59146e-05,False
rs5752801,15,199,-0.139856,2.63578e-05,False
rs5752801,15,200,-0.141237,2.36641e-05,False
rs5752801,15,201,-0.141313,2.62481e-05,False
rs5752801,15,202,-0.141375,2.89974e-05,False
rs5752801,15,203,-0.148303,1.32448e-05,False
rs5752801,15,204,-0.149151,1.33972e-05,False
rs5752801,15,205,-0.14691,2.04148e-05,False
rs5752801,15,206,-0.150401,1.43971e-05,False
rs5752801,15,207,-0.159977,4.61833e-06,False
rs5752801,15,208,-0.159372,5.72106e-06,False
rs5752801,15,209,-0.162612,4.53035e-06,False
rs5752801,15,210,-0.163355,4.58045e-06,False
rs5752801,15,211,-0.163572,5.33881e-06,False
rs5752801,15,212,-0.174634,1.41493e-06,False
rs5752801,15,213,-0.17806,1.06725e-06,False
rs5752801,15,214,-0.172745,2.69578e-06,False
rs5752801,15,215,-0.174625,2.46756e-06,False
rs5752801,15,216,-0.189308,4.15467e-07,False
rs5752801,15,217,-0.186577,7.62507e-07,False
rs5752801,15,218,-0.18738,8.55963e-07,False
rs5752801,15,219,-0.192665,5.13212e-07,False
rs5752801,15,220,-0.197482,3.3177e-07,False
rs5752801,15,221,-0.193108,7.54102e-07,False
rs5752801,15,222,-0.195615,6.82078e-07,False
rs5752801,15,223,-0.201427,3.9612e-07,False
rs5752801,15,224,-0.201559,4.9595e-07,False
rs5752801,15,225,-0.195668,1.2833e-06,False
rs5752801,15,226,-0.202705,6.53148e-07,False
rs5752801,15,227,-0.200945,1.01113e-06,False
rs5752801,15,228,-0.19769,1.85644e-06,False
rs5752801,15,229,-0.209827,5.08068e-07,False
rs5752801,15,230,-0.20886,7.16966e-07,False
rs5752801,15,231,-0.206108,1.19208e-06,False
rs5752801,15,232,-0.204049,1.82129e-06,False
rs5752801,15,233,-0.197782,4.46546e-06,False
rs5752801,15,234,-0.195328,6.85427e-06,False
rs5752801,15,235,-0.190358,1.391e-05,False
rs5752801,15,236,-0.204102,3.70162e-06,False
rs5752801,15,237,-0.203249,4.747e-06,False
rs5752801,15,238,-0.198875,9.17728e-06,False
rs5752801,15,239,-0.203959,6.22959e-06,False
rs5752801,15,240,-0.190833,2.68913e-05,False
rs5752801,15,241,-0.196702,1.73624e-05,False
rs5752801,15,242,-0.199747,1.49019e-05,False
rs5752801,15,243,-0.206543,8.86605e-06,False
rs5752801,15,244,-0.204407,1.27904e-05,False
rs5752801,15,245,-0.20235,1.86584e-05,False
rs5752801,15,246,-0.197549,3.30272e-05,False
rs5752801,15,247,-0.194872,4.91865e-05,False
rs5752801,15,248,-0.198951,3.89858e-05,False
rs5752801,15,249,-0.192379,7.98368e-05,False
rs5752801,15,250,-0.187944,0.000131612,False
rs5752801,15,251,-0.186661,0.000158964,False
rs5752801,16,6,0.0238556,0.342575,False
rs5752801,16,7,0.0124497,0.618344,False
rs5752801,16,8,0.0182091,0.462053,False
rs5752801,16,9,0.0106375,0.66501,False
rs5752801,16,10,0.0263621,0.280184,False
rs5752801,16,11,0.00516674,0.830628,False
rs5752801,16,12,0.0134748,0.57503,False
rs5752801,16,13,0.0131084,0.583376,False
rs5752801,16,14,0.00600312,0.800694,False
rs5752801,16,15,0.00691049,0.770037,False
rs5752801,16,16,0.000832988,0.971884,False
rs5752801,16,17,0.000334959,0.988677,False
rs5752801,16,18,0.00659447,0.779835,False
rs5752801,16,19,0.00155325,0.947422,False
rs5752801,16,20,0.0086939,0.712234,False
rs5752801,16,21,0.00142121,0.95183,False
rs5752801,16,22,0.000869596,0.97054,False
rs5752801,16,23,-1.9206e-05,0.999349,False
rs5752801,16,24,-0.00496503,0.83317,False
rs5752801,16,25,-0.00658832,0.779915,False
rs5752801,16,26,-0.00870014,0.712025,False
rs5752801,16,27,-0.0114616,0.627051,False
rs5752801,16,28,-0.0102931,0.662027,False
rs5752801,16,29,-0.00648247,0.783535,False
rs5752801,16,30,-0.00564451,0.810834,False
rs5752801,16,31,-0.0157331,0.504928,False
rs5752801,16,32,-0.0123701,0.600601,False
rs5752801,16,33,-0.00521379,0.825616,False
rs5752801,16,34,-0.0124349,0.59986,False
rs5752801,16,35,-0.00694425,0.769496,False
rs5752801,16,36,-0.0156368,0.509776,False
rs5752801,16,37,-0.00648719,0.784896,False
rs5752801,16,38,-0.0187327,0.431181,False
rs5752801,16,39,-0.0133556,0.575701,False
rs5752801,16,40,-0.00412255,0.863044,False
rs5752801,16,41,-0.0105636,0.658981,False
rs5752801,16,42,-0.0177474,0.459646,False
rs5752801,16,43,-0.00628432,0.793764,False
rs5752801,16,44,-0.0231461,0.337142,False
rs5752801,16,45,-0.0108052,0.654673,False
rs5752801,16,46,-0.0140948,0.56092,False
rs5752801,16,47,-0.0191335,0.43067,False
rs5752801,16,48,-0.0227523,0.349892,False
rs5752801,16,49,-0.0206892,0.395729,False
rs5752801,16,50,-0.0244165,0.317775,False
rs5752801,16,51,-0.0216311,0.377333,False
rs5752801,16,52,-0.0210906,0.389707,False
rs5752801,16,53,-0.0267113,0.276831,False
rs5752801,16,54,-0.0295827,0.229691,False
rs5752801,16,55,-0.0318693,0.196428,False
rs5752801,16,56,-0.0305737,0.217337,False
rs5752801,16,57,-0.0279309,0.260545,False
rs5752801,16,58,-0.0237689,0.338871,False
rs5752801,16,59,-0.0139563,0.576238,False
rs5752801,16,60,-0.0241161,0.334957,False
rs5752801,16,61,-0.0247621,0.323376,False
rs5752801,16,62,-0.0301007,0.231889,False
rs5752801,16,63,-0.0259097,0.303966,False
rs5752801,16,64,-0.0209628,0.407589,False
rs5752801,16,65,-0.0173267,0.494999,False
rs5752801,16,66,-0.0357437,0.160961,False
rs5752801,16,67,-0.0266634,0.29755,False
rs5752801,16,68,-0.0252091,0.325524,False
rs5752801,16,69,-0.0294903,0.251017,False
rs5752801,16,70,-0.0349411,0.175167,False
rs5752801,16,71,-0.040774,0.115053,False
rs5752801,16,72,-0.0374568,0.148293,False
rs5752801,16,73,-0.0413862,0.111656,False
rs5752801,16,74,-0.0443703,0.0893682,False
rs5752801,16,75,-0.0562544,0.0316685,False
rs5752801,16,76,-0.0464746,0.0773468,False
rs5752801,16,77,-0.0503251,0.0567854,False
rs5752801,16,78,-0.0498946,0.0591606,False
rs5752801,16,79,-0.0522396,0.0491084,False
rs5752801,16,80,-0.041837,0.116601,False
rs5752801,16,81,-0.0575758,0.0310262,False
rs5752801,16,82,-0.0611257,0.0225057,False
rs5752801,16,83,-0.052113,0.0523882,False
rs5752801,16,84,-0.0648981,0.0159662,False
rs5752801,16,85,-0.0606573,0.0248714,False
rs5752801,16,86,-0.0710208,0.00874699,False
rs5752801,16,87,-0.0566686,0.0371051,False
rs5752801,16,88,-0.0568107,0.0369258,False
rs5752801,16,89,-0.0656838,0.0162336,False
rs5752801,16,90,-0.0596673,0.0294509,False
rs5752801,16,91,-0.0602979,0.0284838,False
rs5752801,16,92,-0.0693942,0.0120428,False
rs5752801,16,93,-0.0597733,0.0311338,False
rs5752801,16,94,-0.0645291,0.0203686,False
rs5752801,16,95,-0.0556989,0.0455961,False
rs5752801,16,96,-0.053179,0.0571245,False
rs5752801,16,97,-0.0592663,0.0347558,False
rs5752801,16,98,-0.0525896,0.0621614,False
rs5752801,16,99,-0.0464072,0.100178,False
rs5752801,16,100,-0.0431665,0.127605,False
rs5752801,16,101,-0.043317,0.126378,False
rs5752801,16,102,-0.0651702,0.0221463,False
rs5752801,16,103,-0.0665644,0.0196499,False
rs5752801,16,104,-0.0555118,0.0518534,False
rs5752801,16,105,-0.0593473,0.0379426,False
rs5752801,16,106,-0.0534187,0.0625896,False
rs5752801,16,107,-0.0495432,0.0849055,False
rs5752801,16,108,-0.0561505,0.0513934,False
rs5752801,16,109,-0.0657451,0.0228185,False
rs5752801,16,110,-0.0702506,0.0152614,False
rs5752801,16,111,-0.0689025,0.0176696,False
rs5752801,16,112,-0.0626845,0.0314377,False
rs5752801,16,113,-0.063434,0.0296545,False
rs5752801,16,114,-0.0657622,0.0245715,False
rs5752801,16,115,-0.0623277,0.0332687,False
rs5752801,16,116,-0.0612216,0.0370111,False
rs5752801,16,117,-0.0685375,0.0198716,False
rs5752801,16,118,-0.0712485,0.0156143,False
rs5752801,16,119,-0.0741743,0.0119972,False
rs5752801,16,120,-0.0707238,0.0168531,False
rs5752801,16,121,-0.0677003,0.0224828,False
rs5752801,16,122,-0.0723392,0.0147776,False
rs5752801,16,123,-0.0739474,0.0128331,False
rs5752801,16,124,-0.0746676,0.012126,False
rs5752801,16,125,-0.0735977,0.0135591,False
rs5752801,16,126,-0.0742589,0.0129503,False
rs5752801,16,127,-0.0789538,0.00835226,False
rs5752801,16,128,-0.0804549,0.0073101,False
rs5752801,16,129,-0.072964,0.0153444,False
rs5752801,16,130,-0.0837232,0.0054077,False
rs5752801,16,131,-0.0784641,0.00920946,False
rs5752801,16,132,-0.0756419,0.0120265,False
rs5752801,16,133,-0.0834711,0.00569927,False
rs5752801,16,134,-0.0864731,0.00423352,False
rs5752801,16,135,-0.0804065,0.00784355,False
rs5752801,16,136,-0.0715986,0.0179262,False
rs5752801,16,137,-0.0872792,0.00395221,False
rs5752801,16,138,-0.0714615,0.0182388,False
rs5752801,16,139,-0.0790961,0.00899102,False
rs5752801,16,140,-0.079299,0.00889951,False
rs5752801,16,141,-0.0763645,0.0117346,False
rs5752801,16,142,-0.0804038,0.0079827,False
rs5752801,16,143,-0.0775753,0.0105025,False
rs5752801,16,144,-0.0864768,0.00435275,False
rs5752801,16,145,-0.0812181,0.00745643,False
rs5752801,16,146,-0.0823851,0.00664195,False
rs5752801,16,147,-0.0857534,0.00468027,False
rs5752801,16,148,-0.0902489,0.00298417,False
rs5752801,16,149,-0.0928586,0.00221701,False
rs5752801,16,150,-0.0950982,0.0017416,False
rs5752801,16,151,-0.093578,0.00204654,False
rs5752801,16,152,-0.0952482,0.00170871,False
rs5752801,16,153,-0.095215,0.00174027,False
rs5752801,16,154,-0.0841556,0.00560861,False
rs5752801,16,155,-0.086044,0.00464366,False
rs5752801,16,156,-0.0895917,0.00319124,False
rs5752801,16,157,-0.0868403,0.00429644,False
rs5752801,16,158,-0.0907128,0.0028412,False
rs5752801,16,159,-0.0946491,0.00184527,False
rs5752801,16,160,-0.0945002,0.00188606,False
rs5752801,16,161,-0.0983673,0.00121883,False
rs5752801,16,162,-0.0897249,0.00311686,False
rs5752801,16,163,-0.086936,0.00421532,False
rs5752801,16,164,-0.0933678,0.00212328,False
rs5752801,16,165,-0.0949937,0.00177427,False
rs5752801,16,166,-0.0964907,0.00154919,False
rs5752801,16,167,-0.0907621,0.00289786,False
rs5752801,16,168,-0.0914349,0.00270988,False
rs5752801,16,169,-0.0902803,0.00302722,False
rs5752801,16,170,-0.0881725,0.00378854,False
rs5752801,16,171,-0.0902477,0.00311152,False
rs5752801,16,172,-0.0960262,0.00165658,False
rs5752801,16,173,-0.0974871,0.00143186,False
rs5752801,16,174,-0.0951901,0.00186219,False
rs5752801,16,175,-0.0987147,0.00127228,False
rs5752801,16,176,-0.0906454,0.00308393,False
rs5752801,16,177,-0.102835,0.000817944,False
rs5752801,16,178,-0.0988941,0.00128863,False
rs5752801,16,179,-0.098515,0.00137926,False
rs5752801,16,180,-0.0998694,0.00118007,False
rs5752801,16,181,-0.093555,0.00240554,False
rs5752801,16,182,-0.10958,0.000389055,False
rs5752801,16,183,-0.107704,0.000501573,False
rs5752801,16,184,-0.0967115,0.00182242,False
rs5752801,16,185,-0.110759,0.000363912,False
rs5752801,16,186,-0.111775,0.00034242,False
rs5752801,16,187,-0.113402,0.000284721,False
rs5752801,16,188,-0.105357,0.000786975,False
rs5752801,16,189,-0.113729,0.000308206,False
rs5752801,16,190,-0.109078,0.000558532,False
rs5752801,16,191,-0.115704,0.000258716,False
rs5752801,16,192,-0.121942,0.000127116,False
rs5752801,16,193,-0.12044,0.000163132,False
rs5752801,16,194,-0.117232,0.000259437,False
rs5752801,16,195,-0.11754,0.00026775,False
rs5752801,16,196,-0.12104,0.000189403,False
rs5752801,16,197,-0.114469,0.000440798,False
rs5752801,16,198,-0.126204,0.000118114,False
rs5752801,16,199,-0.122448,0.000201788,False
rs5752801,16,200,-0.130336,8.46653e-05,False
rs5752801,16,201,-0.119705,0.00033164,False
rs5752801,16,202,-0.122041,0.000268692,False
rs5752801,16,203,-0.117328,0.000498517,False
rs5752801,16,204,-0.11882,0.000463568,False
rs5752801,16,205,-0.131849,0.000112557,False
rs5752801,16,206,-0.13655,7.17536e-05,False
rs5752801,16,207,-0.145292,2.73839e-05,False
rs5752801,16,208,-0.143015,4.15166e-05,False
rs5752801,16,209,-0.149551,2.03527e-05,False
rs5752801,16,210,-0.151812,1.7197e-05,False
rs5752801,16,211,-0.148488,3.04948e-05,False
rs5752801,16,212,-0.16834,2.6625e-06,False
rs5752801,16,213,-0.16745,3.66578e-06,False
rs5752801,16,214,-0.158996,1.28773e-05,False
rs5752801,16,215,-0.168627,4.46082e-06,False
rs5752801,16,216,-0.173611,2.74716e-06,False
rs5752801,16,217,-0.182147,1.09726e-06,False
rs5752801,16,218,-0.17325,4.27207e-06,False
rs5752801,16,219,-0.16887,8.67893e-06,False
rs5752801,16,220,-0.17934,2.853e-06,False
rs5752801,16,221,-0.181342,2.74633e-06,False
rs5752801,16,222,-0.192713,8.02686e-07,False
rs5752801,16,223,-0.194351,7.92621e-07,False
rs5752801,16,224,-0.186805,2.50943e-06,False
rs5752801,16,225,-0.189981,2.14799e-06,False
rs5752801,16,226,-0.195725,1.27174e-06,False
rs5752801,16,227,-0.191486,2.60843e-06,False
rs5752801,16,228,-0.195583,1.9633e-06,False
rs5752801,16,229,-0.18734,6.29389e-06,False
rs5752801,16,230,-0.192482,4.14191e-06,False
rs5752801,16,231,-0.206184,1.0343e-06,False
rs5752801,16,232,-0.198508,3.00641e-06,False
rs5752801,16,233,-0.205013,1.72667e-06,False
rs5752801,16,234,-0.194694,6.64831e-06,False
rs5752801,16,235,-0.194907,7.81861e-06,False
rs5752801,16,236,-0.186616,2.21651e-05,False
rs5752801,16,237,-0.199679,6.53425e-06,False
rs5752801,16,238,-0.197274,9.94555e-06,False
rs5752801,16,239,-0.19499,1.46146e-05,False
rs5752801,16,240,-0.198417,1.22859e-05,False
rs5752801,16,241,-0.209374,4.77023e-06,False
rs5752801,16,242,-0.20039,1.37839e-05,False
rs5752801,16,243,-0.195446,2.6006e-05,False
rs5752801,16,244,-0.208905,8.39401e-06,False
rs5752801,16,245,-0.203643,1.62814e-05,False
rs5752801,16,246,-0.197919,3.33819e-05,False
rs5752801,16,247,-0.199207,3.39042e-05,False
rs5752801,16,248,-0.197347,4.70189e-05,False
rs5752801,16,249,-0.200815,4.05996e-05,False
rs5752801,16,250,-0.203325,3.73221e-05,False
rs5752801,16,251,-0.201379,5.04258e-05,False
rs5752801,17,6,0.0271655,0.277408,False
rs5752801,17,7,0.0216603,0.381627,False
rs5752801,17,8,0.019851,0.41972,False
rs5752801,17,9,0.0181437,0.457598,False
rs5752801,17,10,0.0220811,0.361865,False
rs5752801,17,11,0.0180113,0.454402,False
rs5752801,17,12,0.0210768,0.378903,False
rs5752801,17,13,0.00820646,0.730047,False
rs5752801,17,14,0.00926567,0.696197,False
rs5752801,17,15,0.0177545,0.452454,False
rs5752801,17,16,0.00928319,0.694502,False
rs5752801,17,17,-0.00149431,0.94944,False
rs5752801,17,18,-0.00337448,0.886308,False
rs5752801,17,19,0.00653401,0.781172,False
rs5752801,17,20,0.006382,0.78627,False
rs5752801,17,21,-0.00405811,0.863145,False
rs5752801,17,22,-0.00772589,0.742591,False
rs5752801,17,23,-0.00345074,0.883544,False
rs5752801,17,24,-0.00232271,0.921593,False
rs5752801,17,25,-0.0177907,0.449042,False
rs5752801,17,26,-0.00379743,0.872049,False
rs5752801,17,27,-0.00410938,0.861745,False
rs5752801,17,28,-0.00039155,0.986735,False
rs5752801,17,29,-0.00933098,0.692401,False
rs5752801,17,30,-0.0169502,0.47315,False
rs5752801,17,31,-0.00987228,0.675414,False
rs5752801,17,32,-0.00234056,0.921143,False
rs5752801,17,33,-0.0106214,0.653317,False
rs5752801,17,34,-0.0078275,0.74111,False
rs5752801,17,35,-0.00513883,0.828445,False
rs5752801,17,36,-0.0113109,0.634212,False
rs5752801,17,37,-0.0154397,0.515398,False
rs5752801,17,38,-0.00825394,0.728853,False
rs5752801,17,39,-0.0119962,0.615122,False
rs5752801,17,40,-0.00487776,0.838359,False
rs5752801,17,41,-0.0162937,0.4965,False
rs5752801,17,42,-0.0138211,0.564397,False
rs5752801,17,43,-0.0168101,0.484187,False
rs5752801,17,44,-0.0154578,0.52161,False
rs5752801,17,45,-0.0190706,0.429899,False
rs5752801,17,46,-0.0257663,0.286987,False
rs5752801,17,47,-0.0122713,0.614214,False
rs5752801,17,48,-0.0214675,0.377964,False
rs5752801,17,49,-0.0202562,0.406232,False
rs5752801,17,50,-0.0152221,0.533415,False
rs5752801,17,51,-0.0239447,0.329113,False
rs5752801,17,52,-0.025225,0.305591,False
rs5752801,17,53,-0.0233748,0.343618,False
rs5752801,17,54,-0.0287111,0.246011,False
rs5752801,17,55,-0.0278288,0.262273,False
rs5752801,17,56,-0.0287389,0.248563,False
rs5752801,17,57,-0.028947,0.246965,False
rs5752801,17,58,-0.0246446,0.325257,False
rs5752801,17,59,-0.026541,0.29039,False
rs5752801,17,60,-0.0305263,0.224866,False
rs5752801,17,61,-0.0364411,0.148255,False
rs5752801,17,62,-0.0291427,0.249006,False
rs5752801,17,63,-0.0288376,0.255796,False
rs5752801,17,64,-0.0376791,0.138702,False
rs5752801,17,65,-0.039172,0.125392,False
rs5752801,17,66,-0.0419612,0.101187,False
rs5752801,17,67,-0.0285706,0.265761,False
rs5752801,17,68,-0.0368025,0.153282,False
rs5752801,17,69,-0.0409955,0.112802,False
rs5752801,17,70,-0.0448471,0.083877,False
rs5752801,17,71,-0.0529335,0.042072,False
rs5752801,17,72,-0.0453011,0.0820889,False
rs5752801,17,73,-0.0515629,0.0486927,False
rs5752801,17,74,-0.0560303,0.0330489,False
rs5752801,17,75,-0.0624803,0.017705,False
rs5752801,17,76,-0.0618757,0.0190322,False
rs5752801,17,77,-0.0523516,0.0480991,False
rs5752801,17,78,-0.0404855,0.127572,False
rs5752801,17,79,-0.0566923,0.0335247,False
rs5752801,17,80,-0.0622362,0.0200192,False
rs5752801,17,81,-0.0649897,0.0154485,False
rs5752801,17,82,-0.0635003,0.0182377,False
rs5752801,17,83,-0.0648921,0.0160544,False
rs5752801,17,84,-0.0722084,0.00763679,False
rs5752801,17,85,-0.0771139,0.00449178,False
rs5752801,17,86,-0.0755019,0.00552488,False
rs5752801,17,87,-0.0747886,0.00611874,False
rs5752801,17,88,-0.0733329,0.00744449,False
rs5752801,17,89,-0.064444,0.018768,False
rs5752801,17,90,-0.0712533,0.00957496,False
rs5752801,17,91,-0.0807512,0.00342897,False
rs5752801,17,92,-0.0779417,0.00486694,False
rs5752801,17,93,-0.0820591,0.00309914,False
rs5752801,17,94,-0.0727628,0.00905249,False
rs5752801,17,95,-0.0671494,0.0162981,False
rs5752801,17,96,-0.0665815,0.017612,False
rs5752801,17,97,-0.0748686,0.00788,False
rs5752801,17,98,-0.0642772,0.0230044,False
rs5752801,17,99,-0.0594756,0.0355636,False
rs5752801,17,100,-0.0608639,0.0320365,False
rs5752801,17,101,-0.0573309,0.0440661,False
rs5752801,17,102,-0.0603849,0.0341402,False
rs5752801,17,103,-0.0641806,0.0247211,False
rs5752801,17,104,-0.0609766,0.0336388,False
rs5752801,17,105,-0.063559,0.0271874,False
rs5752801,17,106,-0.0556126,0.0539651,False
rs5752801,17,107,-0.0542609,0.0607901,False
rs5752801,17,108,-0.0666878,0.0215384,False
rs5752801,17,109,-0.0590118,0.0423255,False
rs5752801,17,110,-0.0626981,0.0314721,False
rs5752801,17,111,-0.0569765,0.0511067,False
rs5752801,17,112,-0.0569739,0.051733,False
rs5752801,17,113,-0.0574102,0.0502765,False
rs5752801,17,114,-0.0629606,0.0322754,False
rs5752801,17,115,-0.0685575,0.0200697,False
rs5752801,17,116,-0.0716027,0.0154848,False
rs5752801,17,117,-0.0704574,0.0172174,False
rs5752801,17,118,-0.0767324,0.00963216,False
rs5752801,17,119,-0.0664145,0.0254573,False
rs5752801,17,120,-0.0728669,0.0143506,False
rs5752801,17,121,-0.0746876,0.0123073,False
rs5752801,17,122,-0.0756543,0.0113496,False
rs5752801,17,123,-0.0766512,0.0103741,False
rs5752801,17,124,-0.0757124,0.0115022,False
rs5752801,17,125,-0.0816593,0.00654121,False
rs5752801,17,126,-0.0874736,0.00366252,False
rs5752801,17,127,-0.0787118,0.00897184,False
rs5752801,17,128,-0.0817421,0.00675893,False
rs5752801,17,129,-0.0860752,0.00439579,False
rs5752801,17,130,-0.0825401,0.00632362,False
rs5752801,17,131,-0.0777257,0.0102362,False
rs5752801,17,132,-0.0779508,0.0100824,False
rs5752801,17,133,-0.0764618,0.0118247,False
rs5752801,17,134,-0.0766371,0.0116754,False
rs5752801,17,135,-0.0712429,0.0191519,False
rs5752801,17,136,-0.0710691,0.0194124,False
rs5752801,17,137,-0.0667226,0.0283867,False
rs5752801,17,138,-0.0707426,0.0201442,False
rs5752801,17,139,-0.0666292,0.0288533,False
rs5752801,17,140,-0.0755477,0.0132951,False
rs5752801,17,141,-0.0786858,0.00994657,False
rs5752801,17,142,-0.070913,0.0202532,False
rs5752801,17,143,-0.0726831,0.0171326,False
rs5752801,17,144,-0.0724334,0.0175293,False
rs5752801,17,145,-0.0743994,0.0147837,False
rs5752801,17,146,-0.0801585,0.00866817,False
rs5752801,17,147,-0.0691253,0.0234517,False
rs5752801,17,148,-0.0764341,0.0123127,False
rs5752801,17,149,-0.0738823,0.0156236,False
rs5752801,17,150,-0.0794617,0.00925324,False
rs5752801,17,151,-0.0769386,0.0118414,False
rs5752801,17,152,-0.0743548,0.0149068,False
rs5752801,17,153,-0.0809747,0.00802632,False
rs5752801,17,154,-0.0889986,0.00355148,False
rs5752801,17,155,-0.0873498,0.00422179,False
rs5752801,17,156,-0.0888815,0.0036287,False
rs5752801,17,157,-0.0889642,0.00359092,False
rs5752801,17,158,-0.0855229,0.00509423,False
rs5752801,17,159,-0.0845227,0.00560604,False
rs5752801,17,160,-0.0862251,0.00472881,False
rs5752801,17,161,-0.0895528,0.00335984,False
rs5752801,17,162,-0.0896614,0.00331855,False
rs5752801,17,163,-0.0876728,0.00407212,False
rs5752801,17,164,-0.0851479,0.00527661,False
rs5752801,17,165,-0.0850254,0.00535203,False
rs5752801,17,166,-0.0895321,0.00333169,False
rs5752801,17,167,-0.0942441,0.00203199,False
rs5752801,17,168,-0.0975697,0.00137872,False
rs5752801,17,169,-0.0888741,0.00357846,False
rs5752801,17,170,-0.0971932,0.00142357,False
rs5752801,17,171,-0.0967538,0.0015248,False
rs5752801,17,172,-0.097503,0.00140522,False
rs5752801,17,173,-0.085399,0.00519068,False
rs5752801,17,174,-0.101459,0.000904351,False
rs5752801,17,175,-0.0985537,0.00127728,False
rs5752801,17,176,-0.0951935,0.00188289,False
rs5752801,17,177,-0.0982613,0.00136029,False
rs5752801,17,178,-0.0976254,0.00146828,False
rs5752801,17,179,-0.1043,0.000683911,False
rs5752801,17,180,-0.0944631,0.00214444,False
rs5752801,17,181,-0.100366,0.00111084,False
rs5752801,17,182,-0.106597,0.000542464,False
rs5752801,17,183,-0.103156,0.000848165,False
rs5752801,17,184,-0.108308,0.000463742,False
rs5752801,17,185,-0.110964,0.000351243,False
rs5752801,17,186,-0.101822,0.00106244,False
rs5752801,17,187,-0.107324,0.000566308,False
rs5752801,17,188,-0.0953039,0.0022538,False
rs5752801,17,189,-0.104854,0.000814975,False
rs5752801,17,190,-0.100967,0.00130192,False
rs5752801,17,191,-0.100494,0.00139119,False
rs5752801,17,192,-0.111066,0.000434253,False
rs5752801,17,193,-0.114903,0.000289243,False
rs5752801,17,194,-0.10003,0.00169091,False
rs5752801,17,195,-0.0940761,0.00331485,False
rs5752801,17,196,-0.0962532,0.00273663,False
rs5752801,17,197,-0.0987148,0.00222583,False
rs5752801,17,198,-0.107208,0.000963335,False
rs5752801,17,199,-0.105471,0.00121752,False
rs5752801,17,200,-0.10841,0.000935315,False
rs5752801,17,201,-0.109246,0.000912993,False
rs5752801,17,202,-0.119228,0.000322614,False
rs5752801,17,203,-0.126869,0.000142563,False
rs5752801,17,204,-0.117344,0.000478486,False
rs5752801,17,205,-0.124023,0.000242322,False
rs5752801,17,206,-0.122862,0.000299023,False
rs5752801,17,207,-0.130922,0.000128781,False
rs5752801,17,208,-0.131471,0.00013496,False
rs5752801,17,209,-0.132759,0.000127426,False
rs5752801,17,210,-0.140152,5.81435e-05,False
rs5752801,17,211,-0.138994,7.75514e-05,False
rs5752801,17,212,-0.145336,4.01326e-05,False
rs5752801,17,213,-0.137147,0.000119085,False
rs5752801,17,214,-0.138242,0.00012176,False
rs5752801,17,215,-0.150767,3.19696e-05,False
rs5752801,17,216,-0.158833,1.39317e-05,False
rs5752801,17,217,-0.152507,3.53701e-05,False
rs5752801,17,218,-0.145134,9.64188e-05,False
rs5752801,17,219,-0.15613,3.24622e-05,False
rs5752801,17,220,-0.156754,3.56335e-05,False
rs5752801,17,221,-0.159944,2.93409e-05,False
rs5752801,17,222,-0.162597,2.56415e-05,False
rs5752801,17,223,-0.168546,1.48827e-05,False
rs5752801,17,224,-0.163016,3.29741e-05,False
rs5752801,17,225,-0.163439,3.78212e-05,False
rs5752801,17,226,-0.172673,1.62727e-05,False
rs5752801,17,227,-0.185231,4.62628e-06,False
rs5752801,17,228,-0.16887,3.52284e-05,False
rs5752801,17,229,-0.179254,1.31732e-05,False
rs5752801,17,230,-0.1846,8.57402e-06,False
rs5752801,17,231,-0.187546,7.56964e-06,False
rs5752801,17,232,-0.185815,1.11637e-05,False
rs5752801,17,233,-0.192134,6.72883e-06,False
rs5752801,17,234,-0.197563,4.26266e-06,False
rs5752801,17,235,-0.200131,3.99193e-06,False
rs5752801,17,236,-0.202677,3.64952e-06,False
rs5752801,17,237,-0.191794,1.39302e-05,False
rs5752801,17,238,-0.203928,4.65616e-06,False
rs5752801,17,239,-0.206912,4.02919e-06,False
rs5752801,17,240,-0.20736,4.7877e-06,False
rs5752801,17,241,-0.207411,5.63692e-06,False
rs5752801,17,242,-0.215971,2.74233e-06,False
rs5752801,17,243,-0.218307,2.67795e-06,False
rs5752801,17,244,-0.213525,5.22455e-06,False
rs5752801,17,245,-0.20837,1.05701e-05,False
rs5752801,17,246,-0.208548,1.24601e-05,False
rs5752801,17,247,-0.213127,9.66136e-06,False
rs5752801,17,248,-0.206825,2.02417e-05,False
rs5752801,17,249,-0.199297,4.67474e-05,False
rs5752801,17,250,-0.197947,5.96984e-05,False
rs5752801,17,251,-0.188474,0.000149994,False
rs5752801,18,6,0.0223058,0.376219,False
rs5752801,18,7,0.0204833,0.413296,False
rs5752801,18,8,0.0082683,0.739672,False
rs5752801,18,9,0.00287346,0.907143,False
rs5752801,18,10,0.0168113,0.492001,False
rs5752801,18,11,0.00233489,0.923314,False
rs5752801,18,12,0.0173657,0.472245,False
rs5752801,18,13,0.00127076,0.957717,False
rs5752801,18,14,0.00285901,0.904644,False
rs5752801,18,15,0.00773892,0.744757,False
rs5752801,18,16,0.00129325,0.95643,False
rs5752801,18,17,0.00819653,0.72908,False
rs5752801,18,18,0.00869012,0.712332,False
rs5752801,18,19,-0.00110564,0.962549,False
rs5752801,18,20,-0.00805565,0.732096,False
rs5752801,18,21,-0.0159793,0.497461,False
rs5752801,18,22,0.000345485,0.988265,False
rs5752801,18,23,-0.00350453,0.881598,False
rs5752801,18,24,-0.000233567,0.992092,False
rs5752801,18,25,-0.0181362,0.441407,False
rs5752801,18,26,-0.0161012,0.493876,False
rs5752801,18,27,-0.00942813,0.689618,False
rs5752801,18,28,-0.0134383,0.568793,False
rs5752801,18,29,-0.0104924,0.657007,False
rs5752801,18,30,-0.0120359,0.610444,False
rs5752801,18,31,-0.0118407,0.617004,False
rs5752801,18,32,-0.0177429,0.454127,False
rs5752801,18,33,-0.0124527,0.599149,False
rs5752801,18,34,-0.0219784,0.354275,False
rs5752801,18,35,-0.00712825,0.763976,False
rs5752801,18,36,-0.0119664,0.615443,False
rs5752801,18,37,-0.0191447,0.421532,False
rs5752801,18,38,-0.0239235,0.315618,False
rs5752801,18,39,-0.0228312,0.339601,False
rs5752801,18,40,-0.0235106,0.325665,False
rs5752801,18,41,-0.0296003,0.217693,False
rs5752801,18,42,-0.0252233,0.293871,False
rs5752801,18,43,-0.0247305,0.304224,False
rs5752801,18,44,-0.0175094,0.468685,False
rs5752801,18,45,-0.0291731,0.228088,False
rs5752801,18,46,-0.0349523,0.150365,False
rs5752801,18,47,-0.0353404,0.146515,False
rs5752801,18,48,-0.022955,0.346369,False
rs5752801,18,49,-0.0343573,0.160725,False
rs5752801,18,50,-0.0396734,0.105883,False
rs5752801,18,51,-0.0326329,0.185565,False
rs5752801,18,52,-0.04313,0.0803642,False
rs5752801,18,53,-0.0345966,0.161841,False
rs5752801,18,54,-0.0341429,0.168466,False
rs5752801,18,55,-0.0351218,0.157293,False
rs5752801,18,56,-0.0327628,0.188118,False
rs5752801,18,57,-0.0372985,0.135395,False
rs5752801,18,58,-0.0365312,0.143744,False
rs5752801,18,59,-0.0396041,0.114444,False
rs5752801,18,60,-0.0424853,0.0918376,False
rs5752801,18,61,-0.0446476,0.0766097,False
rs5752801,18,62,-0.0351243,0.164813,False
rs5752801,18,63,-0.0366511,0.14924,False
rs5752801,18,64,-0.040723,0.109696,False
rs5752801,18,65,-0.0393708,0.123649,False
rs5752801,18,66,-0.0411306,0.108603,False
rs5752801,18,67,-0.0368995,0.151236,False
rs5752801,18,68,-0.0369155,0.152252,False
rs5752801,18,69,-0.0377195,0.14526,False
rs5752801,18,70,-0.0411039,0.113251,False
rs5752801,18,71,-0.0368503,0.157037,False
rs5752801,18,72,-0.055779,0.0327177,False
rs5752801,18,73,-0.0539308,0.039676,False
rs5752801,18,74,-0.0460413,0.0795324,False
rs5752801,18,75,-0.0494204,0.0606374,False
rs5752801,18,76,-0.055766,0.0349651,False
rs5752801,18,77,-0.0653907,0.0136401,False
rs5752801,18,78,-0.0588686,0.0268358,False
rs5752801,18,79,-0.0608807,0.0225663,False
rs5752801,18,80,-0.0594031,0.0266669,False
rs5752801,18,81,-0.0676749,0.0117549,False
rs5752801,18,82,-0.0713257,0.00815319,False
rs5752801,18,83,-0.0643714,0.0172147,False
rs5752801,18,84,-0.0613954,0.0233758,False
rs5752801,18,85,-0.0711832,0.00883474,False
rs5752801,18,86,-0.0725964,0.00778904,False
rs5752801,18,87,-0.0634876,0.0202983,False
rs5752801,18,88,-0.0685342,0.0126688,False
rs5752801,18,89,-0.0768849,0.00528129,False
rs5752801,18,90,-0.0754671,0.00634394,False
rs5752801,18,91,-0.0726337,0.00895364,False
rs5752801,18,92,-0.0756791,0.00666849,False
rs5752801,18,93,-0.0726727,0.00930607,False
rs5752801,18,94,-0.074758,0.00756063,False
rs5752801,18,95,-0.0644192,0.0216747,False
rs5752801,18,96,-0.060061,0.0333126,False
rs5752801,18,97,-0.0569445,0.0440819,False
rs5752801,18,98,-0.0607089,0.0321454,False
rs5752801,18,99,-0.0613193,0.0312417,False
rs5752801,18,100,-0.0638883,0.0253496,False
rs5752801,18,101,-0.0583734,0.0413753,False
rs5752801,18,102,-0.0619199,0.0312331,False
rs5752801,18,103,-0.0627901,0.0292991,False
rs5752801,18,104,-0.0556754,0.0539366,False
rs5752801,18,105,-0.0593708,0.0404521,False
rs5752801,18,106,-0.0554523,0.0565078,False
rs5752801,18,107,-0.0597163,0.04066,False
rs5752801,18,108,-0.0641194,0.0282235,False
rs5752801,18,109,-0.0688991,0.0186684,False
rs5752801,18,110,-0.0573305,0.0513219,False
rs5752801,18,111,-0.0540045,0.0669051,False
rs5752801,18,112,-0.06138,0.0376664,False
rs5752801,18,113,-0.0674946,0.022507,False
rs5752801,18,114,-0.0712385,0.0163394,False
rs5752801,18,115,-0.066813,0.0243838,False
rs5752801,18,116,-0.071159,0.0168451,False
rs5752801,18,117,-0.0755946,0.0112774,False
rs5752801,18,118,-0.0687123,0.021539,False
rs5752801,18,119,-0.0699305,0.0195193,False
rs5752801,18,120,-0.0791577,0.0083499,False
rs5752801,18,121,-0.083447,0.00554402,False
rs5752801,18,122,-0.0790008,0.00880721,False
rs5752801,18,123,-0.0712428,0.0182932,False
rs5752801,18,124,-0.0674867,0.0255376,False
rs5752801,18,125,-0.0694039,0.0218259,False
rs5752801,18,126,-0.0714869,0.0183246,False
rs5752801,18,127,-0.0734842,0.0154303,False
rs5752801,18,128,-0.0707772,0.0198049,False
rs5752801,18,129,-0.0718587,0.0181522,False
rs5752801,18,130,-0.0746586,0.0142559,False
rs5752801,18,131,-0.0780637,0.0104641,False
rs5752801,18,132,-0.0762686,0.0124003,False
rs5752801,18,133,-0.0669546,0.0283308,False
rs5752801,18,134,-0.0737906,0.0158058,False
rs5752801,18,135,-0.0713433,0.019869,False
rs5752801,18,136,-0.0700786,0.0221977,False
rs5752801,18,137,-0.0629818,0.0402248,False
rs5752801,18,138,-0.0620816,0.0430807,False
rs5752801,18,139,-0.0560432,0.0675751,False
rs5752801,18,140,-0.0667532,0.0298757,False
rs5752801,18,141,-0.0639577,0.0373642,False
rs5752801,18,142,-0.0664785,0.0305341,False
rs5752801,18,143,-0.0693921,0.0239888,False
rs5752801,18,144,-0.0776355,0.0114695,False
rs5752801,18,145,-0.0672653,0.0286877,False
rs5752801,18,146,-0.0723226,0.0186286,False
rs5752801,18,147,-0.0715964,0.0199164,False
rs5752801,18,148,-0.0760863,0.0133322,False
rs5752801,18,149,-0.0807145,0.00873087,False
rs5752801,18,150,-0.0731427,0.0174637,False
rs5752801,18,151,-0.0788294,0.0103555,False
rs5752801,18,152,-0.0744955,0.0154746,False
rs5752801,18,153,-0.0751521,0.0146167,False
rs5752801,18,154,-0.0833106,0.00678103,False
rs5752801,18,155,-0.0870034,0.00464185,False
rs5752801,18,156,-0.0812183,0.00820649,False
rs5752801,18,157,-0.078415,0.0107636,False
rs5752801,18,158,-0.0846906,0.00578862,False
rs5752801,18,159,-0.0784265,0.010734,False
rs5752801,18,160,-0.0852423,0.00549946,False
rs5752801,18,161,-0.0839431,0.00628973,False
rs5752801,18,162,-0.0828262,0.00693893,False
rs5752801,18,163,-0.086545,0.00480004,False
rs5752801,18,164,-0.0869384,0.00468076,False
rs5752801,18,165,-0.0842519,0.00609477,False
rs5752801,18,166,-0.0841261,0.00614141,False
rs5752801,18,167,-0.0878033,0.0042407,False
rs5752801,18,168,-0.0866171,0.00470767,False
rs5752801,18,169,-0.088357,0.00399097,False
rs5752801,18,170,-0.0957786,0.00179748,False
rs5752801,18,171,-0.092191,0.00266589,False
rs5752801,18,172,-0.0929277,0.00247409,False
rs5752801,18,173,-0.0921917,0.00265661,False
rs5752801,18,174,-0.0968474,0.00161631,False
rs5752801,18,175,-0.0937142,0.00228334,False
rs5752801,18,176,-0.0941256,0.00220638,False
rs5752801,18,177,-0.0903043,0.00331132,False
rs5752801,18,178,-0.0976372,0.00147433,False
rs5752801,18,179,-0.0928815,0.00251436,False
rs5752801,18,180,-0.0990263,0.00129041,False
rs5752801,18,181,-0.0967713,0.00171262,False
rs5752801,18,182,-0.0981683,0.00146288,False
rs5752801,18,183,-0.0943692,0.00224573,False
rs5752801,18,184,-0.0911924,0.00320894,False
rs5752801,18,185,-0.0903346,0.00351817,False
rs5752801,18,186,-0.0973706,0.00170371,False
rs5752801,18,187,-0.0998052,0.00133324,False
rs5752801,18,188,-0.10206,0.00105639,False
rs5752801,18,189,-0.103861,0.000896337,False
rs5752801,18,190,-0.10664,0.000668461,False
rs5752801,18,191,-0.103521,0.000988382,False
rs5752801,18,192,-0.0985146,0.00178492,False
rs5752801,18,193,-0.0986016,0.00181411,False
rs5752801,18,194,-0.0982776,0.00197079,False
rs5752801,18,195,-0.102126,0.00134968,False
rs5752801,18,196,-0.104112,0.00112885,False
rs5752801,18,197,-0.104833,0.00108705,False
rs5752801,18,198,-0.10921,0.00069089,False
rs5752801,18,199,-0.110668,0.000633393,False
rs5752801,18,200,-0.106789,0.00101743,False
rs5752801,18,201,-0.115014,0.000426245,False
rs5752801,18,202,-0.111613,0.000673918,False
rs5752801,18,203,-0.1161,0.000440864,False
rs5752801,18,204,-0.117095,0.000414516,False
rs5752801,18,205,-0.120969,0.000289183,False
rs5752801,18,206,-0.116262,0.000532083,False
rs5752801,18,207,-0.119851,0.000392459,False
rs5752801,18,208,-0.136907,5.85656e-05,False
rs5752801,18,209,-0.133112,0.000102234,False
rs5752801,18,210,-0.140689,4.62468e-05,False
rs5752801,18,211,-0.145697,2.75573e-05,False
rs5752801,18,212,-0.151688,1.4486e-05,False
rs5752801,18,213,-0.142837,5.1728e-05,False
rs5752801,18,214,-0.149257,2.68699e-05,False
rs5752801,18,215,-0.15467,1.57212e-05,False
rs5752801,18,216,-0.160016,9.24654e-06,False
rs5752801,18,217,-0.147177,5.3387e-05,False
rs5752801,18,218,-0.155793,2.26751e-05,False
rs5752801,18,219,-0.149846,5.41689e-05,False
rs5752801,18,220,-0.158894,2.16131e-05,False
rs5752801,18,221,-0.165903,1.09826e-05,False
rs5752801,18,222,-0.165309,1.41973e-05,False
rs5752801,18,223,-0.170324,9.39472e-06,False
rs5752801,18,224,-0.170777,1.09072e-05,False
rs5752801,18,225,-0.164807,2.59977e-05,False
rs5752801,18,226,-0.169312,1.86269e-05,False
rs5752801,18,227,-0.169193,2.26419e-05,False
rs5752801,18,228,-0.175247,1.39533e-05,False
rs5752801,18,229,-0.18393,6.10819e-06,False
rs5752801,18,230,-0.18273,8.49307e-06,False
rs5752801,18,231,-0.180936,1.27538e-05,False
rs5752801,18,232,-0.182414,1.30599e-05,False
rs5752801,18,233,-0.189004,7.62745e-06,False
rs5752801,18,234,-0.190274,7.99261e-06,False
rs5752801,18,235,-0.202973,2.3995e-06,False
rs5752801,18,236,-0.201315,3.60323e-06,False
rs5752801,18,237,-0.20217,4.06045e-06,False
rs5752801,18,238,-0.205557,3.39719e-06,False
rs5752801,18,239,-0.218716,9.83502e-07,False
rs5752801,18,240,-0.217792,1.3245e-06,False
rs5752801,18,241,-0.205113,6.46566e-06,False
rs5752801,18,242,-0.229737,5.79867e-07,False
rs5752801,18,243,-0.223734,1.37085e-06,False
rs5752801,18,244,-0.20898,7.7629e-06,False
rs5752801,18,245,-0.225664,1.74237e-06,False
rs5752801,18,246,-0.215997,5.84367e-06,False
rs5752801,18,247,-0.218486,5.5287e-06,False
rs5752801,18,248,-0.217184,7.6127e-06,False
rs5752801,18,249,-0.212547,1.42063e-05,False
rs5752801,18,250,-0.221826,6.97433e-06,False
rs5752801,18,251,-0.209652,2.53753e-05,False
rs5752801,19,6,0.00455579,0.85668,False
rs5752801,19,7,0.0152518,0.54145,False
rs5752801,19,8,0.00384522,0.876855,False
rs5752801,19,9,0.0100849,0.681693,False
rs5752801,19,10,0.00378874,0.876577,False
rs5752801,19,11,0.0135329,0.576413,False
rs5752801,19,12,0.00492137,0.837804,False
rs5752801,19,13,0.0148346,0.534843,False
rs5752801,19,14,0.010503,0.658754,False
rs5752801,19,15,0.0103166,0.663206,False
rs5752801,19,16,0.00779018,0.741187,False
rs5752801,19,17,0.00565414,0.810716,False
rs5752801,19,18,0.00304197,0.897231,False
rs5752801,19,19,-0.000299477,0.989838,False
rs5752801,19,20,-0.00431699,0.854729,False
rs5752801,19,21,-0.00388254,0.868768,False
rs5752801,19,22,-0.00207821,0.929667,False
rs5752801,19,23,0.00493835,0.833768,False
rs5752801,19,24,-0.000707991,0.976035,False
rs5752801,19,25,-0.00494033,0.834018,False
rs5752801,19,26,-0.00917843,0.697238,False
rs5752801,19,27,-0.0209596,0.374258,False
rs5752801,19,28,-0.0060885,0.796283,False
rs5752801,19,29,-0.0137368,0.561243,False
rs5752801,19,30,-0.0135996,0.565705,False
rs5752801,19,31,-0.0120119,0.611643,False
rs5752801,19,32,-0.0251478,0.289743,False
rs5752801,19,33,-0.0211142,0.373704,False
rs5752801,19,34,-0.0208332,0.38082,False
rs5752801,19,35,-0.0369887,0.120961,False
rs5752801,19,36,-0.0223229,0.349266,False
rs5752801,19,37,-0.0211386,0.377573,False
rs5752801,19,38,-0.032957,0.168418,False
rs5752801,19,39,-0.0250323,0.295632,False
rs5752801,19,40,-0.0272432,0.25672,False
rs5752801,19,41,-0.0357514,0.137984,False
rs5752801,19,42,-0.0308728,0.20095,False
rs5752801,19,43,-0.0230494,0.341224,False
rs5752801,19,44,-0.0359803,0.13718,False
rs5752801,19,45,-0.0289959,0.232556,False
rs5752801,19,46,-0.0408539,0.0939659,False
rs5752801,19,47,-0.0286468,0.240761,False
rs5752801,19,48,-0.0329538,0.178297,False
rs5752801,19,49,-0.0377701,0.124231,False
rs5752801,19,50,-0.0420978,0.0870928,False
rs5752801,19,51,-0.0328028,0.184119,False
rs5752801,19,52,-0.036725,0.137931,False
rs5752801,19,53,-0.0358165,0.148941,False
rs5752801,19,54,-0.0263225,0.290373,False
rs5752801,19,55,-0.039658,0.112094,False
rs5752801,19,56,-0.0317904,0.204304,False
rs5752801,19,57,-0.0351626,0.160507,False
rs5752801,19,58,-0.0345379,0.169492,False
rs5752801,19,59,-0.0304026,0.227489,False
rs5752801,19,60,-0.0393809,0.118592,False
rs5752801,19,61,-0.0422469,0.0960427,False
rs5752801,19,62,-0.0338499,0.183508,False
rs5752801,19,63,-0.0302793,0.234783,False
rs5752801,19,64,-0.038712,0.130223,False
rs5752801,19,65,-0.0406358,0.112961,False
rs5752801,19,66,-0.0431279,0.0935907,False
rs5752801,19,67,-0.0357406,0.165771,False
rs5752801,19,68,-0.0299564,0.247405,False
rs5752801,19,69,-0.0343169,0.185497,False
rs5752801,19,70,-0.0387924,0.136725,False
rs5752801,19,71,-0.0338209,0.195289,False
rs5752801,19,72,-0.041735,0.111437,False
rs5752801,19,73,-0.0473708,0.071365,False
rs5752801,19,74,-0.0410257,0.119756,False
rs5752801,19,75,-0.0494934,0.0617589,False
rs5752801,19,76,-0.0453673,0.0878125,False
rs5752801,19,77,-0.0434201,0.103463,False
rs5752801,19,78,-0.044647,0.0950631,False
rs5752801,19,79,-0.0423025,0.115305,False
rs5752801,19,80,-0.0511627,0.0573191,False
rs5752801,19,81,-0.0464616,0.0857287,False
rs5752801,19,82,-0.0466182,0.0858109,False
rs5752801,19,83,-0.0417465,0.125167,False
rs5752801,19,84,-0.0451471,0.0981052,False
rs5752801,19,85,-0.0567693,0.038491,False
rs5752801,19,86,-0.0606961,0.0273786,False
rs5752801,19,87,-0.0617279,0.0253238,False
rs5752801,19,88,-0.0655102,0.01794,False
rs5752801,19,89,-0.0660005,0.0174526,False
rs5752801,19,90,-0.0613435,0.0275666,False
rs5752801,19,91,-0.0690535,0.01332,False
rs5752801,19,92,-0.068355,0.014563,False
rs5752801,19,93,-0.0716038,0.0108171,False
rs5752801,19,94,-0.0636895,0.0239311,False
rs5752801,19,95,-0.0687681,0.015196,False
rs5752801,19,96,-0.065486,0.0212403,False
rs5752801,19,97,-0.0663837,0.0198335,False
rs5752801,19,98,-0.0699926,0.0143474,False
rs5752801,19,99,-0.0691994,0.0158218,False
rs5752801,19,100,-0.0641121,0.0259716,False
rs5752801,19,101,-0.0721174,0.0124179,False
rs5752801,19,102,-0.0675181,0.0198519,False
rs5752801,19,103,-0.0709352,0.0146561,False
rs5752801,19,104,-0.0682682,0.0190472,False
rs5752801,19,105,-0.0640201,0.0285002,False
rs5752801,19,106,-0.0668885,0.0223437,False
rs5752801,19,107,-0.0615643,0.0363739,False
rs5752801,19,108,-0.0658579,0.025353,False
rs5752801,19,109,-0.0646161,0.0287279,False
rs5752801,19,110,-0.063248,0.0324394,False
rs5752801,19,111,-0.0621783,0.0362725,False
rs5752801,19,112,-0.0651001,0.0288887,False
rs5752801,19,113,-0.0586229,0.0495468,False
rs5752801,19,114,-0.0636911,0.0334319,False
rs5752801,19,115,-0.0679368,0.0234264,False
rs5752801,19,116,-0.0629752,0.035954,False
rs5752801,19,117,-0.0653571,0.0299343,False
rs5752801,19,118,-0.0666598,0.0270829,False
rs5752801,19,119,-0.0668198,0.0270154,False
rs5752801,19,120,-0.0621996,0.0398689,False
rs5752801,19,121,-0.0614822,0.0426779,False
rs5752801,19,122,-0.0649246,0.0327248,False
rs5752801,19,123,-0.0591898,0.0519425,False
rs5752801,19,124,-0.0632416,0.0381141,False
rs5752801,19,125,-0.0651787,0.033043,False
rs5752801,19,126,-0.0622734,0.0422479,False
rs5752801,19,127,-0.0569553,0.0632089,False
rs5752801,19,128,-0.0536079,0.0810748,False
rs5752801,19,129,-0.0615814,0.0452001,False
rs5752801,19,130,-0.0582172,0.0586664,False
rs5752801,19,131,-0.0669714,0.0296712,False
rs5752801,19,132,-0.0524679,0.0889378,False
rs5752801,19,133,-0.0643499,0.0369814,False
rs5752801,19,134,-0.063946,0.0386057,False
rs5752801,19,135,-0.0774487,0.0122272,False
rs5752801,19,136,-0.0744971,0.0159636,False
rs5752801,19,137,-0.0631414,0.0413259,False
rs5752801,19,138,-0.0784352,0.0113006,False
rs5752801,19,139,-0.0756022,0.0146931,False
rs5752801,19,140,-0.0832045,0.00723447,False
rs5752801,19,141,-0.0718914,0.020385,False
rs5752801,19,142,-0.0770123,0.0130967,False
rs5752801,19,143,-0.0771499,0.0128449,False
rs5752801,19,144,-0.0760606,0.0141802,False
rs5752801,19,145,-0.0749948,0.0156618,False
rs5752801,19,146,-0.0767018,0.0133479,False
rs5752801,19,147,-0.0776156,0.0122831,False
rs5752801,19,148,-0.0806427,0.00942139,False
rs5752801,19,149,-0.073642,0.0176895,False
rs5752801,19,150,-0.071881,0.0205468,False
rs5752801,19,151,-0.0675003,0.0294701,False
rs5752801,19,152,-0.0694449,0.0249744,False
rs5752801,19,153,-0.0717954,0.0205073,False
rs5752801,19,154,-0.0765781,0.0134366,False
rs5752801,19,155,-0.0783015,0.0113546,False
rs5752801,19,156,-0.0784788,0.0111006,False
rs5752801,19,157,-0.0750777,0.0150582,False
rs5752801,19,158,-0.0663686,0.0316622,False
rs5752801,19,159,-0.0736199,0.0172733,False
rs5752801,19,160,-0.0682948,0.0269936,False
rs5752801,19,161,-0.0777082,0.011815,False
rs5752801,19,162,-0.0770357,0.0124888,False
rs5752801,19,163,-0.0821295,0.00776604,False
rs5752801,19,164,-0.0781037,0.0112411,False
rs5752801,19,165,-0.0811759,0.00835873,False
rs5752801,19,166,-0.071732,0.0198529,False
rs5752801,19,167,-0.069077,0.0249439,False
rs5752801,19,168,-0.0770665,0.0123072,False
rs5752801,19,169,-0.0736032,0.0167657,False
rs5752801,19,170,-0.0753038,0.0143231,False
rs5752801,19,171,-0.0801326,0.00917135,False
rs5752801,19,172,-0.0807968,0.00865285,False
rs5752801,19,173,-0.077282,0.0118736,False
rs5752801,19,174,-0.0792512,0.00990373,False
rs5752801,19,175,-0.0827175,0.00712661,False
rs5752801,19,176,-0.0806856,0.00867726,False
rs5752801,19,177,-0.0811299,0.00843503,False
rs5752801,19,178,-0.0787605,0.0105149,False
rs5752801,19,179,-0.0788464,0.0105209,False
rs5752801,19,180,-0.0868319,0.00489834,False
rs5752801,19,181,-0.0855566,0.00558382,False
rs5752801,19,182,-0.0887744,0.00406145,False
rs5752801,19,183,-0.0887128,0.00410255,False
rs5752801,19,184,-0.09583,0.00193653,False
rs5752801,19,185,-0.083229,0.00723166,False
rs5752801,19,186,-0.0869112,0.00509742,False
rs5752801,19,187,-0.0977456,0.00167823,False
rs5752801,19,188,-0.0956865,0.00211261,False
rs5752801,19,189,-0.0929496,0.00285259,False
rs5752801,19,190,-0.0929434,0.00295806,False
rs5752801,19,191,-0.0958665,0.00222268,False
rs5752801,19,192,-0.0932099,0.00304006,False
rs5752801,19,193,-0.095644,0.00236681,False
rs5752801,19,194,-0.091774,0.00365496,False
rs5752801,19,195,-0.0976843,0.0020328,False
rs5752801,19,196,-0.0967235,0.0023654,False
rs5752801,19,197,-0.0970065,0.00238362,False
rs5752801,19,198,-0.102744,0.001334,False
rs5752801,19,199,-0.101829,0.00157068,False
rs5752801,19,200,-0.107296,0.000907044,False
rs5752801,19,201,-0.110089,0.000691823,False
rs5752801,19,202,-0.104995,0.00129159,False
rs5752801,19,203,-0.116902,0.000358663,False
rs5752801,19,204,-0.123051,0.000188015,False
rs5752801,19,205,-0.120684,0.000268173,False
rs5752801,19,206,-0.116171,0.000492755,False
rs5752801,19,207,-0.129227,0.000114285,False
rs5752801,19,208,-0.128646,0.000134585,False
rs5752801,19,209,-0.124286,0.000253216,False
rs5752801,19,210,-0.135604,7.09216e-05,False
rs5752801,19,211,-0.133185,0.000109674,False
rs5752801,19,212,-0.13901,6.18771e-05,False
rs5752801,19,213,-0.134672,0.000113423,False
rs5752801,19,214,-0.14526,3.51507e-05,False
rs5752801,19,215,-0.14777,3.03543e-05,False
rs5752801,19,216,-0.154557,1.51351e-05,False
rs5752801,19,217,-0.150727,2.83445e-05,False
rs5752801,19,218,-0.15714,1.52078e-05,False
rs5752801,19,219,-0.149238,4.66114e-05,False
rs5752801,19,220,-0.154866,2.81407e-05,False
rs5752801,19,221,-0.153538,3.94175e-05,False
rs5752801,19,222,-0.163043,1.47274e-05,False
rs5752801,19,223,-0.161548,2.11803e-05,False
rs5752801,19,224,-0.163355,2.09935e-05,False
rs5752801,19,225,-0.167635,1.50511e-05,False
rs5752801,19,226,-0.169504,1.45271e-05,False
rs5752801,19,227,-0.168124,2.02846e-05,False
rs5752801,19,228,-0.171695,1.69441e-05,False
rs5752801,19,229,-0.178321,9.75172e-06,False
rs5752801,19,230,-0.179706,1.02468e-05,False
rs5752801,19,231,-0.167954,4.42064e-05,False
rs5752801,19,232,-0.190177,4.79206e-06,False
rs5752801,19,233,-0.186353,9.0727e-06,False
rs5752801,19,234,-0.189487,7.86378e-06,False
rs5752801,19,235,-0.198735,3.41766e-06,False
rs5752801,19,236,-0.196581,5.382e-06,False
rs5752801,19,237,-0.196104,7.00338e-06,False
rs5752801,19,238,-0.208215,2.35856e-06,False
rs5752801,19,239,-0.204178,4.58536e-06,False
rs5752801,19,240,-0.213192,2.09583e-06,False
rs5752801,19,241,-0.218393,1.46898e-06,False
rs5752801,19,242,-0.211629,3.96867e-06,False
rs5752801,19,243,-0.219196,2.22921e-06,False
rs5752801,19,244,-0.217724,3.26877e-06,False
rs5752801,19,245,-0.224391,2.02798e-06,False
rs5752801,19,246,-0.223326,2.89085e-06,False
rs5752801,19,247,-0.231887,1.46457e-06,False
rs5752801,19,248,-0.232788,1.70653e-06,False
rs5752801,19,249,-0.218344,8.69327e-06,False
rs5752801,19,250,-0.217462,1.11447e-05,False
rs5752801,19,251,-0.221853,9.02158e-06,False
rs5752801,20,6,0.0200146,0.427821,False
rs5752801,20,7,0.0214573,0.391767,False
rs5752801,20,8,0.0214021,0.389427,False
rs5752801,20,9,0.0209535,0.395349,False
rs5752801,20,10,0.0168001,0.492076,False
rs5752801,20,11,0.0054183,0.823447,False
rs5752801,20,12,0.0147404,0.541639,False
rs5752801,20,13,0.00261241,0.913226,False
rs5752801,20,14,0.00711617,0.765508,False
rs5752801,20,15,-0.000521693,0.982494,False
rs5752801,20,16,7.85388e-05,0.997354,False
rs5752801,20,17,0.0069645,0.768252,False
rs5752801,20,18,-0.00628794,0.79019,False
rs5752801,20,19,-0.00504784,0.830734,False
rs5752801,20,20,-0.006504,0.782951,False
rs5752801,20,21,-0.0095639,0.685239,False
rs5752801,20,22,-0.00208465,0.929557,False
rs5752801,20,23,-0.0217456,0.355751,False
rs5752801,20,24,-0.00987152,0.675109,False
rs5752801,20,25,-0.00986106,0.67679,False
rs5752801,20,26,-0.0166163,0.481177,False
rs5752801,20,27,-0.0144413,0.541421,False
rs5752801,20,28,-0.0114703,0.627971,False
rs5752801,20,29,-0.0196658,0.406291,False
rs5752801,20,30,-0.0270973,0.253767,False
rs5752801,20,31,-0.019112,0.419789,False
rs5752801,20,32,-0.0220612,0.353478,False
rs5752801,20,33,-0.0328176,0.167953,False
rs5752801,20,34,-0.0156749,0.511306,False
rs5752801,20,35,-0.024789,0.299161,False
rs5752801,20,36,-0.0321854,0.178379,False
rs5752801,20,37,-0.022167,0.355871,False
rs5752801,20,38,-0.0363568,0.129597,False
rs5752801,20,39,-0.0345808,0.151283,False
rs5752801,20,40,-0.0287167,0.23384,False
rs5752801,20,41,-0.0310939,0.198919,False
rs5752801,20,42,-0.0337511,0.163462,False
rs5752801,20,43,-0.0438444,0.0716765,False
rs5752801,20,44,-0.0328643,0.178161,False
rs5752801,20,45,-0.0338813,0.165911,False
rs5752801,20,46,-0.0287717,0.240384,False
rs5752801,20,47,-0.0313008,0.202641,False
rs5752801,20,48,-0.0320123,0.194205,False
rs5752801,20,49,-0.0259572,0.293516,False
rs5752801,20,50,-0.0296705,0.230142,False
rs5752801,20,51,-0.0316011,0.202293,False
rs5752801,20,52,-0.0298387,0.230533,False
rs5752801,20,53,-0.029143,0.24228,False
rs5752801,20,54,-0.021181,0.396176,False
rs5752801,20,55,-0.0286459,0.252278,False
rs5752801,20,56,-0.0320572,0.201948,False
rs5752801,20,57,-0.0201535,0.42353,False
rs5752801,20,58,-0.0271178,0.283799,False
rs5752801,20,59,-0.0402947,0.111568,False
rs5752801,20,60,-0.0304801,0.228972,False
rs5752801,20,61,-0.035273,0.166034,False
rs5752801,20,62,-0.0276536,0.278561,False
rs5752801,20,63,-0.0382756,0.134583,False
rs5752801,20,64,-0.0428019,0.0947622,False
rs5752801,20,65,-0.0400934,0.11893,False
rs5752801,20,66,-0.0394708,0.126209,False
rs5752801,20,67,-0.0370607,0.152445,False
rs5752801,20,68,-0.0432975,0.0953129,False
rs5752801,20,69,-0.0374194,0.150673,False
rs5752801,20,70,-0.0487215,0.0624732,False
rs5752801,20,71,-0.0413819,0.11455,False
rs5752801,20,72,-0.0299407,0.255719,False
rs5752801,20,73,-0.0361283,0.171239,False
rs5752801,20,74,-0.0476026,0.0725647,False
rs5752801,20,75,-0.0469742,0.0777399,False
rs5752801,20,76,-0.040275,0.131367,False
rs5752801,20,77,-0.0515323,0.0546465,False
rs5752801,20,78,-0.0433147,0.107484,False
rs5752801,20,79,-0.0462945,0.0867345,False
rs5752801,20,80,-0.0388031,0.152005,False
rs5752801,20,81,-0.0377189,0.165239,False
rs5752801,20,82,-0.037372,0.171596,False
rs5752801,20,83,-0.0443688,0.104957,False
rs5752801,20,84,-0.0374419,0.172718,False
rs5752801,20,85,-0.0467018,0.090086,False
rs5752801,20,86,-0.0469898,0.0893659,False
rs5752801,20,87,-0.0496343,0.0739381,False
rs5752801,20,88,-0.0494695,0.0754163,False
rs5752801,20,89,-0.0484212,0.0826828,False
rs5752801,20,90,-0.0516169,0.0651081,False
rs5752801,20,91,-0.0450569,0.108673,False
rs5752801,20,92,-0.0485703,0.0843088,False
rs5752801,20,93,-0.050878,0.0717231,False
rs5752801,20,94,-0.0509799,0.0723607,False
rs5752801,20,95,-0.0628745,0.0274355,False
rs5752801,20,96,-0.0620909,0.0299162,False
rs5752801,20,97,-0.0560636,0.0507339,False
rs5752801,20,98,-0.0529899,0.0652558,False
rs5752801,20,99,-0.0549781,0.0569517,False
rs5752801,20,100,-0.0516264,0.0749047,False
rs5752801,20,101,-0.064034,0.0275816,False
rs5752801,20,102,-0.0566807,0.0520103,False
rs5752801,20,103,-0.0613446,0.0359422,False
rs5752801,20,104,-0.0618839,0.035039,False
rs5752801,20,105,-0.0589259,0.0453422,False
rs5752801,20,106,-0.0563003,0.0566558,False
rs5752801,20,107,-0.0658935,0.0260476,False
rs5752801,20,108,-0.0681415,0.021952,False
rs5752801,20,109,-0.0572956,0.0544365,False
rs5752801,20,110,-0.0622689,0.0370061,False
rs5752801,20,111,-0.0648888,0.0301469,False
rs5752801,20,112,-0.0634534,0.0345561,False
rs5752801,20,113,-0.0593782,0.0486527,False
rs5752801,20,114,-0.0531851,0.0785325,False
rs5752801,20,115,-0.0570711,0.0594033,False
rs5752801,20,116,-0.059349,0.0505561,False
rs5752801,20,117,-0.0638705,0.0358562,False
rs5752801,20,118,-0.0583692,0.0555079,False
rs5752801,20,119,-0.0628319,0.0395478,False
rs5752801,20,120,-0.0613484,0.0447306,False
rs5752801,20,121,-0.0608319,0.0473069,False
rs5752801,20,122,-0.0583074,0.0573143,False
rs5752801,20,123,-0.0603982,0.0497189,False
rs5752801,20,124,-0.0618435,0.0450589,False
rs5752801,20,125,-0.069929,0.0235166,False
rs5752801,20,126,-0.0664901,0.0314158,False
rs5752801,20,127,-0.0635183,0.0403711,False
rs5752801,20,128,-0.0745765,0.0163849,False
rs5752801,20,129,-0.0809227,0.00927461,False
rs5752801,20,130,-0.0762668,0.0141823,False
rs5752801,20,131,-0.0797594,0.0103271,False
rs5752801,20,132,-0.0766306,0.0138121,False
rs5752801,20,133,-0.0758468,0.0149497,False
rs5752801,20,134,-0.0794197,0.0109473,False
rs5752801,20,135,-0.0814106,0.00917677,False
rs5752801,20,136,-0.0831551,0.00771632,False
rs5752801,20,137,-0.0791134,0.0113594,False
rs5752801,20,138,-0.0803035,0.0102421,False
rs5752801,20,139,-0.0838284,0.00736536,False
rs5752801,20,140,-0.0821581,0.00859655,False
rs5752801,20,141,-0.07679,0.014143,False
rs5752801,20,142,-0.0765186,0.0145533,False
rs5752801,20,143,-0.0756148,0.0157771,False
rs5752801,20,144,-0.0814151,0.00942114,False
rs5752801,20,145,-0.0822279,0.00873842,False
rs5752801,20,146,-0.0785842,0.0121143,False
rs5752801,20,147,-0.0833037,0.00779185,False
rs5752801,20,148,-0.0824967,0.00841626,False
rs5752801,20,149,-0.0711192,0.0230701,False
rs5752801,20,150,-0.0661333,0.0345299,False
rs5752801,20,151,-0.063205,0.0430215,False
rs5752801,20,152,-0.065141,0.0370688,False
rs5752801,20,153,-0.0599679,0.0547727,False
rs5752801,20,154,-0.0641036,0.0399177,False
rs5752801,20,155,-0.0636536,0.0411276,False
rs5752801,20,156,-0.0669683,0.0315341,False
rs5752801,20,157,-0.0700118,0.0245166,False
rs5752801,20,158,-0.0704936,0.0235403,False
rs5752801,20,159,-0.0704171,0.0235004,False
rs5752801,20,160,-0.0754359,0.0151936,False
rs5752801,20,161,-0.0669543,0.0312377,False
rs5752801,20,162,-0.0689634,0.0263266,False
rs5752801,20,163,-0.0742428,0.016696,False
rs5752801,20,164,-0.0736853,0.0174667,False
rs5752801,20,165,-0.0737523,0.0172783,False
rs5752801,20,166,-0.0750228,0.015423,False
rs5752801,20,167,-0.0762668,0.0137168,False
rs5752801,20,168,-0.0757281,0.0143656,False
rs5752801,20,169,-0.0819378,0.00809473,False
rs5752801,20,170,-0.0760347,0.0139399,False
rs5752801,20,171,-0.0749734,0.0152627,False
rs5752801,20,172,-0.0760216,0.0138127,False
rs5752801,20,173,-0.0753356,0.0147872,False
rs5752801,20,174,-0.0812498,0.00863903,False
rs5752801,20,175,-0.0857376,0.00549052,False
rs5752801,20,176,-0.0861642,0.00527505,False
rs5752801,20,177,-0.0942963,0.00225776,False
rs5752801,20,178,-0.0828511,0.00729153,False
rs5752801,20,179,-0.0813818,0.00839963,False
rs5752801,20,180,-0.0753096,0.0147214,False
rs5752801,20,181,-0.0799339,0.00963585,False
rs5752801,20,182,-0.0921515,0.0028762,False
rs5752801,20,183,-0.0888112,0.00410581,False
rs5752801,20,184,-0.0980775,0.00152803,False
rs5752801,20,185,-0.0911032,0.00328613,False
rs5752801,20,186,-0.0934847,0.00258752,False
rs5752801,20,187,-0.0848406,0.00632015,False
rs5752801,20,188,-0.0949832,0.00227155,False
rs5752801,20,189,-0.0896801,0.00404939,False
rs5752801,20,190,-0.0901901,0.00387798,False
rs5752801,20,191,-0.0890246,0.00448787,False
rs5752801,20,192,-0.0932956,0.00292311,False
rs5752801,20,193,-0.0937374,0.00284931,False
rs5752801,20,194,-0.0876847,0.00536391,False
rs5752801,20,195,-0.0874677,0.00566897,False
rs5752801,20,196,-0.0880002,0.0054807,False
rs5752801,20,197,-0.107137,0.000752638,False
rs5752801,20,198,-0.100532,0.00165376,False
rs5752801,20,199,-0.0942656,0.00329572,False
rs5752801,20,200,-0.100056,0.00188288,False
rs5752801,20,201,-0.0990049,0.00221159,False
rs5752801,20,202,-0.103568,0.00142882,False
rs5752801,20,203,-0.109272,0.000811881,False
rs5752801,20,204,-0.114782,0.00046539,False
rs5752801,20,205,-0.115823,0.000439267,False
rs5752801,20,206,-0.113909,0.000587263,False
rs5752801,20,207,-0.111196,0.00084747,False
rs5752801,20,208,-0.113966,0.000677852,False
rs5752801,20,209,-0.119028,0.000416043,False
rs5752801,20,210,-0.12641,0.000198233,False
rs5752801,20,211,-0.121949,0.000352624,False
rs5752801,20,212,-0.121632,0.000392536,False
rs5752801,20,213,-0.115371,0.000853627,False
rs5752801,20,214,-0.134987,0.000105939,False
rs5752801,20,215,-0.124762,0.000372071,False
rs5752801,20,216,-0.119943,0.000685045,False
rs5752801,20,217,-0.137276,0.000115902,False
rs5752801,20,218,-0.140583,9.11932e-05,False
rs5752801,20,219,-0.134271,0.000208071,False
rs5752801,20,220,-0.134084,0.000243129,False
rs5752801,20,221,-0.127962,0.000522969,False
rs5752801,20,222,-0.14462,0.000101935,False
rs5752801,20,223,-0.145272,0.000109761,False
rs5752801,20,224,-0.148944,8.6909e-05,False
rs5752801,20,225,-0.157493,3.97644e-05,False
rs5752801,20,226,-0.147099,0.000145423,False
rs5752801,20,227,-0.147014,0.000169877,False
rs5752801,20,228,-0.168109,2.07572e-05,False
rs5752801,20,229,-0.169204,2.2012e-05,False
rs5752801,20,230,-0.174099,1.56891e-05,False
rs5752801,20,231,-0.174697,1.78807e-05,False
rs5752801,20,232,-0.182109,9.62692e-06,False
rs5752801,20,233,-0.18947,5.22972e-06,False
rs5752801,20,234,-0.1875,7.98705e-06,False
rs5752801,20,235,-0.186146,1.1512e-05,False
rs5752801,20,236,-0.187282,1.28391e-05,False
rs5752801,20,237,-0.192177,9.01293e-06,False
rs5752801,20,238,-0.196758,7.108e-06,False
rs5752801,20,239,-0.198217,7.58141e-06,False
rs5752801,20,240,-0.202002,6.17751e-06,False
rs5752801,20,241,-0.204458,6.13807e-06,False
rs5752801,20,242,-0.212697,3.12129e-06,False
rs5752801,20,243,-0.212341,4.11318e-06,False
rs5752801,20,244,-0.204273,1.17576e-05,False
rs5752801,20,245,-0.211535,7.1728e-06,False
rs5752801,20,246,-0.207628,1.29115e-05,False
rs5752801,20,247,-0.208165,1.51089e-05,False
rs5752801,20,248,-0.217589,7.5239e-06,False
rs5752801,20,249,-0.209446,1.9642e-05,False
rs5752801,20,250,-0.201785,4.59448e-05,False
rs5752801,20,251,-0.194669,9.64457e-05,False
rs5752801,21,6,0.013044,0.601096,False
rs5752801,21,7,0.0146268,0.554064,False
rs5752801,21,8,0.0149438,0.54347,False
rs5752801,21,9,0.019817,0.417386,False
rs5752801,21,10,0.00952802,0.69498,False
rs5752801,21,11,0.0164766,0.494563,False
rs5752801,21,12,0.0153722,0.522725,False
rs5752801,21,13,0.00853216,0.721488,False
rs5752801,21,14,0.00859111,0.718291,False
rs5752801,21,15,0.0120077,0.613692,False
rs5752801,21,16,-0.00553552,0.815066,False
rs5752801,21,17,0.011032,0.641249,False
rs5752801,21,18,0.00845368,0.72035,False
rs5752801,21,19,0.00380931,0.87196,False
rs5752801,21,20,0.00369569,0.875443,False
rs5752801,21,21,-0.00292571,0.901328,False
rs5752801,21,22,0.00231115,0.922033,False
rs5752801,21,23,0.009522,0.686652,False
rs5752801,21,24,-0.0105946,0.653196,False
rs5752801,21,25,-0.00291969,0.901613,False
rs5752801,21,26,-0.0147708,0.532159,False
rs5752801,21,27,-0.0120138,0.611294,False
rs5752801,21,28,-0.0106758,0.65203,False
rs5752801,21,29,-0.00876488,0.711351,False
rs5752801,21,30,-0.0166353,0.483297,False
rs5752801,21,31,-0.020259,0.393772,False
rs5752801,21,32,-0.0167427,0.48098,False
rs5752801,21,33,-0.0185341,0.436831,False
rs5752801,21,34,-0.0217758,0.360767,False
rs5752801,21,35,-0.0248905,0.296877,False
rs5752801,21,36,-0.0228792,0.338682,False
rs5752801,21,37,-0.0222237,0.353853,False
rs5752801,21,38,-0.0306587,0.202141,False
rs5752801,21,39,-0.0274269,0.255189,False
rs5752801,21,40,-0.0332478,0.167953,False
rs5752801,21,41,-0.0285599,0.239331,False
rs5752801,21,42,-0.0203661,0.401135,False
rs5752801,21,43,-0.0259394,0.286725,False
rs5752801,21,44,-0.0229997,0.344917,False
rs5752801,21,45,-0.027581,0.257874,False
rs5752801,21,46,-0.0253136,0.30143,False
rs5752801,21,47,-0.0249807,0.309853,False
rs5752801,21,48,-0.0324822,0.187243,False
rs5752801,21,49,-0.0233991,0.343222,False
rs5752801,21,50,-0.0181606,0.463344,False
rs5752801,21,51,-0.0220719,0.373294,False
rs5752801,21,52,-0.0186867,0.452455,False
rs5752801,21,53,-0.0207034,0.407012,False
rs5752801,21,54,-0.0311034,0.213887,False
rs5752801,21,55,-0.0265502,0.290476,False
rs5752801,21,56,-0.0257655,0.305282,False
rs5752801,21,57,-0.0218966,0.385755,False
rs5752801,21,58,-0.0176626,0.485758,False
rs5752801,21,59,-0.0305029,0.229049,False
rs5752801,21,60,-0.0348739,0.170916,False
rs5752801,21,61,-0.0234305,0.358747,False
rs5752801,21,62,-0.0258658,0.311724,False
rs5752801,21,63,-0.0343636,0.181051,False
rs5752801,21,64,-0.0185834,0.471163,False
rs5752801,21,65,-0.0292972,0.257407,False
rs5752801,21,66,-0.0360065,0.164719,False
rs5752801,21,67,-0.0340892,0.190291,False
rs5752801,21,68,-0.0387601,0.137315,False
rs5752801,21,69,-0.0452603,0.0841949,False
rs5752801,21,70,-0.0429829,0.102188,False
rs5752801,21,71,-0.0378822,0.150655,False
rs5752801,21,72,-0.0414884,0.11674,False
rs5752801,21,73,-0.0452485,0.0885816,False
rs5752801,21,74,-0.0375585,0.159817,False
rs5752801,21,75,-0.042914,0.10904,False
rs5752801,21,76,-0.0393132,0.142735,False
rs5752801,21,77,-0.0438776,0.103801,False
rs5752801,21,78,-0.0397186,0.142088,False
rs5752801,21,79,-0.0438042,0.106525,False
rs5752801,21,80,-0.0462628,0.0899504,False
rs5752801,21,81,-0.0502313,0.0665082,False
rs5752801,21,82,-0.0484411,0.0777909,False
rs5752801,21,83,-0.0489486,0.0756941,False
rs5752801,21,84,-0.0494738,0.0738305,False
rs5752801,21,85,-0.0403264,0.146234,False
rs5752801,21,86,-0.040348,0.147477,False
rs5752801,21,87,-0.049216,0.0779635,False
rs5752801,21,88,-0.033867,0.227039,False
rs5752801,21,89,-0.0411179,0.144245,False
rs5752801,21,90,-0.0336859,0.232799,False
rs5752801,21,91,-0.0392376,0.166245,False
rs5752801,21,92,-0.0498819,0.0790219,False
rs5752801,21,93,-0.0525693,0.0653683,False
rs5752801,21,94,-0.0568541,0.0469563,False
rs5752801,21,95,-0.0499469,0.08247,False
rs5752801,21,96,-0.0557695,0.0530541,False
rs5752801,21,97,-0.0545747,0.0591323,False
rs5752801,21,98,-0.0577815,0.0463787,False
rs5752801,21,99,-0.0568098,0.0509839,False
rs5752801,21,100,-0.0511828,0.0795091,False
rs5752801,21,101,-0.0463528,0.11372,False
rs5752801,21,102,-0.0548644,0.0620653,False
rs5752801,21,103,-0.0543853,0.0657704,False
rs5752801,21,104,-0.051603,0.0818999,False
rs5752801,21,105,-0.0488609,0.0998611,False
rs5752801,21,106,-0.0539527,0.0699183,False
rs5752801,21,107,-0.0485657,0.103793,False
rs5752801,21,108,-0.0461066,0.123927,False
rs5752801,21,109,-0.0506138,0.0922239,False
rs5752801,21,110,-0.0497399,0.0988789,False
rs5752801,21,111,-0.0450267,0.136051,False
rs5752801,21,112,-0.0456701,0.132283,False
rs5752801,21,113,-0.0456454,0.133262,False
rs5752801,21,114,-0.0434177,0.154204,False
rs5752801,21,115,-0.0447232,0.143202,False
rs5752801,21,116,-0.046788,0.126528,False
rs5752801,21,117,-0.0550296,0.0727202,False
rs5752801,21,118,-0.0528658,0.0852024,False
rs5752801,21,119,-0.0488911,0.112984,False
rs5752801,21,120,-0.05216,0.0915222,False
rs5752801,21,121,-0.0560801,0.0698957,False
rs5752801,21,122,-0.0536332,0.0836742,False
rs5752801,21,123,-0.051606,0.0968721,False
rs5752801,21,124,-0.0482307,0.121715,False
rs5752801,21,125,-0.0565912,0.0694049,False
rs5752801,21,126,-0.0521409,0.0947008,False
rs5752801,21,127,-0.0555848,0.0757456,False
rs5752801,21,128,-0.061446,0.049676,False
rs5752801,21,129,-0.0630437,0.0441841,False
rs5752801,21,130,-0.0583116,0.0632374,False
rs5752801,21,131,-0.0621931,0.0480511,False
rs5752801,21,132,-0.0687514,0.0291595,False
rs5752801,21,133,-0.052778,0.0932253,False
rs5752801,21,134,-0.0621195,0.0486895,False
rs5752801,21,135,-0.0637488,0.0432759,False
rs5752801,21,136,-0.0666291,0.0347827,False
rs5752801,21,137,-0.0742307,0.0188035,False
rs5752801,21,138,-0.0671398,0.0336357,False
rs5752801,21,139,-0.0748848,0.0179412,False
rs5752801,21,140,-0.074622,0.0184739,False
rs5752801,21,141,-0.0778468,0.0139351,False
rs5752801,21,142,-0.0811536,0.0103728,False
rs5752801,21,143,-0.0954049,0.00257437,False
rs5752801,21,144,-0.0799739,0.0114956,False
rs5752801,21,145,-0.0797088,0.0117331,False
rs5752801,21,146,-0.0738026,0.0195263,False
rs5752801,21,147,-0.0717369,0.0233376,False
rs5752801,21,148,-0.0645017,0.0413043,False
rs5752801,21,149,-0.0750905,0.0174955,False
rs5752801,21,150,-0.0728036,0.021055,False
rs5752801,21,151,-0.0720902,0.0222112,False
rs5752801,21,152,-0.0709517,0.0244288,False
rs5752801,21,153,-0.068794,0.0289363,False
rs5752801,21,154,-0.0638522,0.0424301,False
rs5752801,21,155,-0.0756312,0.0160665,False
rs5752801,21,156,-0.0753396,0.0163917,False
rs5752801,21,157,-0.0697465,0.0262429,False
rs5752801,21,158,-0.0601952,0.0547882,False
rs5752801,21,159,-0.0599905,0.0556739,False
rs5752801,21,160,-0.0674131,0.031282,False
rs5752801,21,161,-0.0690485,0.0273012,False
rs5752801,21,162,-0.0699689,0.0251534,False
rs5752801,21,163,-0.0765543,0.0142756,False
rs5752801,21,164,-0.0748038,0.0164336,False
rs5752801,21,165,-0.0673165,0.0307774,False
rs5752801,21,166,-0.0688195,0.027068,False
rs5752801,21,167,-0.0872214,0.00509715,False
rs5752801,21,168,-0.0802076,0.00998352,False
rs5752801,21,169,-0.0876232,0.00490836,False
rs5752801,21,170,-0.0769823,0.0134272,False
rs5752801,21,171,-0.0746308,0.0164442,False
rs5752801,21,172,-0.0679531,0.0288836,False
rs5752801,21,173,-0.0707832,0.0226889,False
rs5752801,21,174,-0.0686509,0.0270259,False
rs5752801,21,175,-0.0752664,0.0153053,False
rs5752801,21,176,-0.0864174,0.00531646,False
rs5752801,21,177,-0.0797815,0.010114,False
rs5752801,21,178,-0.0791587,0.0106929,False
rs5752801,21,179,-0.0878447,0.00459721,False
rs5752801,21,180,-0.0855055,0.00578527,False
rs5752801,21,181,-0.0858837,0.00561689,False
rs5752801,21,182,-0.0830532,0.00755918,False
rs5752801,21,183,-0.0866392,0.00527492,False
rs5752801,21,184,-0.0941825,0.00242128,False
rs5752801,21,185,-0.0880239,0.00457681,False
rs5752801,21,186,-0.0892211,0.00414708,False
rs5752801,21,187,-0.0955924,0.00210089,False
rs5752801,21,188,-0.0881282,0.00462713,False
rs5752801,21,189,-0.0937829,0.00265394,False
rs5752801,21,190,-0.0864991,0.00561092,False
rs5752801,21,191,-0.0847849,0.00662709,False
rs5752801,21,192,-0.0870641,0.00544073,False
rs5752801,21,193,-0.0952675,0.00239849,False
rs5752801,21,194,-0.0856296,0.00644157,False
rs5752801,21,195,-0.0805743,0.0106044,False
rs5752801,21,196,-0.085701,0.00674041,False
rs5752801,21,197,-0.0908263,0.00417941,False
rs5752801,21,198,-0.0969044,0.00227244,False
rs5752801,21,199,-0.0945919,0.00299418,False
rs5752801,21,200,-0.101495,0.0015014,False
rs5752801,21,201,-0.106811,0.00087757,False
rs5752801,21,202,-0.112257,0.000487276,False
rs5752801,21,203,-0.104779,0.00120209,False
rs5752801,21,204,-0.103042,0.00150191,False
rs5752801,21,205,-0.0991082,0.00237123,False
rs5752801,21,206,-0.108824,0.000912173,False
rs5752801,21,207,-0.107226,0.00114653,False
rs5752801,21,208,-0.104279,0.00166448,False
rs5752801,21,209,-0.108509,0.00112003,False
rs5752801,21,210,-0.117942,0.000441437,False
rs5752801,21,211,-0.123682,0.000248825,False
rs5752801,21,212,-0.12487,0.000234491,False
rs5752801,21,213,-0.117463,0.000594583,False
rs5752801,21,214,-0.12702,0.000228777,False
rs5752801,21,215,-0.125439,0.000297607,False
rs5752801,21,216,-0.137099,8.88126e-05,False
rs5752801,21,217,-0.130641,0.000212097,False
rs5752801,21,218,-0.135862,0.000130936,False
rs5752801,21,219,-0.135403,0.000158466,False
rs5752801,21,220,-0.128497,0.000375668,False
rs5752801,21,221,-0.130378,0.000351981,False
rs5752801,21,222,-0.134926,0.000242007,False
rs5752801,21,223,-0.14862,6.41297e-05,False
rs5752801,21,224,-0.153352,4.28558e-05,False
rs5752801,21,225,-0.142645,0.000166384,False
rs5752801,21,226,-0.144867,0.000152503,False
rs5752801,21,227,-0.15331,7.19178e-05,False
rs5752801,21,228,-0.168326,1.62376e-05,False
rs5752801,21,229,-0.160959,4.41679e-05,False
rs5752801,21,230,-0.174531,1.18224e-05,False
rs5752801,21,231,-0.169075,2.62628e-05,False
rs5752801,21,232,-0.164379,5.35843e-05,False
rs5752801,21,233,-0.175576,1.97789e-05,False
rs5752801,21,234,-0.195151,2.73878e-06,False
rs5752801,21,235,-0.185255,1.06516e-05,False
rs5752801,21,236,-0.185581,1.33327e-05,False
rs5752801,21,237,-0.188313,1.18253e-05,False
rs5752801,21,238,-0.196549,6.11103e-06,False
rs5752801,21,239,-0.194688,9.13481e-06,False
rs5752801,21,240,-0.207519,3.04577e-06,False
rs5752801,21,241,-0.208734,3.41468e-06,False
rs5752801,21,242,-0.211794,3.11226e-06,False
rs5752801,21,243,-0.20909,5.37964e-06,False
rs5752801,21,244,-0.207061,8.24709e-06,False
rs5752801,21,245,-0.214198,5.18181e-06,False
rs5752801,21,246,-0.214376,6.37958e-06,False
rs5752801,21,247,-0.214689,8.05166e-06,False
rs5752801,21,248,-0.223756,4.07717e-06,False
rs5752801,21,249,-0.227851,3.41168e-06,False
rs5752801,21,250,-0.229099,3.87905e-06,False
rs5752801,21,251,-0.223702,7.55789e-06,False
rs5752801,22,6,0.00950362,0.704119,False
rs5752801,22,7,0.0107621,0.665203,False
rs5752801,22,8,0.0109226,0.658167,False
rs5752801,22,9,0.00244983,0.920326,False
rs5752801,22,10,0.0162949,0.502269,False
rs5752801,22,11,0.00404204,0.86702,False
rs5752801,22,12,0.00518786,0.829345,False
rs5752801,22,13,-9.93959e-05,0.996685,False
rs5752801,22,14,-0.00624995,0.79285,False
rs5752801,22,15,0.000716887,0.975875,False
rs5752801,22,16,-0.0131296,0.579831,False
rs5752801,22,17,-0.00327156,0.890017,False
rs5752801,22,18,-0.0154268,0.512552,False
rs5752801,22,19,-0.00406815,0.863053,False
rs5752801,22,20,-0.0112509,0.632891,False
rs5752801,22,21,-0.0113861,0.629565,False
rs5752801,22,22,-0.00687849,0.770598,False
rs5752801,22,23,-0.0113154,0.63103,False
rs5752801,22,24,-0.00443574,0.85126,False
rs5752801,22,25,-0.018523,0.434156,False
rs5752801,22,26,-0.0169232,0.474452,False
rs5752801,22,27,-0.0199146,0.400255,False
rs5752801,22,28,-0.0119914,0.613661,False
rs5752801,22,29,-0.015017,0.526896,False
rs5752801,22,30,-0.0263054,0.267853,False
rs5752801,22,31,-0.0289736,0.225078,False
rs5752801,22,32,-0.0296982,0.213706,False
rs5752801,22,33,-0.0217812,0.362667,False
rs5752801,22,34,-0.0215067,0.369634,False
rs5752801,22,35,-0.0224113,0.349635,False
rs5752801,22,36,-0.0297024,0.216322,False
rs5752801,22,37,-0.0268795,0.264988,False
rs5752801,22,38,-0.0202738,0.400817,False
rs5752801,22,39,-0.029536,0.221449,False
rs5752801,22,40,-0.0306043,0.206983,False
rs5752801,22,41,-0.0266386,0.272237,False
rs5752801,22,42,-0.013553,0.57715,False
rs5752801,22,43,-0.0186458,0.444314,False
rs5752801,22,44,-0.0211113,0.387279,False
rs5752801,22,45,-0.0184329,0.451321,False
rs5752801,22,46,-0.0191676,0.43479,False
rs5752801,22,47,-0.0176518,0.473184,False
rs5752801,22,48,-0.0294311,0.234146,False
rs5752801,22,49,-0.0178756,0.470317,False
rs5752801,22,50,-0.0114045,0.645986,False
rs5752801,22,51,-0.0170127,0.493603,False
rs5752801,22,52,-0.0161379,0.518066,False
rs5752801,22,53,-0.0165246,0.509152,False
rs5752801,22,54,-0.00509801,0.838898,False
rs5752801,22,55,-0.00700786,0.780634,False
rs5752801,22,56,-0.0137363,0.586107,False
rs5752801,22,57,-0.00888153,0.725568,False
rs5752801,22,58,-0.00996068,0.69536,False
rs5752801,22,59,-0.0247504,0.331308,False
rs5752801,22,60,-0.0171592,0.50215,False
rs5752801,22,61,-0.0130313,0.610418,False
rs5752801,22,62,-0.021287,0.407477,False
rs5752801,22,63,-0.0222031,0.389932,False
rs5752801,22,64,-0.0223586,0.388014,False
rs5752801,22,65,-0.0317868,0.221904,False
rs5752801,22,66,-0.0263972,0.311863,False
rs5752801,22,67,-0.0200474,0.443064,False
rs5752801,22,68,-0.0308936,0.23932,False
rs5752801,22,69,-0.0427916,0.104162,False
rs5752801,22,70,-0.0468478,0.076131,False
rs5752801,22,71,-0.0445153,0.0934645,False
rs5752801,22,72,-0.0433781,0.103481,False
rs5752801,22,73,-0.0436808,0.102444,False
rs5752801,22,74,-0.0407765,0.128754,False
rs5752801,22,75,-0.0427867,0.112787,False
rs5752801,22,76,-0.0526022,0.0519473,False
rs5752801,22,77,-0.0517308,0.0568461,False
rs5752801,22,78,-0.0430307,0.114214,False
rs5752801,22,79,-0.0484725,0.0757632,False
rs5752801,22,80,-0.0476006,0.0824073,False
rs5752801,22,81,-0.0571028,0.0379807,False
rs5752801,22,82,-0.047157,0.0877392,False
rs5752801,22,83,-0.0498894,0.072095,False
rs5752801,22,84,-0.0477329,0.0865205,False
rs5752801,22,85,-0.0423864,0.129215,False
rs5752801,22,86,-0.0425151,0.12927,False
rs5752801,22,87,-0.0465254,0.0983227,False
rs5752801,22,88,-0.0492642,0.080848,False
rs5752801,22,89,-0.0555975,0.0496237,False
rs5752801,22,90,-0.0570046,0.044873,False
rs5752801,22,91,-0.0546569,0.0552364,False
rs5752801,22,92,-0.05221,0.0682081,False
rs5752801,22,93,-0.0460113,0.109086,False
rs5752801,22,94,-0.0438984,0.127697,False
rs5752801,22,95,-0.0492424,0.0888634,False
rs5752801,22,96,-0.039945,0.168661,False
rs5752801,22,97,-0.0367564,0.206846,False
rs5752801,22,98,-0.0391737,0.180413,False
rs5752801,22,99,-0.0426521,0.146206,False
rs5752801,22,100,-0.0437184,0.137617,False
rs5752801,22,101,-0.0387968,0.188981,False
rs5752801,22,102,-0.04124,0.164116,False
rs5752801,22,103,-0.0469134,0.115009,False
rs5752801,22,104,-0.04128,0.16695,False
rs5752801,22,105,-0.0471763,0.11473,False
rs5752801,22,106,-0.0475939,0.113207,False
rs5752801,22,107,-0.049284,0.102557,False
rs5752801,22,108,-0.0488752,0.10637,False
rs5752801,22,109,-0.0468314,0.122401,False
rs5752801,22,110,-0.0478591,0.115441,False
rs5752801,22,111,-0.0380547,0.212168,False
rs5752801,22,112,-0.0485652,0.112266,False
rs5752801,22,113,-0.0410511,0.180577,False
rs5752801,22,114,-0.0436794,0.155348,False
rs5752801,22,115,-0.0406371,0.186959,False
rs5752801,22,116,-0.0442378,0.15267,False
rs5752801,22,117,-0.0494333,0.111032,False
rs5752801,22,118,-0.0502861,0.106014,False
rs5752801,22,119,-0.0339174,0.276654,False
rs5752801,22,120,-0.0453676,0.146065,False
rs5752801,22,121,-0.0521168,0.095994,False
rs5752801,22,122,-0.053373,0.088911,False
rs5752801,22,123,-0.0508923,0.10505,False
rs5752801,22,124,-0.0597596,0.0573962,False
rs5752801,22,125,-0.0508053,0.107139,False
rs5752801,22,126,-0.0585623,0.0636298,False
rs5752801,22,127,-0.0604209,0.0557932,False
rs5752801,22,128,-0.0566928,0.0732763,False
rs5752801,22,129,-0.0526413,0.0972765,False
rs5752801,22,130,-0.0610947,0.0543108,False
rs5752801,22,131,-0.058745,0.0645991,False
rs5752801,22,132,-0.0546696,0.0860307,False
rs5752801,22,133,-0.0564884,0.0762637,False
rs5752801,22,134,-0.0606837,0.0572193,False
rs5752801,22,135,-0.0539535,0.0909493,False
rs5752801,22,136,-0.0550193,0.0846242,False
rs5752801,22,137,-0.0549847,0.0849815,False
rs5752801,22,138,-0.0503144,0.115082,False
rs5752801,22,139,-0.0620113,0.0521902,False
rs5752801,22,140,-0.0685092,0.0320572,False
rs5752801,22,141,-0.0673361,0.0349367,False
rs5752801,22,142,-0.068234,0.0325776,False
rs5752801,22,143,-0.0628579,0.0489121,False
rs5752801,22,144,-0.0634848,0.046649,False
rs5752801,22,145,-0.0648591,0.0420615,False
rs5752801,22,146,-0.0714458,0.0249837,False
rs5752801,22,147,-0.0718162,0.0243948,False
rs5752801,22,148,-0.0788884,0.0132471,False
rs5752801,22,149,-0.0700875,0.0276999,False
rs5752801,22,150,-0.0691693,0.0295819,False
rs5752801,22,151,-0.0699431,0.0275782,False
rs5752801,22,152,-0.0675883,0.0331592,False
rs5752801,22,153,-0.0714789,0.024141,False
rs5752801,22,154,-0.0749017,0.0179121,False
rs5752801,22,155,-0.0664459,0.0355524,False
rs5752801,22,156,-0.066342,0.0361968,False
rs5752801,22,157,-0.0664531,0.0356417,False
rs5752801,22,158,-0.0630848,0.0457434,False
rs5752801,22,159,-0.0584155,0.0639249,False
rs5752801,22,160,-0.0678622,0.03109,False
rs5752801,22,161,-0.0629039,0.0455179,False
rs5752801,22,162,-0.0637917,0.0424583,False
rs5752801,22,163,-0.0568989,0.0703141,False
rs5752801,22,164,-0.0592446,0.0592866,False
rs5752801,22,165,-0.0659105,0.0358024,False
rs5752801,22,166,-0.0713834,0.0228315,False
rs5752801,22,167,-0.0666701,0.0334295,False
rs5752801,22,168,-0.0685238,0.0285461,False
rs5752801,22,169,-0.0749931,0.0165485,False
rs5752801,22,170,-0.0745266,0.0170408,False
rs5752801,22,171,-0.06748,0.0305503,False
rs5752801,22,172,-0.0762703,0.0145395,False
rs5752801,22,173,-0.0762095,0.0145923,False
rs5752801,22,174,-0.0685582,0.0280934,False
rs5752801,22,175,-0.079788,0.0104197,False
rs5752801,22,176,-0.0840266,0.00699277,False
rs5752801,22,177,-0.0827949,0.0078358,False
rs5752801,22,178,-0.0786273,0.0115113,False
rs5752801,22,179,-0.0737653,0.0177235,False
rs5752801,22,180,-0.083861,0.00699878,False
rs5752801,22,181,-0.0800381,0.0101115,False
rs5752801,22,182,-0.0903658,0.00361715,False
rs5752801,22,183,-0.091261,0.0033201,False
rs5752801,22,184,-0.0826248,0.00780169,False
rs5752801,22,185,-0.0823896,0.00798035,False
rs5752801,22,186,-0.0929558,0.00273863,False
rs5752801,22,187,-0.0904785,0.00365535,False
rs5752801,22,188,-0.0871316,0.00514089,False
rs5752801,22,189,-0.0879932,0.00475299,False
rs5752801,22,190,-0.0944634,0.00244416,False
rs5752801,22,191,-0.0976585,0.00175311,False
rs5752801,22,192,-0.0873911,0.00525173,False
rs5752801,22,193,-0.0851798,0.00653114,False
rs5752801,22,194,-0.0858315,0.00618986,False
rs5752801,22,195,-0.0891245,0.00461101,False
rs5752801,22,196,-0.0837614,0.00791608,False
rs5752801,22,197,-0.0901446,0.00437214,False
rs5752801,22,198,-0.0870273,0.00609386,False
rs5752801,22,199,-0.0940314,0.00309634,False
rs5752801,22,200,-0.0957243,0.00268707,False
rs5752801,22,201,-0.0878898,0.00600045,False
rs5752801,22,202,-0.0858814,0.00742929,False
rs5752801,22,203,-0.086867,0.00695632,False
rs5752801,22,204,-0.0932513,0.0039176,False
rs5752801,22,205,-0.108162,0.000850587,False
rs5752801,22,206,-0.107051,0.00101789,False
rs5752801,22,207,-0.0967812,0.00314085,False
rs5752801,22,208,-0.104979,0.00141434,False
rs5752801,22,209,-0.101789,0.00208687,False
rs5752801,22,210,-0.113861,0.000621559,False
rs5752801,22,211,-0.112437,0.000761879,False
rs5752801,22,212,-0.117389,0.000488606,False
rs5752801,22,213,-0.118132,0.000492769,False
rs5752801,22,214,-0.112291,0.000997452,False
rs5752801,22,215,-0.124156,0.000295562,False
rs5752801,22,216,-0.118031,0.000651434,False
rs5752801,22,217,-0.130368,0.000184552,False
rs5752801,22,218,-0.129046,0.000238569,False
rs5752801,22,219,-0.132375,0.000185896,False
rs5752801,22,220,-0.123829,0.000532407,False
rs5752801,22,221,-0.141651,8.47947e-05,False
rs5752801,22,222,-0.15147,3.19041e-05,False
rs5752801,22,223,-0.13875,0.000160119,False
rs5752801,22,224,-0.141312,0.00013899,False
rs5752801,22,225,-0.145845,0.000100375,False
rs5752801,22,226,-0.149391,7.9941e-05,False
rs5752801,22,227,-0.149422,9.34984e-05,False
rs5752801,22,228,-0.146877,0.000143526,False
rs5752801,22,229,-0.160255,4.14537e-05,False
rs5752801,22,230,-0.153615,9.9104e-05,False
rs5752801,22,231,-0.161119,5.34315e-05,False
rs5752801,22,232,-0.177236,1.09414e-05,False
rs5752801,22,233,-0.161761,7.12702e-05,False
rs5752801,22,234,-0.175349,2.08924e-05,False
rs5752801,22,235,-0.169849,4.70102e-05,False
rs5752801,22,236,-0.175462,3.09767e-05,False
rs5752801,22,237,-0.183163,1.71368e-05,False
rs5752801,22,238,-0.179084,3.29772e-05,False
rs5752801,22,239,-0.173516,7.02772e-05,False
rs5752801,22,240,-0.181178,4.05715e-05,False
rs5752801,22,241,-0.185856,3.14543e-05,False
rs5752801,22,242,-0.190182,2.5454e-05,False
rs5752801,22,243,-0.189203,3.43071e-05,False
rs5752801,22,244,-0.196765,2.07007e-05,False
rs5752801,22,245,-0.207897,9.01283e-06,False
rs5752801,22,246,-0.203069,1.7766e-05,False
rs5752801,22,247,-0.195505,4.45355e-05,False
rs5752801,22,248,-0.20722,1.87029e-05,False
rs5752801,22,249,-0.206061,2.56015e-05,False
rs5752801,22,250,-0.214748,1.40925e-05,False
rs5752801,22,251,-0.204581,4.20268e-05,False
rs5752801,23,6,0.0105159,0.676308,False
rs5752801,23,7,0.00174438,0.944355,False
rs5752801,23,8,0.00568367,0.81893,False
rs5752801,23,9,-0.00568748,0.817381,False
rs5752801,23,10,0.000436492,0.985762,False
rs5752801,23,11,-0.00274904,0.909782,False
rs5752801,23,12,0.00332999,0.890327,False
rs5752801,23,13,-0.00193683,0.935842,False
rs5752801,23,14,-0.000152353,0.994911,False
rs5752801,23,15,-0.00892476,0.708868,False
rs5752801,23,16,-0.0103652,0.663671,False
rs5752801,23,17,-0.0157041,0.506869,False
rs5752801,23,18,-0.00622502,0.792545,False
rs5752801,23,19,-0.00791361,0.737993,False
rs5752801,23,20,-0.00175252,0.940717,False
rs5752801,23,21,-0.0125451,0.595283,False
rs5752801,23,22,-0.00487064,0.836548,False
rs5752801,23,23,-0.00810813,0.731336,False
rs5752801,23,24,-0.00796031,0.736466,False
rs5752801,23,25,-0.0192214,0.417078,False
rs5752801,23,26,-0.0196539,0.407466,False
rs5752801,23,27,-0.0245557,0.300872,False
rs5752801,23,28,-0.0183007,0.44139,False
rs5752801,23,29,-0.0200169,0.400508,False
rs5752801,23,30,-0.0288846,0.225461,False
rs5752801,23,31,-0.019727,0.408901,False
rs5752801,23,32,-0.0155681,0.514259,False
rs5752801,23,33,-0.0241019,0.31305,False
rs5752801,23,34,-0.0169952,0.478881,False
rs5752801,23,35,-0.0280499,0.24324,False
rs5752801,23,36,-0.014613,0.543485,False
rs5752801,23,37,-0.0217614,0.366056,False
rs5752801,23,38,-0.0226606,0.348304,False
rs5752801,23,39,-0.023604,0.327827,False
rs5752801,23,40,-0.0195336,0.421764,False
rs5752801,23,41,-0.0202413,0.405452,False
rs5752801,23,42,-0.0139977,0.565893,False
rs5752801,23,43,-0.0100358,0.681651,False
rs5752801,23,44,-0.0231795,0.344546,False
rs5752801,23,45,-0.0319868,0.19319,False
rs5752801,23,46,-0.0221158,0.368666,False
rs5752801,23,47,-0.014167,0.565667,False
rs5752801,23,48,-0.0169545,0.494451,False
rs5752801,23,49,-0.00712499,0.774172,False
rs5752801,23,50,-0.0257384,0.301901,False
rs5752801,23,51,-0.02621,0.293276,False
rs5752801,23,52,-0.016778,0.50261,False
rs5752801,23,53,-0.0116809,0.641961,False
rs5752801,23,54,-0.0204469,0.417095,False
rs5752801,23,55,-0.0253633,0.314545,False
rs5752801,23,56,-0.0156867,0.534989,False
rs5752801,23,57,-0.0207996,0.413088,False
rs5752801,23,58,-0.0215707,0.396347,False
rs5752801,23,59,-0.0248358,0.330936,False
rs5752801,23,60,-0.0251007,0.326844,False
rs5752801,23,61,-0.0264098,0.304102,False
rs5752801,23,62,-0.039579,0.124659,False
rs5752801,23,63,-0.0403233,0.119107,False
rs5752801,23,64,-0.027696,0.286645,False
rs5752801,23,65,-0.0329805,0.20542,False
rs5752801,23,66,-0.0401077,0.125375,False
rs5752801,23,67,-0.0300028,0.252991,False
rs5752801,23,68,-0.0416493,0.113991,False
rs5752801,23,69,-0.0337363,0.202008,False
rs5752801,23,70,-0.0324818,0.220428,False
rs5752801,23,71,-0.0359796,0.176461,False
rs5752801,23,72,-0.0285972,0.285921,False
rs5752801,23,73,-0.0307556,0.251753,False
rs5752801,23,74,-0.0503652,0.0612334,False
rs5752801,23,75,-0.051378,0.057294,False
rs5752801,23,76,-0.0467252,0.0850517,False
rs5752801,23,77,-0.0443211,0.103677,False
rs5752801,23,78,-0.0492094,0.0721123,False
rs5752801,23,79,-0.0486511,0.076977,False
rs5752801,23,80,-0.0464432,0.0927301,False
rs5752801,23,81,-0.0461029,0.0957987,False
rs5752801,23,82,-0.0415424,0.134516,False
rs5752801,23,83,-0.0470224,0.0921057,False
rs5752801,23,84,-0.0512696,0.0672349,False
rs5752801,23,85,-0.0437813,0.118735,False
rs5752801,23,86,-0.0454871,0.106544,False
rs5752801,23,87,-0.0467056,0.0989023,False
rs5752801,23,88,-0.0437621,0.123885,False
rs5752801,23,89,-0.0465144,0.102764,False
rs5752801,23,90,-0.0384988,0.178281,False
rs5752801,23,91,-0.0438563,0.126376,False
rs5752801,23,92,-0.0506342,0.0794717,False
rs5752801,23,93,-0.0368921,0.202522,False
rs5752801,23,94,-0.0544593,0.0608882,False
rs5752801,23,95,-0.0498901,0.0873558,False
rs5752801,23,96,-0.0506163,0.083646,False
rs5752801,23,97,-0.0566484,0.0538321,False
rs5752801,23,98,-0.052105,0.0765523,False
rs5752801,23,99,-0.0547579,0.0642289,False
rs5752801,23,100,-0.045577,0.124359,False
rs5752801,23,101,-0.044012,0.139482,False
rs5752801,23,102,-0.0410541,0.169563,False
rs5752801,23,103,-0.0453014,0.131401,False
rs5752801,23,104,-0.0577447,0.0550953,False
rs5752801,23,105,-0.054803,0.0692432,False
rs5752801,23,106,-0.0542394,0.0730103,False
rs5752801,23,107,-0.0467313,0.12388,False
rs5752801,23,108,-0.0463992,0.127838,False
rs5752801,23,109,-0.043405,0.15618,False
rs5752801,23,110,-0.0484819,0.113594,False
rs5752801,23,111,-0.0581616,0.0586024,False
rs5752801,23,112,-0.0495409,0.108103,False
rs5752801,23,113,-0.0520124,0.092521,False
rs5752801,23,114,-0.054034,0.0812108,False
rs5752801,23,115,-0.0474438,0.126661,False
rs5752801,23,116,-0.0593016,0.0570229,False
rs5752801,23,117,-0.0651632,0.0371459,False
rs5752801,23,118,-0.0648114,0.0384196,False
rs5752801,23,119,-0.0594022,0.0586703,False
rs5752801,23,120,-0.0564296,0.0732569,False
rs5752801,23,121,-0.0625963,0.0473988,False
rs5752801,23,122,-0.0555762,0.0789126,False
rs5752801,23,123,-0.0602549,0.0573977,False
rs5752801,23,124,-0.0680037,0.0325928,False
rs5752801,23,125,-0.0705376,0.0267818,False
rs5752801,23,126,-0.0640355,0.0446413,False
rs5752801,23,127,-0.07041,0.0273499,False
rs5752801,23,128,-0.0644276,0.0437203,False
rs5752801,23,129,-0.0658456,0.0396041,False
rs5752801,23,130,-0.0688442,0.0317642,False
rs5752801,23,131,-0.0689877,0.0315298,False
rs5752801,23,132,-0.0603217,0.0602187,False
rs5752801,23,133,-0.0673013,0.0360292,False
rs5752801,23,134,-0.0705324,0.0283069,False
rs5752801,23,135,-0.0636553,0.0479296,False
rs5752801,23,136,-0.0628191,0.0509977,False
rs5752801,23,137,-0.0641901,0.0462911,False
rs5752801,23,138,-0.0673738,0.0365862,False
rs5752801,23,139,-0.0577716,0.0729147,False
rs5752801,23,140,-0.0634544,0.0490087,False
rs5752801,23,141,-0.0657995,0.041063,False
rs5752801,23,142,-0.0676769,0.0356751,False
rs5752801,23,143,-0.0632585,0.04934,False
rs5752801,23,144,-0.0632294,0.0495393,False
rs5752801,23,145,-0.0701276,0.0294436,False
rs5752801,23,146,-0.0679651,0.0346695,False
rs5752801,23,147,-0.068103,0.0342271,False
rs5752801,23,148,-0.065626,0.0413302,False
rs5752801,23,149,-0.0625441,0.0518285,False
rs5752801,23,150,-0.0595821,0.0634431,False
rs5752801,23,151,-0.0606247,0.0587288,False
rs5752801,23,152,-0.0644807,0.0441889,False
rs5752801,23,153,-0.0604437,0.0591039,False
rs5752801,23,154,-0.0635095,0.0470415,False
rs5752801,23,155,-0.0574469,0.0718129,False
rs5752801,23,156,-0.0605759,0.0576282,False
rs5752801,23,157,-0.0523339,0.100639,False
rs5752801,23,158,-0.0665599,0.0367217,False
rs5752801,23,159,-0.0688605,0.0304372,False
rs5752801,23,160,-0.0738062,0.0201641,False
rs5752801,23,161,-0.0683774,0.0314934,False
rs5752801,23,162,-0.0560439,0.0771379,False
rs5752801,23,163,-0.0644556,0.0416437,False
rs5752801,23,164,-0.0615846,0.0514946,False
rs5752801,23,165,-0.0635208,0.0445108,False
rs5752801,23,166,-0.0613488,0.0520998,False
rs5752801,23,167,-0.0639047,0.042908,False
rs5752801,23,168,-0.0685712,0.0297674,False
rs5752801,23,169,-0.0701371,0.0260963,False
rs5752801,23,170,-0.068948,0.0284937,False
rs5752801,23,171,-0.0716542,0.0227007,False
rs5752801,23,172,-0.066505,0.0343101,False
rs5752801,23,173,-0.0823123,0.00870131,False
rs5752801,23,174,-0.0825211,0.00855168,False
rs5752801,23,175,-0.0794442,0.0113779,False
rs5752801,23,176,-0.0787011,0.0120227,False
rs5752801,23,177,-0.0796064,0.0109432,False
rs5752801,23,178,-0.0875024,0.00516107,False
rs5752801,23,179,-0.0878562,0.00493699,False
rs5752801,23,180,-0.0816315,0.00884507,False
rs5752801,23,181,-0.0882317,0.00467765,False
rs5752801,23,182,-0.095712,0.00214853,False
rs5752801,23,183,-0.0861525,0.00570775,False
rs5752801,23,184,-0.0890537,0.00431643,False
rs5752801,23,185,-0.094354,0.0024908,False
rs5752801,23,186,-0.0922276,0.00313549,False
rs5752801,23,187,-0.0871858,0.00516924,False
rs5752801,23,188,-0.0844966,0.00672603,False
rs5752801,23,189,-0.0876168,0.00495771,False
rs5752801,23,190,-0.0945645,0.00244776,False
rs5752801,23,191,-0.0863646,0.00568089,False
rs5752801,23,192,-0.0916539,0.00334734,False
rs5752801,23,193,-0.0952341,0.00235547,False
rs5752801,23,194,-0.0863226,0.00582286,False
rs5752801,23,195,-0.0911123,0.00369411,False
rs5752801,23,196,-0.0889098,0.00472499,False
rs5752801,23,197,-0.0866177,0.00595847,False
rs5752801,23,198,-0.0927933,0.00325077,False
rs5752801,23,199,-0.0909077,0.00403876,False
rs5752801,23,200,-0.0941471,0.00297487,False
rs5752801,23,201,-0.0879951,0.00567338,False
rs5752801,23,202,-0.0989176,0.00192834,False
rs5752801,23,203,-0.0932178,0.00356611,False
rs5752801,23,204,-0.0984421,0.00214823,False
rs5752801,23,205,-0.0969145,0.00266564,False
rs5752801,23,206,-0.0940082,0.0036841,False
rs5752801,23,207,-0.102417,0.00162908,False
rs5752801,23,208,-0.111965,0.000611455,False
rs5752801,23,209,-0.102159,0.00188037,False
rs5752801,23,210,-0.110866,0.000779207,False
rs5752801,23,211,-0.114189,0.000579243,False
rs5752801,23,212,-0.119385,0.000355192,False
rs5752801,23,213,-0.115378,0.000597075,False
rs5752801,23,214,-0.119845,0.000392547,False
rs5752801,23,215,-0.123576,0.000285386,False
rs5752801,23,216,-0.122576,0.000352912,False
rs5752801,23,217,-0.131732,0.000137695,False
rs5752801,23,218,-0.126709,0.000275246,False
rs5752801,23,219,-0.137104,9.30493e-05,False
rs5752801,23,220,-0.145155,4.17303e-05,False
rs5752801,23,221,-0.12721,0.000372679,False
rs5752801,23,222,-0.139261,0.000109197,False
rs5752801,23,223,-0.144236,7.25351e-05,False
rs5752801,23,224,-0.139673,0.000143529,False
rs5752801,23,225,-0.138738,0.000184675,False
rs5752801,23,226,-0.150516,5.78876e-05,False
rs5752801,23,227,-0.154844,4.21694e-05,False
rs5752801,23,228,-0.144295,0.000160579,False
rs5752801,23,229,-0.148303,0.000122993,False
rs5752801,23,230,-0.155978,6.51202e-05,False
rs5752801,23,231,-0.163534,3.4432e-05,False
rs5752801,23,232,-0.161636,5.28133e-05,False
rs5752801,23,233,-0.167284,3.41652e-05,False
rs5752801,23,234,-0.167561,4.15848e-05,False
rs5752801,23,235,-0.176327,2.00293e-05,False
rs5752801,23,236,-0.179695,1.73229e-05,False
rs5752801,23,237,-0.188197,8.76581e-06,False
rs5752801,23,238,-0.1929,6.58983e-06,False
rs5752801,23,239,-0.185918,1.78718e-05,False
rs5752801,23,240,-0.190161,1.43456e-05,False
rs5752801,23,241,-0.203673,4.40838e-06,False
rs5752801,23,242,-0.215091,1.6531e-06,False
rs5752801,23,243,-0.219684,1.35041e-06,False
rs5752801,23,244,-0.214293,3.20741e-06,False
rs5752801,23,245,-0.223085,1.66621e-06,False
rs5752801,23,246,-0.234743,6.21161e-07,False
rs5752801,23,247,-0.233882,9.5267e-07,False
rs5752801,23,248,-0.231447,1.65958e-06,False
rs5752801,23,249,-0.242422,6.73563e-07,False
rs5752801,23,250,-0.244747,7.17404e-07,False
rs5752801,23,251,-0.242325,1.16906e-06,False
rs5752801,24,6,-0.00276769,0.911843,False
rs5752801,24,7,-0.0137117,0.581981,False
rs5752801,24,8,-0.0145135,0.557534,False
rs5752801,24,9,-0.0132691,0.589166,False
rs5752801,24,10,-0.0177009,0.46761,False
rs5752801,24,11,-0.0210245,0.385892,False
rs5752801,24,12,-0.0200771,0.40365,False
rs5752801,24,13,-0.0206838,0.38752,False
rs5752801,24,14,-0.00678687,0.77611,False
rs5752801,24,15,-0.00542555,0.819823,False
rs5752801,24,16,-0.00667021,0.778756,False
rs5752801,24,17,-0.00332124,0.888451,False
rs5752801,24,18,0.00590237,0.80276,False
rs5752801,24,19,-0.00468039,0.842835,False
rs5752801,24,20,0.00693228,0.769041,False
rs5752801,24,21,0.00693093,0.76924,False
rs5752801,24,22,0.00657013,0.780999,False
rs5752801,24,23,-0.00417649,0.859599,False
rs5752801,24,24,0.0129699,0.582927,False
rs5752801,24,25,0.008958,0.705046,False
rs5752801,24,26,-0.00196156,0.933955,False
rs5752801,24,27,-0.00491362,0.835823,False
rs5752801,24,28,0.00155505,0.947764,False
rs5752801,24,29,-0.00935176,0.694421,False
rs5752801,24,30,-0.004093,0.863431,False
rs5752801,24,31,-0.00324274,0.891883,False
rs5752801,24,32,-0.0118742,0.619317,False
rs5752801,24,33,-0.0101067,0.6721,False
rs5752801,24,34,-0.00325183,0.892261,False
rs5752801,24,35,-0.0181992,0.448805,False
rs5752801,24,36,-0.0135299,0.573668,False
rs5752801,24,37,-0.0136492,0.57156,False
rs5752801,24,38,-0.0205314,0.395438,False
rs5752801,24,39,-0.0168287,0.48718,False
rs5752801,24,40,-0.00929821,0.701583,False
rs5752801,24,41,-0.0262287,0.280798,False
rs5752801,24,42,-0.0165248,0.498287,False
rs5752801,24,43,-0.0217061,0.375197,False
rs5752801,24,44,-0.0196786,0.422818,False
rs5752801,24,45,-0.0219272,0.373401,False
rs5752801,24,46,-0.0113687,0.644888,False
rs5752801,24,47,-0.0204774,0.407623,False
rs5752801,24,48,-0.0171158,0.490904,False
rs5752801,24,49,-0.0149869,0.546801,False
rs5752801,24,50,-0.0233748,0.348657,False
rs5752801,24,51,-0.0204696,0.413487,False
rs5752801,24,52,-0.0237448,0.344776,False
rs5752801,24,53,-0.0250148,0.320054,False
rs5752801,24,54,-0.0221819,0.379702,False
rs5752801,24,55,-0.0283159,0.263463,False
rs5752801,24,56,-0.021342,0.401312,False
rs5752801,24,57,-0.0175364,0.491956,False
rs5752801,24,58,-0.0240457,0.346868,False
rs5752801,24,59,-0.0248335,0.332844,False
rs5752801,24,60,-0.0244304,0.341797,False
rs5752801,24,61,-0.0293179,0.255338,False
rs5752801,24,62,-0.030628,0.237248,False
rs5752801,24,63,-0.0269558,0.299557,False
rs5752801,24,64,-0.0220143,0.397934,False
rs5752801,24,65,-0.0288303,0.271375,False
rs5752801,24,66,-0.0294545,0.262704,False
rs5752801,24,67,-0.0383772,0.145395,False
rs5752801,24,68,-0.0341986,0.196923,False
rs5752801,24,69,-0.0299294,0.260193,False
rs5752801,24,70,-0.0328377,0.217807,False
rs5752801,24,71,-0.0349777,0.191365,False
rs5752801,24,72,-0.0332978,0.214598,False
rs5752801,24,73,-0.040234,0.136376,False
rs5752801,24,74,-0.0374089,0.167728,False
rs5752801,24,75,-0.0300738,0.269722,False
rs5752801,24,76,-0.0363689,0.182981,False
rs5752801,24,77,-0.041504,0.130852,False
rs5752801,24,78,-0.0371065,0.178523,False
rs5752801,24,79,-0.0432661,0.117891,False
rs5752801,24,80,-0.0489102,0.0782233,False
rs5752801,24,81,-0.0410096,0.141746,False
rs5752801,24,82,-0.0415172,0.137978,False
rs5752801,24,83,-0.0359152,0.20107,False
rs5752801,24,84,-0.0399657,0.156753,False
rs5752801,24,85,-0.0398742,0.159344,False
rs5752801,24,86,-0.0401074,0.158285,False
rs5752801,24,87,-0.0521073,0.0674721,False
rs5752801,24,88,-0.0491211,0.0860273,False
rs5752801,24,89,-0.0417509,0.146244,False
rs5752801,24,90,-0.0498587,0.0838055,False
rs5752801,24,91,-0.045697,0.114208,False
rs5752801,24,92,-0.0351343,0.225567,False
rs5752801,24,93,-0.0418198,0.150795,False
rs5752801,24,94,-0.0405011,0.165968,False
rs5752801,24,95,-0.0437024,0.136105,False
rs5752801,24,96,-0.0525238,0.0745098,False
rs5752801,24,97,-0.0463796,0.117018,False
rs5752801,24,98,-0.0527958,0.0757628,False
rs5752801,24,99,-0.0425396,0.153382,False
rs5752801,24,100,-0.0437487,0.14399,False
rs5752801,24,101,-0.0412053,0.169871,False
rs5752801,24,102,-0.0417939,0.165055,False
rs5752801,24,103,-0.0461115,0.12711,False
rs5752801,24,104,-0.0414708,0.171742,False
rs5752801,24,105,-0.0500422,0.100184,False
rs5752801,24,106,-0.0518805,0.0893228,False
rs5752801,24,107,-0.052915,0.0839358,False
rs5752801,24,108,-0.0503416,0.10144,False
rs5752801,24,109,-0.0433095,0.160121,False
rs5752801,24,110,-0.0486569,0.115209,False
rs5752801,24,111,-0.0523356,0.091547,False
rs5752801,24,112,-0.0572168,0.0658876,False
rs5752801,24,113,-0.051025,0.10167,False
rs5752801,24,114,-0.0508578,0.103638,False
rs5752801,24,115,-0.0561477,0.0732868,False
rs5752801,24,116,-0.0470945,0.133827,False
rs5752801,24,117,-0.0479874,0.127385,False
rs5752801,24,118,-0.0515721,0.1026,False
rs5752801,24,119,-0.0515889,0.103393,False
rs5752801,24,120,-0.0563484,0.0758521,False
rs5752801,24,121,-0.0557584,0.0792652,False
rs5752801,24,122,-0.0450278,0.157412,False
rs5752801,24,123,-0.0404024,0.205615,False
rs5752801,24,124,-0.0434954,0.173875,False
rs5752801,24,125,-0.0390816,0.222712,False
rs5752801,24,126,-0.0425672,0.184654,False
rs5752801,24,127,-0.0405449,0.207126,False
rs5752801,24,128,-0.0420247,0.192134,False
rs5752801,24,129,-0.040962,0.20346,False
rs5752801,24,130,-0.0424631,0.187723,False
rs5752801,24,131,-0.0359399,0.265921,False
rs5752801,24,132,-0.0408613,0.206792,False
rs5752801,24,133,-0.0404024,0.212025,False
rs5752801,24,134,-0.0358254,0.269187,False
rs5752801,24,135,-0.0408024,0.208798,False
rs5752801,24,136,-0.0451624,0.164104,False
rs5752801,24,137,-0.0386676,0.233813,False
rs5752801,24,138,-0.0397543,0.220769,False
rs5752801,24,139,-0.0373968,0.249694,False
rs5752801,24,140,-0.0478175,0.14123,False
rs5752801,24,141,-0.046704,0.151262,False
rs5752801,24,142,-0.0386803,0.234864,False
rs5752801,24,143,-0.0432071,0.183683,False
rs5752801,24,144,-0.050483,0.119669,False
rs5752801,24,145,-0.046689,0.150754,False
rs5752801,24,146,-0.046316,0.154208,False
rs5752801,24,147,-0.0410509,0.206509,False
rs5752801,24,148,-0.044803,0.167426,False
rs5752801,24,149,-0.0539138,0.0962143,False
rs5752801,24,150,-0.0460093,0.155232,False
rs5752801,24,151,-0.0415517,0.199601,False
rs5752801,24,152,-0.0393597,0.224103,False
rs5752801,24,153,-0.0439365,0.174368,False
rs5752801,24,154,-0.0501924,0.120038,False
rs5752801,24,155,-0.0544057,0.0916382,False
rs5752801,24,156,-0.0555195,0.0851784,False
rs5752801,24,157,-0.0583833,0.0697137,False
rs5752801,24,158,-0.0583935,0.0693189,False
rs5752801,24,159,-0.0550356,0.0861606,False
rs5752801,24,160,-0.0592114,0.0644694,False
rs5752801,24,161,-0.0641964,0.0448485,False
rs5752801,24,162,-0.0573891,0.0726435,False
rs5752801,24,163,-0.0545708,0.0872695,False
rs5752801,24,164,-0.0629237,0.0483608,False
rs5752801,24,165,-0.0666048,0.0366172,False
rs5752801,24,166,-0.063291,0.0468919,False
rs5752801,24,167,-0.0656426,0.0388758,False
rs5752801,24,168,-0.0675521,0.0333011,False
rs5752801,24,169,-0.071751,0.0236237,False
rs5752801,24,170,-0.0714782,0.0241126,False
rs5752801,24,171,-0.0591765,0.0615041,False
rs5752801,24,172,-0.0640325,0.0426289,False
rs5752801,24,173,-0.0672648,0.0331625,False
rs5752801,24,174,-0.0663087,0.0357311,False
rs5752801,24,175,-0.0660028,0.036365,False
rs5752801,24,176,-0.0657529,0.0367818,False
rs5752801,24,177,-0.0711799,0.0236367,False
rs5752801,24,178,-0.0699422,0.0258305,False
rs5752801,24,179,-0.0674293,0.0317158,False
rs5752801,24,180,-0.0703593,0.0247977,False
rs5752801,24,181,-0.0794225,0.0111643,False
rs5752801,24,182,-0.0841758,0.00714734,False
rs5752801,24,183,-0.0866716,0.00556762,False
rs5752801,24,184,-0.0849554,0.00660978,False
rs5752801,24,185,-0.0834788,0.00764001,False
rs5752801,24,186,-0.0861476,0.00584184,False
rs5752801,24,187,-0.0902325,0.00392941,False
rs5752801,24,188,-0.0771853,0.0135596,False
rs5752801,24,189,-0.0876322,0.00514889,False
rs5752801,24,190,-0.0805676,0.0100426,False
rs5752801,24,191,-0.0734597,0.0189247,False
rs5752801,24,192,-0.0739847,0.018117,False
rs5752801,24,193,-0.0787648,0.0119639,False
rs5752801,24,194,-0.0789302,0.0118422,False
rs5752801,24,195,-0.0794481,0.0113514,False
rs5752801,24,196,-0.0822545,0.00888855,False
rs5752801,24,197,-0.0750039,0.0172635,False
rs5752801,24,198,-0.0789631,0.0123729,False
rs5752801,24,199,-0.0832213,0.00844404,False
rs5752801,24,200,-0.0800812,0.0114012,False
rs5752801,24,201,-0.0872777,0.00601338,False
rs5752801,24,202,-0.0843071,0.00813508,False
rs5752801,24,203,-0.0825008,0.00979464,False
rs5752801,24,204,-0.0832584,0.00934759,False
rs5752801,24,205,-0.0940662,0.00342095,False
rs5752801,24,206,-0.0943368,0.00347272,False
rs5752801,24,207,-0.0949756,0.00338018,False
rs5752801,24,208,-0.0931134,0.00421348,False
rs5752801,24,209,-0.0936934,0.00413437,False
rs5752801,24,210,-0.0949426,0.00382406,False
rs5752801,24,211,-0.0986115,0.00280914,False
rs5752801,24,212,-0.0998261,0.0026434,False
rs5752801,24,213,-0.101804,0.00228845,False
rs5752801,24,214,-0.102362,0.00228112,False
rs5752801,24,215,-0.10893,0.00126186,False
rs5752801,24,216,-0.0999155,0.00332899,False
rs5752801,24,217,-0.102762,0.00272103,False
rs5752801,24,218,-0.116183,0.000779059,False
rs5752801,24,219,-0.121026,0.000514079,False
rs5752801,24,220,-0.123431,0.000442361,False
rs5752801,24,221,-0.125616,0.000398144,False
rs5752801,24,222,-0.139942,9.01777e-05,False
rs5752801,24,223,-0.126634,0.000445923,False
rs5752801,24,224,-0.13737,0.0001623,False
rs5752801,24,225,-0.13437,0.000257902,False
rs5752801,24,226,-0.132596,0.000358559,False
rs5752801,24,227,-0.144192,0.000118994,False
rs5752801,24,228,-0.141431,0.000192625,False
rs5752801,24,229,-0.150328,8.72874e-05,False
rs5752801,24,230,-0.157056,4.91999e-05,False
rs5752801,24,231,-0.15662,6.4067e-05,False
rs5752801,24,232,-0.152687,0.000114745,False
rs5752801,24,233,-0.162769,4.80837e-05,False
rs5752801,24,234,-0.169127,3.01748e-05,False
rs5752801,24,235,-0.162026,7.73082e-05,False
rs5752801,24,236,-0.159949,0.000114108,False
rs5752801,24,237,-0.17199,4.29889e-05,False
rs5752801,24,238,-0.172083,5.15325e-05,False
rs5752801,24,239,-0.175254,4.62206e-05,False
rs5752801,24,240,-0.17508,5.80329e-05,False
rs5752801,24,241,-0.178939,4.98441e-05,False
rs5752801,24,242,-0.19322,1.52913e-05,False
rs5752801,24,243,-0.194979,1.61499e-05,False
rs5752801,24,244,-0.20966,4.80139e-06,False
rs5752801,24,245,-0.207032,8.19719e-06,False
rs5752801,24,246,-0.211864,6.67332e-06,False
rs5752801,24,247,-0.222319,2.99518e-06,False
rs5752801,24,248,-0.218158,6.1293e-06,False
rs5752801,24,249,-0.209567,1.78378e-05,False
rs5752801,24,250,-0.216161,1.19094e-05,False
rs5752801,24,251,-0.224902,6.49082e-06,False
rs5752801,25,6,0.00201852,0.936037,False
rs5752801,25,7,0.000130088,0.995851,False
rs5752801,25,8,0.000916206,0.970529,False
rs5752801,25,9,-0.0159128,0.517279,False
rs5752801,25,10,-0.000619422,0.979783,False
rs5752801,25,11,-0.00408803,0.86597,False
rs5752801,25,12,-0.0179306,0.45589,False
rs5752801,25,13,-0.00995548,0.677474,False
rs5752801,25,14,0.0012759,0.957296,False
rs5752801,25,15,0.000235357,0.992099,False
rs5752801,25,16,-0.00502566,0.83195,False
rs5752801,25,17,-0.00871056,0.712767,False
rs5752801,25,18,-0.0106471,0.651971,False
rs5752801,25,19,-0.00413646,0.860986,False
rs5752801,25,20,-0.00571922,0.808622,False
rs5752801,25,21,-0.00769728,0.744683,False
rs5752801,25,22,-0.0168318,0.476491,False
rs5752801,25,23,-0.00491271,0.835817,False
rs5752801,25,24,-0.0104522,0.659321,False
rs5752801,25,25,-0.022437,0.343793,False
rs5752801,25,26,-0.0177598,0.454741,False
rs5752801,25,27,-0.0113067,0.63408,False
rs5752801,25,28,-0.0120031,0.614159,False
rs5752801,25,29,-0.0283486,0.235208,False
rs5752801,25,30,-0.0281385,0.239071,False
rs5752801,25,31,-0.00906584,0.704478,False
rs5752801,25,32,-0.0239902,0.317132,False
rs5752801,25,33,-0.014893,0.535287,False
rs5752801,25,34,-0.0255197,0.288864,False
rs5752801,25,35,-0.0199911,0.407474,False
rs5752801,25,36,-0.0182706,0.449658,False
rs5752801,25,37,-0.0133211,0.582458,False
rs5752801,25,38,-0.0150779,0.533629,False
rs5752801,25,39,-0.0139476,0.565809,False
rs5752801,25,40,-0.0278335,0.252562,False
rs5752801,25,41,-0.0201999,0.40687,False
rs5752801,25,42,-0.0218165,0.372551,False
rs5752801,25,43,-0.0152663,0.532622,False
rs5752801,25,44,-0.0153823,0.531799,False
rs5752801,25,45,-0.0111348,0.650982,False
rs5752801,25,46,-0.0208362,0.398857,False
rs5752801,25,47,-0.0218809,0.376683,False
rs5752801,25,48,-0.0197979,0.425771,False
rs5752801,25,49,-0.0205834,0.409232,False
rs5752801,25,50,-0.0147211,0.556187,False
rs5752801,25,51,-0.0171353,0.494403,False
rs5752801,25,52,-0.0132457,0.598955,False
rs5752801,25,53,-0.023629,0.349051,False
rs5752801,25,54,-0.0292773,0.247727,False
rs5752801,25,55,-0.0280104,0.270478,False
rs5752801,25,56,-0.0237677,0.351736,False
rs5752801,25,57,-0.0124416,0.626657,False
rs5752801,25,58,-0.0267966,0.296271,False
rs5752801,25,59,-0.0276228,0.283114,False
rs5752801,25,60,-0.0290839,0.260052,False
rs5752801,25,61,-0.0397957,0.124268,False
rs5752801,25,62,-0.0316415,0.223647,False
rs5752801,25,63,-0.0353288,0.176069,False
rs5752801,25,64,-0.0393389,0.133204,False
rs5752801,25,65,-0.0358879,0.172071,False
rs5752801,25,66,-0.0271522,0.303061,False
rs5752801,25,67,-0.039402,0.136137,False
rs5752801,25,68,-0.0302002,0.256184,False
rs5752801,25,69,-0.0288985,0.279221,False
rs5752801,25,70,-0.0378696,0.157511,False
rs5752801,25,71,-0.0377807,0.160197,False
rs5752801,25,72,-0.0378592,0.16167,False
rs5752801,25,73,-0.0375686,0.166239,False
rs5752801,25,74,-0.0309613,0.255928,False
rs5752801,25,75,-0.0361961,0.185883,False
rs5752801,25,76,-0.0362976,0.186621,False
rs5752801,25,77,-0.0406294,0.140792,False
rs5752801,25,78,-0.0337555,0.223146,False
rs5752801,25,79,-0.0316086,0.256071,False
rs5752801,25,80,-0.0343244,0.219481,False
rs5752801,25,81,-0.0314054,0.262507,False
rs5752801,25,82,-0.0369845,0.188455,False
rs5752801,25,83,-0.0497522,0.0785862,False
rs5752801,25,84,-0.0440547,0.119762,False
rs5752801,25,85,-0.0479106,0.0925749,False
rs5752801,25,86,-0.0562473,0.0488656,False
rs5752801,25,87,-0.0570114,0.0468465,False
rs5752801,25,88,-0.0507188,0.077885,False
rs5752801,25,89,-0.059849,0.0383835,False
rs5752801,25,90,-0.0457765,0.114381,False
rs5752801,25,91,-0.0486908,0.0946193,False
rs5752801,25,92,-0.0515318,0.0778471,False
rs5752801,25,93,-0.0458578,0.117281,False
rs5752801,25,94,-0.0545906,0.063882,False
rs5752801,25,95,-0.044982,0.128225,False
rs5752801,25,96,-0.0438256,0.140251,False
rs5752801,25,97,-0.0398769,0.18035,False
rs5752801,25,98,-0.0391019,0.191309,False
rs5752801,25,99,-0.0475102,0.113161,False
rs5752801,25,100,-0.0446373,0.138388,False
rs5752801,25,101,-0.0391577,0.195543,False
rs5752801,25,102,-0.0454691,0.134512,False
rs5752801,25,103,-0.0523654,0.0854222,False
rs5752801,25,104,-0.0401566,0.189741,False
rs5752801,25,105,-0.0455707,0.137649,False
rs5752801,25,106,-0.0483841,0.116353,False
rs5752801,25,107,-0.0490175,0.112598,False
rs5752801,25,108,-0.0472981,0.126974,False
rs5752801,25,109,-0.0452338,0.146031,False
rs5752801,25,110,-0.0332296,0.286804,False
rs5752801,25,111,-0.0466479,0.135426,False
rs5752801,25,112,-0.0488374,0.119765,False
rs5752801,25,113,-0.0568344,0.0708621,False
rs5752801,25,114,-0.0561859,0.0743599,False
rs5752801,25,115,-0.0530311,0.0930623,False
rs5752801,25,116,-0.0590302,0.0624798,False
rs5752801,25,117,-0.0519244,0.10186,False
rs5752801,25,118,-0.0593498,0.0619435,False
rs5752801,25,119,-0.0472683,0.138479,False
rs5752801,25,120,-0.0481417,0.131256,False
rs5752801,25,121,-0.05213,0.102759,False
rs5752801,25,122,-0.0475002,0.138227,False
rs5752801,25,123,-0.043162,0.179303,False
rs5752801,25,124,-0.0434977,0.177134,False
rs5752801,25,125,-0.0531563,0.0994719,False
rs5752801,25,126,-0.047384,0.142377,False
rs5752801,25,127,-0.0432415,0.182373,False
rs5752801,25,128,-0.0427542,0.188027,False
rs5752801,25,129,-0.046092,0.156594,False
rs5752801,25,130,-0.0491636,0.131007,False
rs5752801,25,131,-0.0475192,0.14533,False
rs5752801,25,132,-0.0367148,0.261057,False
rs5752801,25,133,-0.0322086,0.323956,False
rs5752801,25,134,-0.0284427,0.384126,False
rs5752801,25,135,-0.0312205,0.339147,False
rs5752801,25,136,-0.0302348,0.355093,False
rs5752801,25,137,-0.0358076,0.273856,False
rs5752801,25,138,-0.0457967,0.162295,False
rs5752801,25,139,-0.044052,0.179267,False
rs5752801,25,140,-0.0455323,0.16489,False
rs5752801,25,141,-0.044593,0.173331,False
rs5752801,25,142,-0.0382669,0.243113,False
rs5752801,25,143,-0.0335968,0.305772,False
rs5752801,25,144,-0.0425163,0.194928,False
rs5752801,25,145,-0.0463119,0.158154,False
rs5752801,25,146,-0.0514284,0.116989,False
rs5752801,25,147,-0.0413144,0.207614,False
rs5752801,25,148,-0.0491038,0.133823,False
rs5752801,25,149,-0.0420393,0.199554,False
rs5752801,25,150,-0.036632,0.262702,False
rs5752801,25,151,-0.0409761,0.210216,False
rs5752801,25,152,-0.0430332,0.187434,False
rs5752801,25,153,-0.0420993,0.19668,False
rs5752801,25,154,-0.039693,0.223544,False
rs5752801,25,155,-0.0300596,0.355886,False
rs5752801,25,156,-0.0396527,0.222751,False
rs5752801,25,157,-0.0384646,0.237115,False
rs5752801,25,158,-0.0406461,0.210812,False
rs5752801,25,159,-0.0460737,0.155665,False
rs5752801,25,160,-0.0514133,0.112393,False
rs5752801,25,161,-0.0528575,0.102341,False
rs5752801,25,162,-0.0509296,0.11486,False
rs5752801,25,163,-0.0574544,0.0747821,False
rs5752801,25,164,-0.0586104,0.0684992,False
rs5752801,25,165,-0.0579917,0.0709082,False
rs5752801,25,166,-0.0637649,0.04706,False
rs5752801,25,167,-0.0654665,0.0410535,False
rs5752801,25,168,-0.0613781,0.0547678,False
rs5752801,25,169,-0.0592588,0.0634179,False
rs5752801,25,170,-0.0641802,0.0442422,False
rs5752801,25,171,-0.0626832,0.049064,False
rs5752801,25,172,-0.0642806,0.0430829,False
rs5752801,25,173,-0.0650044,0.0406957,False
rs5752801,25,174,-0.0704345,0.0266809,False
rs5752801,25,175,-0.0631739,0.0463392,False
rs5752801,25,176,-0.074927,0.0178703,False
rs5752801,25,177,-0.0710023,0.0247359,False
rs5752801,25,178,-0.0730848,0.0205822,False
rs5752801,25,179,-0.0772116,0.0142054,False
rs5752801,25,180,-0.0787467,0.0122504,False
rs5752801,25,181,-0.0864545,0.00598716,False
rs5752801,25,182,-0.0817172,0.00936621,False
rs5752801,25,183,-0.0909927,0.00377389,False
rs5752801,25,184,-0.0835315,0.00780532,False
rs5752801,25,185,-0.082869,0.00828593,False
rs5752801,25,186,-0.0857974,0.00622377,False
rs5752801,25,187,-0.0876052,0.00519292,False
rs5752801,25,188,-0.0935307,0.00285261,False
rs5752801,25,189,-0.0884754,0.00477104,False
rs5752801,25,190,-0.0815713,0.00928663,False
rs5752801,25,191,-0.0818802,0.00905564,False
rs5752801,25,192,-0.0783894,0.0123003,False
rs5752801,25,193,-0.0710943,0.0232677,False
rs5752801,25,194,-0.0731296,0.0198502,False
rs5752801,25,195,-0.0784941,0.0125868,False
rs5752801,25,196,-0.0724921,0.0214835,False
rs5752801,25,197,-0.0872329,0.00579043,False
rs5752801,25,198,-0.0943604,0.00283077,False
rs5752801,25,199,-0.0865962,0.00621971,False
rs5752801,25,200,-0.0859874,0.00661654,False
rs5752801,25,201,-0.0874139,0.00588197,False
rs5752801,25,202,-0.0799173,0.0119322,False
rs5752801,25,203,-0.091728,0.0039888,False
rs5752801,25,204,-0.0861852,0.00706693,False
rs5752801,25,205,-0.0844376,0.00849502,False
rs5752801,25,206,-0.100992,0.00167388,False
rs5752801,25,207,-0.0899225,0.00529733,False
rs5752801,25,208,-0.0914063,0.00474944,False
rs5752801,25,209,-0.101002,0.00190746,False
rs5752801,25,210,-0.0990017,0.00248281,False
rs5752801,25,211,-0.0966469,0.00322858,False
rs5752801,25,212,-0.103973,0.00162556,False
rs5752801,25,213,-0.110516,0.000876752,False
rs5752801,25,214,-0.0985191,0.0031386,False
rs5752801,25,215,-0.0975743,0.00365683,False
rs5752801,25,216,-0.1025,0.00241504,False
rs5752801,25,217,-0.113395,0.000853659,False
rs5752801,25,218,-0.116779,0.00065826,False
rs5752801,25,219,-0.118955,0.000570428,False
rs5752801,25,220,-0.12105,0.000505957,False
rs5752801,25,221,-0.127691,0.000273071,False
rs5752801,25,222,-0.135905,0.000123076,False
rs5752801,25,223,-0.142006,7.00198e-05,False
rs5752801,25,224,-0.146726,4.70207e-05,False
rs5752801,25,225,-0.146618,5.64935e-05,False
rs5752801,25,226,-0.139762,0.000143103,False
rs5752801,25,227,-0.150679,4.98296e-05,False
rs5752801,25,228,-0.153075,4.47445e-05,False
rs5752801,25,229,-0.164134,1.51126e-05,False
rs5752801,25,230,-0.162951,2.11415e-05,False
rs5752801,25,231,-0.160551,3.48359e-05,False
rs5752801,25,232,-0.164804,2.68413e-05,False
rs5752801,25,233,-0.167898,2.34331e-05,False
rs5752801,25,234,-0.165997,3.56659e-05,False
rs5752801,25,235,-0.169737,2.95566e-05,False
rs5752801,25,236,-0.177765,1.56135e-05,False
rs5752801,25,237,-0.185468,8.37872e-06,False
rs5752801,25,238,-0.182606,1.49571e-05,False
rs5752801,25,239,-0.187064,1.21487e-05,False
rs5752801,25,240,-0.187177,1.4907e-05,False
rs5752801,25,241,-0.192513,1.08699e-05,False
rs5752801,25,242,-0.20905,2.40326e-06,False
rs5752801,25,243,-0.211111,2.62773e-06,False
rs5752801,25,244,-0.211625,3.37428e-06,False
rs5752801,25,245,-0.220357,1.79078e-06,False
rs5752801,25,246,-0.225319,1.46571e-06,False
rs5752801,25,247,-0.218947,3.8546e-06,False
rs5752801,25,248,-0.222573,3.6353e-06,False
rs5752801,25,249,-0.223485,4.43058e-06,False
rs5752801,25,250,-0.232821,2.32355e-06,False
rs5752801,25,251,-0.224653,6.52472e-06,False
rs5752801,26,6,-0.00153208,0.95152,False
rs5752801,26,7,-0.00849358,0.735025,False
rs5752801,26,8,-0.00354996,0.886534,False
rs5752801,26,9,-0.00892901,0.71729,False
rs5752801,26,10,0.000212922,0.99305,False
rs5752801,26,11,-0.000963319,0.968349,False
rs5752801,26,12,-0.0153924,0.523824,False
rs5752801,26,13,-0.00580385,0.808786,False
rs5752801,26,14,-0.00212833,0.929054,False
rs5752801,26,15,-0.00951355,0.689258,False
rs5752801,26,16,-0.00474699,0.841472,False
rs5752801,26,17,-0.00906796,0.701801,False
rs5752801,26,18,0.00414987,0.860837,False
rs5752801,26,19,-0.00414757,0.860719,False
rs5752801,26,20,-0.00235125,0.920834,False
rs5752801,26,21,0.001118,0.962377,False
rs5752801,26,22,-0.00674055,0.77561,False
rs5752801,26,23,-0.00699751,0.767644,False
rs5752801,26,24,-0.013119,0.580355,False
rs5752801,26,25,-0.00919523,0.698218,False
rs5752801,26,26,-0.0139174,0.558295,False
rs5752801,26,27,-0.015019,0.528106,False
rs5752801,26,28,-0.0128733,0.589001,False
rs5752801,26,29,-0.0229765,0.335257,False
rs5752801,26,30,-0.0123482,0.605247,False
rs5752801,26,31,-0.0163277,0.495087,False
rs5752801,26,32,-0.0129366,0.589581,False
rs5752801,26,33,-0.0214948,0.370979,False
rs5752801,26,34,-0.0179786,0.455559,False
rs5752801,26,35,-0.0131451,0.586136,False
rs5752801,26,36,-0.0251992,0.297377,False
rs5752801,26,37,-0.0202127,0.403711,False
rs5752801,26,38,-0.0139999,0.564143,False
rs5752801,26,39,-0.0219386,0.367646,False
rs5752801,26,40,-0.0237698,0.329746,False
rs5752801,26,41,-0.0209054,0.391984,False
rs5752801,26,42,-0.00820816,0.737548,False
rs5752801,26,43,-0.01121,0.648306,False
rs5752801,26,44,-0.014214,0.565024,False
rs5752801,26,45,0.000242149,0.992175,False
rs5752801,26,46,-0.0098557,0.690949,False
rs5752801,26,47,-0.014238,0.56687,False
rs5752801,26,48,-0.0213872,0.391286,False
rs5752801,26,49,-0.0117208,0.638978,False
rs5752801,26,50,-0.00480267,0.848184,False
rs5752801,26,51,-0.0168298,0.503238,False
rs5752801,26,52,-0.0238658,0.343505,False
rs5752801,26,53,-0.00562751,0.823751,False
rs5752801,26,54,-0.00792231,0.754863,False
rs5752801,26,55,-0.0147331,0.563505,False
rs5752801,26,56,-0.0174155,0.496531,False
rs5752801,26,57,-0.0127664,0.618744,False
rs5752801,26,58,-0.0151599,0.555965,False
rs5752801,26,59,-0.0231519,0.370448,False
rs5752801,26,60,-0.0164325,0.525713,False
rs5752801,26,61,-0.0212064,0.415018,False
rs5752801,26,62,-0.0164495,0.528406,False
rs5752801,26,63,-0.0151994,0.561699,False
rs5752801,26,64,-0.0223134,0.395957,False
rs5752801,26,65,-0.0237402,0.367686,False
rs5752801,26,66,-0.0227084,0.391737,False
rs5752801,26,67,-0.0278502,0.295795,False
rs5752801,26,68,-0.0255825,0.337827,False
rs5752801,26,69,-0.0296995,0.268896,False
rs5752801,26,70,-0.0283144,0.292954,False
rs5752801,26,71,-0.0375451,0.165585,False
rs5752801,26,72,-0.0399048,0.142063,False
rs5752801,26,73,-0.0491629,0.0715184,False
rs5752801,26,74,-0.0473565,0.0840728,False
rs5752801,26,75,-0.0358344,0.192893,False
rs5752801,26,76,-0.0484413,0.0796392,False
rs5752801,26,77,-0.056009,0.0434692,False
rs5752801,26,78,-0.055749,0.0453295,False
rs5752801,26,79,-0.0518797,0.0634056,False
rs5752801,26,80,-0.0628509,0.0254739,False
rs5752801,26,81,-0.0526014,0.062393,False
rs5752801,26,82,-0.0542275,0.0555315,False
rs5752801,26,83,-0.0599237,0.0352371,False
rs5752801,26,84,-0.0512245,0.073197,False
rs5752801,26,85,-0.0521704,0.0689798,False
rs5752801,26,86,-0.0569425,0.0477282,False
rs5752801,26,87,-0.0584334,0.0428106,False
rs5752801,26,88,-0.0420425,0.147062,False
rs5752801,26,89,-0.0471294,0.105251,False
rs5752801,26,90,-0.0461101,0.114779,False
rs5752801,26,91,-0.0515919,0.0794603,False
rs5752801,26,92,-0.0527953,0.0736161,False
rs5752801,26,93,-0.0452908,0.126036,False
rs5752801,26,94,-0.0371163,0.211953,False
rs5752801,26,95,-0.0406294,0.173647,False
rs5752801,26,96,-0.0421214,0.159769,False
rs5752801,26,97,-0.0434882,0.148563,False
rs5752801,26,98,-0.0401723,0.1833,False
rs5752801,26,99,-0.0467331,0.122361,False
rs5752801,26,100,-0.0404026,0.184395,False
rs5752801,26,101,-0.0496616,0.104095,False
rs5752801,26,102,-0.0471092,0.124201,False
rs5752801,26,103,-0.0462818,0.132189,False
rs5752801,26,104,-0.0460056,0.135735,False
rs5752801,26,105,-0.0443386,0.151904,False
rs5752801,26,106,-0.0493106,0.112152,False
rs5752801,26,107,-0.0458016,0.141546,False
rs5752801,26,108,-0.0401452,0.199031,False
rs5752801,26,109,-0.0479558,0.126258,False
rs5752801,26,110,-0.0451008,0.151789,False
rs5752801,26,111,-0.043697,0.165958,False
rs5752801,26,112,-0.0396305,0.210152,False
rs5752801,26,113,-0.0331344,0.295584,False
rs5752801,26,114,-0.036583,0.249784,False
rs5752801,26,115,-0.0524364,0.100308,False
rs5752801,26,116,-0.0453351,0.156055,False
rs5752801,26,117,-0.0464807,0.147015,False
rs5752801,26,118,-0.0484653,0.131478,False
rs5752801,26,119,-0.0409082,0.203856,False
rs5752801,26,120,-0.0348677,0.279396,False
rs5752801,26,121,-0.034233,0.28919,False
rs5752801,26,122,-0.0405286,0.210871,False
rs5752801,26,123,-0.0409703,0.206373,False
rs5752801,26,124,-0.0389482,0.23066,False
rs5752801,26,125,-0.0294614,0.365117,False
rs5752801,26,126,-0.0264821,0.416145,False
rs5752801,26,127,-0.0342563,0.293923,False
rs5752801,26,128,-0.0360277,0.270598,False
rs5752801,26,129,-0.032728,0.317942,False
rs5752801,26,130,-0.036294,0.268552,False
rs5752801,26,131,-0.0327648,0.318555,False
rs5752801,26,132,-0.0334771,0.30867,False
rs5752801,26,133,-0.0392206,0.233276,False
rs5752801,26,134,-0.0422547,0.199933,False
rs5752801,26,135,-0.0467118,0.157278,False
rs5752801,26,136,-0.0404936,0.220619,False
rs5752801,26,137,-0.0409968,0.215479,False
rs5752801,26,138,-0.0397152,0.230521,False
rs5752801,26,139,-0.0339169,0.30608,False
rs5752801,26,140,-0.0390547,0.238395,False
rs5752801,26,141,-0.0468862,0.157078,False
rs5752801,26,142,-0.0452412,0.172271,False
rs5752801,26,143,-0.0402577,0.224706,False
rs5752801,26,144,-0.0382499,0.248333,False
rs5752801,26,145,-0.0322575,0.33029,False
rs5752801,26,146,-0.0239916,0.468884,False
rs5752801,26,147,-0.0288534,0.383244,False
rs5752801,26,148,-0.0375464,0.25621,False
rs5752801,26,149,-0.0295368,0.371948,False
rs5752801,26,150,-0.0247913,0.453476,False
rs5752801,26,151,-0.0292977,0.374961,False
rs5752801,26,152,-0.0368886,0.262915,False
rs5752801,26,153,-0.0332721,0.312255,False
rs5752801,26,154,-0.0448777,0.172878,False
rs5752801,26,155,-0.0441501,0.179085,False
rs5752801,26,156,-0.0415326,0.205785,False
rs5752801,26,157,-0.036072,0.271029,False
rs5752801,26,158,-0.0410696,0.209289,False
rs5752801,26,159,-0.0463188,0.155794,False
rs5752801,26,160,-0.046943,0.150307,False
rs5752801,26,161,-0.0490485,0.132269,False
rs5752801,26,162,-0.0515308,0.113378,False
rs5752801,26,163,-0.0567899,0.0805623,False
rs5752801,26,164,-0.0575402,0.0762985,False
rs5752801,26,165,-0.0527477,0.103416,False
rs5752801,26,166,-0.0523145,0.105694,False
rs5752801,26,167,-0.051836,0.108403,False
rs5752801,26,168,-0.0604492,0.06093,False
rs5752801,26,169,-0.0592871,0.0661403,False
rs5752801,26,170,-0.0624681,0.0523326,False
rs5752801,26,171,-0.0571873,0.0745739,False
rs5752801,26,172,-0.0638448,0.0464769,False
rs5752801,26,173,-0.0605472,0.058803,False
rs5752801,26,174,-0.0532937,0.0956513,False
rs5752801,26,175,-0.0474108,0.137565,False
rs5752801,26,176,-0.0466005,0.143374,False
rs5752801,26,177,-0.056162,0.0780002,False
rs5752801,26,178,-0.0624027,0.0494829,False
rs5752801,26,179,-0.0627914,0.0473902,False
rs5752801,26,180,-0.0659847,0.0371371,False
rs5752801,26,181,-0.0648845,0.0402704,False
rs5752801,26,182,-0.0659277,0.0371491,False
rs5752801,26,183,-0.0721026,0.0225397,False
rs5752801,26,184,-0.0706973,0.0251811,False
rs5752801,26,185,-0.0856131,0.00658223,False
rs5752801,26,186,-0.0862787,0.0061283,False
rs5752801,26,187,-0.0872951,0.00544376,False
rs5752801,26,188,-0.0777088,0.013413,False
rs5752801,26,189,-0.0738908,0.0186436,False
rs5752801,26,190,-0.0755321,0.0160169,False
rs5752801,26,191,-0.0756451,0.0158963,False
rs5752801,26,192,-0.0725767,0.0207007,False
rs5752801,26,193,-0.0735215,0.0190155,False
rs5752801,26,194,-0.0744914,0.0175649,False
rs5752801,26,195,-0.0803346,0.0105141,False
rs5752801,26,196,-0.0807915,0.0101567,False
rs5752801,26,197,-0.0668988,0.0334027,False
rs5752801,26,198,-0.074746,0.0176255,False
rs5752801,26,199,-0.0773389,0.0141728,False
rs5752801,26,200,-0.0812671,0.0100406,False
rs5752801,26,201,-0.0807312,0.0107532,False
rs5752801,26,202,-0.0901613,0.0045082,False
rs5752801,26,203,-0.0861079,0.00679017,False
rs5752801,26,204,-0.0818677,0.0102381,False
rs5752801,26,205,-0.0926793,0.00377835,False
rs5752801,26,206,-0.0961058,0.00272131,False
rs5752801,26,207,-0.104956,0.00111129,False
rs5752801,26,208,-0.0994125,0.00208353,False
rs5752801,26,209,-0.0939857,0.00375164,False
rs5752801,26,210,-0.109635,0.000765291,False
rs5752801,26,211,-0.104288,0.001434,False
rs5752801,26,212,-0.102176,0.00186246,False
rs5752801,26,213,-0.110167,0.000835112,False
rs5752801,26,214,-0.106492,0.00132325,False
rs5752801,26,215,-0.119536,0.000340314,False
rs5752801,26,216,-0.119109,0.000378349,False
rs5752801,26,217,-0.118924,0.000428013,False
rs5752801,26,218,-0.105712,0.00191899,False
rs5752801,26,219,-0.117217,0.000626587,False
rs5752801,26,220,-0.115279,0.000842989,False
rs5752801,26,221,-0.117128,0.000772378,False
rs5752801,26,222,-0.129763,0.000217945,False
rs5752801,26,223,-0.123998,0.000467432,False
rs5752801,26,224,-0.132395,0.000212001,False
rs5752801,26,225,-0.137156,0.000142419,False
rs5752801,26,226,-0.133523,0.00024601,False
rs5752801,26,227,-0.134722,0.000255775,False
rs5752801,26,228,-0.144745,0.0001014,False
rs5752801,26,229,-0.152019,5.25718e-05,False
rs5752801,26,230,-0.148596,9.37114e-05,False
rs5752801,26,231,-0.156997,4.4999e-05,False
rs5752801,26,232,-0.155675,6.31297e-05,False
rs5752801,26,233,-0.160301,4.66049e-05,False
rs5752801,26,234,-0.165836,3.15463e-05,False
rs5752801,26,235,-0.161347,6.23724e-05,False
rs5752801,26,236,-0.168588,3.63362e-05,False
rs5752801,26,237,-0.177932,1.69497e-05,False
rs5752801,26,238,-0.184952,1.02334e-05,False
rs5752801,26,239,-0.180038,2.22881e-05,False
rs5752801,26,240,-0.186339,1.45801e-05,False
rs5752801,26,241,-0.189047,1.44031e-05,False
rs5752801,26,242,-0.189499,1.78764e-05,False
rs5752801,26,243,-0.199561,8.22541e-06,False
rs5752801,26,244,-0.209952,3.74869e-06,False
rs5752801,26,245,-0.21241,4.01184e-06,False
rs5752801,26,246,-0.221355,2.12275e-06,False
rs5752801,26,247,-0.217184,4.42108e-06,False
rs5752801,26,248,-0.224794,2.77521e-06,False
rs5752801,26,249,-0.226217,3.24493e-06,False
rs5752801,26,250,-0.218092,9.41607e-06,False
rs5752801,26,251,-0.227944,4.4917e-06,False
rs5752801,27,6,-0.01321,0.601151,False
rs5752801,27,7,-0.0169708,0.49797,False
rs5752801,27,8,-0.0118477,0.633909,False
rs5752801,27,9,-0.00965564,0.695304,False
rs5752801,27,10,-0.0146182,0.550698,False
rs5752801,27,11,-0.0138893,0.568244,False
rs5752801,27,12,-0.0051893,0.829472,False
rs5752801,27,13,-0.00237337,0.921272,False
rs5752801,27,14,-0.0156626,0.512932,False
rs5752801,27,15,-0.0183253,0.441439,False
rs5752801,27,16,-0.00146312,0.951051,False
rs5752801,27,17,-0.0098291,0.679409,False
rs5752801,27,18,-0.0224983,0.34466,False
rs5752801,27,19,-0.00730959,0.758846,False
rs5752801,27,20,-0.0147578,0.53467,False
rs5752801,27,21,-0.00693803,0.770664,False
rs5752801,27,22,-0.00773689,0.744948,False
rs5752801,27,23,-0.0084876,0.721547,False
rs5752801,27,24,-0.00288306,0.903829,False
rs5752801,27,25,-0.0103487,0.664208,False
rs5752801,27,26,-0.0128754,0.588819,False
rs5752801,27,27,-0.00227499,0.924033,False
rs5752801,27,28,-0.0085292,0.721538,False
rs5752801,27,29,-0.0128484,0.591173,False
rs5752801,27,30,-0.00788774,0.741664,False
rs5752801,27,31,-0.0184326,0.442015,False
rs5752801,27,32,-0.0158278,0.51023,False
rs5752801,27,33,-0.0206158,0.390998,False
rs5752801,27,34,-0.0170605,0.47866,False
rs5752801,27,35,-0.0150228,0.534224,False
rs5752801,27,36,-0.0203588,0.40012,False
rs5752801,27,37,-0.0213785,0.378218,False
rs5752801,27,38,-0.017625,0.468572,False
rs5752801,27,39,-0.0152567,0.529856,False
rs5752801,27,40,-0.0235202,0.335298,False
rs5752801,27,41,-0.0273765,0.264029,False
rs5752801,27,42,-0.0128655,0.600437,False
rs5752801,27,43,-0.00879718,0.720742,False
rs5752801,27,44,-0.0124855,0.612877,False
rs5752801,27,45,-0.0126438,0.609597,False
rs5752801,27,46,-0.0204287,0.411393,False
rs5752801,27,47,-0.0151834,0.542927,False
rs5752801,27,48,-0.0159093,0.525001,False
rs5752801,27,49,-0.0237192,0.345213,False
rs5752801,27,50,-0.0240197,0.341034,False
rs5752801,27,51,-0.00807972,0.749097,False
rs5752801,27,52,-0.0218212,0.390487,False
rs5752801,27,53,-0.0229944,0.366314,False
rs5752801,27,54,-0.0260405,0.307963,False
rs5752801,27,55,-0.0218157,0.394455,False
rs5752801,27,56,-0.019879,0.438734,False
rs5752801,27,57,-0.0192421,0.455145,False
rs5752801,27,58,-0.0316435,0.221339,False
rs5752801,27,59,-0.0363981,0.161213,False
rs5752801,27,60,-0.0307428,0.238242,False
rs5752801,27,61,-0.0387105,0.138323,False
rs5752801,27,62,-0.0332607,0.205906,False
rs5752801,27,63,-0.0381523,0.146622,False
rs5752801,27,64,-0.0325872,0.21771,False
rs5752801,27,65,-0.0341056,0.199164,False
rs5752801,27,66,-0.033495,0.208902,False
rs5752801,27,67,-0.035826,0.180828,False
rs5752801,27,68,-0.0509135,0.0582001,False
rs5752801,27,69,-0.0518078,0.0552044,False
rs5752801,27,70,-0.0531319,0.0500804,False
rs5752801,27,71,-0.0410845,0.131512,False
rs5752801,27,72,-0.0450959,0.099211,False
rs5752801,27,73,-0.051926,0.059076,False
rs5752801,27,74,-0.049726,0.0713652,False
rs5752801,27,75,-0.0395736,0.152791,False
rs5752801,27,76,-0.0426526,0.125395,False
rs5752801,27,77,-0.045007,0.10763,False
rs5752801,27,78,-0.0418456,0.135933,False
rs5752801,27,79,-0.04515,0.108691,False
rs5752801,27,80,-0.0528548,0.061988,False
rs5752801,27,81,-0.0434807,0.126402,False
rs5752801,27,82,-0.0529054,0.0635555,False
rs5752801,27,83,-0.0507844,0.0766056,False
rs5752801,27,84,-0.0409864,0.154971,False
rs5752801,27,85,-0.0518782,0.0726367,False
rs5752801,27,86,-0.0481803,0.0967375,False
rs5752801,27,87,-0.0455877,0.117613,False
rs5752801,27,88,-0.0525536,0.0723421,False
rs5752801,27,89,-0.0508604,0.0829862,False
rs5752801,27,90,-0.0515281,0.0804646,False
rs5752801,27,91,-0.0480889,0.104375,False
rs5752801,27,92,-0.0514724,0.0835351,False
rs5752801,27,93,-0.0525422,0.0782311,False
rs5752801,27,94,-0.0499147,0.0960126,False
rs5752801,27,95,-0.0419001,0.163572,False
rs5752801,27,96,-0.0456674,0.130733,False
rs5752801,27,97,-0.043062,0.155358,False
rs5752801,27,98,-0.0389282,0.20171,False
rs5752801,27,99,-0.043517,0.154342,False
rs5752801,27,100,-0.0462799,0.131185,False
rs5752801,27,101,-0.0461642,0.133273,False
rs5752801,27,102,-0.0374548,0.225767,False
rs5752801,27,103,-0.0505326,0.103203,False
rs5752801,27,104,-0.0477934,0.124954,False
rs5752801,27,105,-0.0459004,0.141673,False
rs5752801,27,106,-0.0488394,0.119342,False
rs5752801,27,107,-0.0566295,0.0714046,False
rs5752801,27,108,-0.0540259,0.0865634,False
rs5752801,27,109,-0.051696,0.102217,False
rs5752801,27,110,-0.0525989,0.0973479,False
rs5752801,27,111,-0.0586199,0.065573,False
rs5752801,27,112,-0.0493944,0.12219,False
rs5752801,27,113,-0.0491935,0.124695,False
rs5752801,27,114,-0.0496539,0.121889,False
rs5752801,27,115,-0.040593,0.207821,False
rs5752801,27,116,-0.0406573,0.208228,False
rs5752801,27,117,-0.0407001,0.209454,False
rs5752801,27,118,-0.0441161,0.174692,False
rs5752801,27,119,-0.0452058,0.164708,False
rs5752801,27,120,-0.0409044,0.209261,False
rs5752801,27,121,-0.0412848,0.206184,False
rs5752801,27,122,-0.0352503,0.281171,False
rs5752801,27,123,-0.0320769,0.327709,False
rs5752801,27,124,-0.0380087,0.247327,False
rs5752801,27,125,-0.0390648,0.234884,False
rs5752801,27,126,-0.0441468,0.180868,False
rs5752801,27,127,-0.0436471,0.186161,False
rs5752801,27,128,-0.0335354,0.310728,False
rs5752801,27,129,-0.0310068,0.348882,False
rs5752801,27,130,-0.0271778,0.412464,False
rs5752801,27,131,-0.030449,0.35907,False
rs5752801,27,132,-0.0339733,0.307164,False
rs5752801,27,133,-0.0392806,0.237869,False
rs5752801,27,134,-0.0364184,0.274298,False
rs5752801,27,135,-0.0406623,0.222638,False
rs5752801,27,136,-0.0358426,0.282704,False
rs5752801,27,137,-0.0387352,0.246163,False
rs5752801,27,138,-0.0524607,0.116029,False
rs5752801,27,139,-0.0450699,0.17722,False
rs5752801,27,140,-0.0434494,0.193373,False
rs5752801,27,141,-0.0496491,0.137835,False
rs5752801,27,142,-0.0498219,0.136052,False
rs5752801,27,143,-0.0411447,0.219198,False
rs5752801,27,144,-0.0333766,0.31857,False
rs5752801,27,145,-0.0419792,0.209512,False
rs5752801,27,146,-0.0321467,0.336247,False
rs5752801,27,147,-0.0265213,0.427738,False
rs5752801,27,148,-0.0394159,0.23772,False
rs5752801,27,149,-0.0438461,0.189294,False
rs5752801,27,150,-0.0443059,0.184066,False
rs5752801,27,151,-0.0458941,0.168469,False
rs5752801,27,152,-0.0423104,0.203662,False
rs5752801,27,153,-0.0355814,0.28473,False
rs5752801,27,154,-0.0407808,0.219008,False
rs5752801,27,155,-0.0480583,0.14668,False
rs5752801,27,156,-0.0415233,0.209428,False
rs5752801,27,157,-0.0483559,0.143312,False
rs5752801,27,158,-0.0469195,0.155332,False
rs5752801,27,159,-0.0458618,0.164041,False
rs5752801,27,160,-0.0560167,0.0884632,False
rs5752801,27,161,-0.0642589,0.0505528,False
rs5752801,27,162,-0.0589941,0.0723952,False
rs5752801,27,163,-0.0606201,0.0643564,False
rs5752801,27,164,-0.0574073,0.0793387,False
rs5752801,27,165,-0.058847,0.0712557,False
rs5752801,27,166,-0.0640836,0.0490307,False
rs5752801,27,167,-0.0650747,0.045651,False
rs5752801,27,168,-0.0633947,0.0512178,False
rs5752801,27,169,-0.0595676,0.0665578,False
rs5752801,27,170,-0.0508887,0.116577,False
rs5752801,27,171,-0.0698983,0.030622,False
rs5752801,27,172,-0.0694258,0.0314525,False
rs5752801,27,173,-0.0636919,0.048175,False
rs5752801,27,174,-0.0755317,0.0188991,False
rs5752801,27,175,-0.0703546,0.0284208,False
rs5752801,27,176,-0.0753678,0.0184211,False
rs5752801,27,177,-0.0774608,0.0155104,False
rs5752801,27,178,-0.0818694,0.0104951,False
rs5752801,27,179,-0.0664911,0.0371855,False
rs5752801,27,180,-0.072819,0.0222883,False
rs5752801,27,181,-0.079533,0.012303,False
rs5752801,27,182,-0.0778736,0.0142714,False
rs5752801,27,183,-0.075294,0.0178031,False
rs5752801,27,184,-0.0769875,0.0153773,False
rs5752801,27,185,-0.0640194,0.0432195,False
rs5752801,27,186,-0.0630655,0.0462125,False
rs5752801,27,187,-0.0726895,0.0215289,False
rs5752801,27,188,-0.0743002,0.0184301,False
rs5752801,27,189,-0.0752439,0.0170913,False
rs5752801,27,190,-0.0895774,0.00447588,False
rs5752801,27,191,-0.0772169,0.0142063,False
rs5752801,27,192,-0.0765193,0.0151493,False
rs5752801,27,193,-0.0743037,0.0180397,False
rs5752801,27,194,-0.0852104,0.0067761,False
rs5752801,27,195,-0.0752484,0.0168295,False
rs5752801,27,196,-0.0768043,0.0147784,False
rs5752801,27,197,-0.0811655,0.010046,False
rs5752801,27,198,-0.0841501,0.00762459,False
rs5752801,27,199,-0.083448,0.00820048,False
rs5752801,27,200,-0.0888877,0.00492385,False
rs5752801,27,201,-0.0885146,0.005228,False
rs5752801,27,202,-0.0928093,0.00346355,False
rs5752801,27,203,-0.0947776,0.00290006,False
rs5752801,27,204,-0.0919482,0.00390777,False
rs5752801,27,205,-0.101941,0.00142558,False
rs5752801,27,206,-0.101172,0.00159335,False
rs5752801,27,207,-0.093199,0.00376534,False
rs5752801,27,208,-0.103602,0.00129898,False
rs5752801,27,209,-0.0967863,0.00279179,False
rs5752801,27,210,-0.102636,0.00157329,False
rs5752801,27,211,-0.118735,0.000271977,False
rs5752801,27,212,-0.11051,0.000743458,False
rs5752801,27,213,-0.101216,0.00209055,False
rs5752801,27,214,-0.106814,0.00121089,False
rs5752801,27,215,-0.109628,0.000974518,False
rs5752801,27,216,-0.116332,0.00050949,False
rs5752801,27,217,-0.114194,0.000675362,False
rs5752801,27,218,-0.108368,0.00135527,False
rs5752801,27,219,-0.122837,0.000312903,False
rs5752801,27,220,-0.122237,0.000362772,False
rs5752801,27,221,-0.118327,0.00061789,False
rs5752801,27,222,-0.12648,0.000282261,False
rs5752801,27,223,-0.139901,6.74684e-05,False
rs5752801,27,224,-0.138919,8.77623e-05,False
rs5752801,27,225,-0.139193,9.86491e-05,False
rs5752801,27,226,-0.147974,4.09011e-05,False
rs5752801,27,227,-0.138319,0.000148391,False
rs5752801,27,228,-0.143597,9.74841e-05,False
rs5752801,27,229,-0.148146,6.94068e-05,False
rs5752801,27,230,-0.152148,5.25692e-05,False
rs5752801,27,231,-0.15636,4.08841e-05,False
rs5752801,27,232,-0.163638,2.13573e-05,False
rs5752801,27,233,-0.159237,4.42651e-05,False
rs5752801,27,234,-0.166936,2.30755e-05,False
rs5752801,27,235,-0.172563,1.59708e-05,False
rs5752801,27,236,-0.174703,1.62126e-05,False
rs5752801,27,237,-0.173571,2.3105e-05,False
rs5752801,27,238,-0.183474,9.87373e-06,False
rs5752801,27,239,-0.179149,2.09082e-05,False
rs5752801,27,240,-0.191678,7.10857e-06,False
rs5752801,27,241,-0.200755,3.44118e-06,False
rs5752801,27,242,-0.194643,9.12922e-06,False
rs5752801,27,243,-0.202414,5.30281e-06,False
rs5752801,27,244,-0.21126,2.80674e-06,False
rs5752801,27,245,-0.20858,5.10931e-06,False
rs5752801,27,246,-0.216932,2.88501e-06,False
rs5752801,27,247,-0.226484,1.48501e-06,False
rs5752801,27,248,-0.223766,2.68816e-06,False
rs5752801,27,249,-0.22538,3.11948e-06,False
rs5752801,27,250,-0.23461,1.61602e-06,False
rs5752801,27,251,-0.232025,2.69839e-06,False
rs5752801,28,6,-0.00892813,0.723041,False
rs5752801,28,7,-0.0164273,0.511602,False
rs5752801,28,8,-0.0245654,0.322225,False
rs5752801,28,9,-0.00865774,0.725151,False
rs5752801,28,10,-0.0106999,0.66071,False
rs5752801,28,11,-0.00723285,0.766,False
rs5752801,28,12,-0.0169203,0.483963,False
rs5752801,28,13,-0.0162037,0.500782,False
rs5752801,28,14,-0.012475,0.602403,False
rs5752801,28,15,-0.00150655,0.9496,False
rs5752801,28,16,-0.014896,0.531567,False
rs5752801,28,17,-0.0256512,0.281217,False
rs5752801,28,18,-0.00767249,0.747036,False
rs5752801,28,19,-0.01795,0.450347,False
rs5752801,28,20,-0.00944033,0.692117,False
rs5752801,28,21,-0.0219766,0.356108,False
rs5752801,28,22,-0.0154422,0.516587,False
rs5752801,28,23,-0.00960232,0.687095,False
rs5752801,28,24,-0.00627545,0.792401,False
rs5752801,28,25,-0.00693354,0.77176,False
rs5752801,28,26,-0.0116399,0.626547,False
rs5752801,28,27,-0.0183763,0.442691,False
rs5752801,28,28,-0.0027353,0.909078,False
rs5752801,28,29,-0.0109045,0.649879,False
rs5752801,28,30,-0.011622,0.6289,False
rs5752801,28,31,-0.0129315,0.591787,False
rs5752801,28,32,-0.027192,0.259677,False
rs5752801,28,33,-0.00741344,0.759423,False
rs5752801,28,34,-0.0132107,0.585487,False
rs5752801,28,35,-0.0184407,0.446835,False
rs5752801,28,36,-0.0200884,0.409225,False
rs5752801,28,37,-0.00879468,0.718148,False
rs5752801,28,38,-0.0202316,0.407551,False
rs5752801,28,39,-0.0147065,0.549239,False
rs5752801,28,40,-0.028174,0.251071,False
rs5752801,28,41,-0.0133334,0.588381,False
rs5752801,28,42,-0.0257476,0.296795,False
rs5752801,28,43,-0.0275776,0.264651,False
rs5752801,28,44,-0.0235839,0.341745,False
rs5752801,28,45,-0.0255392,0.30579,False
rs5752801,28,46,-0.0193081,0.440114,False
rs5752801,28,47,-0.0194984,0.436697,False
rs5752801,28,48,-0.0210952,0.401738,False
rs5752801,28,49,-0.0302203,0.231265,False
rs5752801,28,50,-0.0225412,0.373596,False
rs5752801,28,51,-0.0255786,0.314079,False
rs5752801,28,52,-0.0219697,0.388654,False
rs5752801,28,53,-0.0226515,0.375729,False
rs5752801,28,54,-0.0234986,0.358953,False
rs5752801,28,55,-0.0292647,0.255574,False
rs5752801,28,56,-0.033462,0.195522,False
rs5752801,28,57,-0.0291959,0.260159,False
rs5752801,28,58,-0.026936,0.300874,False
rs5752801,28,59,-0.0418194,0.109185,False
rs5752801,28,60,-0.0336091,0.199612,False
rs5752801,28,61,-0.0345944,0.187625,False
rs5752801,28,62,-0.0439328,0.0958304,False
rs5752801,28,63,-0.027778,0.294034,False
rs5752801,28,64,-0.0345755,0.193065,False
rs5752801,28,65,-0.0462337,0.0833245,False
rs5752801,28,66,-0.0352347,0.188889,False
rs5752801,28,67,-0.0449707,0.0944119,False
rs5752801,28,68,-0.0391381,0.147904,False
rs5752801,28,69,-0.0385465,0.155104,False
rs5752801,28,70,-0.0480551,0.0775821,False
rs5752801,28,71,-0.0440184,0.107547,False
rs5752801,28,72,-0.0360994,0.189066,False
rs5752801,28,73,-0.0370947,0.179209,False
rs5752801,28,74,-0.0544861,0.04962,False
rs5752801,28,75,-0.0500505,0.0723429,False
rs5752801,28,76,-0.0497017,0.0759311,False
rs5752801,28,77,-0.0494142,0.0792729,False
rs5752801,28,78,-0.0470111,0.0965596,False
rs5752801,28,79,-0.0524909,0.0649106,False
rs5752801,28,80,-0.0584265,0.0409753,False
rs5752801,28,81,-0.0561262,0.0507099,False
rs5752801,28,82,-0.0506965,0.0780813,False
rs5752801,28,83,-0.0491484,0.0891852,False
rs5752801,28,84,-0.0515412,0.0759719,False
rs5752801,28,85,-0.0468338,0.107982,False
rs5752801,28,86,-0.0537768,0.0664696,False
rs5752801,28,87,-0.0476551,0.104738,False
rs5752801,28,88,-0.0429234,0.145586,False
rs5752801,28,89,-0.0471729,0.111688,False
rs5752801,28,90,-0.0521045,0.0796737,False
rs5752801,28,91,-0.0482744,0.105629,False
rs5752801,28,92,-0.0485539,0.105375,False
rs5752801,28,93,-0.0419712,0.16311,False
rs5752801,28,94,-0.0494246,0.102177,False
rs5752801,28,95,-0.0429336,0.157263,False
rs5752801,28,96,-0.0456735,0.13438,False
rs5752801,28,97,-0.0350865,0.251272,False
rs5752801,28,98,-0.0456075,0.137701,False
rs5752801,28,99,-0.0418445,0.174537,False
rs5752801,28,100,-0.0469171,0.129755,False
rs5752801,28,101,-0.0442407,0.15461,False
rs5752801,28,102,-0.0438624,0.159736,False
rs5752801,28,103,-0.0472353,0.131513,False
rs5752801,28,104,-0.0423365,0.177844,False
rs5752801,28,105,-0.0308616,0.327714,False
rs5752801,28,106,-0.0413904,0.190235,False
rs5752801,28,107,-0.0481937,0.128274,False
rs5752801,28,108,-0.0533069,0.0937142,False
rs5752801,28,109,-0.0532124,0.0951728,False
rs5752801,28,110,-0.0472263,0.140304,False
rs5752801,28,111,-0.0442814,0.167785,False
rs5752801,28,112,-0.0497467,0.122369,False
rs5752801,28,113,-0.0466772,0.148059,False
rs5752801,28,114,-0.0478891,0.139077,False
rs5752801,28,115,-0.0436205,0.179308,False
rs5752801,28,116,-0.0462707,0.155241,False
rs5752801,28,117,-0.0389979,0.232218,False
rs5752801,28,118,-0.0446018,0.172894,False
rs5752801,28,119,-0.0394513,0.228973,False
rs5752801,28,120,-0.0371011,0.259078,False
rs5752801,28,121,-0.0436311,0.185023,False
rs5752801,28,122,-0.0415652,0.207407,False
rs5752801,28,123,-0.0359008,0.277466,False
rs5752801,28,124,-0.0268078,0.41798,False
rs5752801,28,125,-0.0336029,0.310362,False
rs5752801,28,126,-0.0318585,0.336708,False
rs5752801,28,127,-0.0300309,0.366299,False
rs5752801,28,128,-0.026273,0.430012,False
rs5752801,28,129,-0.0355633,0.286061,False
rs5752801,28,130,-0.0396284,0.23508,False
rs5752801,28,131,-0.0405589,0.224818,False
rs5752801,28,132,-0.0420515,0.208873,False
rs5752801,28,133,-0.0423208,0.206537,False
rs5752801,28,134,-0.0517419,0.123244,False
rs5752801,28,135,-0.0478715,0.15422,False
rs5752801,28,136,-0.0551994,0.100347,False
rs5752801,28,137,-0.0537724,0.109806,False
rs5752801,28,138,-0.044516,0.186136,False
rs5752801,28,139,-0.041781,0.214419,False
rs5752801,28,140,-0.0419674,0.212614,False
rs5752801,28,141,-0.0390089,0.246383,False
rs5752801,28,142,-0.0376867,0.262955,False
rs5752801,28,143,-0.0354315,0.292364,False
rs5752801,28,144,-0.0319234,0.342754,False
rs5752801,28,145,-0.0312006,0.354098,False
rs5752801,28,146,-0.0365465,0.277565,False
rs5752801,28,147,-0.0337009,0.31628,False
rs5752801,28,148,-0.0303484,0.366186,False
rs5752801,28,149,-0.032517,0.332921,False
rs5752801,28,150,-0.0356364,0.287871,False
rs5752801,28,151,-0.0376009,0.262037,False
rs5752801,28,152,-0.0412625,0.218245,False
rs5752801,28,153,-0.0310058,0.353917,False
rs5752801,28,154,-0.0329626,0.323652,False
rs5752801,28,155,-0.038864,0.24399,False
rs5752801,28,156,-0.0439122,0.187399,False
rs5752801,28,157,-0.0409958,0.218295,False
rs5752801,28,158,-0.0443364,0.182024,False
rs5752801,28,159,-0.0464816,0.161292,False
rs5752801,28,160,-0.0468683,0.157364,False
rs5752801,28,161,-0.04433,0.18083,False
rs5752801,28,162,-0.0435989,0.187204,False
rs5752801,28,163,-0.0484537,0.14128,False
rs5752801,28,164,-0.0458696,0.163525,False
rs5752801,28,165,-0.0514889,0.117326,False
rs5752801,28,166,-0.064424,0.0495763,False
rs5752801,28,167,-0.0611915,0.06169,False
rs5752801,28,168,-0.0640703,0.0499281,False
rs5752801,28,169,-0.0575282,0.0780704,False
rs5752801,28,170,-0.0646823,0.0470465,False
rs5752801,28,171,-0.0691629,0.0334916,False
rs5752801,28,172,-0.0635062,0.0506669,False
rs5752801,28,173,-0.0694164,0.0324699,False
rs5752801,28,174,-0.0721073,0.0260242,False
rs5752801,28,175,-0.0738294,0.022528,False
rs5752801,28,176,-0.0742125,0.0215531,False
rs5752801,28,177,-0.0647476,0.04453,False
rs5752801,28,178,-0.071174,0.0269654,False
rs5752801,28,179,-0.0629361,0.049853,False
rs5752801,28,180,-0.0684756,0.0325173,False
rs5752801,28,181,-0.08035,0.012007,False
rs5752801,28,182,-0.0764129,0.0164714,False
rs5752801,28,183,-0.0707852,0.0261953,False
rs5752801,28,184,-0.0796681,0.0122616,False
rs5752801,28,185,-0.0774017,0.0148373,False
rs5752801,28,186,-0.081259,0.0105752,False
rs5752801,28,187,-0.077245,0.0149115,False
rs5752801,28,188,-0.0750906,0.0176498,False
rs5752801,28,189,-0.0824922,0.00904507,False
rs5752801,28,190,-0.0855086,0.00683566,False
rs5752801,28,191,-0.0757066,0.0165757,False
rs5752801,28,192,-0.0715385,0.023413,False
rs5752801,28,193,-0.0715537,0.0233631,False
rs5752801,28,194,-0.0706637,0.0250267,False
rs5752801,28,195,-0.0785507,0.0128008,False
rs5752801,28,196,-0.080253,0.0110214,False
rs5752801,28,197,-0.0747381,0.0178769,False
rs5752801,28,198,-0.0817667,0.00961387,False
rs5752801,28,199,-0.0686634,0.029971,False
rs5752801,28,200,-0.0645716,0.0414102,False
rs5752801,28,201,-0.072528,0.0220902,False
rs5752801,28,202,-0.0772773,0.0148743,False
rs5752801,28,203,-0.0721163,0.0233164,False
rs5752801,28,204,-0.0806062,0.0114713,False
rs5752801,28,205,-0.0747904,0.0191331,False
rs5752801,28,206,-0.0748393,0.0191999,False
rs5752801,28,207,-0.0819165,0.0106506,False
rs5752801,28,208,-0.0833177,0.00953661,False
rs5752801,28,209,-0.0835726,0.00960086,False
rs5752801,28,210,-0.085107,0.00866363,False
rs5752801,28,211,-0.0863112,0.00784893,False
rs5752801,28,212,-0.0900763,0.00573162,False
rs5752801,28,213,-0.0966578,0.00318029,False
rs5752801,28,214,-0.0953667,0.00375975,False
rs5752801,28,215,-0.0997696,0.00257442,False
rs5752801,28,216,-0.0993062,0.00283799,False
rs5752801,28,217,-0.102276,0.00223268,False
rs5752801,28,218,-0.0981055,0.00355777,False
rs5752801,28,219,-0.111652,0.000995129,False
rs5752801,28,220,-0.112977,0.000929252,False
rs5752801,28,221,-0.1264,0.000239036,False
rs5752801,28,222,-0.124178,0.000345325,False
rs5752801,28,223,-0.131749,0.000165316,False
rs5752801,28,224,-0.1323,0.000177433,False
rs5752801,28,225,-0.136921,0.000117783,False
rs5752801,28,226,-0.14808,3.75804e-05,False
rs5752801,28,227,-0.141739,9.23882e-05,False
rs5752801,28,228,-0.147499,5.60418e-05,False
rs5752801,28,229,-0.159806,1.59263e-05,False
rs5752801,28,230,-0.156099,3.09548e-05,False
rs5752801,28,231,-0.161387,1.99045e-05,False
rs5752801,28,232,-0.170709,8.36652e-06,False
rs5752801,28,233,-0.163382,2.46809e-05,False
rs5752801,28,234,-0.168603,1.75364e-05,False
rs5752801,28,235,-0.163508,3.88207e-05,False
rs5752801,28,236,-0.17738,1.03916e-05,False
rs5752801,28,237,-0.186744,4.55899e-06,False
rs5752801,28,238,-0.180304,1.23946e-05,False
rs5752801,28,239,-0.192386,4.23599e-06,False
rs5752801,28,240,-0.187429,9.60478e-06,False
rs5752801,28,241,-0.19829,3.96908e-06,False
rs5752801,28,242,-0.202784,3.23222e-06,False
rs5752801,28,243,-0.204974,3.59131e-06,False
rs5752801,28,244,-0.210873,2.63743e-06,False
rs5752801,28,245,-0.206858,5.3944e-06,False
rs5752801,28,246,-0.206709,7.61016e-06,False
rs5752801,28,247,-0.198606,2.19646e-05,False
rs5752801,28,248,-0.202752,1.96867e-05,False
rs5752801,28,249,-0.217302,6.42918e-06,False
rs5752801,28,250,-0.222716,4.90284e-06,False
rs5752801,28,251,-0.21611,1.18922e-05,False
rs5752801,29,6,-0.00191154,0.939766,False
rs5752801,29,7,-0.0118168,0.63758,False
rs5752801,29,8,-0.00254183,0.918841,False
rs5752801,29,9,-0.01213,0.622675,False
rs5752801,29,10,-0.00835596,0.732682,False
rs5752801,29,11,-0.0194217,0.425125,False
rs5752801,29,12,-0.0142526,0.555562,False
rs5752801,29,13,-0.00538505,0.822868,False
rs5752801,29,14,-0.014222,0.553827,False
rs5752801,29,15,-0.00813464,0.734089,False
rs5752801,29,16,-0.000534582,0.982151,False
rs5752801,29,17,0.00322948,0.892682,False
rs5752801,29,18,0.00163802,0.945308,False
rs5752801,29,19,-0.00748106,0.753668,False
rs5752801,29,20,-0.00866314,0.716445,False
rs5752801,29,21,-0.00546833,0.819027,False
rs5752801,29,22,-0.0118483,0.62038,False
rs5752801,29,23,-0.000954496,0.968183,False
rs5752801,29,24,-0.00294263,0.902265,False
rs5752801,29,25,-0.005141,0.830087,False
rs5752801,29,26,-0.00928935,0.699004,False
rs5752801,29,27,0.00230913,0.923308,False
rs5752801,29,28,0.00545917,0.820459,False
rs5752801,29,29,-0.00796044,0.741032,False
rs5752801,29,30,-0.00384009,0.873418,False
rs5752801,29,31,0.00452114,0.851613,False
rs5752801,29,32,-0.011528,0.633689,False
rs5752801,29,33,-0.00376877,0.876356,False
rs5752801,29,34,-0.00968896,0.689752,False
rs5752801,29,35,-0.0128096,0.597976,False
rs5752801,29,36,-0.00343908,0.887911,False
rs5752801,29,37,-0.00573044,0.814799,False
rs5752801,29,38,-0.00246569,0.919869,False
rs5752801,29,39,-0.0170362,0.487672,False
rs5752801,29,40,-0.00876605,0.722022,False
rs5752801,29,41,-0.0130746,0.598017,False
rs5752801,29,42,-0.0119076,0.631286,False
rs5752801,29,43,-0.0121114,0.626226,False
rs5752801,29,44,-0.0218947,0.380233,False
rs5752801,29,45,-0.0193021,0.440473,False
rs5752801,29,46,-0.0109616,0.662256,False
rs5752801,29,47,-0.0217814,0.387601,False
rs5752801,29,48,-0.0141,0.57681,False
rs5752801,29,49,-0.023565,0.352277,False
rs5752801,29,50,-0.0233158,0.359642,False
rs5752801,29,51,-0.0173302,0.498077,False
rs5752801,29,52,-0.0149264,0.560165,False
rs5752801,29,53,-0.0204253,0.426157,False
rs5752801,29,54,-0.0285727,0.267636,False
rs5752801,29,55,-0.0272071,0.293264,False
rs5752801,29,56,-0.0269481,0.299681,False
rs5752801,29,57,-0.0252541,0.332273,False
rs5752801,29,58,-0.0213794,0.414212,False
rs5752801,29,59,-0.0243536,0.353752,False
rs5752801,29,60,-0.0252687,0.337366,False
rs5752801,29,61,-0.025479,0.335221,False
rs5752801,29,62,-0.0284387,0.284074,False
rs5752801,29,63,-0.0190204,0.475098,False
rs5752801,29,64,-0.0219373,0.412597,False
rs5752801,29,65,-0.0245574,0.360848,False
rs5752801,29,66,-0.0258329,0.339011,False
rs5752801,29,67,-0.0296023,0.274889,False
rs5752801,29,68,-0.0338754,0.213563,False
rs5752801,29,69,-0.0281513,0.302414,False
rs5752801,29,70,-0.0280154,0.308003,False
rs5752801,29,71,-0.038505,0.162622,False
rs5752801,29,72,-0.0373496,0.177806,False
rs5752801,29,73,-0.0384185,0.167182,False
rs5752801,29,74,-0.0481365,0.0857297,False
rs5752801,29,75,-0.0439457,0.118812,False
rs5752801,29,76,-0.0420288,0.137304,False
rs5752801,29,77,-0.0412817,0.146169,False
rs5752801,29,78,-0.0467546,0.101694,False
rs5752801,29,79,-0.0421021,0.142389,False
rs5752801,29,80,-0.041217,0.152814,False
rs5752801,29,81,-0.0413624,0.153134,False
rs5752801,29,82,-0.0458749,0.114675,False
rs5752801,29,83,-0.0420286,0.149368,False
rs5752801,29,84,-0.0418754,0.153259,False
rs5752801,29,85,-0.0336674,0.253344,False
rs5752801,29,86,-0.0352719,0.233032,False
rs5752801,29,87,-0.0429657,0.1485,False
rs5752801,29,88,-0.0425901,0.154222,False
rs5752801,29,89,-0.0457562,0.126869,False
rs5752801,29,90,-0.0431586,0.150781,False
rs5752801,29,91,-0.0376113,0.211644,False
rs5752801,29,92,-0.0352585,0.244672,False
rs5752801,29,93,-0.0376247,0.216507,False
rs5752801,29,94,-0.0403065,0.186431,False
rs5752801,29,95,-0.0376962,0.218834,False
rs5752801,29,96,-0.0365252,0.234649,False
rs5752801,29,97,-0.0273036,0.376308,False
rs5752801,29,98,-0.0371212,0.231136,False
rs5752801,29,99,-0.0380288,0.220726,False
rs5752801,29,100,-0.0348742,0.2636,False
rs5752801,29,101,-0.0310579,0.321227,False
rs5752801,29,102,-0.0278409,0.37562,False
rs5752801,29,103,-0.0268629,0.394584,False
rs5752801,29,104,-0.0308493,0.329288,False
rs5752801,29,105,-0.0346525,0.274984,False
rs5752801,29,106,-0.0210893,0.507639,False
rs5752801,29,107,-0.0329077,0.303131,False
rs5752801,29,108,-0.0282138,0.37796,False
rs5752801,29,109,-0.0333419,0.299306,False
rs5752801,29,110,-0.0395366,0.219867,False
rs5752801,29,111,-0.0389696,0.227858,False
rs5752801,29,112,-0.034943,0.280887,False
rs5752801,29,113,-0.031619,0.330243,False
rs5752801,29,114,-0.0429391,0.1872,False
rs5752801,29,115,-0.0422542,0.195799,False
rs5752801,29,116,-0.0387219,0.237465,False
rs5752801,29,117,-0.0368444,0.261979,False
rs5752801,29,118,-0.0328867,0.317963,False
rs5752801,29,119,-0.0337121,0.307147,False
rs5752801,29,120,-0.0340253,0.303891,False
rs5752801,29,121,-0.0338433,0.307557,False
rs5752801,29,122,-0.0309491,0.351294,False
rs5752801,29,123,-0.0289951,0.383997,False
rs5752801,29,124,-0.0252806,0.449123,False
rs5752801,29,125,-0.0382184,0.253679,False
rs5752801,29,126,-0.0332231,0.321804,False
rs5752801,29,127,-0.0286998,0.392539,False
rs5752801,29,128,-0.0265255,0.429604,False
rs5752801,29,129,-0.0331633,0.323788,False
rs5752801,29,130,-0.0289595,0.389458,False
rs5752801,29,131,-0.0259319,0.441411,False
rs5752801,29,132,-0.0294745,0.381841,False
rs5752801,29,133,-0.0291283,0.387806,False
rs5752801,29,134,-0.027473,0.415902,False
rs5752801,29,135,-0.0292452,0.386579,False
rs5752801,29,136,-0.0248607,0.462363,False
rs5752801,29,137,-0.0172104,0.611305,False
rs5752801,29,138,-0.0176964,0.601248,False
rs5752801,29,139,-0.0232632,0.491947,False
rs5752801,29,140,-0.0240959,0.476481,False
rs5752801,29,141,-0.0218215,0.519142,False
rs5752801,29,142,-0.0267101,0.430713,False
rs5752801,29,143,-0.0279945,0.408934,False
rs5752801,29,144,-0.0299179,0.377108,False
rs5752801,29,145,-0.0193667,0.567781,False
rs5752801,29,146,-0.0231157,0.495143,False
rs5752801,29,147,-0.026866,0.427478,False
rs5752801,29,148,-0.0233754,0.48981,False
rs5752801,29,149,-0.0320724,0.343585,False
rs5752801,29,150,-0.0277726,0.410996,False
rs5752801,29,151,-0.029857,0.376465,False
rs5752801,29,152,-0.0293749,0.3836,False
rs5752801,29,153,-0.0276225,0.412468,False
rs5752801,29,154,-0.0295683,0.380089,False
rs5752801,29,155,-0.0317029,0.345473,False
rs5752801,29,156,-0.0313627,0.349983,False
rs5752801,29,157,-0.0332586,0.321685,False
rs5752801,29,158,-0.0388271,0.246348,False
rs5752801,29,159,-0.0325291,0.330994,False
rs5752801,29,160,-0.0410025,0.219954,False
rs5752801,29,161,-0.0394355,0.237492,False
rs5752801,29,162,-0.0370812,0.265888,False
rs5752801,29,163,-0.0393502,0.236451,False
rs5752801,29,164,-0.0462648,0.163152,False
rs5752801,29,165,-0.0445708,0.178332,False
rs5752801,29,166,-0.0467957,0.157288,False
rs5752801,29,167,-0.0403451,0.221916,False
rs5752801,29,168,-0.0515271,0.118193,False
rs5752801,29,169,-0.0565334,0.0859062,False
rs5752801,29,170,-0.0416691,0.204674,False
rs5752801,29,171,-0.0427551,0.192203,False
rs5752801,29,172,-0.0561028,0.0867587,False
rs5752801,29,173,-0.0621612,0.0573745,False
rs5752801,29,174,-0.0519417,0.111522,False
rs5752801,29,175,-0.0600007,0.0654052,False
rs5752801,29,176,-0.0605813,0.0627365,False
rs5752801,29,177,-0.0535181,0.0993198,False
rs5752801,29,178,-0.0602537,0.0628612,False
rs5752801,29,179,-0.0624375,0.0532364,False
rs5752801,29,180,-0.0671396,0.0375881,False
rs5752801,29,181,-0.0703786,0.0288392,False
rs5752801,29,182,-0.060541,0.0598625,False
rs5752801,29,183,-0.0556914,0.0825568,False
rs5752801,29,184,-0.061874,0.0537857,False
rs5752801,29,185,-0.0670173,0.0361869,False
rs5752801,29,186,-0.064702,0.04253,False
rs5752801,29,187,-0.0607144,0.0568887,False
rs5752801,29,188,-0.0640142,0.0446543,False
rs5752801,29,189,-0.0599584,0.0592874,False
rs5752801,29,190,-0.0527697,0.0965131,False
rs5752801,29,191,-0.062269,0.0495171,False
rs5752801,29,192,-0.057581,0.0690846,False
rs5752801,29,193,-0.0637691,0.0441372,False
rs5752801,29,194,-0.0624823,0.0480489,False
rs5752801,29,195,-0.0722224,0.0223444,False
rs5752801,29,196,-0.0687452,0.0299292,False
rs5752801,29,197,-0.0746419,0.0183074,False
rs5752801,29,198,-0.0777094,0.0140567,False
rs5752801,29,199,-0.0801588,0.0112668,False
rs5752801,29,200,-0.0802585,0.0113129,False
rs5752801,29,201,-0.0733072,0.0208529,False
rs5752801,29,202,-0.0758083,0.0171095,False
rs5752801,29,203,-0.0813769,0.0106186,False
rs5752801,29,204,-0.0866429,0.00652242,False
rs5752801,29,205,-0.0861868,0.00690672,False
rs5752801,29,206,-0.0840539,0.00855804,False
rs5752801,29,207,-0.0805328,0.0119611,False
rs5752801,29,208,-0.0888206,0.00573308,False
rs5752801,29,209,-0.0881822,0.00627035,False
rs5752801,29,210,-0.0962734,0.00289394,False
rs5752801,29,211,-0.0942647,0.00361313,False
rs5752801,29,212,-0.0988521,0.00238872,False
rs5752801,29,213,-0.0985655,0.00252571,False
rs5752801,29,214,-0.0953567,0.00370376,False
rs5752801,29,215,-0.0935446,0.00456027,False
rs5752801,29,216,-0.100789,0.0023619,False
rs5752801,29,217,-0.104754,0.00165969,False
rs5752801,29,218,-0.112404,0.000806305,False
rs5752801,29,219,-0.113785,0.000743459,False
rs5752801,29,220,-0.113713,0.000816539,False
rs5752801,29,221,-0.109944,0.00132349,False
rs5752801,29,222,-0.1055,0.00220091,False
rs5752801,29,223,-0.106637,0.00212221,False
rs5752801,29,224,-0.106396,0.00239597,False
rs5752801,29,225,-0.109932,0.00185565,False
rs5752801,29,226,-0.122761,0.00057016,False
rs5752801,29,227,-0.121943,0.000704101,False
rs5752801,29,228,-0.130843,0.000314703,False
rs5752801,29,229,-0.130306,0.000382663,False
rs5752801,29,230,-0.135731,0.000251957,False
rs5752801,29,231,-0.141072,0.000166381,False
rs5752801,29,232,-0.139846,0.000228153,False
rs5752801,29,233,-0.133972,0.00048195,False
rs5752801,29,234,-0.154618,6.83959e-05,False
rs5752801,29,235,-0.164798,2.87216e-05,False
rs5752801,29,236,-0.160176,5.80646e-05,False
rs5752801,29,237,-0.172975,1.86752e-05,False
rs5752801,29,238,-0.175923,1.69728e-05,False
rs5752801,29,239,-0.173044,2.96501e-05,False
rs5752801,29,240,-0.182619,1.38026e-05,False
rs5752801,29,241,-0.182339,1.85964e-05,False
rs5752801,29,242,-0.189729,1.13628e-05,False
rs5752801,29,243,-0.194661,9.00065e-06,False
rs5752801,29,244,-0.195759,1.06999e-05,False
rs5752801,29,245,-0.21165,2.78667e-06,False
rs5752801,29,246,-0.217954,1.96765e-06,False
rs5752801,29,247,-0.215576,3.47444e-06,False
rs5752801,29,248,-0.218708,3.67683e-06,False
rs5752801,29,249,-0.228278,1.87462e-06,False
rs5752801,29,250,-0.225684,3.30951e-06,False
rs5752801,29,251,-0.237079,1.3761e-06,False
rs5752801,30,6,-0.00369482,0.883578,False
rs5752801,30,7,-0.00621972,0.803947,False
rs5752801,30,8,0.00318295,0.898107,False
rs5752801,30,9,0.00143427,0.953615,False
rs5752801,30,10,-0.00832255,0.734057,False
rs5752801,30,11,-0.00256091,0.916335,False
rs5752801,30,12,0.00434037,0.857643,False
rs5752801,30,13,-0.00042618,0.985922,False
rs5752801,30,14,-0.0135759,0.57158,False
rs5752801,30,15,-0.00139873,0.953344,False
rs5752801,30,16,-0.00678082,0.77719,False
rs5752801,30,17,-0.0088211,0.712029,False
rs5752801,30,18,-0.00619257,0.795636,False
rs5752801,30,19,-0.00562488,0.813626,False
rs5752801,30,20,-0.0124996,0.601181,False
rs5752801,30,21,-0.00237562,0.920868,False
rs5752801,30,22,-0.00843759,0.724557,False
rs5752801,30,23,-0.0134142,0.576004,False
rs5752801,30,24,-0.0141767,0.554658,False
rs5752801,30,25,-0.00473385,0.843676,False
rs5752801,30,26,-0.00492999,0.837554,False
rs5752801,30,27,-0.0147665,0.539802,False
rs5752801,30,28,-0.0117036,0.627435,False
rs5752801,30,29,-0.00660241,0.783998,False
rs5752801,30,30,-0.012787,0.59699,False
rs5752801,30,31,-0.000448295,0.985228,False
rs5752801,30,32,-0.0045029,0.852908,False
rs5752801,30,33,-0.0126977,0.600804,False
rs5752801,30,34,0.00237893,0.922205,False
rs5752801,30,35,-0.00982064,0.687682,False
rs5752801,30,36,-0.0217275,0.374298,False
rs5752801,30,37,-0.0158715,0.518212,False
rs5752801,30,38,-0.00919875,0.709011,False
rs5752801,30,39,-0.00551304,0.82334,False
rs5752801,30,40,-0.0119337,0.629582,False
rs5752801,30,41,-0.0131669,0.596079,False
rs5752801,30,42,-0.0127842,0.608704,False
rs5752801,30,43,-0.0114142,0.647744,False
rs5752801,30,44,-0.0133795,0.594271,False
rs5752801,30,45,-0.0199078,0.42971,False
rs5752801,30,46,-0.00950358,0.706999,False
rs5752801,30,47,-0.0142631,0.574847,False
rs5752801,30,48,-0.0172075,0.499143,False
rs5752801,30,49,-0.025314,0.321482,False
rs5752801,30,50,-0.0247877,0.334421,False
rs5752801,30,51,-0.0127971,0.619417,False
rs5752801,30,52,-0.0151487,0.55675,False
rs5752801,30,53,-0.0171663,0.507331,False
rs5752801,30,54,-0.0193837,0.456279,False
rs5752801,30,55,-0.0299923,0.25003,False
rs5752801,30,56,-0.028552,0.274705,False
rs5752801,30,57,-0.0258479,0.325128,False
rs5752801,30,58,-0.0252757,0.337757,False
rs5752801,30,59,-0.022653,0.392773,False
rs5752801,30,60,-0.0299546,0.259738,False
rs5752801,30,61,-0.0258185,0.333697,False
rs5752801,30,62,-0.0235746,0.378565,False
rs5752801,30,63,-0.0279286,0.299521,False
rs5752801,30,64,-0.0300722,0.266463,False
rs5752801,30,65,-0.034226,0.206583,False
rs5752801,30,66,-0.0261388,0.337352,False
rs5752801,30,67,-0.0290805,0.287104,False
rs5752801,30,68,-0.0357573,0.192957,False
rs5752801,30,69,-0.0444008,0.107136,False
rs5752801,30,70,-0.0356567,0.198285,False
rs5752801,30,71,-0.0265881,0.339521,False
rs5752801,30,72,-0.0276076,0.323895,False
rs5752801,30,73,-0.0400312,0.154778,False
rs5752801,30,74,-0.0372325,0.187595,False
rs5752801,30,75,-0.0375859,0.184931,False
rs5752801,30,76,-0.038808,0.173303,False
rs5752801,30,77,-0.0363351,0.205791,False
rs5752801,30,78,-0.039832,0.166509,False
rs5752801,30,79,-0.0382582,0.186337,False
rs5752801,30,80,-0.0454682,0.118389,False
rs5752801,30,81,-0.0386475,0.186587,False
rs5752801,30,82,-0.0344092,0.24059,False
rs5752801,30,83,-0.0391856,0.183707,False
rs5752801,30,84,-0.0391996,0.185429,False
rs5752801,30,85,-0.0341391,0.250255,False
rs5752801,30,86,-0.0272109,0.361488,False
rs5752801,30,87,-0.0302325,0.312348,False
rs5752801,30,88,-0.0304118,0.312753,False
rs5752801,30,89,-0.0374699,0.214763,False
rs5752801,30,90,-0.0315091,0.298481,False
rs5752801,30,91,-0.0297607,0.327939,False
rs5752801,30,92,-0.0270859,0.375154,False
rs5752801,30,93,-0.0360694,0.239715,False
rs5752801,30,94,-0.0310719,0.312636,False
rs5752801,30,95,-0.0332086,0.282163,False
rs5752801,30,96,-0.0322587,0.298289,False
rs5752801,30,97,-0.020706,0.506579,False
rs5752801,30,98,-0.0255749,0.41318,False
rs5752801,30,99,-0.035441,0.258965,False
rs5752801,30,100,-0.0358214,0.255375,False
rs5752801,30,101,-0.0362124,0.25198,False
rs5752801,30,102,-0.0400099,0.20769,False
rs5752801,30,103,-0.0366162,0.249988,False
rs5752801,30,104,-0.0335741,0.292931,False
rs5752801,30,105,-0.0257632,0.420887,False
rs5752801,30,106,-0.0282821,0.378098,False
rs5752801,30,107,-0.0315171,0.327563,False
rs5752801,30,108,-0.0299558,0.353804,False
rs5752801,30,109,-0.0358541,0.269057,False
rs5752801,30,110,-0.0307245,0.344151,False
rs5752801,30,111,-0.0224314,0.491145,False
rs5752801,30,112,-0.0237547,0.466922,False
rs5752801,30,113,-0.0168202,0.607797,False
rs5752801,30,114,-0.0237102,0.470714,False
rs5752801,30,115,-0.0266562,0.418529,False
rs5752801,30,116,-0.0263341,0.425229,False
rs5752801,30,117,-0.0299195,0.36592,False
rs5752801,30,118,-0.0238103,0.473012,False
rs5752801,30,119,-0.0180444,0.587676,False
rs5752801,30,120,-0.0214319,0.520357,False
rs5752801,30,121,-0.018931,0.571356,False
rs5752801,30,122,-0.0343012,0.305889,False
rs5752801,30,123,-0.0354564,0.290546,False
rs5752801,30,124,-0.0354131,0.292066,False
rs5752801,30,125,-0.0308684,0.359059,False
rs5752801,30,126,-0.0287837,0.392894,False
rs5752801,30,127,-0.0310883,0.35674,False
rs5752801,30,128,-0.0325313,0.335548,False
rs5752801,30,129,-0.0291928,0.388207,False
rs5752801,30,130,-0.0265268,0.433612,False
rs5752801,30,131,-0.0270883,0.424545,False
rs5752801,30,132,-0.0213143,0.530572,False
rs5752801,30,133,-0.0263743,0.437892,False
rs5752801,30,134,-0.024492,0.472036,False
rs5752801,30,135,-0.0243849,0.474683,False
rs5752801,30,136,-0.0228057,0.503872,False
rs5752801,30,137,-0.0166182,0.626539,False
rs5752801,30,138,-0.0121301,0.722661,False
rs5752801,30,139,-0.00778849,0.819567,False
rs5752801,30,140,-0.0113737,0.739274,False
rs5752801,30,141,-0.0173837,0.610909,False
rs5752801,30,142,-0.013341,0.695771,False
rs5752801,30,143,-0.0164975,0.628993,False
rs5752801,30,144,-0.0217723,0.523636,False
rs5752801,30,145,-0.0211861,0.534937,False
rs5752801,30,146,-0.0254829,0.454971,False
rs5752801,30,147,-0.0294436,0.387709,False
rs5752801,30,148,-0.025084,0.461874,False
rs5752801,30,149,-0.0263845,0.438638,False
rs5752801,30,150,-0.0250263,0.461477,False
rs5752801,30,151,-0.0225846,0.506227,False
rs5752801,30,152,-0.0293576,0.387319,False
rs5752801,30,153,-0.0313725,0.355213,False
rs5752801,30,154,-0.0385141,0.255938,False
rs5752801,30,155,-0.0349775,0.300865,False
rs5752801,30,156,-0.0364987,0.27994,False
rs5752801,30,157,-0.039814,0.238144,False
rs5752801,30,158,-0.0353042,0.295193,False
rs5752801,30,159,-0.0287447,0.393253,False
rs5752801,30,160,-0.0371846,0.26886,False
rs5752801,30,161,-0.0463821,0.16752,False
rs5752801,30,162,-0.0423118,0.207243,False
rs5752801,30,163,-0.0471235,0.159489,False
rs5752801,30,164,-0.0566267,0.0903059,False
rs5752801,30,165,-0.0506224,0.129255,False
rs5752801,30,166,-0.0449114,0.177502,False
rs5752801,30,167,-0.0505721,0.128719,False
rs5752801,30,168,-0.0566723,0.0880909,False
rs5752801,30,169,-0.0607694,0.0670672,False
rs5752801,30,170,-0.0589823,0.0747832,False
rs5752801,30,171,-0.0585415,0.0762907,False
rs5752801,30,172,-0.055465,0.0923284,False
rs5752801,30,173,-0.0458843,0.163421,False
rs5752801,30,174,-0.0487353,0.137785,False
rs5752801,30,175,-0.0554321,0.0909568,False
rs5752801,30,176,-0.0556994,0.0890181,False
rs5752801,30,177,-0.0582501,0.0750945,False
rs5752801,30,178,-0.0554658,0.0894257,False
rs5752801,30,179,-0.0532553,0.102377,False
rs5752801,30,180,-0.0645201,0.0470903,False
rs5752801,30,181,-0.0617512,0.0568033,False
rs5752801,30,182,-0.058962,0.068731,False
rs5752801,30,183,-0.0681604,0.0349639,False
rs5752801,30,184,-0.0630455,0.0505912,False
rs5752801,30,185,-0.0607238,0.0594086,False
rs5752801,30,186,-0.0609192,0.0578972,False
rs5752801,30,187,-0.0558463,0.0815143,False
rs5752801,30,188,-0.0559321,0.0805857,False
rs5752801,30,189,-0.0539955,0.0910818,False
rs5752801,30,190,-0.049896,0.118819,False
rs5752801,30,191,-0.0526414,0.0991695,False
rs5752801,30,192,-0.0572062,0.0727229,False
rs5752801,30,193,-0.0554683,0.0815995,False
rs5752801,30,194,-0.0579329,0.0690265,False
rs5752801,30,195,-0.0671703,0.0345691,False
rs5752801,30,196,-0.0555504,0.0807253,False
rs5752801,30,197,-0.0693372,0.0294343,False
rs5752801,30,198,-0.0600181,0.0593895,False
rs5752801,30,199,-0.0709291,0.0258633,False
rs5752801,30,200,-0.0633544,0.0467315,False
rs5752801,30,201,-0.0620557,0.0514866,False
rs5752801,30,202,-0.0647919,0.0423948,False
rs5752801,30,203,-0.0772623,0.0155394,False
rs5752801,30,204,-0.0666354,0.0370217,False
rs5752801,30,205,-0.0689078,0.0312388,False
rs5752801,30,206,-0.0781659,0.0147157,False
rs5752801,30,207,-0.076255,0.0174952,False
rs5752801,30,208,-0.0729927,0.0232481,False
rs5752801,30,209,-0.0868533,0.00710854,False
rs5752801,30,210,-0.0887456,0.0061092,False
rs5752801,30,211,-0.0873891,0.00709713,False
rs5752801,30,212,-0.0822049,0.0116962,False
rs5752801,30,213,-0.0812162,0.012979,False
rs5752801,30,214,-0.0975634,0.00295219,False
rs5752801,30,215,-0.0938635,0.0044394,False
rs5752801,30,216,-0.0825064,0.0127443,False
rs5752801,30,217,-0.0909904,0.00628661,False
rs5752801,30,218,-0.0939445,0.00499411,False
rs5752801,30,219,-0.0973186,0.00393047,False
rs5752801,30,220,-0.102007,0.0026234,False
rs5752801,30,221,-0.10532,0.00204204,False
rs5752801,30,222,-0.112468,0.00107565,False
rs5752801,30,223,-0.100291,0.00381453,False
rs5752801,30,224,-0.0987761,0.00467457,False
rs5752801,30,225,-0.100973,0.00411756,False
rs5752801,30,226,-0.111212,0.0017261,False
rs5752801,30,227,-0.10864,0.00240801,False
rs5752801,30,228,-0.11624,0.00130007,False
rs5752801,30,229,-0.110858,0.00237567,False
rs5752801,30,230,-0.112616,0.00225931,False
rs5752801,30,231,-0.123295,0.000948231,False
rs5752801,30,232,-0.127421,0.000725625,False
rs5752801,30,233,-0.136775,0.00033382,False
rs5752801,30,234,-0.143192,0.000209382,False
rs5752801,30,235,-0.151359,0.000107948,False
rs5752801,30,236,-0.150193,0.000146667,False
rs5752801,30,237,-0.159612,6.81625e-05,False
rs5752801,30,238,-0.15812,9.9302e-05,False
rs5752801,30,239,-0.159601,0.000109398,False
rs5752801,30,240,-0.173757,3.22988e-05,False
rs5752801,30,241,-0.167888,7.43012e-05,False
rs5752801,30,242,-0.174335,5.11275e-05,False
rs5752801,30,243,-0.187217,1.78472e-05,False
rs5752801,30,244,-0.180565,4.57782e-05,False
rs5752801,30,245,-0.188069,2.91882e-05,False
rs5752801,30,246,-0.180405,7.75545e-05,False
rs5752801,30,247,-0.192103,3.44066e-05,False
rs5752801,30,248,-0.195952,3.12519e-05,False
rs5752801,30,249,-0.203101,2.09023e-05,False
rs5752801,30,250,-0.200704,3.34024e-05,False
rs5752801,30,251,-0.207922,2.19799e-05,False
rs5752801,31,6,0.0151075,0.551735,False
rs5752801,31,7,0.00937815,0.710521,False
rs5752801,31,8,0.00723851,0.772517,False
rs5752801,31,9,0.0103819,0.676606,False
rs5752801,31,10,-0.000423357,0.986332,False
rs5752801,31,11,-0.0032004,0.896252,False
rs5752801,31,12,-0.00896639,0.712732,False
rs5752801,31,13,-0.0166171,0.493452,False
rs5752801,31,14,-0.0117399,0.627877,False
rs5752801,31,15,-0.017555,0.465727,False
rs5752801,31,16,-0.00807146,0.737057,False
rs5752801,31,17,-0.014633,0.541937,False
rs5752801,31,18,-0.0115851,0.629255,False
rs5752801,31,19,-0.0150568,0.529247,False
rs5752801,31,20,-0.0241347,0.315158,False
rs5752801,31,21,-0.00850124,0.722734,False
rs5752801,31,22,-0.00947466,0.692761,False
rs5752801,31,23,-0.0196072,0.414478,False
rs5752801,31,24,-0.0143465,0.550755,False
rs5752801,31,25,-0.00961984,0.689484,False
rs5752801,31,26,-0.0207404,0.389079,False
rs5752801,31,27,-0.0145245,0.547718,False
rs5752801,31,28,-0.014304,0.554119,False
rs5752801,31,29,-0.0141492,0.55863,False
rs5752801,31,30,-0.0218453,0.36823,False
rs5752801,31,31,-0.00702709,0.772355,False
rs5752801,31,32,-0.00604358,0.80399,False
rs5752801,31,33,-0.00293436,0.904325,False
rs5752801,31,34,-0.0100267,0.681713,False
rs5752801,31,35,-0.011876,0.628037,False
rs5752801,31,36,-0.00793823,0.746197,False
rs5752801,31,37,-0.000850189,0.972488,False
rs5752801,31,38,-0.00141908,0.954256,False
rs5752801,31,39,-0.00576948,0.81601,False
rs5752801,31,40,-0.00583782,0.814535,False
rs5752801,31,41,-0.00967647,0.69791,False
rs5752801,31,42,-0.00957624,0.702187,False
rs5752801,31,43,-0.00638203,0.799345,False
rs5752801,31,44,-0.00723788,0.774311,False
rs5752801,31,45,-0.0147468,0.559192,False
rs5752801,31,46,-0.0148917,0.557228,False
rs5752801,31,47,-0.00710459,0.779994,False
rs5752801,31,48,-0.00977503,0.702152,False
rs5752801,31,49,-0.014037,0.584991,False
rs5752801,31,50,-0.0111483,0.664906,False
rs5752801,31,51,-0.00887856,0.731343,False
rs5752801,31,52,-0.0158852,0.540664,False
rs5752801,31,53,-0.0203057,0.435008,False
rs5752801,31,54,-0.0197142,0.450157,False
rs5752801,31,55,-0.0118905,0.65032,False
rs5752801,31,56,-0.0256549,0.329776,False
rs5752801,31,57,-0.0176258,0.504295,False
rs5752801,31,58,-0.0197174,0.45649,False
rs5752801,31,59,-0.0239175,0.368529,False
rs5752801,31,60,-0.0238663,0.370882,False
rs5752801,31,61,-0.0145395,0.586828,False
rs5752801,31,62,-0.0119734,0.655959,False
rs5752801,31,63,-0.0211602,0.43363,False
rs5752801,31,64,-0.0362097,0.181405,False
rs5752801,31,65,-0.0233438,0.391377,False
rs5752801,31,66,-0.0202155,0.459411,False
rs5752801,31,67,-0.02997,0.274677,False
rs5752801,31,68,-0.0288558,0.295772,False
rs5752801,31,69,-0.036155,0.193096,False
rs5752801,31,70,-0.0310902,0.265381,False
rs5752801,31,71,-0.0305527,0.276006,False
rs5752801,31,72,-0.0329323,0.242184,False
rs5752801,31,73,-0.0262695,0.35297,False
rs5752801,31,74,-0.0219514,0.439848,False
rs5752801,31,75,-0.0307096,0.282706,False
rs5752801,31,76,-0.0342983,0.232245,False
rs5752801,31,77,-0.0345869,0.23132,False
rs5752801,31,78,-0.0360389,0.213387,False
rs5752801,31,79,-0.0338142,0.244717,False
rs5752801,31,80,-0.0412706,0.158986,False
rs5752801,31,81,-0.0438918,0.13555,False
rs5752801,31,82,-0.047623,0.107418,False
rs5752801,31,83,-0.0330887,0.264863,False
rs5752801,31,84,-0.0418446,0.160345,False
rs5752801,31,85,-0.0412777,0.16874,False
rs5752801,31,86,-0.041937,0.163111,False
rs5752801,31,87,-0.0382979,0.204285,False
rs5752801,31,88,-0.042604,0.159582,False
rs5752801,31,89,-0.0360018,0.236353,False
rs5752801,31,90,-0.0383039,0.209925,False
rs5752801,31,91,-0.0449787,0.142594,False
rs5752801,31,92,-0.0467483,0.128914,False
rs5752801,31,93,-0.0421408,0.172812,False
rs5752801,31,94,-0.0390526,0.208373,False
rs5752801,31,95,-0.0284022,0.362171,False
rs5752801,31,96,-0.0279918,0.371225,False
rs5752801,31,97,-0.0423625,0.17714,False
rs5752801,31,98,-0.0370971,0.238887,False
rs5752801,31,99,-0.0388089,0.219635,False
rs5752801,31,100,-0.0357044,0.260396,False
rs5752801,31,101,-0.0310592,0.329508,False
rs5752801,31,102,-0.0269357,0.399286,False
rs5752801,31,103,-0.0308337,0.335755,False
rs5752801,31,104,-0.0195425,0.543094,False
rs5752801,31,105,-0.019082,0.553572,False
rs5752801,31,106,-0.0230867,0.47498,False
rs5752801,31,107,-0.0106404,0.742458,False
rs5752801,31,108,-0.0215404,0.50725,False
rs5752801,31,109,-0.0231812,0.47707,False
rs5752801,31,110,-0.0258881,0.427795,False
rs5752801,31,111,-0.0192552,0.556269,False
rs5752801,31,112,-0.024513,0.455397,False
rs5752801,31,113,-0.02625,0.425628,False
rs5752801,31,114,-0.0235289,0.475778,False
rs5752801,31,115,-0.0187585,0.570452,False
rs5752801,31,116,-0.0220281,0.505856,False
rs5752801,31,117,-0.0243894,0.462414,False
rs5752801,31,118,-0.0215661,0.517552,False
rs5752801,31,119,-0.027732,0.406866,False
rs5752801,31,120,-0.0318705,0.341347,False
rs5752801,31,121,-0.0287694,0.391341,False
rs5752801,31,122,-0.0225872,0.501533,False
rs5752801,31,123,-0.0258075,0.443335,False
rs5752801,31,124,-0.0205252,0.54285,False
rs5752801,31,125,-0.028486,0.398952,False
rs5752801,31,126,-0.0273395,0.418644,False
rs5752801,31,127,-0.0275349,0.416657,False
rs5752801,31,128,-0.0266153,0.432557,False
rs5752801,31,129,-0.0305159,0.368349,False
rs5752801,31,130,-0.0295695,0.383961,False
rs5752801,31,131,-0.0279254,0.411771,False
rs5752801,31,132,-0.0260357,0.444508,False
rs5752801,31,133,-0.0332134,0.329896,False
rs5752801,31,134,-0.0381597,0.263157,False
rs5752801,31,135,-0.0368826,0.280067,False
rs5752801,31,136,-0.0338909,0.320956,False
rs5752801,31,137,-0.0226746,0.506433,False
rs5752801,31,138,-0.0227617,0.505333,False
rs5752801,31,139,-0.0180945,0.596806,False
rs5752801,31,140,-0.0206888,0.545243,False
rs5752801,31,141,-0.0167985,0.623402,False
rs5752801,31,142,-0.0204972,0.549413,False
rs5752801,31,143,-0.0231573,0.498419,False
rs5752801,31,144,-0.0254025,0.457822,False
rs5752801,31,145,-0.0261328,0.44496,False
rs5752801,31,146,-0.0261353,0.445188,False
rs5752801,31,147,-0.0210437,0.538819,False
rs5752801,31,148,-0.0200727,0.5573,False
rs5752801,31,149,-0.021341,0.532379,False
rs5752801,31,150,-0.024861,0.466237,False
rs5752801,31,151,-0.0257266,0.450632,False
rs5752801,31,152,-0.0197677,0.562161,False
rs5752801,31,153,-0.0244999,0.472527,False
rs5752801,31,154,-0.028394,0.4039,False
rs5752801,31,155,-0.0260823,0.442936,False
rs5752801,31,156,-0.029409,0.386561,False
rs5752801,31,157,-0.0315617,0.352431,False
rs5752801,31,158,-0.0361364,0.28661,False
rs5752801,31,159,-0.0344683,0.308702,False
rs5752801,31,160,-0.0368886,0.275401,False
rs5752801,31,161,-0.0429073,0.203856,False
rs5752801,31,162,-0.0381066,0.258605,False
rs5752801,31,163,-0.0453516,0.178245,False
rs5752801,31,164,-0.0471855,0.160941,False
rs5752801,31,165,-0.0462798,0.168029,False
rs5752801,31,166,-0.0417645,0.212869,False
rs5752801,31,167,-0.0523174,0.118362,False
rs5752801,31,168,-0.0540728,0.105318,False
rs5752801,31,169,-0.0592713,0.0750517,False
rs5752801,31,170,-0.0566702,0.0885368,False
rs5752801,31,171,-0.0491795,0.138467,False
rs5752801,31,172,-0.0566071,0.0877312,False
rs5752801,31,173,-0.0549988,0.0967201,False
rs5752801,31,174,-0.0519431,0.115876,False
rs5752801,31,175,-0.059802,0.0698799,False
rs5752801,31,176,-0.0630553,0.0553122,False
rs5752801,31,177,-0.0665905,0.0424103,False
rs5752801,31,178,-0.0615808,0.0601649,False
rs5752801,31,179,-0.0685483,0.036252,False
rs5752801,31,180,-0.0691765,0.0338699,False
rs5752801,31,181,-0.0740644,0.0227033,False
rs5752801,31,182,-0.077261,0.0174405,False
rs5752801,31,183,-0.0707674,0.029093,False
rs5752801,31,184,-0.0709439,0.0285477,False
rs5752801,31,185,-0.0680579,0.0352976,False
rs5752801,31,186,-0.0628901,0.0512496,False
rs5752801,31,187,-0.066578,0.0388234,False
rs5752801,31,188,-0.0659575,0.040004,False
rs5752801,31,189,-0.0641689,0.0454469,False
rs5752801,31,190,-0.0619079,0.0528859,False
rs5752801,31,191,-0.0586823,0.0665963,False
rs5752801,31,192,-0.0614903,0.0538069,False
rs5752801,31,193,-0.0661685,0.0377161,False
rs5752801,31,194,-0.0646773,0.0424203,False
rs5752801,31,195,-0.0696302,0.0289211,False
rs5752801,31,196,-0.0697664,0.028572,False
rs5752801,31,197,-0.0660273,0.0382503,False
rs5752801,31,198,-0.072138,0.0235369,False
rs5752801,31,199,-0.0820763,0.0100459,False
rs5752801,31,200,-0.0734731,0.0212561,False
rs5752801,31,201,-0.0795051,0.0126428,False
rs5752801,31,202,-0.0820807,0.0100553,False
rs5752801,31,203,-0.0764328,0.0164646,False
rs5752801,31,204,-0.0746598,0.0194038,False
rs5752801,31,205,-0.0785507,0.0139769,False
rs5752801,31,206,-0.0760777,0.0175442,False
rs5752801,31,207,-0.0762398,0.0175396,False
rs5752801,31,208,-0.0769033,0.0167143,False
rs5752801,31,209,-0.0833761,0.00968834,False
rs5752801,31,210,-0.0836599,0.0096352,False
rs5752801,31,211,-0.082916,0.0104368,False
rs5752801,31,212,-0.0777416,0.0166571,False
rs5752801,31,213,-0.0765224,0.01875,False
rs5752801,31,214,-0.0767321,0.01888,False
rs5752801,31,215,-0.0757106,0.0211401,False
rs5752801,31,216,-0.078949,0.0166858,False
rs5752801,31,217,-0.0784755,0.0180487,False
rs5752801,31,218,-0.0855324,0.0103573,False
rs5752801,31,219,-0.077102,0.02161,False
rs5752801,31,220,-0.0867654,0.010113,False
rs5752801,31,221,-0.0862523,0.0111288,False
rs5752801,31,222,-0.0864802,0.011433,False
rs5752801,31,223,-0.0956017,0.00551106,False
rs5752801,31,224,-0.0939154,0.0067998,False
rs5752801,31,225,-0.0956721,0.00622166,False
rs5752801,31,226,-0.106501,0.0025257,False
rs5752801,31,227,-0.102222,0.00408736,False
rs5752801,31,228,-0.112803,0.00166829,False
rs5752801,31,229,-0.106421,0.00335992,False
rs5752801,31,230,-0.109456,0.00278518,False
rs5752801,31,231,-0.117349,0.00153052,False
rs5752801,31,232,-0.115906,0.00195329,False
rs5752801,31,233,-0.129739,0.000606041,False
rs5752801,31,234,-0.137045,0.000349788,False
rs5752801,31,235,-0.127088,0.00105311,False
rs5752801,31,236,-0.140808,0.000342987,False
rs5752801,31,237,-0.147869,0.000207305,False
rs5752801,31,238,-0.152311,0.000161286,False
rs5752801,31,239,-0.156385,0.000131286,False
rs5752801,31,240,-0.164079,7.57996e-05,False
rs5752801,31,241,-0.177255,2.52504e-05,False
rs5752801,31,242,-0.174136,4.52033e-05,False
rs5752801,31,243,-0.185315,1.90312e-05,False
rs5752801,31,244,-0.190613,1.47895e-05,False
rs5752801,31,245,-0.183119,4.25206e-05,False
rs5752801,31,246,-0.197172,1.41903e-05,False
rs5752801,31,247,-0.202234,1.17985e-05,False
rs5752801,31,248,-0.205516,1.14576e-05,False
rs5752801,31,249,-0.215412,6.06874e-06,False
rs5752801,31,250,-0.220186,5.0489e-06,False
rs5752801,31,251,-0.230303,2.45112e-06,False
rs5752801,32,6,-0.000704504,0.977789,False
rs5752801,32,7,0.0008108,0.974244,False
rs5752801,32,8,-0.0130622,0.600065,False
rs5752801,32,9,-0.00450877,0.85501,False
rs5752801,32,10,0.000585518,0.980975,False
rs5752801,32,11,-0.00754585,0.757016,False
rs5752801,32,12,-0.00254199,0.916585,False
rs5752801,32,13,9.17427e-07,0.99997,False
rs5752801,32,14,0.00219896,0.927281,False
rs5752801,32,15,-0.0165758,0.490343,False
rs5752801,32,16,-0.000112555,0.996259,False
rs5752801,32,17,-0.00428084,0.858401,False
rs5752801,32,18,-0.000749629,0.975038,False
rs5752801,32,19,-0.00644269,0.788235,False
rs5752801,32,20,-0.00780826,0.74542,False
rs5752801,32,21,0.00161637,0.946357,False
rs5752801,32,22,-0.0111388,0.6434,False
rs5752801,32,23,3.69376e-05,0.998777,False
rs5752801,32,24,-0.00514166,0.831067,False
rs5752801,32,25,0.00996941,0.679703,False
rs5752801,32,26,-0.00931615,0.700547,False
rs5752801,32,27,0.0100821,0.677088,False
rs5752801,32,28,0.00204165,0.932888,False
rs5752801,32,29,-0.00608312,0.80247,False
rs5752801,32,30,-0.00247696,0.919009,False
rs5752801,32,31,-0.00634828,0.794671,False
rs5752801,32,32,-0.0060642,0.80418,False
rs5752801,32,33,-0.00645608,0.792365,False
rs5752801,32,34,-0.0104748,0.669909,False
rs5752801,32,35,-0.0117558,0.633299,False
rs5752801,32,36,-0.0275575,0.26428,False
rs5752801,32,37,-0.0104057,0.674069,False
rs5752801,32,38,-0.0247515,0.318796,False
rs5752801,32,39,-0.0144794,0.560992,False
rs5752801,32,40,-0.0125163,0.615943,False
rs5752801,32,41,-0.0254662,0.3091,False
rs5752801,32,42,-0.0326416,0.19412,False
rs5752801,32,43,-0.020541,0.415815,False
rs5752801,32,44,-0.0208604,0.410451,False
rs5752801,32,45,-0.0267629,0.291952,False
rs5752801,32,46,-0.0258563,0.310902,False
rs5752801,32,47,-0.0207079,0.41788,False
rs5752801,32,48,-0.0209366,0.414673,False
rs5752801,32,49,-0.017453,0.497993,False
rs5752801,32,50,-0.0242809,0.347185,False
rs5752801,32,51,-0.0156675,0.546191,False
rs5752801,32,52,-0.031508,0.226311,False
rs5752801,32,53,-0.0254611,0.330839,False
rs5752801,32,54,-0.0239206,0.361934,False
rs5752801,32,55,-0.0319346,0.225086,False
rs5752801,32,56,-0.0308546,0.242973,False
rs5752801,32,57,-0.031404,0.237185,False
rs5752801,32,58,-0.0286781,0.282753,False
rs5752801,32,59,-0.0401987,0.133621,False
rs5752801,32,60,-0.0315005,0.241303,False
rs5752801,32,61,-0.0452723,0.0933155,False
rs5752801,32,62,-0.0404772,0.135941,False
rs5752801,32,63,-0.0437597,0.108791,False
rs5752801,32,64,-0.0402935,0.140937,False
rs5752801,32,65,-0.0354839,0.19712,False
rs5752801,32,66,-0.0366431,0.18564,False
rs5752801,32,67,-0.038899,0.161746,False
rs5752801,32,68,-0.0313077,0.261357,False
rs5752801,32,69,-0.0240409,0.39077,False
rs5752801,32,70,-0.0336624,0.231656,False
rs5752801,32,71,-0.0428313,0.130087,False
rs5752801,32,72,-0.0359438,0.205456,False
rs5752801,32,73,-0.0349489,0.220247,False
rs5752801,32,74,-0.0403091,0.159867,False
rs5752801,32,75,-0.0400587,0.163975,False
rs5752801,32,76,-0.0404815,0.161609,False
rs5752801,32,77,-0.0394023,0.174606,False
rs5752801,32,78,-0.0326038,0.264798,False
rs5752801,32,79,-0.0290271,0.322323,False
rs5752801,32,80,-0.0355005,0.228577,False
rs5752801,32,81,-0.035727,0.228019,False
rs5752801,32,82,-0.0423471,0.154466,False
rs5752801,32,83,-0.0422596,0.157601,False
rs5752801,32,84,-0.0386934,0.197171,False
rs5752801,32,85,-0.0336343,0.264556,False
rs5752801,32,86,-0.0328483,0.277907,False
rs5752801,32,87,-0.0302771,0.319073,False
rs5752801,32,88,-0.0327947,0.282508,False
rs5752801,32,89,-0.0240827,0.431732,False
rs5752801,32,90,-0.0322923,0.293829,False
rs5752801,32,91,-0.0233798,0.448939,False
rs5752801,32,92,-0.0214927,0.48851,False
rs5752801,32,93,-0.0294904,0.343091,False
rs5752801,32,94,-0.0291208,0.351291,False
rs5752801,32,95,-0.0348284,0.266803,False
rs5752801,32,96,-0.0305802,0.330534,False
rs5752801,32,97,-0.0305707,0.332887,False
rs5752801,32,98,-0.0338505,0.285127,False
rs5752801,32,99,-0.0335158,0.291463,False
rs5752801,32,100,-0.0369144,0.246841,False
rs5752801,32,101,-0.0324875,0.309648,False
rs5752801,32,102,-0.0294513,0.357896,False
rs5752801,32,103,-0.0297401,0.354759,False
rs5752801,32,104,-0.0384518,0.233691,False
rs5752801,32,105,-0.0388342,0.23049,False
rs5752801,32,106,-0.048742,0.133354,False
rs5752801,32,107,-0.0300485,0.356385,False
rs5752801,32,108,-0.0299256,0.359375,False
rs5752801,32,109,-0.0355479,0.277373,False
rs5752801,32,110,-0.0277632,0.397069,False
rs5752801,32,111,-0.0266384,0.418008,False
rs5752801,32,112,-0.028222,0.3919,False
rs5752801,32,113,-0.0286829,0.385692,False
rs5752801,32,114,-0.0168811,0.610362,False
rs5752801,32,115,-0.0236304,0.476469,False
rs5752801,32,116,-0.030179,0.364733,False
rs5752801,32,117,-0.0271525,0.415718,False
rs5752801,32,118,-0.0330319,0.323289,False
rs5752801,32,119,-0.0320521,0.338895,False
rs5752801,32,120,-0.0290971,0.385807,False
rs5752801,32,121,-0.0386319,0.250544,False
rs5752801,32,122,-0.0411244,0.222172,False
rs5752801,32,123,-0.0467272,0.16569,False
rs5752801,32,124,-0.039355,0.244122,False
rs5752801,32,125,-0.0432472,0.201953,False
rs5752801,32,126,-0.0470334,0.165663,False
rs5752801,32,127,-0.0468756,0.167315,False
rs5752801,32,128,-0.0453022,0.182762,False
rs5752801,32,129,-0.039639,0.244009,False
rs5752801,32,130,-0.0446103,0.190466,False
rs5752801,32,131,-0.0492057,0.149147,False
rs5752801,32,132,-0.0464697,0.173897,False
rs5752801,32,133,-0.0469627,0.169638,False
rs5752801,32,134,-0.0380315,0.266699,False
rs5752801,32,135,-0.0406585,0.235307,False
rs5752801,32,136,-0.0442558,0.19659,False
rs5752801,32,137,-0.04112,0.23074,False
rs5752801,32,138,-0.0414755,0.226848,False
rs5752801,32,139,-0.0334244,0.330124,False
rs5752801,32,140,-0.0358877,0.295947,False
rs5752801,32,141,-0.033296,0.331929,False
rs5752801,32,142,-0.0312491,0.362709,False
rs5752801,32,143,-0.0348782,0.30973,False
rs5752801,32,144,-0.0399482,0.244739,False
rs5752801,32,145,-0.0415091,0.226345,False
rs5752801,32,146,-0.0367196,0.284572,False
rs5752801,32,147,-0.0379053,0.268967,False
rs5752801,32,148,-0.039026,0.255233,False
rs5752801,32,149,-0.0431865,0.207822,False
rs5752801,32,150,-0.0378293,0.269627,False
rs5752801,32,151,-0.0364038,0.288221,False
rs5752801,32,152,-0.0431991,0.206976,False
rs5752801,32,153,-0.0420219,0.219262,False
rs5752801,32,154,-0.0367275,0.282611,False
rs5752801,32,155,-0.050875,0.136304,False
rs5752801,32,156,-0.0458481,0.179372,False
rs5752801,32,157,-0.0497345,0.144764,False
rs5752801,32,158,-0.053173,0.11846,False
rs5752801,32,159,-0.0457212,0.178198,False
rs5752801,32,160,-0.0560565,0.0984488,False
rs5752801,32,161,-0.0526241,0.120308,False
rs5752801,32,162,-0.0460278,0.173838,False
rs5752801,32,163,-0.0434656,0.198479,False
rs5752801,32,164,-0.0445877,0.186482,False
rs5752801,32,165,-0.0596446,0.0768117,False
rs5752801,32,166,-0.0576364,0.0868965,False
rs5752801,32,167,-0.0527835,0.115948,False
rs5752801,32,168,-0.0589126,0.0787351,False
rs5752801,32,169,-0.0537591,0.108058,False
rs5752801,32,170,-0.0503019,0.132001,False
rs5752801,32,171,-0.0508848,0.127307,False
rs5752801,32,172,-0.0452129,0.175019,False
rs5752801,32,173,-0.0564465,0.0902068,False
rs5752801,32,174,-0.0628928,0.0586076,False
rs5752801,32,175,-0.0609112,0.0664821,False
rs5752801,32,176,-0.0611329,0.0646962,False
rs5752801,32,177,-0.0566942,0.0863975,False
rs5752801,32,178,-0.062651,0.0574821,False
rs5752801,32,179,-0.0653703,0.0469123,False
rs5752801,32,180,-0.0654461,0.0463501,False
rs5752801,32,181,-0.07608,0.020207,False
rs5752801,32,182,-0.0724114,0.027001,False
rs5752801,32,183,-0.0758257,0.0201589,False
rs5752801,32,184,-0.0759438,0.0197429,False
rs5752801,32,185,-0.0677883,0.0371304,False
rs5752801,32,186,-0.0640434,0.0485833,False
rs5752801,32,187,-0.0698989,0.031276,False
rs5752801,32,188,-0.0722954,0.0252488,False
rs5752801,32,189,-0.0759575,0.0185583,False
rs5752801,32,190,-0.0780622,0.0154243,False
rs5752801,32,191,-0.0753564,0.0190803,False
rs5752801,32,192,-0.0687214,0.032193,False
rs5752801,32,193,-0.0700918,0.028918,False
rs5752801,32,194,-0.072835,0.0229161,False
rs5752801,32,195,-0.0731353,0.0223023,False
rs5752801,32,196,-0.0769587,0.0159822,False
rs5752801,32,197,-0.0748673,0.0193469,False
rs5752801,32,198,-0.0767652,0.0164302,False
rs5752801,32,199,-0.0851517,0.00777409,False
rs5752801,32,200,-0.078544,0.0140211,False
rs5752801,32,201,-0.0829508,0.00955389,False
rs5752801,32,202,-0.0834725,0.00914007,False
rs5752801,32,203,-0.0779338,0.0149448,False
rs5752801,32,204,-0.0816387,0.0109474,False
rs5752801,32,205,-0.0869575,0.00672049,False
rs5752801,32,206,-0.0849567,0.00828504,False
rs5752801,32,207,-0.080293,0.0126082,False
rs5752801,32,208,-0.0856737,0.00790843,False
rs5752801,32,209,-0.0835252,0.0096232,False
rs5752801,32,210,-0.0902411,0.00520825,False
rs5752801,32,211,-0.0783384,0.0155763,False
rs5752801,32,212,-0.0815987,0.012111,False
rs5752801,32,213,-0.0867952,0.00775149,False
rs5752801,32,214,-0.084744,0.00965262,False
rs5752801,32,215,-0.0815963,0.0129819,False
rs5752801,32,216,-0.0855911,0.00938667,False
rs5752801,32,217,-0.0923966,0.00531942,False
rs5752801,32,218,-0.0847739,0.010889,False
rs5752801,32,219,-0.0961175,0.00406489,False
rs5752801,32,220,-0.095244,0.00464945,False
rs5752801,32,221,-0.0870971,0.00996286,False
rs5752801,32,222,-0.0937915,0.00582405,False
rs5752801,32,223,-0.0965582,0.00476594,False
rs5752801,32,224,-0.0955831,0.00557213,False
rs5752801,32,225,-0.111865,0.0013093,False
rs5752801,32,226,-0.106525,0.00240532,False
rs5752801,32,227,-0.113847,0.00129454,False
rs5752801,32,228,-0.121431,0.000674989,False
rs5752801,32,229,-0.115209,0.00141075,False
rs5752801,32,230,-0.118237,0.00117275,False
rs5752801,32,231,-0.128744,0.000463499,False
rs5752801,32,232,-0.1356,0.000273141,False
rs5752801,32,233,-0.129229,0.000603845,False
rs5752801,32,234,-0.137003,0.000330694,False
rs5752801,32,235,-0.133081,0.000567464,False
rs5752801,32,236,-0.141028,0.000307762,False
rs5752801,32,237,-0.143896,0.000281861,False
rs5752801,32,238,-0.157818,8.43522e-05,False
rs5752801,32,239,-0.144134,0.00039725,False
rs5752801,32,240,-0.147538,0.000351887,False
rs5752801,32,241,-0.164488,8.59902e-05,False
rs5752801,32,242,-0.163183,0.000122103,False
rs5752801,32,243,-0.16797,9.7738e-05,False
rs5752801,32,244,-0.168868,0.000114608,False
rs5752801,32,245,-0.180555,4.80232e-05,False
rs5752801,32,246,-0.176098,9.58442e-05,False
rs5752801,32,247,-0.187723,4.24772e-05,False
rs5752801,32,248,-0.188697,5.08319e-05,False
rs5752801,32,249,-0.193768,4.08994e-05,False
rs5752801,32,250,-0.209245,1.2704e-05,False
rs5752801,32,251,-0.206328,2.19647e-05,False
rs5752801,33,6,0.0114454,0.653517,False
rs5752801,33,7,0.00452579,0.858351,False
rs5752801,33,8,0.00153396,0.951274,False
rs5752801,33,9,0.00267695,0.914572,False
rs5752801,33,10,-0.00364717,0.883024,False
rs5752801,33,11,0.00753663,0.759211,False
rs5752801,33,12,0.0105313,0.666653,False
rs5752801,33,13,-0.00180458,0.940909,False
rs5752801,33,14,-0.00324472,0.893587,False
rs5752801,33,15,0.00466881,0.84701,False
rs5752801,33,16,-0.000657364,0.978273,False
rs5752801,33,17,-0.00289523,0.904274,False
rs5752801,33,18,0.0151753,0.528962,False
rs5752801,33,19,0.00525906,0.827438,False
rs5752801,33,20,0.00368536,0.878323,False
rs5752801,33,21,0.00954648,0.692018,False
rs5752801,33,22,-0.00409174,0.865345,False
rs5752801,33,23,-0.00274641,0.909716,False
rs5752801,33,24,-0.000982591,0.967656,False
rs5752801,33,25,0.00359398,0.88218,False
rs5752801,33,26,-0.00318531,0.895662,False
rs5752801,33,27,0.00157728,0.948286,False
rs5752801,33,28,-0.0087548,0.720059,False
rs5752801,33,29,-0.0143888,0.556092,False
rs5752801,33,30,-3.24797e-07,0.999989,False
rs5752801,33,31,-0.00680648,0.781684,False
rs5752801,33,32,-0.0182558,0.458506,False
rs5752801,33,33,-0.00879797,0.721315,False
rs5752801,33,34,-0.00720959,0.771037,False
rs5752801,33,35,-0.00991894,0.68919,False
rs5752801,33,36,-0.00494469,0.842129,False
rs5752801,33,37,-0.00587119,0.813916,False
rs5752801,33,38,-0.0140167,0.575763,False
rs5752801,33,39,-0.0138642,0.580142,False
rs5752801,33,40,-0.0120734,0.63138,False
rs5752801,33,41,-0.0155764,0.537334,False
rs5752801,33,42,-0.013501,0.59368,False
rs5752801,33,43,-0.00651112,0.797667,False
rs5752801,33,44,-0.0149017,0.558935,False
rs5752801,33,45,-0.0154208,0.546447,False
rs5752801,33,46,0.0011426,0.964522,False
rs5752801,33,47,-0.00904441,0.725798,False
rs5752801,33,48,-0.0104049,0.687059,False
rs5752801,33,49,-0.0150699,0.560625,False
rs5752801,33,50,-0.0227543,0.382076,False
rs5752801,33,51,-0.0231973,0.374056,False
rs5752801,33,52,-0.0167272,0.523559,False
rs5752801,33,53,-0.0216819,0.411154,False
rs5752801,33,54,-0.0344832,0.192272,False
rs5752801,33,55,-0.0321842,0.224674,False
rs5752801,33,56,-0.0326779,0.219554,False
rs5752801,33,57,-0.0314649,0.23938,False
rs5752801,33,58,-0.025505,0.342953,False
rs5752801,33,59,-0.0288046,0.286697,False
rs5752801,33,60,-0.0283078,0.296066,False
rs5752801,33,61,-0.0277281,0.30803,False
rs5752801,33,62,-0.0266371,0.329171,False
rs5752801,33,63,-0.0297691,0.277693,False
rs5752801,33,64,-0.0312772,0.256484,False
rs5752801,33,65,-0.0257175,0.353108,False
rs5752801,33,66,-0.0261575,0.347067,False
rs5752801,33,67,-0.0235303,0.400037,False
rs5752801,33,68,-0.0293995,0.295011,False
rs5752801,33,69,-0.032868,0.243865,False
rs5752801,33,70,-0.0204227,0.471463,False
rs5752801,33,71,-0.0273226,0.337882,False
rs5752801,33,72,-0.0207974,0.466968,False
rs5752801,33,73,-0.0328762,0.253331,False
rs5752801,33,74,-0.0280966,0.331852,False
rs5752801,33,75,-0.023326,0.422711,False
rs5752801,33,76,-0.0265217,0.364228,False
rs5752801,33,77,-0.0306602,0.295688,False
rs5752801,33,78,-0.0303698,0.303026,False
rs5752801,33,79,-0.0317856,0.282742,False
rs5752801,33,80,-0.032473,0.275073,False
rs5752801,33,81,-0.0262678,0.380475,False
rs5752801,33,82,-0.01538,0.608053,False
rs5752801,33,83,-0.0287244,0.341161,False
rs5752801,33,84,-0.0427815,0.157805,False
rs5752801,33,85,-0.0348197,0.251962,False
rs5752801,33,86,-0.0361299,0.237183,False
rs5752801,33,87,-0.0384991,0.209462,False
rs5752801,33,88,-0.0321936,0.295677,False
rs5752801,33,89,-0.0257719,0.404817,False
rs5752801,33,90,-0.0330473,0.287024,False
rs5752801,33,91,-0.0349088,0.262469,False
rs5752801,33,92,-0.0330913,0.289485,False
rs5752801,33,93,-0.0354821,0.258172,False
rs5752801,33,94,-0.0426162,0.175563,False
rs5752801,33,95,-0.0326186,0.301611,False
rs5752801,33,96,-0.0318394,0.314889,False
rs5752801,33,97,-0.0384043,0.226924,False
rs5752801,33,98,-0.041185,0.197003,False
rs5752801,33,99,-0.0262412,0.412348,False
rs5752801,33,100,-0.0305987,0.341162,False
rs5752801,33,101,-0.0340206,0.290807,False
rs5752801,33,102,-0.0367855,0.254206,False
rs5752801,33,103,-0.0376949,0.243864,False
rs5752801,33,104,-0.0235217,0.46888,False
rs5752801,33,105,-0.0343895,0.290344,False
rs5752801,33,106,-0.0232524,0.477066,False
rs5752801,33,107,-0.0283163,0.387699,False
rs5752801,33,108,-0.0247526,0.451053,False
rs5752801,33,109,-0.0319504,0.331562,False
rs5752801,33,110,-0.0269613,0.414036,False
rs5752801,33,111,-0.0287212,0.385253,False
rs5752801,33,112,-0.0189594,0.56715,False
rs5752801,33,113,-0.0195147,0.556808,False
rs5752801,33,114,-0.0245484,0.461176,False
rs5752801,33,115,-0.0295242,0.376066,False
rs5752801,33,116,-0.0285622,0.3924,False
rs5752801,33,117,-0.0390366,0.243314,False
rs5752801,33,118,-0.0387182,0.248113,False
rs5752801,33,119,-0.029905,0.373531,False
rs5752801,33,120,-0.0290898,0.388212,False
rs5752801,33,121,-0.0372506,0.26941,False
rs5752801,33,122,-0.0361588,0.284582,False
rs5752801,33,123,-0.0373992,0.269019,False
rs5752801,33,124,-0.0366122,0.280148,False
rs5752801,33,125,-0.0415599,0.221089,False
rs5752801,33,126,-0.0390715,0.25058,False
rs5752801,33,127,-0.0386042,0.257553,False
rs5752801,33,128,-0.0393033,0.248992,False
rs5752801,33,129,-0.0322048,0.345684,False
rs5752801,33,130,-0.034755,0.309574,False
rs5752801,33,131,-0.0304779,0.37359,False
rs5752801,33,132,-0.0278492,0.416614,False
rs5752801,33,133,-0.0211498,0.537218,False
rs5752801,33,134,-0.0255855,0.455553,False
rs5752801,33,135,-0.0244307,0.477209,False
rs5752801,33,136,-0.0255541,0.457514,False
rs5752801,33,137,-0.0257523,0.454192,False
rs5752801,33,138,-0.0239523,0.486072,False
rs5752801,33,139,-0.0310754,0.366222,False
rs5752801,33,140,-0.0320144,0.35135,False
rs5752801,33,141,-0.0313844,0.361625,False
rs5752801,33,142,-0.0296216,0.389305,False
rs5752801,33,143,-0.031666,0.356768,False
rs5752801,33,144,-0.0249551,0.467655,False
rs5752801,33,145,-0.0247144,0.472447,False
rs5752801,33,146,-0.0235933,0.492585,False
rs5752801,33,147,-0.0246342,0.473755,False
rs5752801,33,148,-0.0307129,0.371112,False
rs5752801,33,149,-0.0319375,0.35228,False
rs5752801,33,150,-0.0273287,0.426061,False
rs5752801,33,151,-0.0282591,0.410074,False
rs5752801,33,152,-0.0301907,0.379159,False
rs5752801,33,153,-0.0318836,0.352752,False
rs5752801,33,154,-0.0392413,0.251896,False
rs5752801,33,155,-0.0471576,0.16896,False
rs5752801,33,156,-0.0472307,0.167678,False
rs5752801,33,157,-0.0434649,0.204086,False
rs5752801,33,158,-0.0458776,0.179395,False
rs5752801,33,159,-0.0510947,0.134347,False
rs5752801,33,160,-0.0575958,0.0909608,False
rs5752801,33,161,-0.0567681,0.0957728,False
rs5752801,33,162,-0.0591111,0.082206,False
rs5752801,33,163,-0.0511627,0.132011,False
rs5752801,33,164,-0.0501841,0.138957,False
rs5752801,33,165,-0.0442416,0.191215,False
rs5752801,33,166,-0.0527637,0.118785,False
rs5752801,33,167,-0.0503562,0.13556,False
rs5752801,33,168,-0.0474397,0.159658,False
rs5752801,33,169,-0.046856,0.163992,False
rs5752801,33,170,-0.0444151,0.187023,False
rs5752801,33,171,-0.0421364,0.209382,False
rs5752801,33,172,-0.0398183,0.235107,False
rs5752801,33,173,-0.0475593,0.155337,False
rs5752801,33,174,-0.048244,0.148364,False
rs5752801,33,175,-0.0526853,0.113958,False
rs5752801,33,176,-0.0570911,0.0859901,False
rs5752801,33,177,-0.0558614,0.0925955,False
rs5752801,33,178,-0.0584744,0.0779949,False
rs5752801,33,179,-0.0616766,0.0622939,False
rs5752801,33,180,-0.064349,0.0512971,False
rs5752801,33,181,-0.064579,0.0501433,False
rs5752801,33,182,-0.0534123,0.104766,False
rs5752801,33,183,-0.0613448,0.0622687,False
rs5752801,33,184,-0.0689795,0.0356225,False
rs5752801,33,185,-0.0695064,0.0336234,False
rs5752801,33,186,-0.0695647,0.032939,False
rs5752801,33,187,-0.0663056,0.0419343,False
rs5752801,33,188,-0.0654404,0.0443915,False
rs5752801,33,189,-0.0688935,0.0336851,False
rs5752801,33,190,-0.0677337,0.036585,False
rs5752801,33,191,-0.0756875,0.0193218,False
rs5752801,33,192,-0.0694245,0.0316052,False
rs5752801,33,193,-0.0763963,0.0179,False
rs5752801,33,194,-0.0728711,0.023701,False
rs5752801,33,195,-0.0666525,0.0381462,False
rs5752801,33,196,-0.0681849,0.0336913,False
rs5752801,33,197,-0.0651041,0.042523,False
rs5752801,33,198,-0.0646281,0.0442742,False
rs5752801,33,199,-0.0776401,0.0156682,False
rs5752801,33,200,-0.0872928,0.00652005,False
rs5752801,33,201,-0.0854315,0.00774388,False
rs5752801,33,202,-0.0772054,0.0161394,False
rs5752801,33,203,-0.0753368,0.0187818,False
rs5752801,33,204,-0.0906203,0.00480435,False
rs5752801,33,205,-0.0936312,0.0035532,False
rs5752801,33,206,-0.0868592,0.00689465,False
rs5752801,33,207,-0.0790849,0.0140634,False
rs5752801,33,208,-0.0857395,0.00784522,False
rs5752801,33,209,-0.0848503,0.0085937,False
rs5752801,33,210,-0.0926881,0.00416286,False
rs5752801,33,211,-0.0865066,0.00760075,False
rs5752801,33,212,-0.0849407,0.00889127,False
rs5752801,33,213,-0.0852503,0.00877245,False
rs5752801,33,214,-0.0915283,0.00501435,False
rs5752801,33,215,-0.0891895,0.00648571,False
rs5752801,33,216,-0.0900346,0.00614389,False
rs5752801,33,217,-0.0909982,0.00581676,False
rs5752801,33,218,-0.0963645,0.00369337,False
rs5752801,33,219,-0.0860923,0.00983896,False
rs5752801,33,220,-0.0922493,0.00588278,False
rs5752801,33,221,-0.0972443,0.0039496,False
rs5752801,33,222,-0.0920701,0.00664269,False
rs5752801,33,223,-0.0968011,0.00464072,False
rs5752801,33,224,-0.102068,0.00299306,False
rs5752801,33,225,-0.105949,0.00225769,False
rs5752801,33,226,-0.109271,0.00178954,False
rs5752801,33,227,-0.108499,0.0021163,False
rs5752801,33,228,-0.110524,0.00193304,False
rs5752801,33,229,-0.118105,0.00102873,False
rs5752801,33,230,-0.114163,0.00167313,False
rs5752801,33,231,-0.122556,0.000835685,False
rs5752801,33,232,-0.119088,0.00133106,False
rs5752801,33,233,-0.125415,0.000832437,False
rs5752801,33,234,-0.136268,0.000327683,False
rs5752801,33,235,-0.132438,0.000572562,False
rs5752801,33,236,-0.149114,0.00012653,False
rs5752801,33,237,-0.145556,0.000221161,False
rs5752801,33,238,-0.136719,0.000620136,False
rs5752801,33,239,-0.148325,0.000247366,False
rs5752801,33,240,-0.154199,0.000171684,False
rs5752801,33,241,-0.165811,6.86088e-05,False
rs5752801,33,242,-0.157733,0.000189291,False
rs5752801,33,243,-0.170228,7.22209e-05,False
rs5752801,33,244,-0.164828,0.000152291,False
rs5752801,33,245,-0.175597,7.14597e-05,False
rs5752801,33,246,-0.183567,4.46629e-05,False
rs5752801,33,247,-0.18211,6.7415e-05,False
rs5752801,33,248,-0.183349,7.63673e-05,False
rs5752801,33,249,-0.19218,4.58962e-05,False
rs5752801,33,250,-0.197273,3.75719e-05,False
rs5752801,33,251,-0.206903,1.94444e-05,False
rs5752801,34,6,0.0116899,0.646665,False
rs5752801,34,7,0.0139801,0.580083,False
rs5752801,34,8,0.0217835,0.385055,False
rs5752801,34,9,0.0151541,0.542854,False
rs5752801,34,10,0.0165364,0.503997,False
rs5752801,34,11,0.0118564,0.629124,False
rs5752801,34,12,0.00870224,0.721933,False
rs5752801,34,13,0.0044662,0.854505,False
rs5752801,34,14,0.002381,0.921704,False
rs5752801,34,15,-0.00855062,0.723477,False
rs5752801,34,16,-0.00471729,0.845471,False
rs5752801,34,17,-0.0027291,0.910118,False
rs5752801,34,18,0.00457051,0.850061,False
rs5752801,34,19,-0.00226991,0.925205,False
rs5752801,34,20,-0.0100663,0.677715,False
rs5752801,34,21,-0.0190432,0.431595,False
rs5752801,34,22,-2.3732e-05,0.999219,False
rs5752801,34,23,0.0010329,0.966055,False
rs5752801,34,24,0.00368154,0.879635,False
rs5752801,34,25,-0.00624476,0.797207,False
rs5752801,34,26,-0.00630599,0.795696,False
rs5752801,34,27,0.00363336,0.881686,False
rs5752801,34,28,0.00165168,0.946196,False
rs5752801,34,29,0.00315138,0.897735,False
rs5752801,34,30,0.00326766,0.893996,False
rs5752801,34,31,0.00668832,0.785668,False
rs5752801,34,32,0.00171884,0.944412,False
rs5752801,34,33,-0.00325874,0.895052,False
rs5752801,34,34,0.00297238,0.904603,False
rs5752801,34,35,0.00624361,0.801848,False
rs5752801,34,36,-0.00582001,0.815624,False
rs5752801,34,37,-0.000209349,0.993326,False
rs5752801,34,38,-0.0143786,0.567291,False
rs5752801,34,39,-0.00235051,0.925492,False
rs5752801,34,40,-0.00690761,0.784374,False
rs5752801,34,41,-0.0124022,0.623868,False
rs5752801,34,42,-0.00710122,0.779841,False
rs5752801,34,43,-0.00832562,0.743873,False
rs5752801,34,44,-0.00871088,0.733405,False
rs5752801,34,45,-0.00194286,0.939735,False
rs5752801,34,46,-0.0174511,0.497633,False
rs5752801,34,47,-0.0163892,0.525676,False
rs5752801,34,48,-0.0215541,0.405687,False
rs5752801,34,49,-0.0158488,0.542497,False
rs5752801,34,50,-0.0175046,0.502869,False
rs5752801,34,51,-0.0256409,0.328851,False
rs5752801,34,52,-0.0295363,0.262343,False
rs5752801,34,53,-0.031713,0.230689,False
rs5752801,34,54,-0.0223857,0.39871,False
rs5752801,34,55,-0.0263635,0.322717,False
rs5752801,34,56,-0.028961,0.279512,False
rs5752801,34,57,-0.0373761,0.164602,False
rs5752801,34,58,-0.0268512,0.320795,False
rs5752801,34,59,-0.0285489,0.293242,False
rs5752801,34,60,-0.0205379,0.450643,False
rs5752801,34,61,-0.0271844,0.320679,False
rs5752801,34,62,-0.0257237,0.349633,False
rs5752801,34,63,-0.0423697,0.125197,False
rs5752801,34,64,-0.0343098,0.215736,False
rs5752801,34,65,-0.0340771,0.221299,False
rs5752801,34,66,-0.0390686,0.162699,False
rs5752801,34,67,-0.0296816,0.291656,False
rs5752801,34,68,-0.0312419,0.268995,False
rs5752801,34,69,-0.0352863,0.214277,False
rs5752801,34,70,-0.0273507,0.338046,False
rs5752801,34,71,-0.0404194,0.159517,False
rs5752801,34,72,-0.0252681,0.381079,False
rs5752801,34,73,-0.0316537,0.275143,False
rs5752801,34,74,-0.0373759,0.200298,False
rs5752801,34,75,-0.0332534,0.256403,False
rs5752801,34,76,-0.0312053,0.289275,False
rs5752801,34,77,-0.0346551,0.241331,False
rs5752801,34,78,-0.0325158,0.274031,False
rs5752801,34,79,-0.0395745,0.185182,False
rs5752801,34,80,-0.0396705,0.186271,False
rs5752801,34,81,-0.0482834,0.10938,False
rs5752801,34,82,-0.0469496,0.121279,False
rs5752801,34,83,-0.0471397,0.120558,False
rs5752801,34,84,-0.0445889,0.143956,False
rs5752801,34,85,-0.0491672,0.108667,False
rs5752801,34,86,-0.0440111,0.152822,False
rs5752801,34,87,-0.0409516,0.185127,False
rs5752801,34,88,-0.0287187,0.354877,False
rs5752801,34,89,-0.0325821,0.294818,False
rs5752801,34,90,-0.0394194,0.206512,False
rs5752801,34,91,-0.0304089,0.331794,False
rs5752801,34,92,-0.0286764,0.361518,False
rs5752801,34,93,-0.0326237,0.300846,False
rs5752801,34,94,-0.0235927,0.455758,False
rs5752801,34,95,-0.0236701,0.455554,False
rs5752801,34,96,-0.0267631,0.400162,False
rs5752801,34,97,-0.0352013,0.270123,False
rs5752801,34,98,-0.0341767,0.286079,False
rs5752801,34,99,-0.0338501,0.292419,False
rs5752801,34,100,-0.0366042,0.256722,False
rs5752801,34,101,-0.0279046,0.388442,False
rs5752801,34,102,-0.0338109,0.297106,False
rs5752801,34,103,-0.044107,0.174628,False
rs5752801,34,104,-0.0436684,0.180216,False
rs5752801,34,105,-0.0339722,0.298709,False
rs5752801,34,106,-0.0330867,0.312863,False
rs5752801,34,107,-0.0321233,0.32803,False
rs5752801,34,108,-0.0324486,0.324156,False
rs5752801,34,109,-0.0473897,0.150441,False
rs5752801,34,110,-0.0486057,0.141416,False
rs5752801,34,111,-0.0389769,0.239621,False
rs5752801,34,112,-0.0365361,0.271293,False
rs5752801,34,113,-0.0381648,0.252002,False
rs5752801,34,114,-0.0340742,0.307699,False
rs5752801,34,115,-0.0372525,0.265983,False
rs5752801,34,116,-0.0459182,0.170686,False
rs5752801,34,117,-0.0499094,0.137387,False
rs5752801,34,118,-0.0400697,0.23378,False
rs5752801,34,119,-0.0486896,0.148155,False
rs5752801,34,120,-0.0498855,0.139069,False
rs5752801,34,121,-0.0477142,0.158481,False
rs5752801,34,122,-0.043523,0.198983,False
rs5752801,34,123,-0.0499301,0.141208,False
rs5752801,34,124,-0.0419987,0.216368,False
rs5752801,34,125,-0.0438717,0.197326,False
rs5752801,34,126,-0.0467672,0.169809,False
rs5752801,34,127,-0.0483751,0.155814,False
rs5752801,34,128,-0.0516477,0.129496,False
rs5752801,34,129,-0.0460171,0.177785,False
rs5752801,34,130,-0.0512433,0.134094,False
rs5752801,34,131,-0.0411803,0.2286,False
rs5752801,34,132,-0.0391196,0.253101,False
rs5752801,34,133,-0.0329974,0.335434,False
rs5752801,34,134,-0.0399556,0.243357,False
rs5752801,34,135,-0.0433018,0.206652,False
rs5752801,34,136,-0.0455246,0.184593,False
rs5752801,34,137,-0.0445667,0.194225,False
rs5752801,34,138,-0.0405046,0.238571,False
rs5752801,34,139,-0.0441352,0.199287,False
rs5752801,34,140,-0.0437557,0.203572,False
rs5752801,34,141,-0.0369826,0.282689,False
rs5752801,34,142,-0.0311373,0.365413,False
rs5752801,34,143,-0.0330168,0.337721,False
rs5752801,34,144,-0.0314796,0.360981,False
rs5752801,34,145,-0.0294115,0.393678,False
rs5752801,34,146,-0.0293981,0.393326,False
rs5752801,34,147,-0.0309185,0.369499,False
rs5752801,34,148,-0.0355655,0.302015,False
rs5752801,34,149,-0.036978,0.282911,False
rs5752801,34,150,-0.0376467,0.274195,False
rs5752801,34,151,-0.0415427,0.226921,False
rs5752801,34,152,-0.0428197,0.212661,False
rs5752801,34,153,-0.0417672,0.223914,False
rs5752801,34,154,-0.0383259,0.264644,False
rs5752801,34,155,-0.0326428,0.341545,False
rs5752801,34,156,-0.0434556,0.205318,False
rs5752801,34,157,-0.0344212,0.315397,False
rs5752801,34,158,-0.0336445,0.326139,False
rs5752801,34,159,-0.0424383,0.215353,False
rs5752801,34,160,-0.0396191,0.247132,False
rs5752801,34,161,-0.0385172,0.26009,False
rs5752801,34,162,-0.0427743,0.211084,False
rs5752801,34,163,-0.0355756,0.297196,False
rs5752801,34,164,-0.0351035,0.303128,False
rs5752801,34,165,-0.0433301,0.202673,False
rs5752801,34,166,-0.053152,0.117605,False
rs5752801,34,167,-0.0524624,0.121918,False
rs5752801,34,168,-0.0470385,0.164547,False
rs5752801,34,169,-0.048086,0.155143,False
rs5752801,34,170,-0.0414338,0.219662,False
rs5752801,34,171,-0.044124,0.190494,False
rs5752801,34,172,-0.0465336,0.166804,False
rs5752801,34,173,-0.0424323,0.206613,False
rs5752801,34,174,-0.0479345,0.152387,False
rs5752801,34,175,-0.052413,0.117123,False
rs5752801,34,176,-0.0593402,0.0759449,False
rs5752801,34,177,-0.0630783,0.0586761,False
rs5752801,34,178,-0.0582586,0.0802993,False
rs5752801,34,179,-0.0627337,0.0590999,False
rs5752801,34,180,-0.0660822,0.0464874,False
rs5752801,34,181,-0.0631016,0.0568486,False
rs5752801,34,182,-0.0608864,0.06569,False
rs5752801,34,183,-0.0615372,0.0622505,False
rs5752801,34,184,-0.0652571,0.047509,False
rs5752801,34,185,-0.0584971,0.0751318,False
rs5752801,34,186,-0.0677092,0.0389551,False
rs5752801,34,187,-0.0606931,0.0638539,False
rs5752801,34,188,-0.0613542,0.0602426,False
rs5752801,34,189,-0.0759199,0.019826,False
rs5752801,34,190,-0.0738546,0.0234307,False
rs5752801,34,191,-0.0741854,0.0225662,False
rs5752801,34,192,-0.0839358,0.0097059,False
rs5752801,34,193,-0.0663995,0.0404176,False
rs5752801,34,194,-0.0711493,0.0278904,False
rs5752801,34,195,-0.0727707,0.0242828,False
rs5752801,34,196,-0.0734704,0.0228656,False
rs5752801,34,197,-0.0832197,0.00991558,False
rs5752801,34,198,-0.0705564,0.028841,False
rs5752801,34,199,-0.0749881,0.0200342,False
rs5752801,34,200,-0.0769078,0.0170533,False
rs5752801,34,201,-0.0777748,0.0157802,False
rs5752801,34,202,-0.0734078,0.0228022,False
rs5752801,34,203,-0.0740867,0.0214663,False
rs5752801,34,204,-0.0685439,0.0330661,False
rs5752801,34,205,-0.069786,0.0303609,False
rs5752801,34,206,-0.0675158,0.0362062,False
rs5752801,34,207,-0.0694349,0.031078,False
rs5752801,34,208,-0.0732405,0.0230392,False
rs5752801,34,209,-0.0724848,0.0248717,False
rs5752801,34,210,-0.0834105,0.00994889,False
rs5752801,34,211,-0.0786276,0.0153657,False
rs5752801,34,212,-0.0732588,0.0242549,False
rs5752801,34,213,-0.0791375,0.0152235,False
rs5752801,34,214,-0.0714153,0.0288708,False
rs5752801,34,215,-0.0761669,0.0202726,False
rs5752801,34,216,-0.0764658,0.0202654,False
rs5752801,34,217,-0.082335,0.0127378,False
rs5752801,34,218,-0.0971117,0.0034301,False
rs5752801,34,219,-0.100197,0.00263017,False
rs5752801,34,220,-0.105112,0.00170865,False
rs5752801,34,221,-0.106214,0.00163302,False
rs5752801,34,222,-0.111893,0.000953536,False
rs5752801,34,223,-0.115596,0.000697655,False
rs5752801,34,224,-0.118443,0.000565636,False
rs5752801,34,225,-0.117618,0.00068867,False
rs5752801,34,226,-0.119552,0.000608838,False
rs5752801,34,227,-0.126272,0.000330951,False
rs5752801,34,228,-0.129701,0.000259532,False
rs5752801,34,229,-0.135682,0.000154143,False
rs5752801,34,230,-0.135305,0.000185674,False
rs5752801,34,231,-0.140387,0.000126127,False
rs5752801,34,232,-0.130822,0.000403948,False
rs5752801,34,233,-0.144644,0.000108676,False
rs5752801,34,234,-0.146861,0.000104354,False
rs5752801,34,235,-0.13922,0.000280612,False
rs5752801,34,236,-0.14787,0.000136036,False
rs5752801,34,237,-0.141079,0.000324743,False
rs5752801,34,238,-0.152255,0.000130499,False
rs5752801,34,239,-0.159556,7.43181e-05,False
rs5752801,34,240,-0.162397,6.99888e-05,False
rs5752801,34,241,-0.162793,8.45732e-05,False
rs5752801,34,242,-0.169326,5.57042e-05,False
rs5752801,34,243,-0.173015,4.96274e-05,False
rs5752801,34,244,-0.174546,5.61331e-05,False
rs5752801,34,245,-0.184282,2.84745e-05,False
rs5752801,34,246,-0.187876,2.70916e-05,False
rs5752801,34,247,-0.178219,8.92302e-05,False
rs5752801,34,248,-0.186229,5.5955e-05,False
rs5752801,34,249,-0.198186,2.4587e-05,False
rs5752801,34,250,-0.210259,9.98528e-06,False
rs5752801,34,251,-0.204966,2.14651e-05,False
rs5752801,35,6,0.00289117,0.909736,False
rs5752801,35,7,0.0221846,0.380837,False
rs5752801,35,8,0.0110198,0.661595,False
rs5752801,35,9,0.0195684,0.432534,False
rs5752801,35,10,0.0175866,0.478467,False
rs5752801,35,11,0.0138882,0.573639,False
rs5752801,35,12,0.00496771,0.839369,False
rs5752801,35,13,0.00936099,0.70217,False
rs5752801,35,14,0.0115506,0.63536,False
rs5752801,35,15,-0.00148184,0.951375,False
rs5752801,35,16,0.00524476,0.828993,False
rs5752801,35,17,-0.00250683,0.917737,False
rs5752801,35,18,0.0107154,0.659116,False
rs5752801,35,19,0.00639781,0.792074,False
rs5752801,35,20,0.00316572,0.896318,False
rs5752801,35,21,0.00246215,0.919376,False
rs5752801,35,22,0.00987934,0.684754,False
rs5752801,35,23,-0.00126321,0.958774,False
rs5752801,35,24,-0.00211976,0.930826,False
rs5752801,35,25,-0.0015999,0.947827,False
rs5752801,35,26,-0.00697757,0.776073,False
rs5752801,35,27,-0.00571504,0.816444,False
rs5752801,35,28,-0.00535171,0.828115,False
rs5752801,35,29,-0.0161534,0.513176,False
rs5752801,35,30,-0.00915394,0.711594,False
rs5752801,35,31,-0.00917623,0.711562,False
rs5752801,35,32,-0.00606516,0.806992,False
rs5752801,35,33,-0.0128778,0.605378,False
rs5752801,35,34,-0.00835465,0.737798,False
rs5752801,35,35,-0.00617512,0.805547,False
rs5752801,35,36,-0.00646266,0.797068,False
rs5752801,35,37,-0.00879287,0.727193,False
rs5752801,35,38,-0.0132015,0.601239,False
rs5752801,35,39,-0.0117742,0.642437,False
rs5752801,35,40,-0.0262524,0.302311,False
rs5752801,35,41,-0.0176141,0.489537,False
rs5752801,35,42,-0.0162147,0.526624,False
rs5752801,35,43,-0.0114473,0.655919,False
rs5752801,35,44,-0.0134178,0.602965,False
rs5752801,35,45,-0.0208356,0.421078,False
rs5752801,35,46,-0.0278482,0.283857,False
rs5752801,35,47,-0.0163663,0.530724,False
rs5752801,35,48,-0.0137455,0.599651,False
rs5752801,35,49,-0.0305604,0.244747,False
rs5752801,35,50,-0.0224837,0.394043,False
rs5752801,35,51,-0.0235923,0.372704,False
rs5752801,35,52,-0.03087,0.246637,False
rs5752801,35,53,-0.0211144,0.429268,False
rs5752801,35,54,-0.0346639,0.196325,False
rs5752801,35,55,-0.0283038,0.292965,False
rs5752801,35,56,-0.0341311,0.206538,False
rs5752801,35,57,-0.0340592,0.209315,False
rs5752801,35,58,-0.0361549,0.184084,False
rs5752801,35,59,-0.023521,0.389871,False
rs5752801,35,60,-0.0421167,0.12582,False
rs5752801,35,61,-0.0308104,0.264451,False
rs5752801,35,62,-0.0348661,0.209147,False
rs5752801,35,63,-0.0192011,0.491,False
rs5752801,35,64,-0.0248396,0.375345,False
rs5752801,35,65,-0.0343721,0.221653,False
rs5752801,35,66,-0.0271595,0.336551,False
rs5752801,35,67,-0.0285706,0.313483,False
rs5752801,35,68,-0.0273049,0.33745,False
rs5752801,35,69,-0.0253903,0.3754,False
rs5752801,35,70,-0.0311274,0.279214,False
rs5752801,35,71,-0.0390397,0.177214,False
rs5752801,35,72,-0.0330276,0.256065,False
rs5752801,35,73,-0.0252715,0.386735,False
rs5752801,35,74,-0.0221586,0.450034,False
rs5752801,35,75,-0.0323649,0.272733,False
rs5752801,35,76,-0.0348447,0.240463,False
rs5752801,35,77,-0.032776,0.271935,False
rs5752801,35,78,-0.0317805,0.288474,False
rs5752801,35,79,-0.039201,0.192271,False
rs5752801,35,80,-0.0352872,0.242888,False
rs5752801,35,81,-0.045585,0.132479,False
rs5752801,35,82,-0.0401029,0.18745,False
rs5752801,35,83,-0.04028,0.187701,False
rs5752801,35,84,-0.0357808,0.244003,False
rs5752801,35,85,-0.0367239,0.233042,False
rs5752801,35,86,-0.0337616,0.274712,False
rs5752801,35,87,-0.0397733,0.200717,False
rs5752801,35,88,-0.0426517,0.171401,False
rs5752801,35,89,-0.0337188,0.2815,False
rs5752801,35,90,-0.0335355,0.28611,False
rs5752801,35,91,-0.0364619,0.247566,False
rs5752801,35,92,-0.0361135,0.253851,False
rs5752801,35,93,-0.0329267,0.299262,False
rs5752801,35,94,-0.0332483,0.296423,False
rs5752801,35,95,-0.0308069,0.334968,False
rs5752801,35,96,-0.028507,0.373739,False
rs5752801,35,97,-0.0338627,0.291927,False
rs5752801,35,98,-0.0367538,0.254051,False
rs5752801,35,99,-0.0320049,0.322442,False
rs5752801,35,100,-0.0385124,0.234666,False
rs5752801,35,101,-0.0363923,0.263461,False
rs5752801,35,102,-0.0383921,0.238841,False
rs5752801,35,103,-0.0396039,0.22569,False
rs5752801,35,104,-0.0362438,0.268447,False
rs5752801,35,105,-0.0352971,0.281406,False
rs5752801,35,106,-0.0346567,0.29096,False
rs5752801,35,107,-0.0461917,0.160912,False
rs5752801,35,108,-0.0459214,0.164281,False
rs5752801,35,109,-0.0366994,0.267476,False
rs5752801,35,110,-0.0367731,0.267072,False
rs5752801,35,111,-0.0432159,0.193408,False
rs5752801,35,112,-0.0385336,0.247192,False
rs5752801,35,113,-0.0567478,0.0887445,False
rs5752801,35,114,-0.0483725,0.147788,False
rs5752801,35,115,-0.0480131,0.15151,False
rs5752801,35,116,-0.0346443,0.301171,False
rs5752801,35,117,-0.0385569,0.250367,False
rs5752801,35,118,-0.0379349,0.259045,False
rs5752801,35,119,-0.0410925,0.222625,False
rs5752801,35,120,-0.0482374,0.152773,False
rs5752801,35,121,-0.0510908,0.130773,False
rs5752801,35,122,-0.0500646,0.139421,False
rs5752801,35,123,-0.0503389,0.137386,False
rs5752801,35,124,-0.0501386,0.139582,False
rs5752801,35,125,-0.0559677,0.0994667,False
rs5752801,35,126,-0.0613847,0.071458,False
rs5752801,35,127,-0.0538784,0.114159,False
rs5752801,35,128,-0.0474132,0.164328,False
rs5752801,35,129,-0.0520972,0.126506,False
rs5752801,35,130,-0.0482809,0.157477,False
rs5752801,35,131,-0.0445274,0.191863,False
rs5752801,35,132,-0.0478478,0.161605,False
rs5752801,35,133,-0.0528494,0.12219,False
rs5752801,35,134,-0.0411022,0.229574,False
rs5752801,35,135,-0.0325983,0.340952,False
rs5752801,35,136,-0.0359713,0.293501,False
rs5752801,35,137,-0.0384394,0.262439,False
rs5752801,35,138,-0.0386535,0.259903,False
rs5752801,35,139,-0.0359997,0.294079,False
rs5752801,35,140,-0.0415457,0.226033,False
rs5752801,35,141,-0.0406738,0.236282,False
rs5752801,35,142,-0.0307826,0.370088,False
rs5752801,35,143,-0.0340133,0.321987,False
rs5752801,35,144,-0.0388107,0.258902,False
rs5752801,35,145,-0.040496,0.238984,False
rs5752801,35,146,-0.0506727,0.140079,False
rs5752801,35,147,-0.0459104,0.181201,False
rs5752801,35,148,-0.0468692,0.172353,False
rs5752801,35,149,-0.0451833,0.188152,False
rs5752801,35,150,-0.0367491,0.284241,False
rs5752801,35,151,-0.0433667,0.207014,False
rs5752801,35,152,-0.041795,0.223758,False
rs5752801,35,153,-0.0353649,0.303408,False
rs5752801,35,154,-0.0385197,0.261864,False
rs5752801,35,155,-0.0433543,0.206525,False
rs5752801,35,156,-0.0504072,0.141676,False
rs5752801,35,157,-0.0526934,0.123899,False
rs5752801,35,158,-0.0430919,0.208144,False
rs5752801,35,159,-0.0549312,0.108787,False
rs5752801,35,160,-0.0541724,0.11371,False
rs5752801,35,161,-0.0490876,0.151895,False
rs5752801,35,162,-0.0538975,0.115155,False
rs5752801,35,163,-0.0486248,0.155104,False
rs5752801,35,164,-0.0509548,0.13629,False
rs5752801,35,165,-0.0463718,0.174352,False
rs5752801,35,166,-0.0458368,0.179025,False
rs5752801,35,167,-0.0414693,0.223573,False
rs5752801,35,168,-0.0441882,0.194487,False
rs5752801,35,169,-0.0487839,0.1517,False
rs5752801,35,170,-0.0571086,0.0930395,False
rs5752801,35,171,-0.0468093,0.167682,False
rs5752801,35,172,-0.0497955,0.141246,False
rs5752801,35,173,-0.0520097,0.123957,False
rs5752801,35,174,-0.0428873,0.204734,False
rs5752801,35,175,-0.0415179,0.218722,False
rs5752801,35,176,-0.0462466,0.16931,False
rs5752801,35,177,-0.0405545,0.227869,False
rs5752801,35,178,-0.0454342,0.176468,False
rs5752801,35,179,-0.0450282,0.179517,False
rs5752801,35,180,-0.0404015,0.227756,False
rs5752801,35,181,-0.0372399,0.264901,False
rs5752801,35,182,-0.0423228,0.204735,False
rs5752801,35,183,-0.0514875,0.121751,False
rs5752801,35,184,-0.0557971,0.0933369,False
rs5752801,35,185,-0.0466396,0.159679,False
rs5752801,35,186,-0.0495535,0.133991,False
rs5752801,35,187,-0.0550422,0.0951439,False
rs5752801,35,188,-0.0532365,0.105916,False
rs5752801,35,189,-0.0662725,0.0436522,False
rs5752801,35,190,-0.0749402,0.0220376,False
rs5752801,35,191,-0.0717903,0.0280819,False
rs5752801,35,192,-0.0660298,0.0432173,False
rs5752801,35,193,-0.0737208,0.0235624,False
rs5752801,35,194,-0.0817343,0.0119355,False
rs5752801,35,195,-0.0792206,0.014721,False
rs5752801,35,196,-0.0678296,0.0364692,False
rs5752801,35,197,-0.0733011,0.0235267,False
rs5752801,35,198,-0.0828456,0.0103559,False
rs5752801,35,199,-0.0851615,0.00837202,False
rs5752801,35,200,-0.0825708,0.0105266,False
rs5752801,35,201,-0.0855054,0.00809946,False
rs5752801,35,202,-0.0797281,0.0134829,False
rs5752801,35,203,-0.078787,0.0146722,False
rs5752801,35,204,-0.0816008,0.0114756,False
rs5752801,35,205,-0.0700898,0.0298595,False
rs5752801,35,206,-0.0683843,0.0342072,False
rs5752801,35,207,-0.0700086,0.030238,False
rs5752801,35,208,-0.0803795,0.0129613,False
rs5752801,35,209,-0.080839,0.0124892,False
rs5752801,35,210,-0.0843404,0.00937984,False
rs5752801,35,211,-0.0850344,0.00886479,False
rs5752801,35,212,-0.0950326,0.00353899,False
rs5752801,35,213,-0.0905365,0.00557939,False
rs5752801,35,214,-0.0901492,0.00595404,False
rs5752801,35,215,-0.0840204,0.0104779,False
rs5752801,35,216,-0.0938743,0.00439146,False
rs5752801,35,217,-0.0953318,0.00398924,False
rs5752801,35,218,-0.0985219,0.00299109,False
rs5752801,35,219,-0.109619,0.00102585,False
rs5752801,35,220,-0.100504,0.00271267,False
rs5752801,35,221,-0.104467,0.00194254,False
rs5752801,35,222,-0.101773,0.00267186,False
rs5752801,35,223,-0.111425,0.00108743,False
rs5752801,35,224,-0.109609,0.00141395,False
rs5752801,35,225,-0.11538,0.000845146,False
rs5752801,35,226,-0.115027,0.000957603,False
rs5752801,35,227,-0.117128,0.000853221,False
rs5752801,35,228,-0.10479,0.00310024,False
rs5752801,35,229,-0.110972,0.00190899,False
rs5752801,35,230,-0.118901,0.0009907,False
rs5752801,35,231,-0.118471,0.00117063,False
rs5752801,35,232,-0.112946,0.00216292,False
rs5752801,35,233,-0.117415,0.00161292,False
rs5752801,35,234,-0.118764,0.00161438,False
rs5752801,35,235,-0.131226,0.00057836,False
rs5752801,35,236,-0.12597,0.00109999,False
rs5752801,35,237,-0.132491,0.000690652,False
rs5752801,35,238,-0.131872,0.000855167,False
rs5752801,35,239,-0.14337,0.000348856,False
rs5752801,35,240,-0.153898,0.000150116,False
rs5752801,35,241,-0.166276,5.34763e-05,False
rs5752801,35,242,-0.159016,0.00014265,False
rs5752801,35,243,-0.155095,0.00025469,False
rs5752801,35,244,-0.160615,0.000191237,False
rs5752801,35,245,-0.165949,0.000144631,False
rs5752801,35,246,-0.158326,0.000363701,False
rs5752801,35,247,-0.16687,0.000212973,False
rs5752801,35,248,-0.182373,6.92308e-05,False
rs5752801,35,249,-0.178621,0.000122688,False
rs5752801,35,250,-0.170239,0.000306705,False
rs5752801,35,251,-0.174179,0.000269895,False
rs5752801,36,6,0.0244148,0.341634,False
rs5752801,36,7,0.0183692,0.471022,False
rs5752801,36,8,0.0117997,0.640737,False
rs5752801,36,9,0.0165366,0.509447,False
rs5752801,36,10,0.0162757,0.514184,False
rs5752801,36,11,0.0134447,0.587462,False
rs5752801,36,12,0.00431542,0.860898,False
rs5752801,36,13,0.0120224,0.624967,False
rs5752801,36,14,0.0062808,0.797127,False
rs5752801,36,15,0.00310423,0.89872,False
rs5752801,36,16,0.00197116,0.935471,False
rs5752801,36,17,0.00819341,0.736434,False
rs5752801,36,18,0.0111352,0.647418,False
rs5752801,36,19,0.00733605,0.763255,False
rs5752801,36,20,0.0142428,0.559209,False
rs5752801,36,21,0.0105738,0.664993,False
rs5752801,36,22,0.017527,0.473778,False
rs5752801,36,23,0.0199595,0.414788,False
rs5752801,36,24,0.0067144,0.784338,False
rs5752801,36,25,0.00316333,0.897647,False
rs5752801,36,26,0.0117424,0.633147,False
rs5752801,36,27,0.0177062,0.472553,False
rs5752801,36,28,0.0203312,0.410888,False
rs5752801,36,29,0.0011306,0.963587,False
rs5752801,36,30,0.019874,0.423595,False
rs5752801,36,31,0.00135828,0.9565,False
rs5752801,36,32,0.00541974,0.828384,False
rs5752801,36,33,0.00405378,0.871264,False
rs5752801,36,34,0.00833112,0.739923,False
rs5752801,36,35,0.0105558,0.674614,False
rs5752801,36,36,-0.00449043,0.858458,False
rs5752801,36,37,0.00200757,0.936719,False
rs5752801,36,38,0.00218627,0.931256,False
rs5752801,36,39,-0.00300799,0.905946,False
rs5752801,36,40,-0.00646818,0.800187,False
rs5752801,36,41,-0.00896561,0.726851,False
rs5752801,36,42,-0.0165519,0.519728,False
rs5752801,36,43,-0.00620963,0.809759,False
rs5752801,36,44,-0.0168231,0.516773,False
rs5752801,36,45,-0.00931618,0.720269,False
rs5752801,36,46,-0.0104097,0.690388,False
rs5752801,36,47,-0.0156396,0.550663,False
rs5752801,36,48,-0.0235481,0.370838,False
rs5752801,36,49,-0.0178103,0.501418,False
rs5752801,36,50,-0.0138964,0.600196,False
rs5752801,36,51,-0.0294897,0.268267,False
rs5752801,36,52,-0.023204,0.38654,False
rs5752801,36,53,-0.0303206,0.259389,False
rs5752801,36,54,-0.0345359,0.200318,False
rs5752801,36,55,-0.0276825,0.307193,False
rs5752801,36,56,-0.0301325,0.268611,False
rs5752801,36,57,-0.0350409,0.199866,False
rs5752801,36,58,-0.0310144,0.258751,False
rs5752801,36,59,-0.0380988,0.167906,False
rs5752801,36,60,-0.0331179,0.232224,False
rs5752801,36,61,-0.036073,0.19497,False
rs5752801,36,62,-0.0364039,0.193071,False
rs5752801,36,63,-0.0338025,0.228578,False
rs5752801,36,64,-0.0340853,0.227141,False
rs5752801,36,65,-0.0313856,0.268822,False
rs5752801,36,66,-0.0418903,0.141181,False
rs5752801,36,67,-0.042847,0.134023,False
rs5752801,36,68,-0.0285581,0.320376,False
rs5752801,36,69,-0.026602,0.357776,False
rs5752801,36,70,-0.0411796,0.156751,False
rs5752801,36,71,-0.0245491,0.40106,False
rs5752801,36,72,-0.031325,0.285296,False
rs5752801,36,73,-0.0292601,0.320779,False
rs5752801,36,74,-0.0331036,0.264058,False
rs5752801,36,75,-0.0269203,0.366001,False
rs5752801,36,76,-0.0350366,0.241044,False
rs5752801,36,77,-0.0394586,0.188993,False
rs5752801,36,78,-0.0370263,0.21993,False
rs5752801,36,79,-0.0299172,0.323804,False
rs5752801,36,80,-0.0334621,0.271676,False
rs5752801,36,81,-0.0270793,0.374936,False
rs5752801,36,82,-0.0339676,0.268074,False
rs5752801,36,83,-0.0360891,0.242005,False
rs5752801,36,84,-0.041228,0.182962,False
rs5752801,36,85,-0.0404109,0.193663,False
rs5752801,36,86,-0.04656,0.135573,False
rs5752801,36,87,-0.0424916,0.174012,False
rs5752801,36,88,-0.0411371,0.189638,False
rs5752801,36,89,-0.0389871,0.215241,False
rs5752801,36,90,-0.0378496,0.230258,False
rs5752801,36,91,-0.0413492,0.191174,False
rs5752801,36,92,-0.040356,0.204171,False
rs5752801,36,93,-0.0418677,0.189274,False
rs5752801,36,94,-0.0432117,0.176337,False
rs5752801,36,95,-0.0450895,0.159004,False
rs5752801,36,96,-0.0422316,0.189063,False
rs5752801,36,97,-0.0406273,0.207856,False
rs5752801,36,98,-0.0375347,0.245347,False
rs5752801,36,99,-0.0406893,0.209021,False
rs5752801,36,100,-0.0444286,0.17152,False
rs5752801,36,101,-0.0448464,0.168478,False
rs5752801,36,102,-0.0426046,0.191529,False
rs5752801,36,103,-0.0390984,0.231652,False
rs5752801,36,104,-0.0369569,0.259127,False
rs5752801,36,105,-0.0407957,0.213729,False
rs5752801,36,106,-0.0364422,0.26781,False
rs5752801,36,107,-0.0443807,0.178239,False
rs5752801,36,108,-0.0487072,0.140289,False
rs5752801,36,109,-0.0416615,0.208312,False
rs5752801,36,110,-0.0370478,0.264553,False
rs5752801,36,111,-0.0439325,0.186304,False
rs5752801,36,112,-0.0445602,0.180198,False
rs5752801,36,113,-0.0484411,0.146124,False
rs5752801,36,114,-0.0492095,0.140003,False
rs5752801,36,115,-0.0468107,0.161295,False
rs5752801,36,116,-0.0496252,0.138003,False
rs5752801,36,117,-0.0550778,0.100092,False
rs5752801,36,118,-0.0519819,0.121567,False
rs5752801,36,119,-0.0647925,0.0541472,False
rs5752801,36,120,-0.0521608,0.121691,False
rs5752801,36,121,-0.0513613,0.127636,False
rs5752801,36,122,-0.0471188,0.162948,False
rs5752801,36,123,-0.0439444,0.19385,False
rs5752801,36,124,-0.0491441,0.146999,False
rs5752801,36,125,-0.041964,0.215737,False
rs5752801,36,126,-0.0403578,0.234946,False
rs5752801,36,127,-0.0344684,0.31072,False
rs5752801,36,128,-0.0422272,0.214824,False
rs5752801,36,129,-0.0543174,0.110449,False
rs5752801,36,130,-0.0529034,0.120094,False
rs5752801,36,131,-0.0546539,0.108078,False
rs5752801,36,132,-0.050137,0.141708,False
rs5752801,36,133,-0.0558344,0.102214,False
rs5752801,36,134,-0.050202,0.14199,False
rs5752801,36,135,-0.0477381,0.162888,False
rs5752801,36,136,-0.0423397,0.215905,False
rs5752801,36,137,-0.0399329,0.243025,False
rs5752801,36,138,-0.0432951,0.205503,False
rs5752801,36,139,-0.0450827,0.187594,False
rs5752801,36,140,-0.040166,0.240764,False
rs5752801,36,141,-0.0520422,0.128952,False
rs5752801,36,142,-0.0433636,0.20573,False
rs5752801,36,143,-0.037435,0.274928,False
rs5752801,36,144,-0.0350755,0.306263,False
rs5752801,36,145,-0.0368442,0.282239,False
rs5752801,36,146,-0.0326678,0.341373,False
rs5752801,36,147,-0.0400743,0.243588,False
rs5752801,36,148,-0.042625,0.214834,False
rs5752801,36,149,-0.0421949,0.219442,False
rs5752801,36,150,-0.0379716,0.268924,False
rs5752801,36,151,-0.0454315,0.185814,False
rs5752801,36,152,-0.0469677,0.171083,False
rs5752801,36,153,-0.0360765,0.293617,False
rs5752801,36,154,-0.0442437,0.197322,False
rs5752801,36,155,-0.042887,0.211476,False
rs5752801,36,156,-0.0416261,0.225295,False
rs5752801,36,157,-0.0460975,0.179069,False
rs5752801,36,158,-0.052523,0.125972,False
rs5752801,36,159,-0.0465551,0.174998,False
rs5752801,36,160,-0.0484332,0.157928,False
rs5752801,36,161,-0.0485188,0.1569,False
rs5752801,36,162,-0.0458251,0.180961,False
rs5752801,36,163,-0.0498913,0.144853,False
rs5752801,36,164,-0.0493424,0.149499,False
rs5752801,36,165,-0.0398235,0.244024,False
rs5752801,36,166,-0.0406299,0.234521,False
rs5752801,36,167,-0.0404805,0.236236,False
rs5752801,36,168,-0.0414862,0.224336,False
rs5752801,36,169,-0.0440006,0.196891,False
rs5752801,36,170,-0.0475663,0.162048,False
rs5752801,36,171,-0.0502031,0.139658,False
rs5752801,36,172,-0.0443722,0.191478,False
rs5752801,36,173,-0.0403467,0.234369,False
rs5752801,36,174,-0.0467781,0.167553,False
rs5752801,36,175,-0.0441817,0.19176,False
rs5752801,36,176,-0.0540551,0.109843,False
rs5752801,36,177,-0.0561772,0.0958433,False
rs5752801,36,178,-0.0612836,0.0690194,False
rs5752801,36,179,-0.0522543,0.120418,False
rs5752801,36,180,-0.0527295,0.116344,False
rs5752801,36,181,-0.0566053,0.090917,False
rs5752801,36,182,-0.0604068,0.0706256,False
rs5752801,36,183,-0.0620775,0.0629544,False
rs5752801,36,184,-0.0586464,0.078572,False
rs5752801,36,185,-0.0579007,0.0816749,False
rs5752801,36,186,-0.0592447,0.0742919,False
rs5752801,36,187,-0.0623665,0.0597536,False
rs5752801,36,188,-0.0677993,0.0403027,False
rs5752801,36,189,-0.0657574,0.0464668,False
rs5752801,36,190,-0.0614166,0.0622789,False
rs5752801,36,191,-0.0606092,0.0653822,False
rs5752801,36,192,-0.0586762,0.0732786,False
rs5752801,36,193,-0.0584563,0.0740299,False
rs5752801,36,194,-0.0640203,0.0498011,False
rs5752801,36,195,-0.0579071,0.0759499,False
rs5752801,36,196,-0.067205,0.0392844,False
rs5752801,36,197,-0.0662063,0.0423293,False
rs5752801,36,198,-0.0656156,0.0438558,False
rs5752801,36,199,-0.072521,0.0258648,False
rs5752801,36,200,-0.0704001,0.0305737,False
rs5752801,36,201,-0.0689449,0.0339316,False
rs5752801,36,202,-0.0613563,0.0590035,False
rs5752801,36,203,-0.0666458,0.0400825,False
rs5752801,36,204,-0.0641926,0.0480997,False
rs5752801,36,205,-0.074317,0.0220667,False
rs5752801,36,206,-0.0777122,0.0166788,False
rs5752801,36,207,-0.0763327,0.018649,False
rs5752801,36,208,-0.0799238,0.0139538,False
rs5752801,36,209,-0.0737568,0.0232301,False
rs5752801,36,210,-0.0716405,0.0277405,False
rs5752801,36,211,-0.08129,0.0127035,False
rs5752801,36,212,-0.0742286,0.0229809,False
rs5752801,36,213,-0.0778526,0.0173026,False
rs5752801,36,214,-0.0755861,0.0213099,False
rs5752801,36,215,-0.0811562,0.0135891,False
rs5752801,36,216,-0.0841613,0.0106306,False
rs5752801,36,217,-0.0933636,0.00481827,False
rs5752801,36,218,-0.0915938,0.00582607,False
rs5752801,36,219,-0.088105,0.00830636,False
rs5752801,36,220,-0.0990739,0.00307514,False
rs5752801,36,221,-0.0928245,0.00583424,False
rs5752801,36,222,-0.102612,0.00243109,False
rs5752801,36,223,-0.106596,0.00173592,False
rs5752801,36,224,-0.108055,0.00162032,False
rs5752801,36,225,-0.119824,0.000511786,False
rs5752801,36,226,-0.115186,0.000926526,False
rs5752801,36,227,-0.108459,0.00197066,False
rs5752801,36,228,-0.11602,0.00101527,False
rs5752801,36,229,-0.117588,0.000943968,False
rs5752801,36,230,-0.108109,0.00259402,False
rs5752801,36,231,-0.112226,0.00199108,False
rs5752801,36,232,-0.115494,0.0016314,False
rs5752801,36,233,-0.109769,0.0030494,False
rs5752801,36,234,-0.121783,0.00114528,False
rs5752801,36,235,-0.120584,0.00145097,False
rs5752801,36,236,-0.117458,0.00219128,False
rs5752801,36,237,-0.129143,0.000885007,False
rs5752801,36,238,-0.123721,0.00164877,False
rs5752801,36,239,-0.131368,0.000968753,False
rs5752801,36,240,-0.140392,0.000520109,False
rs5752801,36,241,-0.143578,0.000450167,False
rs5752801,36,242,-0.147205,0.00039379,False
rs5752801,36,243,-0.150757,0.000342499,False
rs5752801,36,244,-0.15087,0.000427861,False
rs5752801,36,245,-0.152238,0.000463815,False
rs5752801,36,246,-0.166567,0.000161193,False
rs5752801,36,247,-0.161749,0.000309184,False
rs5752801,36,248,-0.165704,0.000280696,False
rs5752801,36,249,-0.162114,0.000466057,False
rs5752801,36,250,-0.163831,0.000498616,False
rs5752801,36,251,-0.179625,0.000171367,False
rs5752801,37,6,0.0155247,0.544249,False
rs5752801,37,7,0.0140702,0.580487,False
rs5752801,37,8,0.00693805,0.783956,False
rs5752801,37,9,0.0114237,0.649372,False
rs5752801,37,10,0.0127529,0.609493,False
rs5752801,37,11,0.0035336,0.887147,False
rs5752801,37,12,0.0032717,0.894928,False
rs5752801,37,13,0.00467599,0.849817,False
rs5752801,37,14,-0.00276481,0.910414,False
rs5752801,37,15,0.00308596,0.899858,False
rs5752801,37,16,-0.00468264,0.848386,False
rs5752801,37,17,-0.0026868,0.912778,False
rs5752801,37,18,-0.00514965,0.834024,False
rs5752801,37,19,-0.00708256,0.773207,False
rs5752801,37,20,-0.00809863,0.742141,False
rs5752801,37,21,-0.00291601,0.905553,False
rs5752801,37,22,0.00746254,0.761934,False
rs5752801,37,23,0.0044072,0.858142,False
rs5752801,37,24,-0.000424482,0.986272,False
rs5752801,37,25,0.00830835,0.737173,False
rs5752801,37,26,0.00405505,0.869902,False
rs5752801,37,27,-0.00541802,0.827178,False
rs5752801,37,28,-0.00541853,0.827407,False
rs5752801,37,29,0.00450766,0.85627,False
rs5752801,37,30,-0.00101386,0.967671,False
rs5752801,37,31,-0.00798284,0.750246,False
rs5752801,37,32,-0.00764931,0.760526,False
rs5752801,37,33,-0.00776322,0.757903,False
rs5752801,37,34,-0.0198765,0.430483,False
rs5752801,37,35,-0.020733,0.412719,False
rs5752801,37,36,-0.0134478,0.596112,False
rs5752801,37,37,-0.0173977,0.494096,False
rs5752801,37,38,-0.0235234,0.356385,False
rs5752801,37,39,-0.021617,0.397229,False
rs5752801,37,40,-0.0216332,0.399876,False
rs5752801,37,41,-0.0231967,0.367949,False
rs5752801,37,42,-0.0271347,0.294397,False
rs5752801,37,43,-0.0225159,0.384846,False
rs5752801,37,44,-0.0198034,0.447166,False
rs5752801,37,45,-0.0246306,0.345757,False
rs5752801,37,46,-0.0348612,0.18432,False
rs5752801,37,47,-0.0312046,0.236573,False
rs5752801,37,48,-0.0299366,0.258274,False
rs5752801,37,49,-0.037286,0.161042,False
rs5752801,37,50,-0.0322904,0.226331,False
rs5752801,37,51,-0.0323853,0.22743,False
rs5752801,37,52,-0.0283632,0.291979,False
rs5752801,37,53,-0.0319276,0.237533,False
rs5752801,37,54,-0.0369125,0.173764,False
rs5752801,37,55,-0.0356014,0.192066,False
rs5752801,37,56,-0.0306865,0.263394,False
rs5752801,37,57,-0.0292194,0.288324,False
rs5752801,37,58,-0.0358918,0.193424,False
rs5752801,37,59,-0.0381999,0.168832,False
rs5752801,37,60,-0.0399219,0.152498,False
rs5752801,37,61,-0.0467631,0.0951706,False
rs5752801,37,62,-0.0379655,0.178404,False
rs5752801,37,63,-0.0358819,0.20428,False
rs5752801,37,64,-0.0423575,0.13606,False
rs5752801,37,65,-0.0370051,0.194712,False
rs5752801,37,66,-0.0423617,0.139476,False
rs5752801,37,67,-0.0383131,0.183589,False
rs5752801,37,68,-0.0416437,0.15061,False
rs5752801,37,69,-0.0458113,0.115939,False
rs5752801,37,70,-0.0423615,0.147818,False
rs5752801,37,71,-0.034258,0.243566,False
rs5752801,37,72,-0.040754,0.16768,False
rs5752801,37,73,-0.0450686,0.128831,False
rs5752801,37,74,-0.0368098,0.217159,False
rs5752801,37,75,-0.042605,0.155304,False
rs5752801,37,76,-0.0394335,0.190511,False
rs5752801,37,77,-0.0329204,0.276753,False
rs5752801,37,78,-0.0331061,0.275298,False
rs5752801,37,79,-0.0402187,0.187249,False
rs5752801,37,80,-0.0393691,0.197864,False
rs5752801,37,81,-0.0365712,0.233202,False
rs5752801,37,82,-0.0349843,0.257245,False
rs5752801,37,83,-0.0366563,0.236151,False
rs5752801,37,84,-0.0353738,0.254826,False
rs5752801,37,85,-0.0386345,0.214707,False
rs5752801,37,86,-0.0362475,0.246523,False
rs5752801,37,87,-0.0314695,0.31559,False
rs5752801,37,88,-0.0352339,0.262479,False
rs5752801,37,89,-0.0364401,0.24781,False
rs5752801,37,90,-0.041122,0.194086,False
rs5752801,37,91,-0.0319423,0.314196,False
rs5752801,37,92,-0.0383315,0.228736,False
rs5752801,37,93,-0.0393308,0.217944,False
rs5752801,37,94,-0.0271588,0.396601,False
rs5752801,37,95,-0.0348307,0.278173,False
rs5752801,37,96,-0.039585,0.219167,False
rs5752801,37,97,-0.034495,0.285358,False
rs5752801,37,98,-0.0443804,0.169961,False
rs5752801,37,99,-0.0403863,0.212485,False
rs5752801,37,100,-0.0429536,0.18632,False
rs5752801,37,101,-0.0415374,0.201774,False
rs5752801,37,102,-0.0388135,0.233698,False
rs5752801,37,103,-0.0433585,0.184393,False
rs5752801,37,104,-0.0495927,0.129637,False
rs5752801,37,105,-0.0490236,0.134787,False
rs5752801,37,106,-0.05282,0.107799,False
rs5752801,37,107,-0.0473148,0.150531,False
rs5752801,37,108,-0.044446,0.177414,False
rs5752801,37,109,-0.0475202,0.150159,False
rs5752801,37,110,-0.0538563,0.103358,False
rs5752801,37,111,-0.0547267,0.0984568,False
rs5752801,37,112,-0.0495,0.135531,False
rs5752801,37,113,-0.0389176,0.241706,False
rs5752801,37,114,-0.0449055,0.177153,False
rs5752801,37,115,-0.0461081,0.166547,False
rs5752801,37,116,-0.046482,0.163996,False
rs5752801,37,117,-0.0500217,0.134749,False
rs5752801,37,118,-0.0555381,0.0970633,False
rs5752801,37,119,-0.0593301,0.0766527,False
rs5752801,37,120,-0.0565838,0.0916727,False
rs5752801,37,121,-0.0523155,0.119219,False
rs5752801,37,122,-0.0457368,0.173502,False
rs5752801,37,123,-0.0518204,0.123358,False
rs5752801,37,124,-0.0540352,0.108637,False
rs5752801,37,125,-0.0586729,0.0817191,False
rs5752801,37,126,-0.0578343,0.0863913,False
rs5752801,37,127,-0.0586559,0.0826553,False
rs5752801,37,128,-0.0549113,0.104444,False
rs5752801,37,129,-0.0565186,0.0951617,False
rs5752801,37,130,-0.0482367,0.154933,False
rs5752801,37,131,-0.0504316,0.137164,False
rs5752801,37,132,-0.0501531,0.138937,False
rs5752801,37,133,-0.0475324,0.161124,False
rs5752801,37,134,-0.0477481,0.15937,False
rs5752801,37,135,-0.0508378,0.134295,False
rs5752801,37,136,-0.0464082,0.172012,False
rs5752801,37,137,-0.0439668,0.195999,False
rs5752801,37,138,-0.049866,0.142889,False
rs5752801,37,139,-0.049912,0.143047,False
rs5752801,37,140,-0.0416343,0.221973,False
rs5752801,37,141,-0.0467593,0.170371,False
rs5752801,37,142,-0.0474836,0.163946,False
rs5752801,37,143,-0.0443549,0.194033,False
rs5752801,37,144,-0.0464855,0.173608,False
rs5752801,37,145,-0.0465531,0.173508,False
rs5752801,37,146,-0.0472587,0.166736,False
rs5752801,37,147,-0.052181,0.126581,False
rs5752801,37,148,-0.048985,0.152129,False
rs5752801,37,149,-0.0482565,0.158418,False
rs5752801,37,150,-0.0513037,0.133556,False
rs5752801,37,151,-0.0569735,0.0956083,False
rs5752801,37,152,-0.0566966,0.0978082,False
rs5752801,37,153,-0.0611191,0.0743608,False
rs5752801,37,154,-0.0522752,0.127472,False
rs5752801,37,155,-0.0466776,0.172813,False
rs5752801,37,156,-0.0501042,0.143273,False
rs5752801,37,157,-0.0555838,0.104519,False
rs5752801,37,158,-0.0562978,0.10019,False
rs5752801,37,159,-0.051204,0.134549,False
rs5752801,37,160,-0.0495868,0.14725,False
rs5752801,37,161,-0.0479104,0.161781,False
rs5752801,37,162,-0.0467718,0.171488,False
rs5752801,37,163,-0.0446817,0.191481,False
rs5752801,37,164,-0.0532768,0.11927,False
rs5752801,37,165,-0.0524187,0.124885,False
rs5752801,37,166,-0.0553354,0.105237,False
rs5752801,37,167,-0.0571824,0.0940344,False
rs5752801,37,168,-0.0619154,0.0699194,False
rs5752801,37,169,-0.0570109,0.0949635,False
rs5752801,37,170,-0.0642586,0.0596481,False
rs5752801,37,171,-0.0617209,0.0699054,False
rs5752801,37,172,-0.0580267,0.0881189,False
rs5752801,37,173,-0.0549953,0.105275,False
rs5752801,37,174,-0.0492436,0.146471,False
rs5752801,37,175,-0.0551289,0.10315,False
rs5752801,37,176,-0.0520918,0.123165,False
rs5752801,37,177,-0.0514454,0.127533,False
rs5752801,37,178,-0.0570639,0.0910261,False
rs5752801,37,179,-0.0523532,0.120744,False
rs5752801,37,180,-0.0558668,0.0973026,False
rs5752801,37,181,-0.0613967,0.0678519,False
rs5752801,37,182,-0.0650692,0.0525868,False
rs5752801,37,183,-0.0707697,0.0347186,False
rs5752801,37,184,-0.0809463,0.0155624,False
rs5752801,37,185,-0.0738849,0.0270412,False
rs5752801,37,186,-0.0698023,0.0365275,False
rs5752801,37,187,-0.0683708,0.0400856,False
rs5752801,37,188,-0.0736416,0.0266244,False
rs5752801,37,189,-0.0701633,0.0344115,False
rs5752801,37,190,-0.0725879,0.0281807,False
rs5752801,37,191,-0.0635713,0.0543737,False
rs5752801,37,192,-0.0751466,0.0226032,False
rs5752801,37,193,-0.0734218,0.0257325,False
rs5752801,37,194,-0.0734971,0.0253403,False
rs5752801,37,195,-0.0680751,0.0380017,False
rs5752801,37,196,-0.077991,0.0173669,False
rs5752801,37,197,-0.0745514,0.0228933,False
rs5752801,37,198,-0.0726983,0.0263088,False
rs5752801,37,199,-0.0826424,0.0114384,False
rs5752801,37,200,-0.085504,0.00883118,False
rs5752801,37,201,-0.0866847,0.00796815,False
rs5752801,37,202,-0.0842248,0.00987715,False
rs5752801,37,203,-0.08036,0.0138921,False
rs5752801,37,204,-0.0777407,0.0171338,False
rs5752801,37,205,-0.0858995,0.00849982,False
rs5752801,37,206,-0.0791744,0.0152617,False
rs5752801,37,207,-0.0756598,0.0203713,False
rs5752801,37,208,-0.0795262,0.0148341,False
rs5752801,37,209,-0.0825965,0.0114149,False
rs5752801,37,210,-0.0819541,0.0122317,False
rs5752801,37,211,-0.0830918,0.0112067,False
rs5752801,37,212,-0.0835042,0.0108886,False
rs5752801,37,213,-0.0820321,0.0125442,False
rs5752801,37,214,-0.0871156,0.00817699,False
rs5752801,37,215,-0.100435,0.00232484,False
rs5752801,37,216,-0.0956928,0.00382984,False
rs5752801,37,217,-0.0925083,0.00533063,False
rs5752801,37,218,-0.0942054,0.0046049,False
rs5752801,37,219,-0.0974158,0.00356869,False
rs5752801,37,220,-0.0978826,0.00351757,False
rs5752801,37,221,-0.0951356,0.00474595,False
rs5752801,37,222,-0.0929357,0.00609375,False
rs5752801,37,223,-0.0928776,0.00631703,False
rs5752801,37,224,-0.0919925,0.00721403,False
rs5752801,37,225,-0.0974656,0.00465242,False
rs5752801,37,226,-0.103084,0.00291595,False
rs5752801,37,227,-0.104465,0.00274535,False
rs5752801,37,228,-0.110498,0.00169888,False
rs5752801,37,229,-0.112635,0.00151991,False
rs5752801,37,230,-0.106319,0.00296413,False
rs5752801,37,231,-0.10046,0.00547328,False
rs5752801,37,232,-0.120096,0.00101329,False
rs5752801,37,233,-0.1163,0.00162171,False
rs5752801,37,234,-0.116469,0.00182338,False
rs5752801,37,235,-0.123632,0.00106301,False
rs5752801,37,236,-0.126975,0.000886402,False
rs5752801,37,237,-0.120925,0.00176216,False
rs5752801,37,238,-0.117379,0.00271388,False
rs5752801,37,239,-0.139839,0.000417053,False
rs5752801,37,240,-0.135812,0.000730972,False
rs5752801,37,241,-0.136913,0.000780724,False
rs5752801,37,242,-0.144089,0.00048571,False
rs5752801,37,243,-0.14289,0.000655935,False
rs5752801,37,244,-0.142142,0.000837292,False
rs5752801,37,245,-0.148205,0.000597052,False
rs5752801,37,246,-0.150836,0.000583758,False
rs5752801,37,247,-0.157877,0.000402998,False
rs5752801,37,248,-0.149658,0.000975196,False
rs5752801,37,249,-0.152787,0.000938483,False
rs5752801,37,250,-0.153205,0.00108167,False
rs5752801,37,251,-0.156461,0.000988451,False
rs5752801,38,6,0.00525878,0.838203,False
rs5752801,38,7,0.0161173,0.529772,False
rs5752801,38,8,0.00199342,0.937482,False
rs5752801,38,9,0.00894147,0.722272,False
rs5752801,38,10,0.0109058,0.663033,False
rs5752801,38,11,0.000199667,0.993596,False
rs5752801,38,12,0.00389098,0.875223,False
rs5752801,38,13,0.00711228,0.77301,False
rs5752801,38,14,-0.00234148,0.9241,False
rs5752801,38,15,-0.00413104,0.866192,False
rs5752801,38,16,0.00325453,0.894505,False
rs5752801,38,17,-0.00585971,0.811209,False
rs5752801,38,18,0.00389125,0.873851,False
rs5752801,38,19,0.00686248,0.780006,False
rs5752801,38,20,0.00369144,0.880704,False
rs5752801,38,21,0.00750817,0.76046,False
rs5752801,38,22,0.00995261,0.686861,False
rs5752801,38,23,0.00493018,0.842154,False
rs5752801,38,24,0.0178008,0.471994,False
rs5752801,38,25,0.0199839,0.421198,False
rs5752801,38,26,0.0170576,0.491748,False
rs5752801,38,27,0.0158915,0.523906,False
rs5752801,38,28,0.0174435,0.485466,False
rs5752801,38,29,0.0114706,0.647109,False
rs5752801,38,30,0.00373634,0.881705,False
rs5752801,38,31,0.0121671,0.62888,False
rs5752801,38,32,0.0182315,0.469892,False
rs5752801,38,33,0.011638,0.645478,False
rs5752801,38,34,0.00946934,0.708815,False
rs5752801,38,35,0.00744941,0.769645,False
rs5752801,38,36,0.00351411,0.890486,False
rs5752801,38,37,0.00270271,0.915882,False
rs5752801,38,38,-0.00392961,0.878288,False
rs5752801,38,39,-0.0159824,0.535158,False
rs5752801,38,40,-0.0139868,0.588972,False
rs5752801,38,41,-0.013862,0.592611,False
rs5752801,38,42,-0.0112426,0.665574,False
rs5752801,38,43,-0.0110855,0.671659,False
rs5752801,38,44,-0.0128421,0.624961,False
rs5752801,38,45,-0.0090571,0.731169,False
rs5752801,38,46,-0.0258473,0.328694,False
rs5752801,38,47,-0.0193323,0.466687,False
rs5752801,38,48,-0.0154331,0.562528,False
rs5752801,38,49,-0.0245063,0.360805,False
rs5752801,38,50,-0.0271173,0.313282,False
rs5752801,38,51,-0.0221327,0.412524,False
rs5752801,38,52,-0.0369593,0.172689,False
rs5752801,38,53,-0.0313621,0.250349,False
rs5752801,38,54,-0.032786,0.231733,False
rs5752801,38,55,-0.030476,0.267399,False
rs5752801,38,56,-0.0368827,0.18157,False
rs5752801,38,57,-0.0417062,0.133144,False
rs5752801,38,58,-0.0344966,0.21618,False
rs5752801,38,59,-0.0278047,0.320779,False
rs5752801,38,60,-0.0363154,0.196973,False
rs5752801,38,61,-0.0472393,0.0943221,False
rs5752801,38,62,-0.0354914,0.210927,False
rs5752801,38,63,-0.0410894,0.149154,False
rs5752801,38,64,-0.0422742,0.139791,False
rs5752801,38,65,-0.0403077,0.161815,False
rs5752801,38,66,-0.0340548,0.238182,False
rs5752801,38,67,-0.0285887,0.324526,False
rs5752801,38,68,-0.0374249,0.199257,False
rs5752801,38,69,-0.0393413,0.179271,False
rs5752801,38,70,-0.038847,0.187153,False
rs5752801,38,71,-0.0377589,0.202189,False
rs5752801,38,72,-0.0414995,0.16345,False
rs5752801,38,73,-0.0430688,0.149393,False
rs5752801,38,74,-0.0371847,0.215345,False
rs5752801,38,75,-0.0431414,0.152482,False
rs5752801,38,76,-0.0305873,0.311904,False
rs5752801,38,77,-0.0366622,0.228296,False
rs5752801,38,78,-0.0438484,0.151252,False
rs5752801,38,79,-0.0518204,0.0905948,False
rs5752801,38,80,-0.0480379,0.118602,False
rs5752801,38,81,-0.0446707,0.148143,False
rs5752801,38,82,-0.0495725,0.109735,False
rs5752801,38,83,-0.0427696,0.168762,False
rs5752801,38,84,-0.0466017,0.135948,False
rs5752801,38,85,-0.0476863,0.127571,False
rs5752801,38,86,-0.0443958,0.157643,False
rs5752801,38,87,-0.0416982,0.186178,False
rs5752801,38,88,-0.0365667,0.247264,False
rs5752801,38,89,-0.0420191,0.185215,False
rs5752801,38,90,-0.0429952,0.175769,False
rs5752801,38,91,-0.0396114,0.213513,False
rs5752801,38,92,-0.0479699,0.133223,False
rs5752801,38,93,-0.0385177,0.22971,False
rs5752801,38,94,-0.0401469,0.210865,False
rs5752801,38,95,-0.043145,0.179371,False
rs5752801,38,96,-0.0409945,0.203419,False
rs5752801,38,97,-0.0449902,0.16362,False
rs5752801,38,98,-0.0457958,0.157166,False
rs5752801,38,99,-0.0464358,0.152257,False
rs5752801,38,100,-0.0481642,0.138792,False
rs5752801,38,101,-0.0395372,0.224687,False
rs5752801,38,102,-0.0379059,0.245074,False
rs5752801,38,103,-0.0439892,0.178073,False
rs5752801,38,104,-0.0520853,0.11158,False
rs5752801,38,105,-0.050376,0.124331,False
rs5752801,38,106,-0.0470002,0.151778,False
rs5752801,38,107,-0.0487893,0.136713,False
rs5752801,38,108,-0.0467856,0.15429,False
rs5752801,38,109,-0.0582655,0.076655,False
rs5752801,38,110,-0.0567809,0.0851523,False
rs5752801,38,111,-0.0504222,0.126652,False
rs5752801,38,112,-0.048062,0.145168,False
rs5752801,38,113,-0.0530297,0.108756,False
rs5752801,38,114,-0.0503451,0.128045,False
rs5752801,38,115,-0.0580429,0.0798862,False
rs5752801,38,116,-0.0571225,0.0853843,False
rs5752801,38,117,-0.0502438,0.130529,False
rs5752801,38,118,-0.0489621,0.141207,False
rs5752801,38,119,-0.0457536,0.169699,False
rs5752801,38,120,-0.04897,0.14255,False
rs5752801,38,121,-0.0480445,0.15028,False
rs5752801,38,122,-0.0459666,0.168507,False
rs5752801,38,123,-0.0510214,0.127126,False
rs5752801,38,124,-0.0491175,0.142983,False
rs5752801,38,125,-0.0447506,0.182491,False
rs5752801,38,126,-0.0449688,0.180651,False
rs5752801,38,127,-0.0467399,0.16474,False
rs5752801,38,128,-0.0599086,0.0750529,False
rs5752801,38,129,-0.0545609,0.105624,False
rs5752801,38,130,-0.0543313,0.106955,False
rs5752801,38,131,-0.0566652,0.0928411,False
rs5752801,38,132,-0.0483559,0.152037,False
rs5752801,38,133,-0.056729,0.0931086,False
rs5752801,38,134,-0.0552768,0.101501,False
rs5752801,38,135,-0.0659815,0.0506322,False
rs5752801,38,136,-0.0605113,0.0729992,False
rs5752801,38,137,-0.0558461,0.098296,False
rs5752801,38,138,-0.0631274,0.0619297,False
rs5752801,38,139,-0.0578197,0.0874561,False
rs5752801,38,140,-0.0519144,0.12523,False
rs5752801,38,141,-0.0567043,0.094405,False
rs5752801,38,142,-0.0440192,0.19428,False
rs5752801,38,143,-0.0554325,0.10251,False
rs5752801,38,144,-0.0487231,0.15129,False
rs5752801,38,145,-0.0567403,0.0945679,False
rs5752801,38,146,-0.0470711,0.16599,False
rs5752801,38,147,-0.0514264,0.130871,False
rs5752801,38,148,-0.0506017,0.137312,False
rs5752801,38,149,-0.0494537,0.146369,False
rs5752801,38,150,-0.0573878,0.0920676,False
rs5752801,38,151,-0.0486364,0.153346,False
rs5752801,38,152,-0.0479521,0.159495,False
rs5752801,38,153,-0.0457434,0.179802,False
rs5752801,38,154,-0.0405164,0.23518,False
rs5752801,38,155,-0.0452089,0.185018,False
rs5752801,38,156,-0.0517415,0.129438,False
rs5752801,38,157,-0.054116,0.112558,False
rs5752801,38,158,-0.0544288,0.110617,False
rs5752801,38,159,-0.0531612,0.119544,False
rs5752801,38,160,-0.0521167,0.127299,False
rs5752801,38,161,-0.0548479,0.108668,False
rs5752801,38,162,-0.0524272,0.125584,False
rs5752801,38,163,-0.0478903,0.161238,False
rs5752801,38,164,-0.0436283,0.201515,False
rs5752801,38,165,-0.0499213,0.143415,False
rs5752801,38,166,-0.0520362,0.127529,False
rs5752801,38,167,-0.0527079,0.122761,False
rs5752801,38,168,-0.0520449,0.12694,False
rs5752801,38,169,-0.051934,0.127462,False
rs5752801,38,170,-0.0580965,0.0879437,False
rs5752801,38,171,-0.0687624,0.043771,False
rs5752801,38,172,-0.0651559,0.0558368,False
rs5752801,38,173,-0.0622156,0.06761,False
rs5752801,38,174,-0.0587207,0.0842633,False
rs5752801,38,175,-0.056814,0.0948002,False
rs5752801,38,176,-0.0596764,0.0790497,False
rs5752801,38,177,-0.0620149,0.067852,False
rs5752801,38,178,-0.0535531,0.113669,False
rs5752801,38,179,-0.0608314,0.072261,False
rs5752801,38,180,-0.0564773,0.0947178,False
rs5752801,38,181,-0.056494,0.0943595,False
rs5752801,38,182,-0.0554218,0.100039,False
rs5752801,38,183,-0.0590907,0.0794887,False
rs5752801,38,184,-0.0543328,0.106277,False
rs5752801,38,185,-0.0663508,0.0481142,False
rs5752801,38,186,-0.0649773,0.0526092,False
rs5752801,38,187,-0.0648172,0.0525793,False
rs5752801,38,188,-0.0667202,0.0459179,False
rs5752801,38,189,-0.0692176,0.0378873,False
rs5752801,38,190,-0.07553,0.0231074,False
rs5752801,38,191,-0.0658564,0.0469192,False
rs5752801,38,192,-0.0704261,0.0333639,False
rs5752801,38,193,-0.0702304,0.0338105,False
rs5752801,38,194,-0.0721728,0.0287354,False
rs5752801,38,195,-0.0725192,0.0277105,False
rs5752801,38,196,-0.0772676,0.018893,False
rs5752801,38,197,-0.0788965,0.0164632,False
rs5752801,38,198,-0.0816478,0.0128707,False
rs5752801,38,199,-0.0779562,0.0174067,False
rs5752801,38,200,-0.079694,0.015144,False
rs5752801,38,201,-0.0887082,0.00687409,False
rs5752801,38,202,-0.0921412,0.00495453,False
rs5752801,38,203,-0.0981115,0.0027333,False
rs5752801,38,204,-0.0824121,0.011898,False
rs5752801,38,205,-0.0778405,0.0174322,False
rs5752801,38,206,-0.0726761,0.0265943,False
rs5752801,38,207,-0.0692003,0.0345759,False
rs5752801,38,208,-0.0638049,0.0516846,False
rs5752801,38,209,-0.0716511,0.0289365,False
rs5752801,38,210,-0.0769248,0.0191852,False
rs5752801,38,211,-0.0794592,0.0156228,False
rs5752801,38,212,-0.0752337,0.0223284,False
rs5752801,38,213,-0.0922513,0.00518296,False
rs5752801,38,214,-0.0837216,0.0112286,False
rs5752801,38,215,-0.0776745,0.0187952,False
rs5752801,38,216,-0.0806278,0.0149469,False
rs5752801,38,217,-0.086625,0.00920663,False
rs5752801,38,218,-0.0813777,0.0146257,False
rs5752801,38,219,-0.0958978,0.00420711,False
rs5752801,38,220,-0.0894125,0.00779205,False
rs5752801,38,221,-0.100227,0.00300245,False
rs5752801,38,222,-0.0967634,0.00432327,False
rs5752801,38,223,-0.107334,0.00162483,False
rs5752801,38,224,-0.0937502,0.00622892,False
rs5752801,38,225,-0.0957107,0.00547982,False
rs5752801,38,226,-0.101097,0.00355942,False
rs5752801,38,227,-0.105728,0.00250097,False
rs5752801,38,228,-0.113394,0.00127328,False
rs5752801,38,229,-0.104022,0.00336932,False
rs5752801,38,230,-0.102315,0.00425928,False
rs5752801,38,231,-0.0985078,0.00638568,False
rs5752801,38,232,-0.1059,0.00365946,False
rs5752801,38,233,-0.106717,0.00373637,False
rs5752801,38,234,-0.108639,0.00345988,False
rs5752801,38,235,-0.103747,0.00572762,False
rs5752801,38,236,-0.108128,0.00444385,False
rs5752801,38,237,-0.113437,0.00318979,False
rs5752801,38,238,-0.111995,0.00401063,False
rs5752801,38,239,-0.117242,0.00294463,False
rs5752801,38,240,-0.114194,0.00421358,False
rs5752801,38,241,-0.119307,0.0031803,False
rs5752801,38,242,-0.114234,0.00541275,False
rs5752801,38,243,-0.124459,0.00280611,False
rs5752801,38,244,-0.126514,0.00279309,False
rs5752801,38,245,-0.127819,0.00291414,False
rs5752801,38,246,-0.132661,0.00237184,False
rs5752801,38,247,-0.139851,0.00161448,False
rs5752801,38,248,-0.131608,0.00352598,False
rs5752801,38,249,-0.126045,0.00601486,False
rs5752801,38,250,-0.143946,0.00200365,False
rs5752801,38,251,-0.139427,0.00318871,False
rs5752801,39,6,0.0165724,0.520736,False
rs5752801,39,7,0.0109012,0.671023,False
rs5752801,39,8,0.0115111,0.651311,False
rs5752801,39,9,0.00737735,0.770707,False
rs5752801,39,10,0.00304843,0.903736,False
rs5752801,39,11,0.0119218,0.633999,False
rs5752801,39,12,0.011077,0.656731,False
rs5752801,39,13,0.0139959,0.573176,False
rs5752801,39,14,0.00605903,0.806842,False
rs5752801,39,15,0.0150355,0.543656,False
rs5752801,39,16,0.00956671,0.698659,False
rs5752801,39,17,-0.00490396,0.84232,False
rs5752801,39,18,0.00230083,0.925852,False
rs5752801,39,19,0.00893224,0.7174,False
rs5752801,39,20,0.0017129,0.944655,False
rs5752801,39,21,0.0109957,0.656577,False
rs5752801,39,22,0.00905262,0.715139,False
rs5752801,39,23,0.00252165,0.91914,False
rs5752801,39,24,-0.000120724,0.996118,False
rs5752801,39,25,0.00437304,0.860929,False
rs5752801,39,26,0.00348046,0.889411,False
rs5752801,39,27,-0.000595984,0.981038,False
rs5752801,39,28,0.00834819,0.739841,False
rs5752801,39,29,-0.000411037,0.986992,False
rs5752801,39,30,-0.000764688,0.975872,False
rs5752801,39,31,0.000235219,0.992593,False
rs5752801,39,32,-0.00848091,0.738721,False
rs5752801,39,33,-0.00461883,0.85616,False
rs5752801,39,34,-0.0113015,0.658499,False
rs5752801,39,35,-0.0152927,0.550351,False
rs5752801,39,36,-0.000930629,0.97112,False
rs5752801,39,37,-0.00664589,0.796833,False
rs5752801,39,38,-0.00605495,0.815247,False
rs5752801,39,39,-0.00510677,0.8441,False
rs5752801,39,40,-0.00731143,0.779262,False
rs5752801,39,41,-0.0074211,0.776598,False
rs5752801,39,42,-0.0163933,0.531857,False
rs5752801,39,43,-0.0130018,0.621936,False
rs5752801,39,44,-0.0143437,0.588139,False
rs5752801,39,45,-0.00862924,0.744903,False
rs5752801,39,46,-0.0186399,0.484866,False
rs5752801,39,47,-0.0168045,0.530638,False
rs5752801,39,48,-0.017422,0.517156,False
rs5752801,39,49,-0.0152958,0.571014,False
rs5752801,39,50,-0.0188995,0.486029,False
rs5752801,39,51,-0.0272336,0.317189,False
rs5752801,39,52,-0.0319747,0.24268,False
rs5752801,39,53,-0.0219193,0.424648,False
rs5752801,39,54,-0.0237954,0.38812,False
rs5752801,39,55,-0.032074,0.247646,False
rs5752801,39,56,-0.0270736,0.3311,False
rs5752801,39,57,-0.0348066,0.213498,False
rs5752801,39,58,-0.0352283,0.209937,False
rs5752801,39,59,-0.0359151,0.202982,False
rs5752801,39,60,-0.0330918,0.243218,False
rs5752801,39,61,-0.0422571,0.138198,False
rs5752801,39,62,-0.0391634,0.170508,False
rs5752801,39,63,-0.037778,0.188724,False
rs5752801,39,64,-0.0392477,0.173342,False
rs5752801,39,65,-0.0432963,0.135035,False
rs5752801,39,66,-0.0360126,0.215829,False
rs5752801,39,67,-0.0382088,0.190978,False
rs5752801,39,68,-0.037516,0.201455,False
rs5752801,39,69,-0.0339554,0.250179,False
rs5752801,39,70,-0.0429502,0.147582,False
rs5752801,39,71,-0.0467764,0.116384,False
rs5752801,39,72,-0.039929,0.182182,False
rs5752801,39,73,-0.0302368,0.314486,False
rs5752801,39,74,-0.03229,0.285704,False
rs5752801,39,75,-0.040046,0.186484,False
rs5752801,39,76,-0.0354166,0.244555,False
rs5752801,39,77,-0.048634,0.11172,False
rs5752801,39,78,-0.0444297,0.14786,False
rs5752801,39,79,-0.0476453,0.121731,False
rs5752801,39,80,-0.0407861,0.186469,False
rs5752801,39,81,-0.0480078,0.121758,False
rs5752801,39,82,-0.0455617,0.143287,False
rs5752801,39,83,-0.0566747,0.0697125,False
rs5752801,39,84,-0.0510193,0.103578,False
rs5752801,39,85,-0.0484194,0.123761,False
rs5752801,39,86,-0.0436391,0.16606,False
rs5752801,39,87,-0.0416532,0.187238,False
rs5752801,39,88,-0.0408619,0.19724,False
rs5752801,39,89,-0.0337489,0.288116,False
rs5752801,39,90,-0.0381967,0.230478,False
rs5752801,39,91,-0.0329056,0.302965,False
rs5752801,39,92,-0.037437,0.242342,False
rs5752801,39,93,-0.0339282,0.29005,False
rs5752801,39,94,-0.0399161,0.214351,False
rs5752801,39,95,-0.0331127,0.303205,False
rs5752801,39,96,-0.0259143,0.421351,False
rs5752801,39,97,-0.0292025,0.365884,False
rs5752801,39,98,-0.0291714,0.367276,False
rs5752801,39,99,-0.0273146,0.39901,False
rs5752801,39,100,-0.0320632,0.32238,False
rs5752801,39,101,-0.0347595,0.283773,False
rs5752801,39,102,-0.035811,0.270225,False
rs5752801,39,103,-0.0333824,0.304321,False
rs5752801,39,104,-0.0388689,0.232207,False
rs5752801,39,105,-0.0445509,0.171828,False
rs5752801,39,106,-0.0399957,0.220431,False
rs5752801,39,107,-0.0438207,0.180261,False
rs5752801,39,108,-0.0550005,0.0929008,False
rs5752801,39,109,-0.049041,0.13407,False
rs5752801,39,110,-0.0507822,0.121595,False
rs5752801,39,111,-0.0489866,0.135713,False
rs5752801,39,112,-0.0502015,0.127089,False
rs5752801,39,113,-0.0523247,0.111737,False
rs5752801,39,114,-0.0493813,0.134026,False
rs5752801,39,115,-0.0508329,0.12335,False
rs5752801,39,116,-0.0453472,0.169565,False
rs5752801,39,117,-0.0552293,0.0946961,False
rs5752801,39,118,-0.05784,0.0805315,False
rs5752801,39,119,-0.0471923,0.154793,False
rs5752801,39,120,-0.0526373,0.112963,False
rs5752801,39,121,-0.0461059,0.165383,False
rs5752801,39,122,-0.0541109,0.104139,False
rs5752801,39,123,-0.0565693,0.0896251,False
rs5752801,39,124,-0.0475367,0.153864,False
rs5752801,39,125,-0.0481849,0.148964,False
rs5752801,39,126,-0.0436746,0.190937,False
rs5752801,39,127,-0.0472691,0.157716,False
rs5752801,39,128,-0.0478758,0.15242,False
rs5752801,39,129,-0.0507849,0.129791,False
rs5752801,39,130,-0.0502707,0.133858,False
rs5752801,39,131,-0.0431268,0.199357,False
rs5752801,39,132,-0.0441876,0.188562,False
rs5752801,39,133,-0.0518802,0.122585,False
rs5752801,39,134,-0.0530787,0.114429,False
rs5752801,39,135,-0.0462751,0.168871,False
rs5752801,39,136,-0.0393992,0.241892,False
rs5752801,39,137,-0.0335876,0.318415,False
rs5752801,39,138,-0.0388025,0.249269,False
rs5752801,39,139,-0.0384509,0.253935,False
rs5752801,39,140,-0.0449439,0.182159,False
rs5752801,39,141,-0.0486069,0.148873,False
rs5752801,39,142,-0.0564634,0.0939375,False
rs5752801,39,143,-0.0507547,0.132564,False
rs5752801,39,144,-0.0532233,0.114824,False
rs5752801,39,145,-0.0538662,0.110636,False
rs5752801,39,146,-0.0578362,0.0868848,False
rs5752801,39,147,-0.0504964,0.135149,False
rs5752801,39,148,-0.0444376,0.188917,False
rs5752801,39,149,-0.0436688,0.196711,False
rs5752801,39,150,-0.0509151,0.132609,False
rs5752801,39,151,-0.0491468,0.146693,False
rs5752801,39,152,-0.0383319,0.258574,False
rs5752801,39,153,-0.0390522,0.250329,False
rs5752801,39,154,-0.0352593,0.29989,False
rs5752801,39,155,-0.0415427,0.221803,False
rs5752801,39,156,-0.0516378,0.129282,False
rs5752801,39,157,-0.0519177,0.127765,False
rs5752801,39,158,-0.0591332,0.0827812,False
rs5752801,39,159,-0.0473475,0.164937,False
rs5752801,39,160,-0.045513,0.181733,False
rs5752801,39,161,-0.0516062,0.130048,False
rs5752801,39,162,-0.0513153,0.1328,False
rs5752801,39,163,-0.048818,0.152752,False
rs5752801,39,164,-0.0476656,0.162601,False
rs5752801,39,165,-0.0507376,0.136675,False
rs5752801,39,166,-0.0567141,0.0963483,False
rs5752801,39,167,-0.0505776,0.138149,False
rs5752801,39,168,-0.0484436,0.155079,False
rs5752801,39,169,-0.0473169,0.164964,False
rs5752801,39,170,-0.0526073,0.12319,False
rs5752801,39,171,-0.0505578,0.138492,False
rs5752801,39,172,-0.0529801,0.120776,False
rs5752801,39,173,-0.0439066,0.198345,False
rs5752801,39,174,-0.0442069,0.194302,False
rs5752801,39,175,-0.0501392,0.140359,False
rs5752801,39,176,-0.0514917,0.129577,False
rs5752801,39,177,-0.0552709,0.103486,False
rs5752801,39,178,-0.0457993,0.177483,False
rs5752801,39,179,-0.0526058,0.121188,False
rs5752801,39,180,-0.0431498,0.203109,False
rs5752801,39,181,-0.0473222,0.162131,False
rs5752801,39,182,-0.0556714,0.0995746,False
rs5752801,39,183,-0.0552474,0.101992,False
rs5752801,39,184,-0.0547784,0.104064,False
rs5752801,39,185,-0.0514728,0.126106,False
rs5752801,39,186,-0.0493673,0.142126,False
rs5752801,39,187,-0.052946,0.114422,False
rs5752801,39,188,-0.0601279,0.0729473,False
rs5752801,39,189,-0.0664068,0.047408,False
rs5752801,39,190,-0.0585492,0.0797971,False
rs5752801,39,191,-0.0583341,0.0802274,False
rs5752801,39,192,-0.0570162,0.0871668,False
rs5752801,39,193,-0.0678472,0.0412916,False
rs5752801,39,194,-0.0589686,0.0759683,False
rs5752801,39,195,-0.0576128,0.0823578,False
rs5752801,39,196,-0.0632642,0.0561684,False
rs5752801,39,197,-0.054587,0.0990727,False
rs5752801,39,198,-0.0664579,0.0441,False
rs5752801,39,199,-0.0723061,0.0284533,False
rs5752801,39,200,-0.0680631,0.0390176,False
rs5752801,39,201,-0.0602747,0.0673331,False
rs5752801,39,202,-0.0731341,0.0264074,False
rs5752801,39,203,-0.0652038,0.0475017,False
rs5752801,39,204,-0.0631194,0.0549106,False
rs5752801,39,205,-0.0618293,0.0602879,False
rs5752801,39,206,-0.0674367,0.0403302,False
rs5752801,39,207,-0.0658165,0.0452201,False
rs5752801,39,208,-0.0690958,0.035547,False
rs5752801,39,209,-0.0619641,0.0595178,False
rs5752801,39,210,-0.0752815,0.0221405,False
rs5752801,39,211,-0.05829,0.0768468,False
rs5752801,39,212,-0.0662972,0.0444035,False
rs5752801,39,213,-0.0690287,0.0367368,False
rs5752801,39,214,-0.0683496,0.0390295,False
rs5752801,39,215,-0.0686769,0.0383262,False
rs5752801,39,216,-0.0613071,0.0648864,False
rs5752801,39,217,-0.0714369,0.0320843,False
rs5752801,39,218,-0.07187,0.031527,False
rs5752801,39,219,-0.0713803,0.0332195,False
rs5752801,39,220,-0.0803172,0.0169291,False
rs5752801,39,221,-0.0850576,0.0118421,False
rs5752801,39,222,-0.0809663,0.0169395,False
rs5752801,39,223,-0.0807869,0.0176535,False
rs5752801,39,224,-0.0698525,0.041286,False
rs5752801,39,225,-0.0756458,0.0279767,False
rs5752801,39,226,-0.0831639,0.0163044,False
rs5752801,39,227,-0.0784884,0.024334,False
rs5752801,39,228,-0.0864504,0.0138081,False
rs5752801,39,229,-0.0990454,0.00505445,False
rs5752801,39,230,-0.102543,0.0040305,False
rs5752801,39,231,-0.0943204,0.00872068,False
rs5752801,39,232,-0.10208,0.0048887,False
rs5752801,39,233,-0.0990395,0.0068312,False
rs5752801,39,234,-0.0991782,0.00733253,False
rs5752801,39,235,-0.100162,0.00735746,False
rs5752801,39,236,-0.105635,0.00517187,False
rs5752801,39,237,-0.105693,0.00573151,False
rs5752801,39,238,-0.110723,0.00419835,False
rs5752801,39,239,-0.113877,0.00366317,False
rs5752801,39,240,-0.11775,0.00299627,False
rs5752801,39,241,-0.116284,0.00382376,False
rs5752801,39,242,-0.127612,0.00176245,False
rs5752801,39,243,-0.115767,0.00509703,False
rs5752801,39,244,-0.120094,0.00421032,False
rs5752801,39,245,-0.119579,0.00510127,False
rs5752801,39,246,-0.132396,0.00227944,False
rs5752801,39,247,-0.127645,0.00376728,False
rs5752801,39,248,-0.133711,0.00286198,False
rs5752801,39,249,-0.138698,0.00234461,False
rs5752801,39,250,-0.146234,0.00160206,False
rs5752801,39,251,-0.147205,0.00177145,False
rs5752801,40,6,-0.000114139,0.996511,False
rs5752801,40,7,0.00354808,0.891195,False
rs5752801,40,8,0.00220343,0.931818,False
rs5752801,40,9,-0.00160215,0.949955,False
rs5752801,40,10,-0.00564588,0.823809,False
rs5752801,40,11,-0.00739449,0.769172,False
rs5752801,40,12,-0.00834503,0.739101,False
rs5752801,40,13,-0.00485823,0.845758,False
rs5752801,40,14,-0.00528949,0.83162,False
rs5752801,40,15,-0.00532362,0.830072,False
rs5752801,40,16,0.000345324,0.988899,False
rs5752801,40,17,-0.0122605,0.621256,False
rs5752801,40,18,-0.011916,0.631397,False
rs5752801,40,19,-0.00525714,0.832591,False
rs5752801,40,20,0.0010818,0.965285,False
rs5752801,40,21,0.00131665,0.957773,False
rs5752801,40,22,-0.00865498,0.728349,False
rs5752801,40,23,0.00550465,0.825583,False
rs5752801,40,24,0.00607359,0.808274,False
rs5752801,40,25,0.000941927,0.96998,False
rs5752801,40,26,-0.00986374,0.694808,False
rs5752801,40,27,-0.00193657,0.938736,False
rs5752801,40,28,0.0107339,0.67109,False
rs5752801,40,29,0.0022713,0.928516,False
rs5752801,40,30,0.00137846,0.956746,False
rs5752801,40,31,-0.0109196,0.667996,False
rs5752801,40,32,-0.00666047,0.794056,False
rs5752801,40,33,-0.0135867,0.595186,False
rs5752801,40,34,-0.0110515,0.667117,False
rs5752801,40,35,-0.00969115,0.706511,False
rs5752801,40,36,-0.00246142,0.924043,False
rs5752801,40,37,-0.0196646,0.447547,False
rs5752801,40,38,-0.01441,0.579711,False
rs5752801,40,39,-0.00895572,0.731746,False
rs5752801,40,40,-0.0191276,0.465165,False
rs5752801,40,41,-0.0265163,0.313677,False
rs5752801,40,42,-0.0110038,0.676292,False
rs5752801,40,43,-0.0108507,0.682048,False
rs5752801,40,44,-0.0244264,0.358557,False
rs5752801,40,45,-0.0235288,0.379271,False
rs5752801,40,46,-0.018685,0.487089,False
rs5752801,40,47,-0.0234256,0.384444,False
rs5752801,40,48,-0.0298489,0.270022,False
rs5752801,40,49,-0.025226,0.35312,False
rs5752801,40,50,-0.0272212,0.317979,False
rs5752801,40,51,-0.0257193,0.348437,False
rs5752801,40,52,-0.0354576,0.198424,False
rs5752801,40,53,-0.0353463,0.201325,False
rs5752801,40,54,-0.0367143,0.186579,False
rs5752801,40,55,-0.0293847,0.291511,False
rs5752801,40,56,-0.0396554,0.157036,False
rs5752801,40,57,-0.0373642,0.184149,False
rs5752801,40,58,-0.0397099,0.159218,False
rs5752801,40,59,-0.0410099,0.148481,False
rs5752801,40,60,-0.04043,0.156565,False
rs5752801,40,61,-0.0433293,0.130514,False
rs5752801,40,62,-0.0416394,0.147637,False
rs5752801,40,63,-0.0364313,0.208107,False
rs5752801,40,64,-0.0406207,0.162381,False
rs5752801,40,65,-0.0428094,0.142485,False
rs5752801,40,66,-0.0490933,0.0941028,False
rs5752801,40,67,-0.0432495,0.14215,False
rs5752801,40,68,-0.0435265,0.14131,False
rs5752801,40,69,-0.038201,0.198649,False
rs5752801,40,70,-0.0420012,0.159549,False
rs5752801,40,71,-0.0505063,0.0922581,False
rs5752801,40,72,-0.0593689,0.0487117,False
rs5752801,40,73,-0.0472984,0.11822,False
rs5752801,40,74,-0.0433528,0.154413,False
rs5752801,40,75,-0.0412681,0.176722,False
rs5752801,40,76,-0.0360818,0.239254,False
rs5752801,40,77,-0.0406526,0.186665,False
rs5752801,40,78,-0.036271,0.240583,False
rs5752801,40,79,-0.0466712,0.132423,False
rs5752801,40,80,-0.055004,0.07665,False
rs5752801,40,81,-0.0484234,0.120473,False
rs5752801,40,82,-0.047632,0.12745,False
rs5752801,40,83,-0.0298543,0.34114,False
rs5752801,40,84,-0.0400055,0.203797,False
rs5752801,40,85,-0.0397082,0.207305,False
rs5752801,40,86,-0.0419177,0.184658,False
rs5752801,40,87,-0.0429976,0.174971,False
rs5752801,40,88,-0.040196,0.205925,False
rs5752801,40,89,-0.036928,0.245925,False
rs5752801,40,90,-0.0443691,0.164531,False
rs5752801,40,91,-0.0473054,0.139503,False
rs5752801,40,92,-0.043965,0.170221,False
rs5752801,40,93,-0.0424165,0.186163,False
rs5752801,40,94,-0.0408595,0.202931,False
rs5752801,40,95,-0.044382,0.168008,False
rs5752801,40,96,-0.038925,0.226911,False
rs5752801,40,97,-0.0356576,0.26853,False
rs5752801,40,98,-0.0354887,0.271629,False
rs5752801,40,99,-0.0376662,0.244263,False
rs5752801,40,100,-0.0445161,0.168762,False
rs5752801,40,101,-0.044357,0.170298,False
rs5752801,40,102,-0.0469981,0.146918,False
rs5752801,40,103,-0.0533574,0.100102,False
rs5752801,40,104,-0.0476644,0.142072,False
rs5752801,40,105,-0.0431621,0.184491,False
rs5752801,40,106,-0.0419249,0.197421,False
rs5752801,40,107,-0.0413491,0.204283,False
rs5752801,40,108,-0.0483941,0.137786,False
rs5752801,40,109,-0.0502917,0.122763,False
rs5752801,40,110,-0.0435079,0.182127,False
rs5752801,40,111,-0.051171,0.117501,False
rs5752801,40,112,-0.0490672,0.13351,False
rs5752801,40,113,-0.044937,0.169811,False
rs5752801,40,114,-0.0567804,0.0833147,False
rs5752801,40,115,-0.0543085,0.0976419,False
rs5752801,40,116,-0.0546978,0.0954813,False
rs5752801,40,117,-0.0507274,0.122444,False
rs5752801,40,118,-0.0493407,0.133756,False
rs5752801,40,119,-0.0497668,0.130436,False
rs5752801,40,120,-0.0494731,0.132841,False
rs5752801,40,121,-0.0535447,0.104714,False
rs5752801,40,122,-0.0543484,0.100094,False
rs5752801,40,123,-0.0561616,0.0895229,False
rs5752801,40,124,-0.0559053,0.0916902,False
rs5752801,40,125,-0.0443006,0.181914,False
rs5752801,40,126,-0.052974,0.110445,False
rs5752801,40,127,-0.062051,0.0615039,False
rs5752801,40,128,-0.0574628,0.0834497,False
rs5752801,40,129,-0.0576121,0.0831301,False
rs5752801,40,130,-0.0509859,0.125711,False
rs5752801,40,131,-0.0482832,0.147009,False
rs5752801,40,132,-0.0432606,0.193848,False
rs5752801,40,133,-0.0511252,0.12504,False
rs5752801,40,134,-0.0512175,0.124643,False
rs5752801,40,135,-0.0445935,0.181393,False
rs5752801,40,136,-0.0436633,0.19067,False
rs5752801,40,137,-0.0500017,0.134503,False
rs5752801,40,138,-0.0427822,0.200402,False
rs5752801,40,139,-0.0466842,0.162809,False
rs5752801,40,140,-0.0501475,0.133675,False
rs5752801,40,141,-0.050699,0.129213,False
rs5752801,40,142,-0.0485248,0.146975,False
rs5752801,40,143,-0.0487208,0.145432,False
rs5752801,40,144,-0.0473204,0.15749,False
rs5752801,40,145,-0.0536273,0.108841,False
rs5752801,40,146,-0.0553785,0.0980397,False
rs5752801,40,147,-0.0479133,0.153121,False
rs5752801,40,148,-0.0486484,0.147066,False
rs5752801,40,149,-0.0515621,0.12452,False
rs5752801,40,150,-0.0442802,0.18716,False
rs5752801,40,151,-0.0437414,0.193917,False
rs5752801,40,152,-0.0423831,0.208454,False
rs5752801,40,153,-0.0383079,0.256133,False
rs5752801,40,154,-0.0461635,0.171673,False
rs5752801,40,155,-0.0445487,0.187461,False
rs5752801,40,156,-0.0380041,0.260898,False
rs5752801,40,157,-0.0436758,0.196959,False
rs5752801,40,158,-0.0432108,0.202616,False
rs5752801,40,159,-0.0483377,0.154622,False
rs5752801,40,160,-0.0418954,0.21731,False
rs5752801,40,161,-0.0392816,0.24806,False
rs5752801,40,162,-0.0408045,0.230025,False
rs5752801,40,163,-0.0441007,0.194515,False
rs5752801,40,164,-0.0484308,0.154569,False
rs5752801,40,165,-0.0437214,0.199067,False
rs5752801,40,166,-0.0454057,0.18206,False
rs5752801,40,167,-0.0566668,0.0959948,False
rs5752801,40,168,-0.0524029,0.123897,False
rs5752801,40,169,-0.0480285,0.158621,False
rs5752801,40,170,-0.0487547,0.152696,False
rs5752801,40,171,-0.0540609,0.112864,False
rs5752801,40,172,-0.0522832,0.125527,False
rs5752801,40,173,-0.052137,0.12625,False
rs5752801,40,174,-0.0567471,0.0958949,False
rs5752801,40,175,-0.0566721,0.0965381,False
rs5752801,40,176,-0.0556162,0.10303,False
rs5752801,40,177,-0.0543619,0.11063,False
rs5752801,40,178,-0.0570129,0.093633,False
rs5752801,40,179,-0.0556036,0.102346,False
rs5752801,40,180,-0.0575438,0.0901512,False
rs5752801,40,181,-0.0581865,0.0865156,False
rs5752801,40,182,-0.0632077,0.0625061,False
rs5752801,40,183,-0.075153,0.0265051,False
rs5752801,40,184,-0.0778962,0.0212184,False
rs5752801,40,185,-0.0699895,0.0383279,False
rs5752801,40,186,-0.0710509,0.0351266,False
rs5752801,40,187,-0.0736597,0.0287727,False
rs5752801,40,188,-0.0788397,0.0190889,False
rs5752801,40,189,-0.0745228,0.0265905,False
rs5752801,40,190,-0.0736912,0.0280326,False
rs5752801,40,191,-0.0724669,0.0302394,False
rs5752801,40,192,-0.0672917,0.0440919,False
rs5752801,40,193,-0.0696288,0.03695,False
rs5752801,40,194,-0.0702144,0.0350081,False
rs5752801,40,195,-0.074552,0.0251431,False
rs5752801,40,196,-0.0746996,0.02479,False
rs5752801,40,197,-0.0792778,0.0170251,False
rs5752801,40,198,-0.0789282,0.0172808,False
rs5752801,40,199,-0.0760759,0.0217885,False
rs5752801,40,200,-0.0785929,0.0176682,False
rs5752801,40,201,-0.0722916,0.0289428,False
rs5752801,40,202,-0.0736012,0.0260807,False
rs5752801,40,203,-0.0734988,0.0261781,False
rs5752801,40,204,-0.0714684,0.0305766,False
rs5752801,40,205,-0.076371,0.0207491,False
rs5752801,40,206,-0.0791236,0.0164416,False
rs5752801,40,207,-0.0760887,0.0212859,False
rs5752801,40,208,-0.0694332,0.0354809,False
rs5752801,40,209,-0.0752008,0.0226782,False
rs5752801,40,210,-0.0682363,0.0388716,False
rs5752801,40,211,-0.0698532,0.0347737,False
rs5752801,40,212,-0.0704809,0.0332768,False
rs5752801,40,213,-0.0771693,0.0198316,False
rs5752801,40,214,-0.073946,0.0259337,False
rs5752801,40,215,-0.0818375,0.0139494,False
rs5752801,40,216,-0.0779215,0.019329,False
rs5752801,40,217,-0.0817455,0.0143998,False
rs5752801,40,218,-0.0861093,0.0100957,False
rs5752801,40,219,-0.0984843,0.00336517,False
rs5752801,40,220,-0.0978647,0.00367471,False
rs5752801,40,221,-0.0985359,0.00354394,False
rs5752801,40,222,-0.0962604,0.00453376,False
rs5752801,40,223,-0.0930265,0.00631025,False
rs5752801,40,224,-0.0998802,0.00348527,False
rs5752801,40,225,-0.104926,0.00228095,False
rs5752801,40,226,-0.10828,0.0017434,False
rs5752801,40,227,-0.105476,0.00246839,False
rs5752801,40,228,-0.104266,0.00295799,False
rs5752801,40,229,-0.100093,0.00458488,False
rs5752801,40,230,-0.100242,0.00482515,False
rs5752801,40,231,-0.104117,0.00372854,False
rs5752801,40,232,-0.105945,0.00339638,False
rs5752801,40,233,-0.101788,0.00532797,False
rs5752801,40,234,-0.104229,0.00478407,False
rs5752801,40,235,-0.0997219,0.0074763,False
rs5752801,40,236,-0.108358,0.00406206,False
rs5752801,40,237,-0.116246,0.00225555,False
rs5752801,40,238,-0.111003,0.00394174,False
rs5752801,40,239,-0.111901,0.0040623,False
rs5752801,40,240,-0.122662,0.00186575,False
rs5752801,40,241,-0.12734,0.00142996,False
rs5752801,40,242,-0.130913,0.00122348,False
rs5752801,40,243,-0.130843,0.00142958,False
rs5752801,40,244,-0.144707,0.000511389,False
rs5752801,40,245,-0.130098,0.00208685,False
rs5752801,40,246,-0.130625,0.0023947,False
rs5752801,40,247,-0.130469,0.00284357,False
rs5752801,40,248,-0.139157,0.00175357,False
rs5752801,40,249,-0.147712,0.00110186,False
rs5752801,40,250,-0.156309,0.000678711,False
rs5752801,40,251,-0.157688,0.000747546,False
rs5752801,41,6,-0.00650081,0.804174,False
rs5752801,41,7,-0.0116342,0.654692,False
rs5752801,41,8,-0.0155047,0.54832,False
rs5752801,41,9,-0.00798102,0.755295,False
rs5752801,41,10,-0.00394071,0.876934,False
rs5752801,41,11,-0.0121321,0.6307,False
rs5752801,41,12,-0.00356382,0.887332,False
rs5752801,41,13,0.00867298,0.728861,False
rs5752801,41,14,-0.00565031,0.821128,False
rs5752801,41,15,0.00214617,0.931565,False
rs5752801,41,16,-0.00279591,0.910845,False
rs5752801,41,17,-0.00400229,0.872653,False
rs5752801,41,18,0.00143875,0.954034,False
rs5752801,41,19,-0.000837364,0.973248,False
rs5752801,41,20,0.00388725,0.876609,False
rs5752801,41,21,-0.00639044,0.798862,False
rs5752801,41,22,-0.0056881,0.82073,False
rs5752801,41,23,0.00642331,0.798377,False
rs5752801,41,24,-0.00087527,0.972222,False
rs5752801,41,25,0.00451682,0.857792,False
rs5752801,41,26,-0.00176983,0.944131,False
rs5752801,41,27,-0.00773239,0.760496,False
rs5752801,41,28,-0.00481455,0.850035,False
rs5752801,41,29,-0.00643778,0.800593,False
rs5752801,41,30,-0.00520805,0.838581,False
rs5752801,41,31,-0.0112114,0.662368,False
rs5752801,41,32,-0.00914904,0.722157,False
rs5752801,41,33,-0.011268,0.662328,False
rs5752801,41,34,-0.0132737,0.607494,False
rs5752801,41,35,-0.00818438,0.752316,False
rs5752801,41,36,-0.00646073,0.803607,False
rs5752801,41,37,-0.0121747,0.640419,False
rs5752801,41,38,-0.0159948,0.541649,False
rs5752801,41,39,-0.0154793,0.55563,False
rs5752801,41,40,-0.0201673,0.44447,False
rs5752801,41,41,-0.0227827,0.390369,False
rs5752801,41,42,-0.0162248,0.542251,False
rs5752801,41,43,-0.0171222,0.521743,False
rs5752801,41,44,-0.0209213,0.435005,False
rs5752801,41,45,-0.01666,0.535853,False
rs5752801,41,46,-0.0186144,0.491312,False
rs5752801,41,47,-0.0171466,0.527166,False
rs5752801,41,48,-0.0264234,0.33235,False
rs5752801,41,49,-0.0240416,0.380048,False
rs5752801,41,50,-0.0191979,0.485378,False
rs5752801,41,51,-0.0224885,0.415284,False
rs5752801,41,52,-0.0235437,0.396175,False
rs5752801,41,53,-0.0221356,0.427134,False
rs5752801,41,54,-0.0242772,0.386566,False
rs5752801,41,55,-0.0213356,0.448881,False
rs5752801,41,56,-0.026616,0.346828,False
rs5752801,41,57,-0.0271671,0.338624,False
rs5752801,41,58,-0.0192381,0.500131,False
rs5752801,41,59,-0.0154899,0.58876,False
rs5752801,41,60,-0.0324909,0.259306,False
rs5752801,41,61,-0.0345433,0.232439,False
rs5752801,41,62,-0.0273874,0.34549,False
rs5752801,41,63,-0.03764,0.196893,False
rs5752801,41,64,-0.0461612,0.114925,False
rs5752801,41,65,-0.0430214,0.143641,False
rs5752801,41,66,-0.039978,0.175578,False
rs5752801,41,67,-0.0409342,0.167412,False
rs5752801,41,68,-0.0359552,0.227275,False
rs5752801,41,69,-0.0296164,0.322402,False
rs5752801,41,70,-0.0310309,0.302164,False
rs5752801,41,71,-0.0341572,0.257351,False
rs5752801,41,72,-0.0280409,0.355489,False
rs5752801,41,73,-0.0358977,0.23848,False
rs5752801,41,74,-0.0367448,0.229256,False
rs5752801,41,75,-0.033681,0.27302,False
rs5752801,41,76,-0.0407718,0.18568,False
rs5752801,41,77,-0.0450472,0.145374,False
rs5752801,41,78,-0.0332901,0.283138,False
rs5752801,41,79,-0.0282114,0.364741,False
rs5752801,41,80,-0.0282121,0.366084,False
rs5752801,41,81,-0.038313,0.221664,False
rs5752801,41,82,-0.0331264,0.291674,False
rs5752801,41,83,-0.0263977,0.401176,False
rs5752801,41,84,-0.031006,0.32502,False
rs5752801,41,85,-0.0354747,0.261223,False
rs5752801,41,86,-0.0393635,0.213715,False
rs5752801,41,87,-0.0329453,0.298591,False
rs5752801,41,88,-0.0406422,0.200615,False
rs5752801,41,89,-0.035384,0.26563,False
rs5752801,41,90,-0.0398688,0.21088,False
rs5752801,41,91,-0.0360241,0.258734,False
rs5752801,41,92,-0.0336365,0.292154,False
rs5752801,41,93,-0.0323894,0.311012,False
rs5752801,41,94,-0.0450641,0.158841,False
rs5752801,41,95,-0.0423286,0.186072,False
rs5752801,41,96,-0.0461719,0.150153,False
rs5752801,41,97,-0.044777,0.163088,False
rs5752801,41,98,-0.0428629,0.182382,False
rs5752801,41,99,-0.0465349,0.147835,False
rs5752801,41,100,-0.0519462,0.106642,False
rs5752801,41,101,-0.0500279,0.12036,False
rs5752801,41,102,-0.0470292,0.144772,False
rs5752801,41,103,-0.0377173,0.241784,False
rs5752801,41,104,-0.0359415,0.264977,False
rs5752801,41,105,-0.043591,0.176753,False
rs5752801,41,106,-0.0449689,0.163992,False
rs5752801,41,107,-0.0478186,0.139306,False
rs5752801,41,108,-0.0466032,0.149965,False
rs5752801,41,109,-0.0452078,0.162977,False
rs5752801,41,110,-0.0486723,0.133572,False
rs5752801,41,111,-0.0463503,0.153074,False
rs5752801,41,112,-0.0517008,0.111097,False
rs5752801,41,113,-0.0477885,0.141393,False
rs5752801,41,114,-0.0457087,0.159985,False
rs5752801,41,115,-0.0507064,0.119389,False
rs5752801,41,116,-0.0462989,0.155606,False
rs5752801,41,117,-0.0546254,0.094111,False
rs5752801,41,118,-0.050076,0.125063,False
rs5752801,41,119,-0.0545666,0.0951083,False
rs5752801,41,120,-0.0536752,0.101047,False
rs5752801,41,121,-0.0527135,0.107564,False
rs5752801,41,122,-0.0515669,0.116367,False
rs5752801,41,123,-0.0551923,0.0929484,False
rs5752801,41,124,-0.0539605,0.100554,False
rs5752801,41,125,-0.05375,0.102321,False
rs5752801,41,126,-0.0456101,0.166067,False
rs5752801,41,127,-0.0510858,0.121202,False
rs5752801,41,128,-0.0475796,0.149628,False
rs5752801,41,129,-0.0427228,0.1963,False
rs5752801,41,130,-0.0412217,0.21201,False
rs5752801,41,131,-0.0532357,0.107257,False
rs5752801,41,132,-0.050592,0.125936,False
rs5752801,41,133,-0.0494749,0.134914,False
rs5752801,41,134,-0.0452724,0.171525,False
rs5752801,41,135,-0.0460158,0.16466,False
rs5752801,41,136,-0.0481608,0.145952,False
rs5752801,41,137,-0.0578352,0.0808628,False
rs5752801,41,138,-0.0533242,0.107693,False
rs5752801,41,139,-0.0507677,0.125269,False
rs5752801,41,140,-0.0379256,0.252514,False
rs5752801,41,141,-0.047129,0.155047,False
rs5752801,41,142,-0.0506757,0.126807,False
rs5752801,41,143,-0.0458406,0.167244,False
rs5752801,41,144,-0.042292,0.20278,False
rs5752801,41,145,-0.0406063,0.222154,False
rs5752801,41,146,-0.0480326,0.148639,False
rs5752801,41,147,-0.0367954,0.268719,False
rs5752801,41,148,-0.0438205,0.18785,False
rs5752801,41,149,-0.0467561,0.160486,False
rs5752801,41,150,-0.051786,0.120348,False
rs5752801,41,151,-0.0465822,0.162565,False
rs5752801,41,152,-0.0463388,0.165433,False
rs5752801,41,153,-0.0458232,0.17093,False
rs5752801,41,154,-0.0435983,0.193411,False
rs5752801,41,155,-0.0499029,0.136455,False
rs5752801,41,156,-0.050371,0.133134,False
rs5752801,41,157,-0.0604356,0.0721748,False
rs5752801,41,158,-0.0562755,0.0945589,False
rs5752801,41,159,-0.0539301,0.109372,False
rs5752801,41,160,-0.0526433,0.118475,False
rs5752801,41,161,-0.0498777,0.139779,False
rs5752801,41,162,-0.0394828,0.242876,False
rs5752801,41,163,-0.0515175,0.128171,False
rs5752801,41,164,-0.046687,0.168052,False
rs5752801,41,165,-0.0503872,0.137286,False
rs5752801,41,166,-0.0560153,0.098948,False
rs5752801,41,167,-0.0594554,0.0799795,False
rs5752801,41,168,-0.0623751,0.0662935,False
rs5752801,41,169,-0.055799,0.100446,False
rs5752801,41,170,-0.0585863,0.0845102,False
rs5752801,41,171,-0.0604311,0.0754795,False
rs5752801,41,172,-0.0573754,0.0919306,False
rs5752801,41,173,-0.0583851,0.0861733,False
rs5752801,41,174,-0.0677741,0.0464281,False
rs5752801,41,175,-0.0625417,0.0665023,False
rs5752801,41,176,-0.0631472,0.0637458,False
rs5752801,41,177,-0.0677853,0.0465359,False
rs5752801,41,178,-0.0661605,0.0517673,False
rs5752801,41,179,-0.0644657,0.0581702,False
rs5752801,41,180,-0.0723234,0.0332354,False
rs5752801,41,181,-0.0650737,0.0552112,False
rs5752801,41,182,-0.0603775,0.0753167,False
rs5752801,41,183,-0.0671998,0.0474496,False
rs5752801,41,184,-0.0637462,0.059869,False
rs5752801,41,185,-0.0649341,0.0551884,False
rs5752801,41,186,-0.0604348,0.0738999,False
rs5752801,41,187,-0.0629943,0.0621536,False
rs5752801,41,188,-0.0659654,0.0506488,False
rs5752801,41,189,-0.0635281,0.0594211,False
rs5752801,41,190,-0.0649786,0.053447,False
rs5752801,41,191,-0.0597988,0.0749075,False
rs5752801,41,192,-0.0722606,0.0308929,False
rs5752801,41,193,-0.0623878,0.0622274,False
rs5752801,41,194,-0.0655513,0.0502131,False
rs5752801,41,195,-0.0663966,0.0467447,False
rs5752801,41,196,-0.0655503,0.0491999,False
rs5752801,41,197,-0.0713975,0.0321892,False
rs5752801,41,198,-0.0659353,0.0478482,False
rs5752801,41,199,-0.0679977,0.0412032,False
rs5752801,41,200,-0.0700898,0.0351477,False
rs5752801,41,201,-0.073986,0.0260449,False
rs5752801,41,202,-0.070713,0.0331595,False
rs5752801,41,203,-0.0622668,0.0604592,False
rs5752801,41,204,-0.0696563,0.0356019,False
rs5752801,41,205,-0.0684788,0.0392081,False
rs5752801,41,206,-0.0677285,0.0409167,False
rs5752801,41,207,-0.0652567,0.0489369,False
rs5752801,41,208,-0.0635302,0.0547792,False
rs5752801,41,209,-0.0603485,0.0685684,False
rs5752801,41,210,-0.0562979,0.0896732,False
rs5752801,41,211,-0.0475014,0.152716,False
rs5752801,41,212,-0.0618894,0.0625617,False
rs5752801,41,213,-0.0630361,0.0577464,False
rs5752801,41,214,-0.0638525,0.0550799,False
rs5752801,41,215,-0.0600815,0.0713204,False
rs5752801,41,216,-0.0591721,0.0762906,False
rs5752801,41,217,-0.0636566,0.0569775,False
rs5752801,41,218,-0.0676945,0.0434409,False
rs5752801,41,219,-0.0684573,0.04168,False
rs5752801,41,220,-0.0729742,0.0303057,False
rs5752801,41,221,-0.070904,0.0359903,False
rs5752801,41,222,-0.0721172,0.0336205,False
rs5752801,41,223,-0.0795576,0.019384,False
rs5752801,41,224,-0.0731364,0.0325331,False
rs5752801,41,225,-0.0762585,0.0266495,False
rs5752801,41,226,-0.0898713,0.00931012,False
rs5752801,41,227,-0.0736833,0.034126,False
rs5752801,41,228,-0.0788183,0.0242393,False
rs5752801,41,229,-0.085205,0.01556,False
rs5752801,41,230,-0.0826033,0.0200875,False
rs5752801,41,231,-0.0913325,0.0106987,False
rs5752801,41,232,-0.0784656,0.0298019,False
rs5752801,41,233,-0.0852701,0.0192719,False
rs5752801,41,234,-0.0769148,0.036425,False
rs5752801,41,235,-0.0838491,0.0240508,False
rs5752801,41,236,-0.0803233,0.0322628,False
rs5752801,41,237,-0.0885225,0.0195851,False
rs5752801,41,238,-0.0809424,0.0347002,False
rs5752801,41,239,-0.0782851,0.0434174,False
rs5752801,41,240,-0.0823329,0.0356019,False
rs5752801,41,241,-0.0890657,0.0248063,False
rs5752801,41,242,-0.0972032,0.0155189,False
rs5752801,41,243,-0.0808165,0.0473974,False
rs5752801,41,244,-0.0853248,0.0389826,False
rs5752801,41,245,-0.090505,0.0308111,False
rs5752801,41,246,-0.100191,0.0186818,False
rs5752801,41,247,-0.0966985,0.0255136,False
rs5752801,41,248,-0.100211,0.0227908,False
rs5752801,41,249,-0.100585,0.0248683,False
rs5752801,41,250,-0.099599,0.0288353,False
rs5752801,41,251,-0.101094,0.0293437,False
rs5752801,42,6,-0.000690634,0.979111,False
rs5752801,42,7,-0.00424925,0.870736,False
rs5752801,42,8,-0.00985538,0.704477,False
rs5752801,42,9,0.00045622,0.985878,False
rs5752801,42,10,-0.00501978,0.844389,False
rs5752801,42,11,-0.00963428,0.70445,False
rs5752801,42,12,-0.000179705,0.99433,False
rs5752801,42,13,-0.00195493,0.938121,False
rs5752801,42,14,-0.000279038,0.991136,False
rs5752801,42,15,0.00502576,0.84101,False
rs5752801,42,16,0.00183247,0.941671,False
rs5752801,42,17,-0.00705288,0.778434,False
rs5752801,42,18,0.00214672,0.931729,False
rs5752801,42,19,-0.00260999,0.917228,False
rs5752801,42,20,-0.00562315,0.822726,False
rs5752801,42,21,-0.00934271,0.710024,False
rs5752801,42,22,-0.0147146,0.559061,False
rs5752801,42,23,-0.00377541,0.880839,False
rs5752801,42,24,-0.00111834,0.964708,False
rs5752801,42,25,-0.00189132,0.940435,False
rs5752801,42,26,-0.0147096,0.562076,False
rs5752801,42,27,-0.00261815,0.91799,False
rs5752801,42,28,-0.00653202,0.797774,False
rs5752801,42,29,-0.0157561,0.536879,False
rs5752801,42,30,-0.0121695,0.634795,False
rs5752801,42,31,-0.00793185,0.757565,False
rs5752801,42,32,-0.0035361,0.8907,False
rs5752801,42,33,-0.0179195,0.488917,False
rs5752801,42,34,-0.0193917,0.454392,False
rs5752801,42,35,-0.0310401,0.232111,False
rs5752801,42,36,-0.01431,0.584111,False
rs5752801,42,37,-0.0230476,0.379623,False
rs5752801,42,38,-0.0293313,0.266052,False
rs5752801,42,39,-0.0255917,0.332448,False
rs5752801,42,40,-0.021903,0.409154,False
rs5752801,42,41,-0.0277259,0.29745,False
rs5752801,42,42,-0.0284273,0.287073,False
rs5752801,42,43,-0.0281034,0.294821,False
rs5752801,42,44,-0.0275577,0.306944,False
rs5752801,42,45,-0.0245853,0.363071,False
rs5752801,42,46,-0.0304245,0.263629,False
rs5752801,42,47,-0.0274539,0.314707,False
rs5752801,42,48,-0.0138645,0.61331,False
rs5752801,42,49,-0.0235522,0.39324,False
rs5752801,42,50,-0.0296733,0.284279,False
rs5752801,42,51,-0.0258384,0.353731,False
rs5752801,42,52,-0.016025,0.565777,False
rs5752801,42,53,-0.0150788,0.590793,False
rs5752801,42,54,-0.025802,0.360141,False
rs5752801,42,55,-0.0320895,0.257485,False
rs5752801,42,56,-0.0270802,0.340852,False
rs5752801,42,57,-0.0216415,0.448865,False
rs5752801,42,58,-0.0232199,0.418047,False
rs5752801,42,59,-0.0363573,0.206767,False
rs5752801,42,60,-0.025801,0.372538,False
rs5752801,42,61,-0.017358,0.55053,False
rs5752801,42,62,-0.0252858,0.386516,False
rs5752801,42,63,-0.0262875,0.369405,False
rs5752801,42,64,-0.0357169,0.225163,False
rs5752801,42,65,-0.0353859,0.232406,False
rs5752801,42,66,-0.0322954,0.27705,False
rs5752801,42,67,-0.0360183,0.227132,False
rs5752801,42,68,-0.0379998,0.204138,False
rs5752801,42,69,-0.0357546,0.234266,False
rs5752801,42,70,-0.0315963,0.29486,False
rs5752801,42,71,-0.0451773,0.135932,False
rs5752801,42,72,-0.0432496,0.156009,False
rs5752801,42,73,-0.0396577,0.194201,False
rs5752801,42,74,-0.0440445,0.151061,False
rs5752801,42,75,-0.0398005,0.195981,False
rs5752801,42,76,-0.0432843,0.160725,False
rs5752801,42,77,-0.0439984,0.156071,False
rs5752801,42,78,-0.0566906,0.0682062,False
rs5752801,42,79,-0.04921,0.114655,False
rs5752801,42,80,-0.0495697,0.112546,False
rs5752801,42,81,-0.047382,0.130093,False
rs5752801,42,82,-0.048176,0.125291,False
rs5752801,42,83,-0.0358025,0.255244,False
rs5752801,42,84,-0.0407188,0.19692,False
rs5752801,42,85,-0.0520875,0.0993575,False
rs5752801,42,86,-0.0439064,0.165944,False
rs5752801,42,87,-0.0437459,0.167878,False
rs5752801,42,88,-0.0377156,0.234795,False
rs5752801,42,89,-0.0409528,0.197579,False
rs5752801,42,90,-0.0375836,0.237707,False
rs5752801,42,91,-0.0388822,0.222064,False
rs5752801,42,92,-0.0449466,0.158743,False
rs5752801,42,93,-0.0501249,0.115972,False
rs5752801,42,94,-0.0468666,0.141707,False
rs5752801,42,95,-0.0510909,0.109476,False
rs5752801,42,96,-0.0481359,0.131897,False
rs5752801,42,97,-0.0415179,0.193509,False
rs5752801,42,98,-0.0396354,0.214915,False
rs5752801,42,99,-0.0519384,0.10431,False
rs5752801,42,100,-0.0439383,0.169692,False
rs5752801,42,101,-0.0495583,0.121562,False
rs5752801,42,102,-0.0499122,0.119325,False
rs5752801,42,103,-0.0388981,0.225417,False
rs5752801,42,104,-0.0416975,0.19419,False
rs5752801,42,105,-0.046414,0.148833,False
rs5752801,42,106,-0.0376211,0.241001,False
rs5752801,42,107,-0.0451192,0.159994,False
rs5752801,42,108,-0.0504396,0.116713,False
rs5752801,42,109,-0.0516334,0.108461,False
rs5752801,42,110,-0.0538834,0.0943993,False
rs5752801,42,111,-0.0484073,0.132794,False
rs5752801,42,112,-0.0508709,0.114438,False
rs5752801,42,113,-0.0540118,0.0940756,False
rs5752801,42,114,-0.0520498,0.107415,False
rs5752801,42,115,-0.0531023,0.100394,False
rs5752801,42,116,-0.0554482,0.0867148,False
rs5752801,42,117,-0.0510797,0.114942,False
rs5752801,42,118,-0.0534149,0.0996592,False
rs5752801,42,119,-0.0602125,0.0635952,False
rs5752801,42,120,-0.0674263,0.038053,False
rs5752801,42,121,-0.0698131,0.0318963,False
rs5752801,42,122,-0.0635425,0.051337,False
rs5752801,42,123,-0.062504,0.0558662,False
rs5752801,42,124,-0.0528957,0.106069,False
rs5752801,42,125,-0.0560153,0.0871679,False
rs5752801,42,126,-0.0605733,0.0646217,False
rs5752801,42,127,-0.055012,0.0936866,False
rs5752801,42,128,-0.056538,0.0849779,False
rs5752801,42,129,-0.0523261,0.111096,False
rs5752801,42,130,-0.0538195,0.101479,False
rs5752801,42,131,-0.0560294,0.0884732,False
rs5752801,42,132,-0.0649553,0.0485325,False
rs5752801,42,133,-0.0610422,0.0639662,False
rs5752801,42,134,-0.0488397,0.137917,False
rs5752801,42,135,-0.0526294,0.110166,False
rs5752801,42,136,-0.0580835,0.0780074,False
rs5752801,42,137,-0.0475752,0.148307,False
rs5752801,42,138,-0.0493296,0.134147,False
rs5752801,42,139,-0.0567541,0.0850468,False
rs5752801,42,140,-0.0518111,0.115289,False
rs5752801,42,141,-0.05011,0.127816,False
rs5752801,42,142,-0.0455303,0.16682,False
rs5752801,42,143,-0.0482322,0.143524,False
rs5752801,42,144,-0.0441672,0.180634,False
rs5752801,42,145,-0.0390196,0.237239,False
rs5752801,42,146,-0.0431565,0.190713,False
rs5752801,42,147,-0.0520343,0.114856,False
rs5752801,42,148,-0.0496691,0.132222,False
rs5752801,42,149,-0.0482282,0.143998,False
rs5752801,42,150,-0.0506433,0.125939,False
rs5752801,42,151,-0.0492052,0.137346,False
rs5752801,42,152,-0.0537561,0.105229,False
rs5752801,42,153,-0.0538574,0.105119,False
rs5752801,42,154,-0.0555357,0.0953361,False
rs5752801,42,155,-0.0495595,0.136809,False
rs5752801,42,156,-0.051779,0.120646,False
rs5752801,42,157,-0.0507,0.129392,False
rs5752801,42,158,-0.0542325,0.105002,False
rs5752801,42,159,-0.0516865,0.122625,False
rs5752801,42,160,-0.0532252,0.112549,False
rs5752801,42,161,-0.0497043,0.138993,False
rs5752801,42,162,-0.0465308,0.166652,False
rs5752801,42,163,-0.0574296,0.0877579,False
rs5752801,42,164,-0.058789,0.0811405,False
rs5752801,42,165,-0.0566231,0.09298,False
rs5752801,42,166,-0.0578622,0.0868083,False
rs5752801,42,167,-0.0627236,0.0635868,False
rs5752801,42,168,-0.0681185,0.0441586,False
rs5752801,42,169,-0.0549449,0.104696,False
rs5752801,42,170,-0.0534563,0.11488,False
rs5752801,42,171,-0.0556155,0.101363,False
rs5752801,42,172,-0.0515767,0.128597,False
rs5752801,42,173,-0.0540956,0.111225,False
rs5752801,42,174,-0.056467,0.0969197,False
rs5752801,42,175,-0.0535944,0.115042,False
rs5752801,42,176,-0.0527563,0.120902,False
rs5752801,42,177,-0.0532639,0.117296,False
rs5752801,42,178,-0.0510487,0.133624,False
rs5752801,42,179,-0.0470992,0.166083,False
rs5752801,42,180,-0.053256,0.116673,False
rs5752801,42,181,-0.051665,0.127779,False
rs5752801,42,182,-0.0689475,0.0422118,False
rs5752801,42,183,-0.0676014,0.0461271,False
rs5752801,42,184,-0.06409,0.0584878,False
rs5752801,42,185,-0.0594981,0.0788327,False
rs5752801,42,186,-0.0581714,0.0855297,False
rs5752801,42,187,-0.0562655,0.0962189,False
rs5752801,42,188,-0.0575872,0.0881428,False
rs5752801,42,189,-0.061674,0.0672464,False
rs5752801,42,190,-0.0572036,0.0894268,False
rs5752801,42,191,-0.0636271,0.0585373,False
rs5752801,42,192,-0.0590691,0.0789789,False
rs5752801,42,193,-0.0604091,0.0721398,False
rs5752801,42,194,-0.0601886,0.0729543,False
rs5752801,42,195,-0.0614164,0.0668757,False
rs5752801,42,196,-0.060627,0.0705379,False
rs5752801,42,197,-0.0621428,0.0634407,False
rs5752801,42,198,-0.0620212,0.0635335,False
rs5752801,42,199,-0.0597491,0.0734851,False
rs5752801,42,200,-0.0598502,0.0729683,False
rs5752801,42,201,-0.0556085,0.094822,False
rs5752801,42,202,-0.0586585,0.0780464,False
rs5752801,42,203,-0.0696085,0.0363933,False
rs5752801,42,204,-0.0511283,0.124261,False
rs5752801,42,205,-0.0638347,0.0549797,False
rs5752801,42,206,-0.0607771,0.067487,False
rs5752801,42,207,-0.0584262,0.0787169,False
rs5752801,42,208,-0.0544624,0.101332,False
rs5752801,42,209,-0.0611364,0.0658225,False
rs5752801,42,210,-0.0607212,0.06777,False
rs5752801,42,211,-0.0593184,0.0746634,False
rs5752801,42,212,-0.0568794,0.0876508,False
rs5752801,42,213,-0.0551665,0.0977007,False
rs5752801,42,214,-0.0549769,0.0988159,False
rs5752801,42,215,-0.055665,0.095191,False
rs5752801,42,216,-0.0532869,0.110968,False
rs5752801,42,217,-0.0558237,0.0952768,False
rs5752801,42,218,-0.0550101,0.10095,False
rs5752801,42,219,-0.0599373,0.0742962,False
rs5752801,42,220,-0.0627975,0.0625343,False
rs5752801,42,221,-0.0639433,0.0583788,False
rs5752801,42,222,-0.0552546,0.103272,False
rs5752801,42,223,-0.0734888,0.0311129,False
rs5752801,42,224,-0.0725304,0.0338728,False
rs5752801,42,225,-0.0726155,0.0345859,False
rs5752801,42,226,-0.0704577,0.0414634,False
rs5752801,42,227,-0.0653583,0.0598283,False
rs5752801,42,228,-0.0672192,0.0543145,False
rs5752801,42,229,-0.0753814,0.0320358,False
rs5752801,42,230,-0.0800786,0.0236836,False
rs5752801,42,231,-0.0742703,0.0375328,False
rs5752801,42,232,-0.0814414,0.02355,False
rs5752801,42,233,-0.0773323,0.0331273,False
rs5752801,42,234,-0.0816001,0.0258833,False
rs5752801,42,235,-0.083306,0.0242255,False
rs5752801,42,236,-0.080531,0.0309471,False
rs5752801,42,237,-0.0791852,0.0356593,False
rs5752801,42,238,-0.0814953,0.0321842,False
rs5752801,42,239,-0.0893503,0.0203863,False
rs5752801,42,240,-0.098097,0.0118474,False
rs5752801,42,241,-0.0983245,0.0125935,False
rs5752801,42,242,-0.103617,0.00944089,False
rs5752801,42,243,-0.104596,0.00974899,False
rs5752801,42,244,-0.0977384,0.017201,False
rs5752801,42,245,-0.101476,0.0147153,False
rs5752801,42,246,-0.112356,0.00786409,False
rs5752801,42,247,-0.110037,0.0104188,False
rs5752801,42,248,-0.122487,0.00506475,False
rs5752801,42,249,-0.123277,0.00558239,False
rs5752801,42,250,-0.122557,0.0067517,False
rs5752801,42,251,-0.123042,0.00753774,False
rs5752801,43,6,0.00177213,0.946662,False
rs5752801,43,7,-0.0019672,0.940309,False
rs5752801,43,8,0.0081688,0.754294,False
rs5752801,43,9,0.00519881,0.840919,False
rs5752801,43,10,0.00841675,0.743278,False
rs5752801,43,11,0.0174282,0.494692,False
rs5752801,43,12,0.00207152,0.935029,False
rs5752801,43,13,0.00639048,0.80088,False
rs5752801,43,14,-0.00437567,0.862186,False
rs5752801,43,15,0.0071707,0.776065,False
rs5752801,43,16,-0.00173059,0.945115,False
rs5752801,43,17,0.00317131,0.899663,False
rs5752801,43,18,-0.00671883,0.789554,False
rs5752801,43,19,0.00137056,0.956509,False
rs5752801,43,20,-0.00136881,0.956649,False
rs5752801,43,21,0.00358172,0.887114,False
rs5752801,43,22,-0.000196914,0.993782,False
rs5752801,43,23,-0.00685786,0.786543,False
rs5752801,43,24,-0.00592393,0.815495,False
rs5752801,43,25,0.00321352,0.899489,False
rs5752801,43,26,-0.00983781,0.699603,False
rs5752801,43,27,-0.00872498,0.733002,False
rs5752801,43,28,-0.00973649,0.703969,False
rs5752801,43,29,-0.00891125,0.728973,False
rs5752801,43,30,-0.0130323,0.613535,False
rs5752801,43,31,-0.0164408,0.524138,False
rs5752801,43,32,-0.0254733,0.325527,False
rs5752801,43,33,-0.0175544,0.500553,False
rs5752801,43,34,-0.018195,0.4868,False
rs5752801,43,35,-0.0202055,0.441335,False
rs5752801,43,36,-0.013854,0.597968,False
rs5752801,43,37,-0.0229025,0.386105,False
rs5752801,43,38,-0.0277148,0.296001,False
rs5752801,43,39,-0.0250842,0.346298,False
rs5752801,43,40,-0.0202315,0.44907,False
rs5752801,43,41,-0.0220377,0.410344,False
rs5752801,43,42,-0.0280099,0.297694,False
rs5752801,43,43,-0.0287199,0.288254,False
rs5752801,43,44,-0.0291412,0.2827,False
rs5752801,43,45,-0.0213796,0.433076,False
rs5752801,43,46,-0.0286867,0.294749,False
rs5752801,43,47,-0.0351839,0.20101,False
rs5752801,43,48,-0.0251654,0.36212,False
rs5752801,43,49,-0.021332,0.442372,False
rs5752801,43,50,-0.0181184,0.516195,False
rs5752801,43,51,-0.0320876,0.25287,False
rs5752801,43,52,-0.0271229,0.335459,False
rs5752801,43,53,-0.0276806,0.328048,False
rs5752801,43,54,-0.0237693,0.403353,False
rs5752801,43,55,-0.0284926,0.318363,False
rs5752801,43,56,-0.0261899,0.360959,False
rs5752801,43,57,-0.0267049,0.354191,False
rs5752801,43,58,-0.0278733,0.334873,False
rs5752801,43,59,-0.0253871,0.38232,False
rs5752801,43,60,-0.0343452,0.238399,False
rs5752801,43,61,-0.0273872,0.349188,False
rs5752801,43,62,-0.0295881,0.314582,False
rs5752801,43,63,-0.039103,0.184925,False
rs5752801,43,64,-0.031771,0.283091,False
rs5752801,43,65,-0.0312569,0.29323,False
rs5752801,43,66,-0.0391649,0.189443,False
rs5752801,43,67,-0.0503564,0.0932991,False
rs5752801,43,68,-0.0436572,0.147061,False
rs5752801,43,69,-0.036086,0.232568,False
rs5752801,43,70,-0.043815,0.148125,False
rs5752801,43,71,-0.0509403,0.0942093,False
rs5752801,43,72,-0.0490707,0.108357,False
rs5752801,43,73,-0.0467326,0.127822,False
rs5752801,43,74,-0.0394317,0.200223,False
rs5752801,43,75,-0.0420123,0.173229,False
rs5752801,43,76,-0.0447333,0.149004,False
rs5752801,43,77,-0.0478361,0.123364,False
rs5752801,43,78,-0.0479327,0.123551,False
rs5752801,43,79,-0.054994,0.0786317,False
rs5752801,43,80,-0.0501545,0.109581,False
rs5752801,43,81,-0.0477443,0.128587,False
rs5752801,43,82,-0.0506371,0.106959,False
rs5752801,43,83,-0.0474891,0.13157,False
rs5752801,43,84,-0.0428138,0.174035,False
rs5752801,43,85,-0.046689,0.139025,False
rs5752801,43,86,-0.0375105,0.234841,False
rs5752801,43,87,-0.0465697,0.140902,False
rs5752801,43,88,-0.0431348,0.173423,False
rs5752801,43,89,-0.0434912,0.170263,False
rs5752801,43,90,-0.0360479,0.255575,False
rs5752801,43,91,-0.0390761,0.218502,False
rs5752801,43,92,-0.0429348,0.176568,False
rs5752801,43,93,-0.048008,0.130857,False
rs5752801,43,94,-0.0394485,0.214983,False
rs5752801,43,95,-0.0499934,0.116477,False
rs5752801,43,96,-0.0508087,0.110531,False
rs5752801,43,97,-0.0405244,0.202861,False
rs5752801,43,98,-0.0370168,0.245217,False
rs5752801,43,99,-0.0393873,0.21606,False
rs5752801,43,100,-0.0484832,0.127988,False
rs5752801,43,101,-0.0459088,0.149532,False
rs5752801,43,102,-0.0544033,0.0875858,False
rs5752801,43,103,-0.0504801,0.113278,False
rs5752801,43,104,-0.0485715,0.127463,False
rs5752801,43,105,-0.0548717,0.0854982,False
rs5752801,43,106,-0.0477754,0.134712,False
rs5752801,43,107,-0.0370048,0.24669,False
rs5752801,43,108,-0.0412543,0.196438,False
rs5752801,43,109,-0.0494557,0.121613,False
rs5752801,43,110,-0.0569882,0.0743315,False
rs5752801,43,111,-0.0512183,0.109261,False
rs5752801,43,112,-0.0598243,0.061783,False
rs5752801,43,113,-0.0579059,0.0705816,False
rs5752801,43,114,-0.0530867,0.097208,False
rs5752801,43,115,-0.0506933,0.113464,False
rs5752801,43,116,-0.052241,0.103505,False
rs5752801,43,117,-0.0477234,0.137867,False
rs5752801,43,118,-0.0549587,0.0879551,False
rs5752801,43,119,-0.0470947,0.144326,False
rs5752801,43,120,-0.0524379,0.104533,False
rs5752801,43,121,-0.0559986,0.0837129,False
rs5752801,43,122,-0.048296,0.136051,False
rs5752801,43,123,-0.0488957,0.131934,False
rs5752801,43,124,-0.0626059,0.0537025,False
rs5752801,43,125,-0.0566484,0.081396,False
rs5752801,43,126,-0.0642153,0.0487436,False
rs5752801,43,127,-0.074391,0.0225602,False
rs5752801,43,128,-0.0601126,0.0653959,False
rs5752801,43,129,-0.0698544,0.032338,False
rs5752801,43,130,-0.06446,0.0484994,False
rs5752801,43,131,-0.0545087,0.0950805,False
rs5752801,43,132,-0.053564,0.10081,False
rs5752801,43,133,-0.0565672,0.0831463,False
rs5752801,43,134,-0.0575907,0.0777157,False
rs5752801,43,135,-0.0683849,0.036407,False
rs5752801,43,136,-0.0651041,0.0462137,False
rs5752801,43,137,-0.0638511,0.050325,False
rs5752801,43,138,-0.059791,0.0670861,False
rs5752801,43,139,-0.0618656,0.0578439,False
rs5752801,43,140,-0.0443789,0.173392,False
rs5752801,43,141,-0.0541336,0.0967486,False
rs5752801,43,142,-0.055605,0.0879176,False
rs5752801,43,143,-0.0601334,0.065383,False
rs5752801,43,144,-0.0613347,0.0599666,False
rs5752801,43,145,-0.0582518,0.0744327,False
rs5752801,43,146,-0.0609978,0.0620759,False
rs5752801,43,147,-0.0545365,0.0958194,False
rs5752801,43,148,-0.0496981,0.128937,False
rs5752801,43,149,-0.0512261,0.11792,False
rs5752801,43,150,-0.0546902,0.0958797,False
rs5752801,43,151,-0.0519212,0.113848,False
rs5752801,43,152,-0.0493087,0.133845,False
rs5752801,43,153,-0.0448432,0.173039,False
rs5752801,43,154,-0.0465844,0.157969,False
rs5752801,43,155,-0.0540729,0.101674,False
rs5752801,43,156,-0.0533308,0.107162,False
rs5752801,43,157,-0.0487361,0.140877,False
rs5752801,43,158,-0.0455795,0.169223,False
rs5752801,43,159,-0.0459973,0.165855,False
rs5752801,43,160,-0.0433589,0.19284,False
rs5752801,43,161,-0.0357657,0.283683,False
rs5752801,43,162,-0.0480203,0.150337,False
rs5752801,43,163,-0.0588478,0.0786037,False
rs5752801,43,164,-0.0598631,0.0742248,False
rs5752801,43,165,-0.0641263,0.0561509,False
rs5752801,43,166,-0.0640846,0.057116,False
rs5752801,43,167,-0.0669283,0.0470695,False
rs5752801,43,168,-0.0690553,0.0408095,False
rs5752801,43,169,-0.0683997,0.0430259,False
rs5752801,43,170,-0.0638583,0.058791,False
rs5752801,43,171,-0.0645555,0.0566648,False
rs5752801,43,172,-0.0590537,0.0814054,False
rs5752801,43,173,-0.0686916,0.042835,False
rs5752801,43,174,-0.0724623,0.0328912,False
rs5752801,43,175,-0.0767064,0.0238969,False
rs5752801,43,176,-0.0754404,0.0264239,False
rs5752801,43,177,-0.067104,0.0484633,False
rs5752801,43,178,-0.0732172,0.0313943,False
rs5752801,43,179,-0.0680912,0.0450932,False
rs5752801,43,180,-0.0613637,0.0710403,False
rs5752801,43,181,-0.0750434,0.0273154,False
rs5752801,43,182,-0.0768941,0.0235446,False
rs5752801,43,183,-0.0788813,0.0201812,False
rs5752801,43,184,-0.0794124,0.0192803,False
rs5752801,43,185,-0.0695433,0.0402778,False
rs5752801,43,186,-0.0666998,0.0491027,False
rs5752801,43,187,-0.0705857,0.0374857,False
rs5752801,43,188,-0.0680229,0.0445793,False
rs5752801,43,189,-0.0731666,0.0305021,False
rs5752801,43,190,-0.0660622,0.050401,False
rs5752801,43,191,-0.0679369,0.0440191,False
rs5752801,43,192,-0.0619202,0.0661605,False
rs5752801,43,193,-0.0607699,0.0712328,False
rs5752801,43,194,-0.0547074,0.104288,False
rs5752801,43,195,-0.0523457,0.119905,False
rs5752801,43,196,-0.0592004,0.0777809,False
rs5752801,43,197,-0.0560864,0.0949348,False
rs5752801,43,198,-0.0588893,0.078878,False
rs5752801,43,199,-0.0467158,0.162816,False
rs5752801,43,200,-0.0498931,0.135802,False
rs5752801,43,201,-0.0479202,0.151845,False
rs5752801,43,202,-0.0537268,0.107833,False
rs5752801,43,203,-0.0539648,0.106353,False
rs5752801,43,204,-0.0500697,0.133324,False
rs5752801,43,205,-0.0597651,0.0731357,False
rs5752801,43,206,-0.0558742,0.0940978,False
rs5752801,43,207,-0.0645771,0.0527443,False
rs5752801,43,208,-0.0618216,0.063287,False
rs5752801,43,209,-0.0520587,0.118096,False
rs5752801,43,210,-0.0542724,0.103712,False
rs5752801,43,211,-0.0540685,0.105153,False
rs5752801,43,212,-0.0526321,0.11486,False
rs5752801,43,213,-0.0517246,0.121063,False
rs5752801,43,214,-0.0540942,0.105309,False
rs5752801,43,215,-0.0553257,0.0979188,False
rs5752801,43,216,-0.0479459,0.152123,False
rs5752801,43,217,-0.0461301,0.168998,False
rs5752801,43,218,-0.0508194,0.130441,False
rs5752801,43,219,-0.0445182,0.186083,False
rs5752801,43,220,-0.0537209,0.111405,False
rs5752801,43,221,-0.0573073,0.0905515,False
rs5752801,43,222,-0.0610773,0.0722563,False
rs5752801,43,223,-0.0540159,0.113086,False
rs5752801,43,224,-0.0539511,0.11503,False
rs5752801,43,225,-0.0670221,0.0513545,False
rs5752801,43,226,-0.0684729,0.0473878,False
rs5752801,43,227,-0.0708659,0.0412014,False
rs5752801,43,228,-0.0689305,0.0483641,False
rs5752801,43,229,-0.0768196,0.0289146,False
rs5752801,43,230,-0.0719472,0.041853,False
rs5752801,43,231,-0.0767584,0.0311068,False
rs5752801,43,232,-0.080497,0.0250095,False
rs5752801,43,233,-0.0758723,0.0361809,False
rs5752801,43,234,-0.0767553,0.035394,False
rs5752801,43,235,-0.0772612,0.0359769,False
rs5752801,43,236,-0.0873176,0.0186533,False
rs5752801,43,237,-0.0861654,0.0216301,False
rs5752801,43,238,-0.0804599,0.0338845,False
rs5752801,43,239,-0.077185,0.0440443,False
rs5752801,43,240,-0.0797201,0.039392,False
rs5752801,43,241,-0.0839117,0.0320208,False
rs5752801,43,242,-0.0913687,0.0211498,False
rs5752801,43,243,-0.0946837,0.0184197,False
rs5752801,43,244,-0.0951119,0.0193712,False
rs5752801,43,245,-0.0934151,0.0234764,False
rs5752801,43,246,-0.097791,0.0194277,False
rs5752801,43,247,-0.0830363,0.0509403,False
rs5752801,43,248,-0.0941776,0.0296609,False
rs5752801,43,249,-0.106784,0.0153462,False
rs5752801,43,250,-0.102922,0.0218503,False
rs5752801,43,251,-0.102259,0.0252272,False
rs5752801,44,6,0.00646985,0.807541,False
rs5752801,44,7,0.00757106,0.774052,False
rs5752801,44,8,-0.00367933,0.888173,False
rs5752801,44,9,-0.0121948,0.639004,False
rs5752801,44,10,0.00127632,0.960598,False
rs5752801,44,11,-0.00797067,0.756138,False
rs5752801,44,12,-0.000590294,0.981544,False
rs5752801,44,13,-0.00880299,0.72921,False
rs5752801,44,14,0.00237602,0.925436,False
rs5752801,44,15,0.00172244,0.945762,False
rs5752801,44,16,-0.0157993,0.532053,False
rs5752801,44,17,-0.00310305,0.902168,False
rs5752801,44,18,-0.00375587,0.882038,False
rs5752801,44,19,-0.0107509,0.670048,False
rs5752801,44,20,-0.00836642,0.741042,False
rs5752801,44,21,-0.0101795,0.687858,False
rs5752801,44,22,-0.00311961,0.902063,False
rs5752801,44,23,-0.0134124,0.598128,False
rs5752801,44,24,-0.0114728,0.652657,False
rs5752801,44,25,-0.0108954,0.670097,False
rs5752801,44,26,-0.0143005,0.576811,False
rs5752801,44,27,0.000563134,0.982507,False
rs5752801,44,28,-0.00524408,0.838569,False
rs5752801,44,29,-0.0186516,0.471183,False
rs5752801,44,30,-0.0123259,0.634207,False
rs5752801,44,31,-0.00869596,0.738058,False
rs5752801,44,32,-0.0222296,0.394679,False
rs5752801,44,33,-0.013508,0.605977,False
rs5752801,44,34,-0.00962402,0.71355,False
rs5752801,44,35,-0.0155538,0.555802,False
rs5752801,44,36,-0.0151498,0.56718,False
rs5752801,44,37,-0.0192252,0.469866,False
rs5752801,44,38,-0.0208912,0.434314,False
rs5752801,44,39,-0.0231368,0.388411,False
rs5752801,44,40,-0.0307727,0.252862,False
rs5752801,44,41,-0.0260024,0.335714,False
rs5752801,44,42,-0.0311805,0.250028,False
rs5752801,44,43,-0.0383891,0.159087,False
rs5752801,44,44,-0.0288203,0.293349,False
rs5752801,44,45,-0.0332022,0.227341,False
rs5752801,44,46,-0.0349993,0.205462,False
rs5752801,44,47,-0.0369806,0.183113,False
rs5752801,44,48,-0.0356258,0.201188,False
rs5752801,44,49,-0.0374236,0.182332,False
rs5752801,44,50,-0.0387237,0.16854,False
rs5752801,44,51,-0.0368707,0.192605,False
rs5752801,44,52,-0.026662,0.347728,False
rs5752801,44,53,-0.0378127,0.185405,False
rs5752801,44,54,-0.0387228,0.176218,False
rs5752801,44,55,-0.0400846,0.163092,False
rs5752801,44,56,-0.0390138,0.176931,False
rs5752801,44,57,-0.0449151,0.121465,False
rs5752801,44,58,-0.042343,0.145778,False
rs5752801,44,59,-0.0454619,0.119735,False
rs5752801,44,60,-0.0433081,0.139715,False
rs5752801,44,61,-0.0437211,0.137603,False
rs5752801,44,62,-0.043321,0.142291,False
rs5752801,44,63,-0.0415469,0.16139,False
rs5752801,44,64,-0.0416257,0.162324,False
rs5752801,44,65,-0.0478987,0.10898,False
rs5752801,44,66,-0.0408091,0.173903,False
rs5752801,44,67,-0.0478095,0.112461,False
rs5752801,44,68,-0.0474385,0.11678,False
rs5752801,44,69,-0.0427303,0.159988,False
rs5752801,44,70,-0.0383899,0.208315,False
rs5752801,44,71,-0.0425661,0.163736,False
rs5752801,44,72,-0.0451938,0.140543,False
rs5752801,44,73,-0.051094,0.0966718,False
rs5752801,44,74,-0.038324,0.214242,False
rs5752801,44,75,-0.038344,0.215355,False
rs5752801,44,76,-0.0545974,0.0785006,False
rs5752801,44,77,-0.0519506,0.094792,False
rs5752801,44,78,-0.0436073,0.161903,False
rs5752801,44,79,-0.0554313,0.0761056,False
rs5752801,44,80,-0.0581169,0.063408,False
rs5752801,44,81,-0.054079,0.0846401,False
rs5752801,44,82,-0.0499839,0.111564,False
rs5752801,44,83,-0.052587,0.094995,False
rs5752801,44,84,-0.0498559,0.113571,False
rs5752801,44,85,-0.051005,0.105428,False
rs5752801,44,86,-0.0522255,0.0980799,False
rs5752801,44,87,-0.0484566,0.125457,False
rs5752801,44,88,-0.0481345,0.127765,False
rs5752801,44,89,-0.052887,0.0943905,False
rs5752801,44,90,-0.0355244,0.261395,False
rs5752801,44,91,-0.045545,0.150337,False
rs5752801,44,92,-0.0382192,0.227614,False
rs5752801,44,93,-0.0412381,0.19294,False
rs5752801,44,94,-0.0333949,0.29171,False
rs5752801,44,95,-0.0385822,0.222827,False
rs5752801,44,96,-0.0395468,0.210944,False
rs5752801,44,97,-0.0427631,0.176629,False
rs5752801,44,98,-0.0430641,0.173657,False
rs5752801,44,99,-0.0468644,0.138546,False
rs5752801,44,100,-0.0453169,0.152019,False
rs5752801,44,101,-0.0494549,0.117989,False
rs5752801,44,102,-0.0512838,0.104883,False
rs5752801,44,103,-0.0546776,0.0837347,False
rs5752801,44,104,-0.0491939,0.120199,False
rs5752801,44,105,-0.0534069,0.0918164,False
rs5752801,44,106,-0.0647444,0.0411295,False
rs5752801,44,107,-0.0540242,0.0878422,False
rs5752801,44,108,-0.0538115,0.0894732,False
rs5752801,44,109,-0.0520552,0.100767,False
rs5752801,44,110,-0.0523193,0.099457,False
rs5752801,44,111,-0.0502539,0.11347,False
rs5752801,44,112,-0.053984,0.0897648,False
rs5752801,44,113,-0.0569139,0.0738768,False
rs5752801,44,114,-0.0618168,0.0526344,False
rs5752801,44,115,-0.0686615,0.0315929,False
rs5752801,44,116,-0.0591496,0.0646168,False
rs5752801,44,117,-0.0633987,0.0482067,False
rs5752801,44,118,-0.0571863,0.0749423,False
rs5752801,44,119,-0.0535158,0.0961442,False
rs5752801,44,120,-0.057129,0.0763279,False
rs5752801,44,121,-0.0531767,0.0994576,False
rs5752801,44,122,-0.0609207,0.0596055,False
rs5752801,44,123,-0.063333,0.0506301,False
rs5752801,44,124,-0.0590226,0.0691022,False
rs5752801,44,125,-0.062912,0.0529843,False
rs5752801,44,126,-0.0645234,0.0473961,False
rs5752801,44,127,-0.0634195,0.0516937,False
rs5752801,44,128,-0.0581107,0.0749809,False
rs5752801,44,129,-0.0618403,0.0580141,False
rs5752801,44,130,-0.0644814,0.0484766,False
rs5752801,44,131,-0.0540559,0.0977962,False
rs5752801,44,132,-0.0690237,0.0344316,False
rs5752801,44,133,-0.0710508,0.0293117,False
rs5752801,44,134,-0.0781629,0.0163991,False
rs5752801,44,135,-0.0718512,0.0276842,False
rs5752801,44,136,-0.061044,0.061379,False
rs5752801,44,137,-0.0601932,0.0645635,False
rs5752801,44,138,-0.0601726,0.0648833,False
rs5752801,44,139,-0.0557778,0.0870272,False
rs5752801,44,140,-0.0621306,0.0562298,False
rs5752801,44,141,-0.0568448,0.080979,False
rs5752801,44,142,-0.0511947,0.115777,False
rs5752801,44,143,-0.046243,0.155211,False
rs5752801,44,144,-0.0516003,0.113081,False
rs5752801,44,145,-0.0551316,0.0899352,False
rs5752801,44,146,-0.0617131,0.0578225,False
rs5752801,44,147,-0.0643063,0.0478838,False
rs5752801,44,148,-0.0477478,0.142551,False
rs5752801,44,149,-0.0479538,0.140561,False
rs5752801,44,150,-0.060515,0.0632668,False
rs5752801,44,151,-0.0608981,0.0619503,False
rs5752801,44,152,-0.0539582,0.0987529,False
rs5752801,44,153,-0.0571297,0.0807743,False
rs5752801,44,154,-0.0620044,0.0585049,False
rs5752801,44,155,-0.0555141,0.0907124,False
rs5752801,44,156,-0.0520988,0.112518,False
rs5752801,44,157,-0.05812,0.077394,False
rs5752801,44,158,-0.0608185,0.0650359,False
rs5752801,44,159,-0.0597297,0.0706019,False
rs5752801,44,160,-0.0601787,0.0691556,False
rs5752801,44,161,-0.0571173,0.0849784,False
rs5752801,44,162,-0.0580305,0.0807446,False
rs5752801,44,163,-0.0522707,0.116275,False
rs5752801,44,164,-0.0594518,0.0746485,False
rs5752801,44,165,-0.0604552,0.070385,False
rs5752801,44,166,-0.0657436,0.0490881,False
rs5752801,44,167,-0.0686205,0.0404141,False
rs5752801,44,168,-0.0751204,0.0251136,False
rs5752801,44,169,-0.071481,0.0334992,False
rs5752801,44,170,-0.0658374,0.0504386,False
rs5752801,44,171,-0.0652213,0.0528511,False
rs5752801,44,172,-0.060949,0.0708912,False
rs5752801,44,173,-0.0603557,0.0741202,False
rs5752801,44,174,-0.0560716,0.0975048,False
rs5752801,44,175,-0.0655807,0.0528312,False
rs5752801,44,176,-0.0597494,0.0780017,False
rs5752801,44,177,-0.0653077,0.0543398,False
rs5752801,44,178,-0.0670641,0.0485399,False
rs5752801,44,179,-0.0615057,0.0701173,False
rs5752801,44,180,-0.0669491,0.0486445,False
rs5752801,44,181,-0.0669344,0.0490024,False
rs5752801,44,182,-0.0745062,0.0284869,False
rs5752801,44,183,-0.0709475,0.0369513,False
rs5752801,44,184,-0.0769316,0.0237365,False
rs5752801,44,185,-0.0633117,0.0624149,False
rs5752801,44,186,-0.0660877,0.0513566,False
rs5752801,44,187,-0.0622417,0.0665225,False
rs5752801,44,188,-0.0696088,0.0400282,False
rs5752801,44,189,-0.0652707,0.0543298,False
rs5752801,44,190,-0.0651751,0.0542721,False
rs5752801,44,191,-0.0720743,0.0332068,False
rs5752801,44,192,-0.0706759,0.0364398,False
rs5752801,44,193,-0.0714508,0.0344722,False
rs5752801,44,194,-0.0715557,0.0339159,False
rs5752801,44,195,-0.0705827,0.0364057,False
rs5752801,44,196,-0.0662434,0.0490975,False
rs5752801,44,197,-0.0592958,0.0781213,False
rs5752801,44,198,-0.064461,0.0555254,False
rs5752801,44,199,-0.0595453,0.0766757,False
rs5752801,44,200,-0.0546521,0.103892,False
rs5752801,44,201,-0.0513558,0.126232,False
rs5752801,44,202,-0.0570982,0.0888308,False
rs5752801,44,203,-0.0512696,0.126516,False
rs5752801,44,204,-0.0517408,0.122518,False
rs5752801,44,205,-0.0441714,0.186795,False
rs5752801,44,206,-0.0518143,0.121232,False
rs5752801,44,207,-0.051293,0.125023,False
rs5752801,44,208,-0.0538516,0.107278,False
rs5752801,44,209,-0.0483452,0.148168,False
rs5752801,44,210,-0.0508402,0.128134,False
rs5752801,44,211,-0.0552116,0.0981385,False
rs5752801,44,212,-0.0512821,0.125271,False
rs5752801,44,213,-0.0407514,0.223706,False
rs5752801,44,214,-0.0446879,0.181888,False
rs5752801,44,215,-0.0478383,0.153958,False
rs5752801,44,216,-0.0499749,0.13632,False
rs5752801,44,217,-0.0460334,0.170891,False
rs5752801,44,218,-0.0639677,0.0572291,False
rs5752801,44,219,-0.0560066,0.096364,False
rs5752801,44,220,-0.0562831,0.0956016,False
rs5752801,44,221,-0.0612808,0.0705817,False
rs5752801,44,222,-0.0625015,0.0660094,False
rs5752801,44,223,-0.0587688,0.0840391,False
rs5752801,44,224,-0.0675618,0.0478877,False
rs5752801,44,225,-0.053627,0.118732,False
rs5752801,44,226,-0.0638139,0.0644539,False
rs5752801,44,227,-0.0719075,0.0379521,False
rs5752801,44,228,-0.0625803,0.0723759,False
rs5752801,44,229,-0.0648813,0.0640562,False
rs5752801,44,230,-0.0589737,0.0940718,False
rs5752801,44,231,-0.0603789,0.0882212,False
rs5752801,44,232,-0.0661891,0.0636273,False
rs5752801,44,233,-0.0590434,0.10057,False
rs5752801,44,234,-0.0590932,0.102999,False
rs5752801,44,235,-0.0576681,0.114582,False
rs5752801,44,236,-0.0692763,0.0602887,False
rs5752801,44,237,-0.0614274,0.0985059,False
rs5752801,44,238,-0.0575128,0.12539,False
rs5752801,44,239,-0.052174,0.169033,False
rs5752801,44,240,-0.0587701,0.124997,False
rs5752801,44,241,-0.0640985,0.0981489,False
rs5752801,44,242,-0.0675509,0.0850211,False
rs5752801,44,243,-0.0641376,0.106259,False
rs5752801,44,244,-0.0719283,0.0739121,False
rs5752801,44,245,-0.0736702,0.0708574,False
rs5752801,44,246,-0.0765159,0.064664,False
rs5752801,44,247,-0.0682268,0.105023,False
rs5752801,44,248,-0.0675588,0.114805,False
rs5752801,44,249,-0.0765362,0.0795996,False
rs5752801,44,250,-0.0721443,0.104519,False
rs5752801,44,251,-0.0666164,0.140947,False
rs5752801,45,6,0.00501344,0.849968,False
rs5752801,45,7,-0.00945618,0.719628,False
rs5752801,45,8,-0.00727255,0.780649,False
rs5752801,45,9,0.00163534,0.949801,False
rs5752801,45,10,0.0072634,0.77812,False
rs5752801,45,11,0.000612279,0.980892,False
rs5752801,45,12,0.0105721,0.678317,False
rs5752801,45,13,-0.00178423,0.943975,False
rs5752801,45,14,0.00584494,0.817826,False
rs5752801,45,15,-0.00319732,0.899596,False
rs5752801,45,16,0.0111252,0.660507,False
rs5752801,45,17,0.00886626,0.726348,False
rs5752801,45,18,-0.0084405,0.738868,False
rs5752801,45,19,0.00373262,0.882953,False
rs5752801,45,20,0.00988343,0.696537,False
rs5752801,45,21,0.00149714,0.953047,False
rs5752801,45,22,0.00158198,0.950478,False
rs5752801,45,23,-0.00144188,0.954999,False
rs5752801,45,24,7.73098e-05,0.997592,False
rs5752801,45,25,0.0117239,0.648291,False
rs5752801,45,26,0.00188197,0.941732,False
rs5752801,45,27,-0.00837955,0.745572,False
rs5752801,45,28,-0.0107971,0.676783,False
rs5752801,45,29,-0.0129598,0.618196,False
rs5752801,45,30,-0.00266464,0.918549,False
rs5752801,45,31,-0.0163116,0.533375,False
rs5752801,45,32,-0.028171,0.283566,False
rs5752801,45,33,-0.0282237,0.284508,False
rs5752801,45,34,-0.0225091,0.39457,False
rs5752801,45,35,-0.0265578,0.316928,False
rs5752801,45,36,-0.0307206,0.248887,False
rs5752801,45,37,-0.0305269,0.253666,False
rs5752801,45,38,-0.0341748,0.204025,False
rs5752801,45,39,-0.0257458,0.339825,False
rs5752801,45,40,-0.0191039,0.480762,False
rs5752801,45,41,-0.0230012,0.398403,False
rs5752801,45,42,-0.0297919,0.276034,False
rs5752801,45,43,-0.0348571,0.20391,False
rs5752801,45,44,-0.0287029,0.298513,False
rs5752801,45,45,-0.0338251,0.221615,False
rs5752801,45,46,-0.0381297,0.170691,False
rs5752801,45,47,-0.0251596,0.367853,False
rs5752801,45,48,-0.039706,0.156666,False
rs5752801,45,49,-0.0349098,0.215584,False
rs5752801,45,50,-0.0338696,0.231448,False
rs5752801,45,51,-0.0360808,0.204695,False
rs5752801,45,52,-0.0370762,0.193704,False
rs5752801,45,53,-0.0401675,0.160784,False
rs5752801,45,54,-0.0377489,0.189047,False
rs5752801,45,55,-0.0411382,0.154821,False
rs5752801,45,56,-0.0365135,0.208207,False
rs5752801,45,57,-0.0352803,0.225728,False
rs5752801,45,58,-0.0380899,0.192976,False
rs5752801,45,59,-0.0394869,0.178597,False
rs5752801,45,60,-0.0355048,0.228216,False
rs5752801,45,61,-0.0350707,0.236144,False
rs5752801,45,62,-0.0459959,0.121815,False
rs5752801,45,63,-0.0418697,0.160256,False
rs5752801,45,64,-0.0409003,0.171948,False
rs5752801,45,65,-0.0410958,0.171408,False
rs5752801,45,66,-0.0409239,0.174696,False
rs5752801,45,67,-0.0392317,0.194749,False
rs5752801,45,68,-0.039452,0.194186,False
rs5752801,45,69,-0.042792,0.159877,False
rs5752801,45,70,-0.0552858,0.070196,False
rs5752801,45,71,-0.049906,0.103425,False
rs5752801,45,72,-0.0508413,0.0983976,False
rs5752801,45,73,-0.0459835,0.135988,False
rs5752801,45,74,-0.0432585,0.162216,False
rs5752801,45,75,-0.0473744,0.126514,False
rs5752801,45,76,-0.0400745,0.19693,False
rs5752801,45,77,-0.0445257,0.152877,False
rs5752801,45,78,-0.0420397,0.178273,False
rs5752801,45,79,-0.0527547,0.0916897,False
rs5752801,45,80,-0.0620388,0.0478277,False
rs5752801,45,81,-0.0560908,0.073592,False
rs5752801,45,82,-0.0449139,0.152686,False
rs5752801,45,83,-0.0435196,0.165466,False
rs5752801,45,84,-0.0487903,0.120446,False
rs5752801,45,85,-0.0466,0.138497,False
rs5752801,45,86,-0.0506152,0.10742,False
rs5752801,45,87,-0.0476868,0.130284,False
rs5752801,45,88,-0.0479394,0.128425,False
rs5752801,45,89,-0.0523096,0.0963832,False
rs5752801,45,90,-0.0490696,0.118889,False
rs5752801,45,91,-0.0449678,0.15322,False
rs5752801,45,92,-0.0520045,0.0984921,False
rs5752801,45,93,-0.0559295,0.0751423,False
rs5752801,45,94,-0.0446299,0.156209,False
rs5752801,45,95,-0.0398227,0.205375,False
rs5752801,45,96,-0.0412637,0.189338,False
rs5752801,45,97,-0.0409501,0.193065,False
rs5752801,45,98,-0.0432055,0.16929,False
rs5752801,45,99,-0.0537539,0.0870127,False
rs5752801,45,100,-0.0479151,0.126948,False
rs5752801,45,101,-0.0433987,0.166739,False
rs5752801,45,102,-0.0523427,0.0951365,False
rs5752801,45,103,-0.0580416,0.0646373,False
rs5752801,45,104,-0.0619162,0.0489582,False
rs5752801,45,105,-0.0614022,0.0506361,False
rs5752801,45,106,-0.0623266,0.0473934,False
rs5752801,45,107,-0.0587823,0.0615617,False
rs5752801,45,108,-0.0641043,0.0418579,False
rs5752801,45,109,-0.0707405,0.0249126,False
rs5752801,45,110,-0.0652597,0.0387758,False
rs5752801,45,111,-0.069227,0.0285255,False
rs5752801,45,112,-0.0649438,0.0402778,False
rs5752801,45,113,-0.0699532,0.0273907,False
rs5752801,45,114,-0.0648646,0.0413552,False
rs5752801,45,115,-0.0732175,0.0215994,False
rs5752801,45,116,-0.0643926,0.0441521,False
rs5752801,45,117,-0.0629312,0.0490977,False
rs5752801,45,118,-0.0605578,0.0591423,False
rs5752801,45,119,-0.0662632,0.0394436,False
rs5752801,45,120,-0.0691018,0.0323524,False
rs5752801,45,121,-0.0701289,0.0300522,False
rs5752801,45,122,-0.0721859,0.0258331,False
rs5752801,45,123,-0.0671289,0.0384529,False
rs5752801,45,124,-0.0770188,0.0178005,False
rs5752801,45,125,-0.0742468,0.0225907,False
rs5752801,45,126,-0.0749508,0.0214692,False
rs5752801,45,127,-0.0770929,0.0181913,False
rs5752801,45,128,-0.0718672,0.0276996,False
rs5752801,45,129,-0.076976,0.0185247,False
rs5752801,45,130,-0.0585974,0.0730212,False
rs5752801,45,131,-0.0626999,0.0552912,False
rs5752801,45,132,-0.0688251,0.0353457,False
rs5752801,45,133,-0.0598368,0.0668148,False
rs5752801,45,134,-0.0645406,0.048126,False
rs5752801,45,135,-0.0703215,0.0313472,False
rs5752801,45,136,-0.0732648,0.0246685,False
rs5752801,45,137,-0.0679783,0.0369263,False
rs5752801,45,138,-0.0701059,0.0312311,False
rs5752801,45,139,-0.0745301,0.0218088,False
rs5752801,45,140,-0.0720396,0.0266259,False
rs5752801,45,141,-0.061989,0.0562229,False
rs5752801,45,142,-0.0644953,0.0467651,False
rs5752801,45,143,-0.074708,0.0212314,False
rs5752801,45,144,-0.0745014,0.0214808,False
rs5752801,45,145,-0.0785348,0.0153133,False
rs5752801,45,146,-0.0681033,0.0354396,False
rs5752801,45,147,-0.0680927,0.0354516,False
rs5752801,45,148,-0.0642652,0.0470567,False
rs5752801,45,149,-0.0636573,0.0493449,False
rs5752801,45,150,-0.0664334,0.040223,False
rs5752801,45,151,-0.0680816,0.0355721,False
rs5752801,45,152,-0.0725188,0.0253695,False
rs5752801,45,153,-0.0743433,0.0219951,False
rs5752801,45,154,-0.0732814,0.0241877,False
rs5752801,45,155,-0.0704476,0.0305977,False
rs5752801,45,156,-0.0747811,0.0217311,False
rs5752801,45,157,-0.0743619,0.0227649,False
rs5752801,45,158,-0.0799032,0.0144743,False
rs5752801,45,159,-0.0718076,0.028327,False
rs5752801,45,160,-0.0639973,0.0511315,False
rs5752801,45,161,-0.0705905,0.0318153,False
rs5752801,45,162,-0.0786259,0.0169062,False
rs5752801,45,163,-0.078745,0.01691,False
rs5752801,45,164,-0.0733225,0.0264828,False
rs5752801,45,165,-0.0760332,0.0216432,False
rs5752801,45,166,-0.0758536,0.0223899,False
rs5752801,45,167,-0.0759452,0.0224951,False
rs5752801,45,168,-0.0737869,0.0268741,False
rs5752801,45,169,-0.0700811,0.036012,False
rs5752801,45,170,-0.0713783,0.0331139,False
rs5752801,45,171,-0.0691171,0.0391768,False
rs5752801,45,172,-0.0575727,0.086475,False
rs5752801,45,173,-0.0658966,0.0501794,False
rs5752801,45,174,-0.0736234,0.0289522,False
rs5752801,45,175,-0.0797338,0.0181325,False
rs5752801,45,176,-0.0739594,0.0288142,False
rs5752801,45,177,-0.0696431,0.0396411,False
rs5752801,45,178,-0.0694544,0.0404539,False
rs5752801,45,179,-0.0774768,0.022264,False
rs5752801,45,180,-0.0630746,0.062958,False
rs5752801,45,181,-0.0680279,0.0448618,False
rs5752801,45,182,-0.0705229,0.0378907,False
rs5752801,45,183,-0.0746768,0.0279619,False
rs5752801,45,184,-0.0706433,0.0376732,False
rs5752801,45,185,-0.0765437,0.024192,False
rs5752801,45,186,-0.0776067,0.0224684,False
rs5752801,45,187,-0.0698293,0.0397233,False
rs5752801,45,188,-0.0755127,0.0261365,False
rs5752801,45,189,-0.0711533,0.0360319,False
rs5752801,45,190,-0.0689942,0.0417548,False
rs5752801,45,191,-0.0723878,0.0326352,False
rs5752801,45,192,-0.0679756,0.0445552,False
rs5752801,45,193,-0.0672634,0.0466751,False
rs5752801,45,194,-0.0627377,0.063618,False
rs5752801,45,195,-0.0576835,0.0878666,False
rs5752801,45,196,-0.0547078,0.105169,False
rs5752801,45,197,-0.0588275,0.081145,False
rs5752801,45,198,-0.0609678,0.0707864,False
rs5752801,45,199,-0.0571847,0.0900737,False
rs5752801,45,200,-0.0594982,0.0775396,False
rs5752801,45,201,-0.0581758,0.0843653,False
rs5752801,45,202,-0.0571032,0.0899744,False
rs5752801,45,203,-0.0623868,0.063709,False
rs5752801,45,204,-0.0595496,0.0766651,False
rs5752801,45,205,-0.0608061,0.0704377,False
rs5752801,45,206,-0.0573362,0.0881123,False
rs5752801,45,207,-0.0570607,0.0896028,False
rs5752801,45,208,-0.0527792,0.116047,False
rs5752801,45,209,-0.0527125,0.116447,False
rs5752801,45,210,-0.0584656,0.0812443,False
rs5752801,45,211,-0.0632399,0.0595163,False
rs5752801,45,212,-0.0611381,0.0688499,False
rs5752801,45,213,-0.0704255,0.0360398,False
rs5752801,45,214,-0.0592159,0.0781939,False
rs5752801,45,215,-0.058113,0.0845165,False
rs5752801,45,216,-0.0618365,0.0664259,False
rs5752801,45,217,-0.0707058,0.035994,False
rs5752801,45,218,-0.0681046,0.0435916,False
rs5752801,45,219,-0.0644217,0.0565215,False
rs5752801,45,220,-0.0670232,0.0476989,False
rs5752801,45,221,-0.0616704,0.0690988,False
rs5752801,45,222,-0.0650417,0.0558174,False
rs5752801,45,223,-0.0660053,0.0532034,False
rs5752801,45,224,-0.0661707,0.0533386,False
rs5752801,45,225,-0.0620426,0.0710637,False
rs5752801,45,226,-0.0621541,0.0713409,False
rs5752801,45,227,-0.0629981,0.0689604,False
rs5752801,45,228,-0.0598613,0.0853949,False
rs5752801,45,229,-0.0668786,0.0562917,False
rs5752801,45,230,-0.0631994,0.0725765,False
rs5752801,45,231,-0.0674302,0.0565742,False
rs5752801,45,232,-0.0560172,0.116353,False
rs5752801,45,233,-0.0534838,0.136354,False
rs5752801,45,234,-0.0549425,0.128478,False
rs5752801,45,235,-0.0610666,0.0936615,False
rs5752801,45,236,-0.0621797,0.090387,False
rs5752801,45,237,-0.0626248,0.0908113,False
rs5752801,45,238,-0.072588,0.0520662,False
rs5752801,45,239,-0.0651505,0.0845645,False
rs5752801,45,240,-0.0702101,0.0658087,False
rs5752801,45,241,-0.073251,0.0574406,False
rs5752801,45,242,-0.0846323,0.0297708,False
rs5752801,45,243,-0.0873707,0.0265476,False
rs5752801,45,244,-0.0917797,0.0214074,False
rs5752801,45,245,-0.0840596,0.0377357,False
rs5752801,45,246,-0.0921708,0.0248805,False
rs5752801,45,247,-0.0832542,0.046055,False
rs5752801,45,248,-0.0865964,0.0413443,False
rs5752801,45,249,-0.0878031,0.0421813,False
rs5752801,45,250,-0.0896789,0.0416954,False
rs5752801,45,251,-0.0839415,0.0611743,False
rs5752801,46,6,0.0125543,0.634858,False
rs5752801,46,7,0.00218346,0.933828,False
rs5752801,46,8,-0.00138712,0.95761,False
rs5752801,46,9,0.0039758,0.878306,False
rs5752801,46,10,0.0110774,0.667947,False
rs5752801,46,11,-0.000507756,0.9842,False
rs5752801,46,12,-0.00735289,0.773136,False
rs5752801,46,13,-0.00430479,0.866011,False
rs5752801,46,14,0.0029809,0.906552,False
rs5752801,46,15,-0.00700151,0.782683,False
rs5752801,46,16,0.000835489,0.973702,False
rs5752801,46,17,-0.0103703,0.682713,False
rs5752801,46,18,-0.00798121,0.753567,False
rs5752801,46,19,-0.00698956,0.783404,False
rs5752801,46,20,-0.0115564,0.650295,False
rs5752801,46,21,-0.00996284,0.696462,False
rs5752801,46,22,-0.0210818,0.411133,False
rs5752801,46,23,-0.00670361,0.79443,False
rs5752801,46,24,-0.0129812,0.614382,False
rs5752801,46,25,-0.0107834,0.676441,False
rs5752801,46,26,-0.0106946,0.679856,False
rs5752801,46,27,-0.0151945,0.559528,False
rs5752801,46,28,-0.00847372,0.745353,False
rs5752801,46,29,-0.0120568,0.644234,False
rs5752801,46,30,-0.00719799,0.783959,False
rs5752801,46,31,-0.0108692,0.679662,False
rs5752801,46,32,-0.0117503,0.656074,False
rs5752801,46,33,-0.0196378,0.458766,False
rs5752801,46,34,-0.0169299,0.524937,False
rs5752801,46,35,-0.0115515,0.665516,False
rs5752801,46,36,-0.0137803,0.607497,False
rs5752801,46,37,-0.0218279,0.417686,False
rs5752801,46,38,-0.019614,0.468432,False
rs5752801,46,39,-0.0186844,0.491402,False
rs5752801,46,40,-0.0111443,0.682943,False
rs5752801,46,41,-0.0222002,0.418203,False
rs5752801,46,42,-0.0214384,0.435331,False
rs5752801,46,43,-0.0216828,0.431845,False
rs5752801,46,44,-0.0242009,0.382734,False
rs5752801,46,45,-0.0249222,0.370995,False
rs5752801,46,46,-0.0311944,0.264489,False
rs5752801,46,47,-0.0254838,0.364488,False
rs5752801,46,48,-0.0289447,0.305183,False
rs5752801,46,49,-0.0184325,0.516045,False
rs5752801,46,50,-0.0247055,0.385629,False
rs5752801,46,51,-0.0319999,0.262972,False
rs5752801,46,52,-0.0333869,0.245298,False
rs5752801,46,53,-0.0381862,0.185718,False
rs5752801,46,54,-0.037397,0.19736,False
rs5752801,46,55,-0.0402953,0.165874,False
rs5752801,46,56,-0.0451787,0.122021,False
rs5752801,46,57,-0.0331895,0.257317,False
rs5752801,46,58,-0.0366349,0.213352,False
rs5752801,46,59,-0.0355485,0.229809,False
rs5752801,46,60,-0.0388256,0.190941,False
rs5752801,46,61,-0.0274253,0.356885,False
rs5752801,46,62,-0.0339526,0.255588,False
rs5752801,46,63,-0.030945,0.302183,False
rs5752801,46,64,-0.0372466,0.215771,False
rs5752801,46,65,-0.0410569,0.174377,False
rs5752801,46,66,-0.0412812,0.173707,False
rs5752801,46,67,-0.0382453,0.208055,False
rs5752801,46,68,-0.0380968,0.211909,False
rs5752801,46,69,-0.0405825,0.18398,False
rs5752801,46,70,-0.0349429,0.253946,False
rs5752801,46,71,-0.0394372,0.199665,False
rs5752801,46,72,-0.043608,0.157771,False
rs5752801,46,73,-0.0412334,0.182464,False
rs5752801,46,74,-0.0392338,0.205151,False
rs5752801,46,75,-0.0389984,0.209074,False
rs5752801,46,76,-0.0359343,0.248335,False
rs5752801,46,77,-0.0435,0.163265,False
rs5752801,46,78,-0.0476679,0.126802,False
rs5752801,46,79,-0.0418548,0.179922,False
rs5752801,46,80,-0.0372836,0.233351,False
rs5752801,46,81,-0.044081,0.159701,False
rs5752801,46,82,-0.0397554,0.205029,False
rs5752801,46,83,-0.0440339,0.160194,False
rs5752801,46,84,-0.0418253,0.182096,False
rs5752801,46,85,-0.0478892,0.126939,False
rs5752801,46,86,-0.047878,0.126596,False
rs5752801,46,87,-0.0526609,0.092945,False
rs5752801,46,88,-0.0526654,0.0930508,False
rs5752801,46,89,-0.0409947,0.190675,False
rs5752801,46,90,-0.0393839,0.208834,False
rs5752801,46,91,-0.0436339,0.163726,False
rs5752801,46,92,-0.0454734,0.145532,False
rs5752801,46,93,-0.0437984,0.160564,False
rs5752801,46,94,-0.0380393,0.222725,False
rs5752801,46,95,-0.0416785,0.180965,False
rs5752801,46,96,-0.0400999,0.198051,False
rs5752801,46,97,-0.0488859,0.116879,False
rs5752801,46,98,-0.0461879,0.138376,False
rs5752801,46,99,-0.0472089,0.129181,False
rs5752801,46,100,-0.0461752,0.138084,False
rs5752801,46,101,-0.0444134,0.153531,False
rs5752801,46,102,-0.0479787,0.123028,False
rs5752801,46,103,-0.054886,0.0780896,False
rs5752801,46,104,-0.0475493,0.127295,False
rs5752801,46,105,-0.0493889,0.113014,False
rs5752801,46,106,-0.0599067,0.0550328,False
rs5752801,46,107,-0.0634527,0.0428536,False
rs5752801,46,108,-0.0607464,0.052666,False
rs5752801,46,109,-0.0647455,0.0390908,False
rs5752801,46,110,-0.0578938,0.0658992,False
rs5752801,46,111,-0.0625304,0.0475687,False
rs5752801,46,112,-0.0570049,0.071858,False
rs5752801,46,113,-0.0716487,0.0239062,False
rs5752801,46,114,-0.0715818,0.0244285,False
rs5752801,46,115,-0.0689314,0.0305847,False
rs5752801,46,116,-0.0680998,0.0333126,False
rs5752801,46,117,-0.0638759,0.0465139,False
rs5752801,46,118,-0.0591756,0.0662219,False
rs5752801,46,119,-0.0665239,0.0394245,False
rs5752801,46,120,-0.0646512,0.0461817,False
rs5752801,46,121,-0.0709193,0.0292763,False
rs5752801,46,122,-0.0693878,0.0336638,False
rs5752801,46,123,-0.0726408,0.026572,False
rs5752801,46,124,-0.0670706,0.0408255,False
rs5752801,46,125,-0.0701251,0.032853,False
rs5752801,46,126,-0.069869,0.0337261,False
rs5752801,46,127,-0.0770717,0.019247,False
rs5752801,46,128,-0.0787721,0.0168854,False
rs5752801,46,129,-0.0783689,0.0175387,False
rs5752801,46,130,-0.0776526,0.0185759,False
rs5752801,46,131,-0.0792468,0.0162988,False
rs5752801,46,132,-0.0755976,0.0219735,False
rs5752801,46,133,-0.0787555,0.0169894,False
rs5752801,46,134,-0.0763131,0.020604,False
rs5752801,46,135,-0.0785094,0.0169583,False
rs5752801,46,136,-0.0789404,0.0162173,False
rs5752801,46,137,-0.0696309,0.0336818,False
rs5752801,46,138,-0.0664532,0.0425382,False
rs5752801,46,139,-0.0708581,0.0299933,False
rs5752801,46,140,-0.0728467,0.0255013,False
rs5752801,46,141,-0.0697148,0.0322877,False
rs5752801,46,142,-0.0707133,0.0296486,False
rs5752801,46,143,-0.0713269,0.0279799,False
rs5752801,46,144,-0.0671026,0.0382407,False
rs5752801,46,145,-0.0748742,0.0207844,False
rs5752801,46,146,-0.074484,0.0211873,False
rs5752801,46,147,-0.0695148,0.0313034,False
rs5752801,46,148,-0.0695092,0.0311091,False
rs5752801,46,149,-0.0720666,0.0253891,False
rs5752801,46,150,-0.0754365,0.0192883,False
rs5752801,46,151,-0.0705143,0.0287635,False
rs5752801,46,152,-0.0670118,0.0379059,False
rs5752801,46,153,-0.0710597,0.0276402,False
rs5752801,46,154,-0.0700241,0.0299539,False
rs5752801,46,155,-0.0722794,0.0250734,False
rs5752801,46,156,-0.0745245,0.0211297,False
rs5752801,46,157,-0.0659668,0.0413997,False
rs5752801,46,158,-0.0673574,0.0377897,False
rs5752801,46,159,-0.0678142,0.0368921,False
rs5752801,46,160,-0.0651755,0.0452968,False
rs5752801,46,161,-0.067738,0.0377788,False
rs5752801,46,162,-0.0688288,0.0351056,False
rs5752801,46,163,-0.0721372,0.0276182,False
rs5752801,46,164,-0.0715632,0.0291115,False
rs5752801,46,165,-0.0672682,0.0409015,False
rs5752801,46,166,-0.0716601,0.0297423,False
rs5752801,46,167,-0.0632895,0.0551902,False
rs5752801,46,168,-0.0666733,0.0436926,False
rs5752801,46,169,-0.0766842,0.0206821,False
rs5752801,46,170,-0.0637991,0.0551188,False
rs5752801,46,171,-0.067732,0.0421714,False
rs5752801,46,172,-0.0643209,0.0540583,False
rs5752801,46,173,-0.0674501,0.0437616,False
rs5752801,46,174,-0.0731074,0.0293668,False
rs5752801,46,175,-0.0742778,0.0269766,False
rs5752801,46,176,-0.069187,0.0397576,False
rs5752801,46,177,-0.0716537,0.0334482,False
rs5752801,46,178,-0.0704242,0.0366155,False
rs5752801,46,179,-0.0710762,0.0351773,False
rs5752801,46,180,-0.0684448,0.0430094,False
rs5752801,46,181,-0.0597597,0.0775144,False
rs5752801,46,182,-0.0647655,0.0555278,False
rs5752801,46,183,-0.068882,0.0418924,False
rs5752801,46,184,-0.0709094,0.036418,False
rs5752801,46,185,-0.0706392,0.0372083,False
rs5752801,46,186,-0.0773408,0.0224515,False
rs5752801,46,187,-0.072588,0.0320305,False
rs5752801,46,188,-0.0732998,0.0306247,False
rs5752801,46,189,-0.0711357,0.0356489,False
rs5752801,46,190,-0.0825491,0.0146068,False
rs5752801,46,191,-0.0755708,0.0256284,False
rs5752801,46,192,-0.0711753,0.0352911,False
rs5752801,46,193,-0.0671205,0.047064,False
rs5752801,46,194,-0.070583,0.036358,False
rs5752801,46,195,-0.0637643,0.0588282,False
rs5752801,46,196,-0.0613532,0.0687712,False
rs5752801,46,197,-0.0614142,0.0685331,False
rs5752801,46,198,-0.056375,0.0948432,False
rs5752801,46,199,-0.0554559,0.0999811,False
rs5752801,46,200,-0.058891,0.0805958,False
rs5752801,46,201,-0.0490632,0.144718,False
rs5752801,46,202,-0.0601996,0.0738688,False
rs5752801,46,203,-0.0571197,0.0898655,False
rs5752801,46,204,-0.0459452,0.171725,False
rs5752801,46,205,-0.0435389,0.195213,False
rs5752801,46,206,-0.0461095,0.170255,False
rs5752801,46,207,-0.0390035,0.245564,False
rs5752801,46,208,-0.0332726,0.321167,False
rs5752801,46,209,-0.0456466,0.174251,False
rs5752801,46,210,-0.0567099,0.091309,False
rs5752801,46,211,-0.0489223,0.14538,False
rs5752801,46,212,-0.0491171,0.143574,False
rs5752801,46,213,-0.0432425,0.197655,False
rs5752801,46,214,-0.0482793,0.150211,False
rs5752801,46,215,-0.0448281,0.182195,False
rs5752801,46,216,-0.0529564,0.114989,False
rs5752801,46,217,-0.04741,0.158576,False
rs5752801,46,218,-0.0434051,0.197477,False
rs5752801,46,219,-0.0495094,0.142466,False
rs5752801,46,220,-0.0444159,0.188735,False
rs5752801,46,221,-0.0514604,0.128427,False
rs5752801,46,222,-0.0484068,0.154385,False
rs5752801,46,223,-0.0538119,0.114142,False
rs5752801,46,224,-0.0564499,0.0984075,False
rs5752801,46,225,-0.0605858,0.076909,False
rs5752801,46,226,-0.0648734,0.059687,False
rs5752801,46,227,-0.0567362,0.10127,False
rs5752801,46,228,-0.0599951,0.0839802,False
rs5752801,46,229,-0.0570671,0.101707,False
rs5752801,46,230,-0.0617648,0.0784144,False
rs5752801,46,231,-0.0610839,0.0833178,False
rs5752801,46,232,-0.0559845,0.115048,False
rs5752801,46,233,-0.0627982,0.079028,False
rs5752801,46,234,-0.063689,0.0767591,False
rs5752801,46,235,-0.0530941,0.14315,False
rs5752801,46,236,-0.0594017,0.10376,False
rs5752801,46,237,-0.0623676,0.0905091,False
rs5752801,46,238,-0.0662797,0.0740786,False
rs5752801,46,239,-0.0634742,0.0903013,False
rs5752801,46,240,-0.0595363,0.115368,False
rs5752801,46,241,-0.0693625,0.0689451,False
rs5752801,46,242,-0.062537,0.105182,False
rs5752801,46,243,-0.0660092,0.0910619,False
rs5752801,46,244,-0.0667913,0.0911661,False
rs5752801,46,245,-0.0613402,0.126083,False
rs5752801,46,246,-0.0580563,0.153491,False
rs5752801,46,247,-0.0666014,0.107194,False
rs5752801,46,248,-0.0679236,0.105883,False
rs5752801,46,249,-0.0681748,0.111531,False
rs5752801,46,250,-0.0664477,0.127545,False
rs5752801,46,251,-0.0671177,0.130821,False
rs5752801,47,6,0.00326655,0.902273,False
rs5752801,47,7,0.00148602,0.955269,False
rs5752801,47,8,0.00115043,0.965165,False
rs5752801,47,9,0.00265946,0.91889,False
rs5752801,47,10,-0.00305609,0.90625,False
rs5752801,47,11,-0.00777641,0.762458,False
rs5752801,47,12,-0.00640268,0.802509,False
rs5752801,47,13,-0.0101669,0.691099,False
rs5752801,47,14,-0.00749893,0.768607,False
rs5752801,47,15,-0.00945736,0.710846,False
rs5752801,47,16,-0.00284839,0.91101,False
rs5752801,47,17,-0.0109396,0.668278,False
rs5752801,47,18,-0.012021,0.638,False
rs5752801,47,19,-0.00675113,0.791994,False
rs5752801,47,20,-0.00638595,0.802841,False
rs5752801,47,21,-0.000898767,0.972078,False
rs5752801,47,22,-0.0107702,0.675205,False
rs5752801,47,23,-0.00936309,0.716495,False
rs5752801,47,24,-0.00421196,0.870457,False
rs5752801,47,25,-0.00470637,0.855932,False
rs5752801,47,26,0.000367922,0.988701,False
rs5752801,47,27,-0.00793158,0.761003,False
rs5752801,47,28,-0.00494735,0.849986,False
rs5752801,47,29,-0.00611192,0.815524,False
rs5752801,47,30,-0.0084044,0.749319,False
rs5752801,47,31,-0.0123651,0.640194,False
rs5752801,47,32,-0.0118608,0.654641,False
rs5752801,47,33,-0.00792305,0.766012,False
rs5752801,47,34,-0.00573996,0.829767,False
rs5752801,47,35,-0.0138567,0.605405,False
rs5752801,47,36,-0.014304,0.59514,False
rs5752801,47,37,-0.0150469,0.577871,False
rs5752801,47,38,-0.0181793,0.503502,False
rs5752801,47,39,-0.024189,0.375076,False
rs5752801,47,40,-0.0176814,0.518382,False
rs5752801,47,41,-0.0212303,0.440715,False
rs5752801,47,42,-0.0243774,0.377584,False
rs5752801,47,43,-0.0245694,0.376289,False
rs5752801,47,44,-0.00374913,0.892967,False
rs5752801,47,45,-0.0164215,0.557919,False
rs5752801,47,46,-0.0373314,0.185492,False
rs5752801,47,47,-0.0317467,0.262068,False
rs5752801,47,48,-0.0257512,0.36504,False
rs5752801,47,49,-0.024022,0.399942,False
rs5752801,47,50,-0.0215703,0.4521,False
rs5752801,47,51,-0.0259915,0.367187,False
rs5752801,47,52,-0.0280091,0.333038,False
rs5752801,47,53,-0.0333789,0.250494,False
rs5752801,47,54,-0.0308647,0.290095,False
rs5752801,47,55,-0.0293751,0.315487,False
rs5752801,47,56,-0.0383787,0.191176,False
rs5752801,47,57,-0.0390248,0.185546,False
rs5752801,47,58,-0.0356357,0.229296,False
rs5752801,47,59,-0.0275778,0.353987,False
rs5752801,47,60,-0.0385107,0.196696,False
rs5752801,47,61,-0.035751,0.232369,False
rs5752801,47,62,-0.0347085,0.247469,False
rs5752801,47,63,-0.0374098,0.214012,False
rs5752801,47,64,-0.045933,0.128362,False
rs5752801,47,65,-0.0427767,0.158186,False
rs5752801,47,66,-0.0432863,0.154549,False
rs5752801,47,67,-0.0442856,0.146287,False
rs5752801,47,68,-0.0480211,0.115843,False
rs5752801,47,69,-0.0458184,0.135389,False
rs5752801,47,70,-0.0480353,0.117916,False
rs5752801,47,71,-0.0478966,0.119972,False
rs5752801,47,72,-0.0390717,0.206268,False
rs5752801,47,73,-0.0421846,0.17247,False
rs5752801,47,74,-0.0390458,0.207378,False
rs5752801,47,75,-0.0479113,0.122612,False
rs5752801,47,76,-0.0461516,0.138239,False
rs5752801,47,77,-0.0416666,0.180772,False
rs5752801,47,78,-0.0472002,0.129904,False
rs5752801,47,79,-0.0514548,0.0989591,False
rs5752801,47,80,-0.0421254,0.17779,False
rs5752801,47,81,-0.0406812,0.19341,False
rs5752801,47,82,-0.0372933,0.231951,False
rs5752801,47,83,-0.0393241,0.207447,False
rs5752801,47,84,-0.0462178,0.138548,False
rs5752801,47,85,-0.0422397,0.175971,False
rs5752801,47,86,-0.0500138,0.108901,False
rs5752801,47,87,-0.0454538,0.145199,False
rs5752801,47,88,-0.0426996,0.171204,False
rs5752801,47,89,-0.0536417,0.0852872,False
rs5752801,47,90,-0.0517306,0.0963808,False
rs5752801,47,91,-0.0540046,0.0825083,False
rs5752801,47,92,-0.0471647,0.129806,False
rs5752801,47,93,-0.0533485,0.0863041,False
rs5752801,47,94,-0.0480029,0.122533,False
rs5752801,47,95,-0.0455391,0.142624,False
rs5752801,47,96,-0.0496781,0.109276,False
rs5752801,47,97,-0.047022,0.129183,False
rs5752801,47,98,-0.0474153,0.125472,False
rs5752801,47,99,-0.0462972,0.134507,False
rs5752801,47,100,-0.0435012,0.159926,False
rs5752801,47,101,-0.0372611,0.228814,False
rs5752801,47,102,-0.0404593,0.191363,False
rs5752801,47,103,-0.0411712,0.184032,False
rs5752801,47,104,-0.0444224,0.151786,False
rs5752801,47,105,-0.0545351,0.0793837,False
rs5752801,47,106,-0.051172,0.100554,False
rs5752801,47,107,-0.0536187,0.0859892,False
rs5752801,47,108,-0.0464874,0.136897,False
rs5752801,47,109,-0.0525627,0.0936708,False
rs5752801,47,110,-0.0542402,0.0846949,False
rs5752801,47,111,-0.0572653,0.0690348,False
rs5752801,47,112,-0.0635897,0.0444315,False
rs5752801,47,113,-0.0645941,0.0420685,False
rs5752801,47,114,-0.0722179,0.0238312,False
rs5752801,47,115,-0.0673634,0.035663,False
rs5752801,47,116,-0.0641329,0.04627,False
rs5752801,47,117,-0.0705047,0.0291412,False
rs5752801,47,118,-0.0744162,0.0218157,False
rs5752801,47,119,-0.0666191,0.0411615,False
rs5752801,47,120,-0.0769198,0.0188298,False
rs5752801,47,121,-0.0824706,0.0120892,False
rs5752801,47,122,-0.0775283,0.0187929,False
rs5752801,47,123,-0.0800002,0.0157063,False
rs5752801,47,124,-0.081038,0.0147547,False
rs5752801,47,125,-0.0776095,0.0199008,False
rs5752801,47,126,-0.0764288,0.0221458,False
rs5752801,47,127,-0.0808589,0.0156509,False
rs5752801,47,128,-0.0829497,0.013231,False
rs5752801,47,129,-0.0787042,0.0188885,False
rs5752801,47,130,-0.0830203,0.0132095,False
rs5752801,47,131,-0.0843166,0.0119465,False
rs5752801,47,132,-0.086685,0.00980253,False
rs5752801,47,133,-0.0780476,0.0197668,False
rs5752801,47,134,-0.0765095,0.0220926,False
rs5752801,47,135,-0.0778958,0.0197037,False
rs5752801,47,136,-0.0837418,0.0118632,False
rs5752801,47,137,-0.0826115,0.0127869,False
rs5752801,47,138,-0.089332,0.00705565,False
rs5752801,47,139,-0.0919294,0.00538471,False
rs5752801,47,140,-0.0861417,0.00887544,False
rs5752801,47,141,-0.0783799,0.0169973,False
rs5752801,47,142,-0.0745082,0.0227725,False
rs5752801,47,143,-0.0757767,0.0204855,False
rs5752801,47,144,-0.0754987,0.0206982,False
rs5752801,47,145,-0.0869448,0.00748619,False
rs5752801,47,146,-0.0788816,0.0150086,False
rs5752801,47,147,-0.0835221,0.00982286,False
rs5752801,47,148,-0.0783186,0.0153042,False
rs5752801,47,149,-0.0686068,0.0335791,False
rs5752801,47,150,-0.0741124,0.0214889,False
rs5752801,47,151,-0.0757506,0.0185232,False
rs5752801,47,152,-0.0784723,0.0147677,False
rs5752801,47,153,-0.0748226,0.0200194,False
rs5752801,47,154,-0.0665412,0.0386151,False
rs5752801,47,155,-0.0713315,0.0266679,False
rs5752801,47,156,-0.0741213,0.0214199,False
rs5752801,47,157,-0.0724241,0.0246465,False
rs5752801,47,158,-0.0774323,0.016388,False
rs5752801,47,159,-0.0805891,0.0126943,False
rs5752801,47,160,-0.0807143,0.0126743,False
rs5752801,47,161,-0.0802515,0.0133881,False
rs5752801,47,162,-0.0805373,0.0131702,False
rs5752801,47,163,-0.0825833,0.0111988,False
rs5752801,47,164,-0.0836822,0.0103657,False
rs5752801,47,165,-0.0815498,0.0126302,False
rs5752801,47,166,-0.0853605,0.00909665,False
rs5752801,47,167,-0.0879412,0.00731974,False
rs5752801,47,168,-0.0759511,0.0209474,False
rs5752801,47,169,-0.0789141,0.0167725,False
rs5752801,47,170,-0.0763401,0.0210138,False
rs5752801,47,171,-0.0686056,0.0384296,False
rs5752801,47,172,-0.0739161,0.0260009,False
rs5752801,47,173,-0.0693588,0.0369646,False
rs5752801,47,174,-0.0789347,0.0179067,False
rs5752801,47,175,-0.075045,0.0246421,False
rs5752801,47,176,-0.069469,0.0382753,False
rs5752801,47,177,-0.0740749,0.0274925,False
rs5752801,47,178,-0.0765191,0.0229268,False
rs5752801,47,179,-0.0800879,0.0173579,False
rs5752801,47,180,-0.0763209,0.0235305,False
rs5752801,47,181,-0.0765746,0.0234476,False
rs5752801,47,182,-0.076829,0.0231637,False
rs5752801,47,183,-0.0825909,0.0146931,False
rs5752801,47,184,-0.0847084,0.0122941,False
rs5752801,47,185,-0.0782266,0.0208384,False
rs5752801,47,186,-0.0833613,0.0138585,False
rs5752801,47,187,-0.0806903,0.0172887,False
rs5752801,47,188,-0.076365,0.0243497,False
rs5752801,47,189,-0.0754625,0.026199,False
rs5752801,47,190,-0.0802009,0.0179403,False
rs5752801,47,191,-0.075777,0.0252866,False
rs5752801,47,192,-0.0797869,0.0184929,False
rs5752801,47,193,-0.0778806,0.0214141,False
rs5752801,47,194,-0.0664494,0.0496404,False
rs5752801,47,195,-0.070036,0.03846,False
rs5752801,47,196,-0.0771636,0.0225451,False
rs5752801,47,197,-0.0685835,0.0428004,False
rs5752801,47,198,-0.0645959,0.0564392,False
rs5752801,47,199,-0.0577943,0.0878594,False
rs5752801,47,200,-0.0768381,0.0231592,False
rs5752801,47,201,-0.0591899,0.0796962,False
rs5752801,47,202,-0.049953,0.138923,False
rs5752801,47,203,-0.0487938,0.148401,False
rs5752801,47,204,-0.0515469,0.12683,False
rs5752801,47,205,-0.0507387,0.132944,False
rs5752801,47,206,-0.0474806,0.158995,False
rs5752801,47,207,-0.0462655,0.169555,False
rs5752801,47,208,-0.0473216,0.160318,False
rs5752801,47,209,-0.0437788,0.194188,False
rs5752801,47,210,-0.0431343,0.200211,False
rs5752801,47,211,-0.0477346,0.156674,False
rs5752801,47,212,-0.0475043,0.158944,False
rs5752801,47,213,-0.0480858,0.153361,False
rs5752801,47,214,-0.0409365,0.224165,False
rs5752801,47,215,-0.0498755,0.139005,False
rs5752801,47,216,-0.0553598,0.100606,False
rs5752801,47,217,-0.0478626,0.155953,False
rs5752801,47,218,-0.0483931,0.151592,False
rs5752801,47,219,-0.0537966,0.111788,False
rs5752801,47,220,-0.0463355,0.171343,False
rs5752801,47,221,-0.0537521,0.113014,False
rs5752801,47,222,-0.0547106,0.107597,False
rs5752801,47,223,-0.0559509,0.100493,False
rs5752801,47,224,-0.0534085,0.118467,False
rs5752801,47,225,-0.0577735,0.0922421,False
rs5752801,47,226,-0.051075,0.138724,False
rs5752801,47,227,-0.0521865,0.13137,False
rs5752801,47,228,-0.0581741,0.0942914,False
rs5752801,47,229,-0.0660302,0.0583898,False
rs5752801,47,230,-0.0546065,0.119808,False
rs5752801,47,231,-0.0532468,0.131293,False
rs5752801,47,232,-0.0569282,0.108329,False
rs5752801,47,233,-0.0438197,0.219536,False
rs5752801,47,234,-0.0412401,0.250561,False
rs5752801,47,235,-0.0436264,0.226893,False
rs5752801,47,236,-0.0457857,0.208434,False
rs5752801,47,237,-0.0510293,0.163953,False
rs5752801,47,238,-0.049616,0.179297,False
rs5752801,47,239,-0.0479532,0.198083,False
rs5752801,47,240,-0.047877,0.202565,False
rs5752801,47,241,-0.0586391,0.121682,False
rs5752801,47,242,-0.0467259,0.222387,False
rs5752801,47,243,-0.042776,0.269455,False
rs5752801,47,244,-0.0408198,0.297742,False
rs5752801,47,245,-0.0461576,0.245066,False
rs5752801,47,246,-0.0477515,0.236317,False
rs5752801,47,247,-0.0482208,0.239185,False
rs5752801,47,248,-0.0533085,0.20054,False
rs5752801,47,249,-0.0559906,0.186397,False
rs5752801,47,250,-0.0632521,0.143292,False
rs5752801,47,251,-0.0696785,0.113702,False
rs5752801,48,6,0.00240537,0.928863,False
rs5752801,48,7,0.00475202,0.859283,False
rs5752801,48,8,0.00187352,0.943878,False
rs5752801,48,9,-0.00175977,0.946705,False
rs5752801,48,10,0.0076047,0.771653,False
rs5752801,48,11,-0.0042214,0.870928,False
rs5752801,48,12,-0.00793067,0.759101,False
rs5752801,48,13,-0.00554151,0.829796,False
rs5752801,48,14,-0.0106696,0.678907,False
rs5752801,48,15,-0.00958633,0.709546,False
rs5752801,48,16,-0.00916682,0.720855,False
rs5752801,48,17,-0.00122214,0.962052,False
rs5752801,48,18,-0.0171948,0.503431,False
rs5752801,48,19,-0.0147737,0.566361,False
rs5752801,48,20,0.000807652,0.975018,False
rs5752801,48,21,-0.01056,0.68294,False
rs5752801,48,22,-0.00966242,0.708921,False
rs5752801,48,23,-0.00311523,0.904692,False
rs5752801,48,24,0.00224286,0.931265,False
rs5752801,48,25,-0.00730247,0.77983,False
rs5752801,48,26,-0.0106857,0.683621,False
rs5752801,48,27,-0.00888158,0.735119,False
rs5752801,48,28,-0.00887492,0.736387,False
rs5752801,48,29,-0.0170071,0.520375,False
rs5752801,48,30,-0.0165777,0.531492,False
rs5752801,48,31,-0.0114868,0.665929,False
rs5752801,48,32,-0.022911,0.391283,False
rs5752801,48,33,-0.0236285,0.377779,False
rs5752801,48,34,-0.0232232,0.388536,False
rs5752801,48,35,-0.0165628,0.539339,False
rs5752801,48,36,-0.0238851,0.378787,False
rs5752801,48,37,-0.016372,0.548153,False
rs5752801,48,38,-0.0288147,0.293043,False
rs5752801,48,39,-0.0315447,0.251254,False
rs5752801,48,40,-0.0261926,0.342605,False
rs5752801,48,41,-0.0352242,0.204255,False
rs5752801,48,42,-0.0235168,0.398921,False
rs5752801,48,43,-0.0219548,0.432273,False
rs5752801,48,44,-0.0329547,0.240825,False
rs5752801,48,45,-0.0364722,0.197046,False
rs5752801,48,46,-0.0318226,0.262797,False
rs5752801,48,47,-0.0361476,0.205394,False
rs5752801,48,48,-0.0315774,0.270492,False
rs5752801,48,49,-0.0356264,0.215686,False
rs5752801,48,50,-0.0326063,0.259296,False
rs5752801,48,51,-0.0427861,0.141091,False
rs5752801,48,52,-0.0427999,0.142535,False
rs5752801,48,53,-0.0398666,0.173396,False
rs5752801,48,54,-0.0423328,0.149384,False
rs5752801,48,55,-0.0397852,0.1776,False
rs5752801,48,56,-0.0475451,0.108236,False
rs5752801,48,57,-0.0555376,0.0616944,False
rs5752801,48,58,-0.0495298,0.0968185,False
rs5752801,48,59,-0.0438272,0.142759,False
rs5752801,48,60,-0.0427484,0.153836,False
rs5752801,48,61,-0.0435487,0.147651,False
rs5752801,48,62,-0.0469201,0.120207,False
rs5752801,48,63,-0.0469776,0.120717,False
rs5752801,48,64,-0.0543855,0.0730241,False
rs5752801,48,65,-0.0415225,0.171724,False
rs5752801,48,66,-0.0388251,0.202816,False
rs5752801,48,67,-0.0441185,0.148654,False
rs5752801,48,68,-0.0420676,0.169839,False
rs5752801,48,69,-0.0368156,0.230541,False
rs5752801,48,70,-0.0373361,0.225045,False
rs5752801,48,71,-0.0494537,0.108984,False
rs5752801,48,72,-0.0386595,0.211769,False
rs5752801,48,73,-0.0403824,0.192136,False
rs5752801,48,74,-0.0369556,0.233494,False
rs5752801,48,75,-0.0397933,0.200506,False
rs5752801,48,76,-0.0454681,0.14396,False
rs5752801,48,77,-0.0474002,0.12794,False
rs5752801,48,78,-0.0452346,0.14682,False
rs5752801,48,79,-0.0488876,0.116522,False
rs5752801,48,80,-0.044441,0.154627,False
rs5752801,48,81,-0.0490249,0.116261,False
rs5752801,48,82,-0.0387171,0.214765,False
rs5752801,48,83,-0.0394503,0.20564,False
rs5752801,48,84,-0.0409404,0.188544,False
rs5752801,48,85,-0.0482773,0.120993,False
rs5752801,48,86,-0.0429204,0.167563,False
rs5752801,48,87,-0.0465042,0.1346,False
rs5752801,48,88,-0.0369474,0.234106,False
rs5752801,48,89,-0.0447424,0.149641,False
rs5752801,48,90,-0.0514385,0.0968801,False
rs5752801,48,91,-0.0428338,0.16629,False
rs5752801,48,92,-0.0448626,0.14714,False
rs5752801,48,93,-0.05138,0.0962013,False
rs5752801,48,94,-0.0407771,0.187242,False
rs5752801,48,95,-0.0482186,0.119064,False
rs5752801,48,96,-0.050381,0.102165,False
rs5752801,48,97,-0.0488773,0.112431,False
rs5752801,48,98,-0.0537338,0.0813009,False
rs5752801,48,99,-0.0537478,0.0813926,False
rs5752801,48,100,-0.0451284,0.143763,False
rs5752801,48,101,-0.0463426,0.133493,False
rs5752801,48,102,-0.0466921,0.131007,False
rs5752801,48,103,-0.0460166,0.137383,False
rs5752801,48,104,-0.0441767,0.154885,False
rs5752801,48,105,-0.0524298,0.0919682,False
rs5752801,48,106,-0.0467916,0.133243,False
rs5752801,48,107,-0.0489866,0.117139,False
rs5752801,48,108,-0.0500788,0.110102,False
rs5752801,48,109,-0.0469009,0.1359,False
rs5752801,48,110,-0.0499269,0.114297,False
rs5752801,48,111,-0.0512099,0.106792,False
rs5752801,48,112,-0.0531416,0.0956948,False
rs5752801,48,113,-0.0603096,0.0598782,False
rs5752801,48,114,-0.0648533,0.0442497,False
rs5752801,48,115,-0.0700135,0.0309083,False
rs5752801,48,116,-0.0740704,0.0231767,False
rs5752801,48,117,-0.0655657,0.0454619,False
rs5752801,48,118,-0.0726761,0.0274536,False
rs5752801,48,119,-0.0700761,0.0342173,False
rs5752801,48,120,-0.0701119,0.0352866,False
rs5752801,48,121,-0.0785771,0.0188686,False
rs5752801,48,122,-0.0831147,0.0135456,False
rs5752801,48,123,-0.0821857,0.015045,False
rs5752801,48,124,-0.0854518,0.0117284,False
rs5752801,48,125,-0.081141,0.0170945,False
rs5752801,48,126,-0.0757902,0.026465,False
rs5752801,48,127,-0.074035,0.0302949,False
rs5752801,48,128,-0.0815724,0.01714,False
rs5752801,48,129,-0.0745839,0.0293958,False
rs5752801,48,130,-0.0788088,0.0214012,False
rs5752801,48,131,-0.0728452,0.0334363,False
rs5752801,48,132,-0.0749538,0.0285085,False
rs5752801,48,133,-0.083876,0.0141755,False
rs5752801,48,134,-0.0851271,0.0126795,False
rs5752801,48,135,-0.0810139,0.0173466,False
rs5752801,48,136,-0.0845321,0.0127529,False
rs5752801,48,137,-0.0773011,0.0223844,False
rs5752801,48,138,-0.0886999,0.00845182,False
rs5752801,48,139,-0.0834122,0.013053,False
rs5752801,48,140,-0.085311,0.0107306,False
rs5752801,48,141,-0.0909723,0.00629821,False
rs5752801,48,142,-0.0851083,0.0102302,False
rs5752801,48,143,-0.0835155,0.0115278,False
rs5752801,48,144,-0.0838949,0.0108616,False
rs5752801,48,145,-0.0824805,0.011905,False
rs5752801,48,146,-0.0847564,0.00953357,False
rs5752801,48,147,-0.0794258,0.0148892,False
rs5752801,48,148,-0.0844343,0.00933494,False
rs5752801,48,149,-0.0760129,0.0190203,False
rs5752801,48,150,-0.0807498,0.01259,False
rs5752801,48,151,-0.0797847,0.013485,False
rs5752801,48,152,-0.0683404,0.0341079,False
rs5752801,48,153,-0.0772565,0.0164958,False
rs5752801,48,154,-0.0792379,0.0139738,False
rs5752801,48,155,-0.0849034,0.00836899,False
rs5752801,48,156,-0.0790167,0.014038,False
rs5752801,48,157,-0.0781883,0.015004,False
rs5752801,48,158,-0.0783327,0.0147986,False
rs5752801,48,159,-0.0847544,0.00842739,False
rs5752801,48,160,-0.0730371,0.023391,False
rs5752801,48,161,-0.0794363,0.0139047,False
rs5752801,48,162,-0.0779219,0.0159351,False
rs5752801,48,163,-0.0824734,0.0110246,False
rs5752801,48,164,-0.075892,0.0195113,False
rs5752801,48,165,-0.0698114,0.0320339,False
rs5752801,48,166,-0.0783429,0.016256,False
rs5752801,48,167,-0.0728569,0.0257395,False
rs5752801,48,168,-0.0710609,0.0299978,False
rs5752801,48,169,-0.0749172,0.0225596,False
rs5752801,48,170,-0.0729591,0.0268347,False
rs5752801,48,171,-0.0821904,0.0127657,False
rs5752801,48,172,-0.0772309,0.0195605,False
rs5752801,48,173,-0.0754051,0.0230581,False
rs5752801,48,174,-0.079589,0.0166349,False
rs5752801,48,175,-0.0732113,0.0281855,False
rs5752801,48,176,-0.0820395,0.0139239,False
rs5752801,48,177,-0.07936,0.0176246,False
rs5752801,48,178,-0.08228,0.0141464,False
rs5752801,48,179,-0.0772596,0.0214549,False
rs5752801,48,180,-0.0784027,0.0199525,False
rs5752801,48,181,-0.0848079,0.0118174,False
rs5752801,48,182,-0.0865258,0.0102602,False
rs5752801,48,183,-0.0816697,0.0155272,False
rs5752801,48,184,-0.0877566,0.00934862,False
rs5752801,48,185,-0.0754593,0.0257572,False
rs5752801,48,186,-0.0754514,0.0258754,False
rs5752801,48,187,-0.0711287,0.0354592,False
rs5752801,48,188,-0.0751728,0.0264564,False
rs5752801,48,189,-0.0786097,0.0202808,False
rs5752801,48,190,-0.076725,0.0236553,False
rs5752801,48,191,-0.0756085,0.0255213,False
rs5752801,48,192,-0.0706346,0.0369247,False
rs5752801,48,193,-0.0699801,0.0387632,False
rs5752801,48,194,-0.0661633,0.0506749,False
rs5752801,48,195,-0.0657601,0.0520076,False
rs5752801,48,196,-0.074339,0.027984,False
rs5752801,48,197,-0.0687912,0.0422997,False
rs5752801,48,198,-0.0618594,0.0679341,False
rs5752801,48,199,-0.0562569,0.0966131,False
rs5752801,48,200,-0.0604089,0.0744285,False
rs5752801,48,201,-0.0623689,0.0656671,False
rs5752801,48,202,-0.0578238,0.0874387,False
rs5752801,48,203,-0.0586773,0.0824845,False
rs5752801,48,204,-0.0510094,0.131113,False
rs5752801,48,205,-0.0414119,0.220623,False
rs5752801,48,206,-0.0529699,0.117029,False
rs5752801,48,207,-0.0491478,0.145919,False
rs5752801,48,208,-0.0578941,0.0864216,False
rs5752801,48,209,-0.0517234,0.12499,False
rs5752801,48,210,-0.0523142,0.12102,False
rs5752801,48,211,-0.0530431,0.115791,False
rs5752801,48,212,-0.0519312,0.123348,False
rs5752801,48,213,-0.0542939,0.106773,False
rs5752801,48,214,-0.0567513,0.0924038,False
rs5752801,48,215,-0.0545605,0.105739,False
rs5752801,48,216,-0.0489086,0.147244,False
rs5752801,48,217,-0.0455693,0.177423,False
rs5752801,48,218,-0.0462185,0.171553,False
rs5752801,48,219,-0.0454291,0.179889,False
rs5752801,48,220,-0.0417781,0.218164,False
rs5752801,48,221,-0.0436342,0.199278,False
rs5752801,48,222,-0.0384959,0.258192,False
rs5752801,48,223,-0.0422961,0.215179,False
rs5752801,48,224,-0.0307352,0.369594,False
rs5752801,48,225,-0.028423,0.40861,False
rs5752801,48,226,-0.0343333,0.319656,False
rs5752801,48,227,-0.0381144,0.270292,False
rs5752801,48,228,-0.0266565,0.442655,False
rs5752801,48,229,-0.026659,0.444825,False
rs5752801,48,230,-0.0259666,0.458648,False
rs5752801,48,231,-0.0334703,0.341957,False
rs5752801,48,232,-0.0365815,0.30158,False
rs5752801,48,233,-0.0344165,0.333893,False
rs5752801,48,234,-0.0398291,0.266201,False
rs5752801,48,235,-0.0337176,0.349364,False
rs5752801,48,236,-0.0356328,0.326328,False
rs5752801,48,237,-0.0384378,0.292462,False
rs5752801,48,238,-0.0449665,0.22095,False
rs5752801,48,239,-0.0409425,0.26877,False
rs5752801,48,240,-0.0454328,0.22362,False
rs5752801,48,241,-0.0518419,0.1685,False
rs5752801,48,242,-0.0444331,0.242593,False
rs5752801,48,243,-0.0487284,0.20429,False
rs5752801,48,244,-0.0425931,0.272956,False
rs5752801,48,245,-0.0559577,0.155084,False
rs5752801,48,246,-0.0541124,0.175247,False
rs5752801,48,247,-0.0540395,0.182682,False
rs5752801,48,248,-0.0465179,0.259337,False
rs5752801,48,249,-0.0447205,0.286942,False
rs5752801,48,250,-0.0439039,0.305261,False
rs5752801,48,251,-0.051545,0.237476,False
rs5752801,49,6,0.0123208,0.647902,False
rs5752801,49,7,0.0121094,0.651417,False
rs5752801,49,8,0.0104959,0.693422,False
rs5752801,49,9,0.00321605,0.903154,False
rs5752801,49,10,0.017664,0.500776,False
rs5752801,49,11,0.0113818,0.661911,False
rs5752801,49,12,0.011383,0.660779,False
rs5752801,49,13,0.0090113,0.727312,False
rs5752801,49,14,0.0130548,0.613146,False
rs5752801,49,15,0.00712618,0.782229,False
rs5752801,49,16,0.0127298,0.621021,False
rs5752801,49,17,0.0172883,0.502243,False
rs5752801,49,18,0.00514234,0.841673,False
rs5752801,49,19,0.00586202,0.820112,False
rs5752801,49,20,0.0066954,0.795515,False
rs5752801,49,21,0.00316522,0.90271,False
rs5752801,49,22,0.000174319,0.994636,False
rs5752801,49,23,0.0053015,0.838533,False
rs5752801,49,24,0.00337764,0.896949,False
rs5752801,49,25,0.00174978,0.946665,False
rs5752801,49,26,-0.0101722,0.6989,False
rs5752801,49,27,0.00255629,0.922699,False
rs5752801,49,28,-0.0052736,0.841868,False
rs5752801,49,29,-0.0112493,0.672231,False
rs5752801,49,30,-0.00343778,0.897481,False
rs5752801,49,31,-0.00397445,0.881962,False
rs5752801,49,32,-0.0103632,0.699779,False
rs5752801,49,33,-0.0228751,0.396526,False
rs5752801,49,34,-0.0217229,0.422307,False
rs5752801,49,35,-0.0253537,0.35129,False
rs5752801,49,36,-0.0257799,0.344698,False
rs5752801,49,37,-0.0179776,0.510866,False
rs5752801,49,38,-0.0258427,0.347079,False
rs5752801,49,39,-0.0186617,0.499633,False
rs5752801,49,40,-0.0289419,0.297234,False
rs5752801,49,41,-0.033763,0.22516,False
rs5752801,49,42,-0.0351188,0.209415,False
rs5752801,49,43,-0.0353097,0.209061,False
rs5752801,49,44,-0.0337563,0.23262,False
rs5752801,49,45,-0.0394358,0.165224,False
rs5752801,49,46,-0.033945,0.234051,False
rs5752801,49,47,-0.0301006,0.294066,False
rs5752801,49,48,-0.0274921,0.339755,False
rs5752801,49,49,-0.0426384,0.140828,False
rs5752801,49,50,-0.0509521,0.0791441,False
rs5752801,49,51,-0.0441062,0.131181,False
rs5752801,49,52,-0.0413245,0.15836,False
rs5752801,49,53,-0.0414693,0.159437,False
rs5752801,49,54,-0.0412611,0.162542,False
rs5752801,49,55,-0.0412688,0.163611,False
rs5752801,49,56,-0.046758,0.115759,False
rs5752801,49,57,-0.0488454,0.101377,False
rs5752801,49,58,-0.0422095,0.158227,False
rs5752801,49,59,-0.0484488,0.106761,False
rs5752801,49,60,-0.0543818,0.0707367,False
rs5752801,49,61,-0.059547,0.0486227,False
rs5752801,49,62,-0.0601992,0.0467335,False
rs5752801,49,63,-0.0535651,0.0773593,False
rs5752801,49,64,-0.0607159,0.0461549,False
rs5752801,49,65,-0.057423,0.0596591,False
rs5752801,49,66,-0.0668095,0.0288537,False
rs5752801,49,67,-0.0595533,0.0520731,False
rs5752801,49,68,-0.0606787,0.0480085,False
rs5752801,49,69,-0.052006,0.0905184,False
rs5752801,49,70,-0.0535694,0.0826453,False
rs5752801,49,71,-0.0492471,0.111683,False
rs5752801,49,72,-0.0500183,0.1065,False
rs5752801,49,73,-0.0498231,0.108236,False
rs5752801,49,74,-0.0431611,0.164609,False
rs5752801,49,75,-0.0447379,0.150025,False
rs5752801,49,76,-0.0429808,0.167105,False
rs5752801,49,77,-0.0425193,0.171205,False
rs5752801,49,78,-0.0493213,0.112829,False
rs5752801,49,79,-0.0437541,0.159554,False
rs5752801,49,80,-0.0433753,0.163119,False
rs5752801,49,81,-0.0419502,0.176719,False
rs5752801,49,82,-0.0376604,0.2259,False
rs5752801,49,83,-0.0433741,0.162471,False
rs5752801,49,84,-0.0389187,0.209829,False
rs5752801,49,85,-0.0365879,0.237948,False
rs5752801,49,86,-0.0416164,0.178266,False
rs5752801,49,87,-0.0479859,0.120363,False
rs5752801,49,88,-0.0503267,0.103435,False
rs5752801,49,89,-0.0447734,0.146399,False
rs5752801,49,90,-0.0418233,0.17513,False
rs5752801,49,91,-0.0423934,0.168724,False
rs5752801,49,92,-0.0469714,0.126854,False
rs5752801,49,93,-0.0450139,0.142719,False
rs5752801,49,94,-0.0427248,0.164684,False
rs5752801,49,95,-0.0478098,0.119346,False
rs5752801,49,96,-0.0441667,0.150302,False
rs5752801,49,97,-0.0469134,0.126797,False
rs5752801,49,98,-0.0479275,0.119066,False
rs5752801,49,99,-0.0434196,0.157781,False
rs5752801,49,100,-0.0348777,0.257054,False
rs5752801,49,101,-0.0426441,0.166144,False
rs5752801,49,102,-0.0535064,0.0828905,False
rs5752801,49,103,-0.0527544,0.08806,False
rs5752801,49,104,-0.0481872,0.120022,False
rs5752801,49,105,-0.0434628,0.162309,False
rs5752801,49,106,-0.0556378,0.0747257,False
rs5752801,49,107,-0.0559075,0.0744138,False
rs5752801,49,108,-0.0580385,0.0655111,False
rs5752801,49,109,-0.0565135,0.0738345,False
rs5752801,49,110,-0.0607533,0.0560573,False
rs5752801,49,111,-0.0648803,0.0426264,False
rs5752801,49,112,-0.0621772,0.0536853,False
rs5752801,49,113,-0.0636447,0.0494579,False
rs5752801,49,114,-0.0601655,0.0651359,False
rs5752801,49,115,-0.0654493,0.0462834,False
rs5752801,49,116,-0.0674347,0.0413742,False
rs5752801,49,117,-0.0651952,0.050138,False
rs5752801,49,118,-0.0743631,0.0263832,False
rs5752801,49,119,-0.0747685,0.0265641,False
rs5752801,49,120,-0.0725539,0.0324168,False
rs5752801,49,121,-0.0711234,0.0378491,False
rs5752801,49,122,-0.0792357,0.0214815,False
rs5752801,49,123,-0.0719452,0.0379797,False
rs5752801,49,124,-0.0718655,0.0387182,False
rs5752801,49,125,-0.0786563,0.024101,False
rs5752801,49,126,-0.0785683,0.0247281,False
rs5752801,49,127,-0.0784204,0.0254067,False
rs5752801,49,128,-0.08205,0.0196237,False
rs5752801,49,129,-0.0828809,0.0184462,False
rs5752801,49,130,-0.080963,0.0214376,False
rs5752801,49,131,-0.0871768,0.0131511,False
rs5752801,49,132,-0.076248,0.0296992,False
rs5752801,49,133,-0.078229,0.0255764,False
rs5752801,49,134,-0.077219,0.0272591,False
rs5752801,49,135,-0.0773265,0.0264092,False
rs5752801,49,136,-0.0804868,0.0204354,False
rs5752801,49,137,-0.0797168,0.0211356,False
rs5752801,49,138,-0.079552,0.0205507,False
rs5752801,49,139,-0.0827107,0.0157247,False
rs5752801,49,140,-0.0883935,0.00947562,False
rs5752801,49,141,-0.0843699,0.012917,False
rs5752801,49,142,-0.0800726,0.0176568,False
rs5752801,49,143,-0.0814634,0.0153821,False
rs5752801,49,144,-0.0865346,0.00957216,False
rs5752801,49,145,-0.0927562,0.00527978,False
rs5752801,49,146,-0.0946788,0.00421882,False
rs5752801,49,147,-0.0897133,0.00646451,False
rs5752801,49,148,-0.0815472,0.0130067,False
rs5752801,49,149,-0.0805885,0.0136222,False
rs5752801,49,150,-0.0864185,0.00796733,False
rs5752801,49,151,-0.0859089,0.00811439,False
rs5752801,49,152,-0.0874476,0.00690367,False
rs5752801,49,153,-0.0850357,0.00845844,False
rs5752801,49,154,-0.0721201,0.0254424,False
rs5752801,49,155,-0.0833479,0.00966018,False
rs5752801,49,156,-0.0826819,0.0102073,False
rs5752801,49,157,-0.0803164,0.0124339,False
rs5752801,49,158,-0.0774972,0.0158014,False
rs5752801,49,159,-0.0737517,0.0219177,False
rs5752801,49,160,-0.0764871,0.0173715,False
rs5752801,49,161,-0.0731081,0.0232324,False
rs5752801,49,162,-0.0786538,0.0146548,False
rs5752801,49,163,-0.0916177,0.0045853,False
rs5752801,49,164,-0.0936535,0.00377725,False
rs5752801,49,165,-0.0792536,0.0143766,False
rs5752801,49,166,-0.0759595,0.0192038,False
rs5752801,49,167,-0.0721838,0.0263062,False
rs5752801,49,168,-0.0816222,0.0122019,False
rs5752801,49,169,-0.0881518,0.00690874,False
rs5752801,49,170,-0.0801799,0.0143479,False
rs5752801,49,171,-0.0870271,0.00804761,False
rs5752801,49,172,-0.0911675,0.00565321,False
rs5752801,49,173,-0.0854731,0.00958721,False
rs5752801,49,174,-0.0944679,0.00433324,False
rs5752801,49,175,-0.0900593,0.00670503,False
rs5752801,49,176,-0.0790494,0.0174887,False
rs5752801,49,177,-0.0845354,0.0112921,False
rs5752801,49,178,-0.0828356,0.01314,False
rs5752801,49,179,-0.0820553,0.014274,False
rs5752801,49,180,-0.0812197,0.0153445,False
rs5752801,49,181,-0.0730798,0.0293367,False
rs5752801,49,182,-0.069629,0.0383094,False
rs5752801,49,183,-0.0716029,0.033271,False
rs5752801,49,184,-0.0646359,0.0553512,False
rs5752801,49,185,-0.0739464,0.0285448,False
rs5752801,49,186,-0.0723341,0.0324548,False
rs5752801,49,187,-0.0702335,0.0375774,False
rs5752801,49,188,-0.0674292,0.0460225,False
rs5752801,49,189,-0.0625239,0.0643474,False
rs5752801,49,190,-0.0620574,0.0664728,False
rs5752801,49,191,-0.0659162,0.0515006,False
rs5752801,49,192,-0.0685179,0.043097,False
rs5752801,49,193,-0.0739644,0.0290951,False
rs5752801,49,194,-0.0685197,0.0428801,False
rs5752801,49,195,-0.060284,0.0749318,False
rs5752801,49,196,-0.0616145,0.0687442,False
rs5752801,49,197,-0.0660715,0.0512724,False
rs5752801,49,198,-0.059981,0.076686,False
rs5752801,49,199,-0.0593757,0.0797332,False
rs5752801,49,200,-0.0583321,0.0849188,False
rs5752801,49,201,-0.0580373,0.0863381,False
rs5752801,49,202,-0.0608034,0.0729654,False
rs5752801,49,203,-0.0607838,0.0731019,False
rs5752801,49,204,-0.0618603,0.0677781,False
rs5752801,49,205,-0.0525211,0.121328,False
rs5752801,49,206,-0.0487755,0.149503,False
rs5752801,49,207,-0.0501419,0.138786,False
rs5752801,49,208,-0.053779,0.111966,False
rs5752801,49,209,-0.0577702,0.0877579,False
rs5752801,49,210,-0.0583116,0.0842112,False
rs5752801,49,211,-0.0633015,0.0608935,False
rs5752801,49,212,-0.0605859,0.0726034,False
rs5752801,49,213,-0.0614806,0.0685424,False
rs5752801,49,214,-0.0521693,0.122418,False
rs5752801,49,215,-0.0529455,0.117023,False
rs5752801,49,216,-0.0599738,0.0757264,False
rs5752801,49,217,-0.0624975,0.0644515,False
rs5752801,49,218,-0.0551425,0.102861,False
rs5752801,49,219,-0.0404554,0.232061,False
rs5752801,49,220,-0.045549,0.178935,False
rs5752801,49,221,-0.0347117,0.306531,False
rs5752801,49,222,-0.0379435,0.264088,False
rs5752801,49,223,-0.0333703,0.327338,False
rs5752801,49,224,-0.0354045,0.299936,False
rs5752801,49,225,-0.0382904,0.263974,False
rs5752801,49,226,-0.0404939,0.238717,False
rs5752801,49,227,-0.0374402,0.278038,False
rs5752801,49,228,-0.0319212,0.357088,False
rs5752801,49,229,-0.0278342,0.42361,False
rs5752801,49,230,-0.0360852,0.301751,False
rs5752801,49,231,-0.0376701,0.283047,False
rs5752801,49,232,-0.0469541,0.183664,False
rs5752801,49,233,-0.0354633,0.317475,False
rs5752801,49,234,-0.0331958,0.351649,False
rs5752801,49,235,-0.0410129,0.25267,False
rs5752801,49,236,-0.045279,0.209622,False
rs5752801,49,237,-0.0398299,0.272875,False
rs5752801,49,238,-0.0355326,0.331259,False
rs5752801,49,239,-0.0379453,0.303905,False
rs5752801,49,240,-0.0363005,0.329081,False
rs5752801,49,241,-0.0408267,0.276814,False
rs5752801,49,242,-0.0416357,0.272264,False
rs5752801,49,243,-0.0323644,0.398351,False
rs5752801,49,244,-0.0353154,0.362073,False
rs5752801,49,245,-0.0279893,0.475896,False
rs5752801,49,246,-0.0333722,0.40246,False
rs5752801,49,247,-0.032802,0.417977,False
rs5752801,49,248,-0.0331907,0.421573,False
rs5752801,49,249,-0.0441263,0.294226,False
rs5752801,49,250,-0.0383696,0.371676,False
rs5752801,49,251,-0.0360586,0.409897,False
rs5752801,50,6,0.012807,0.636771,False
rs5752801,50,7,0.0268427,0.318045,False
rs5752801,50,8,0.0114514,0.667776,False
rs5752801,50,9,0.00537555,0.83913,False
rs5752801,50,10,0.0113071,0.66695,False
rs5752801,50,11,0.00837978,0.748541,False
rs5752801,50,12,0.0079173,0.760658,False
rs5752801,50,13,0.015481,0.550573,False
rs5752801,50,14,0.00758912,0.770055,False
rs5752801,50,15,-0.00188751,0.941838,False
rs5752801,50,16,6.36965e-05,0.998034,False
rs5752801,50,17,0.00630077,0.807364,False
rs5752801,50,18,0.00011413,0.996484,False
rs5752801,50,19,-0.00655368,0.8005,False
rs5752801,50,20,0.00571123,0.825873,False
rs5752801,50,21,-0.00955703,0.713543,False
rs5752801,50,22,0.00515035,0.843754,False
rs5752801,50,23,5.40868e-05,0.998349,False
rs5752801,50,24,-0.00957306,0.715035,False
rs5752801,50,25,-0.00318545,0.903797,False
rs5752801,50,26,-0.0101191,0.701495,False
rs5752801,50,27,-0.0104459,0.692985,False
rs5752801,50,28,-0.00944521,0.722208,False
rs5752801,50,29,-0.00863392,0.745778,False
rs5752801,50,30,-0.0212943,0.426234,False
rs5752801,50,31,-0.018581,0.489077,False
rs5752801,50,32,-0.0109489,0.684459,False
rs5752801,50,33,-0.00733631,0.786198,False
rs5752801,50,34,-0.0119565,0.660137,False
rs5752801,50,35,-0.0230899,0.397239,False
rs5752801,50,36,-0.0247646,0.365942,False
rs5752801,50,37,-0.0267944,0.33005,False
rs5752801,50,38,-0.0242618,0.379872,False
rs5752801,50,39,-0.0236555,0.393918,False
rs5752801,50,40,-0.0267883,0.336557,False
rs5752801,50,41,-0.025764,0.357917,False
rs5752801,50,42,-0.0277799,0.323712,False
rs5752801,50,43,-0.0330563,0.242631,False
rs5752801,50,44,-0.0275418,0.333245,False
rs5752801,50,45,-0.0350179,0.220296,False
rs5752801,50,46,-0.036915,0.198664,False
rs5752801,50,47,-0.0368791,0.20076,False
rs5752801,50,48,-0.0347169,0.230469,False
rs5752801,50,49,-0.0326768,0.260687,False
rs5752801,50,50,-0.0337898,0.247023,False
rs5752801,50,51,-0.0421234,0.151117,False
rs5752801,50,52,-0.0397171,0.177454,False
rs5752801,50,53,-0.0435356,0.140331,False
rs5752801,50,54,-0.0413905,0.163085,False
rs5752801,50,55,-0.036009,0.226618,False
rs5752801,50,56,-0.0363101,0.224127,False
rs5752801,50,57,-0.039031,0.193683,False
rs5752801,50,58,-0.0454881,0.130818,False
rs5752801,50,59,-0.0477207,0.113437,False
rs5752801,50,60,-0.0540965,0.0738892,False
rs5752801,50,61,-0.0446754,0.141238,False
rs5752801,50,62,-0.0467952,0.123904,False
rs5752801,50,63,-0.053708,0.0778168,False
rs5752801,50,64,-0.0495121,0.105215,False
rs5752801,50,65,-0.053745,0.0793452,False
rs5752801,50,66,-0.0433286,0.157768,False
rs5752801,50,67,-0.0504503,0.10038,False
rs5752801,50,68,-0.0458315,0.136594,False
rs5752801,50,69,-0.0440096,0.153206,False
rs5752801,50,70,-0.0483277,0.11752,False
rs5752801,50,71,-0.045791,0.138561,False
rs5752801,50,72,-0.0312816,0.31238,False
rs5752801,50,73,-0.0288872,0.350798,False
rs5752801,50,74,-0.0333683,0.282212,False
rs5752801,50,75,-0.0428852,0.16715,False
rs5752801,50,76,-0.0403248,0.194036,False
rs5752801,50,77,-0.0404819,0.192159,False
rs5752801,50,78,-0.0328283,0.290084,False
rs5752801,50,79,-0.0431466,0.164257,False
rs5752801,50,80,-0.0431319,0.164171,False
rs5752801,50,81,-0.0393744,0.204415,False
rs5752801,50,82,-0.0406158,0.189475,False
rs5752801,50,83,-0.0333387,0.281142,False
rs5752801,50,84,-0.0427509,0.165852,False
rs5752801,50,85,-0.0354756,0.250203,False
rs5752801,50,86,-0.0430007,0.163083,False
rs5752801,50,87,-0.0441451,0.151041,False
rs5752801,50,88,-0.0460788,0.133699,False
rs5752801,50,89,-0.047069,0.124913,False
rs5752801,50,90,-0.0418944,0.171577,False
rs5752801,50,91,-0.0469056,0.125525,False
rs5752801,50,92,-0.0454885,0.137466,False
rs5752801,50,93,-0.0450799,0.141294,False
rs5752801,50,94,-0.0411694,0.179091,False
rs5752801,50,95,-0.0422651,0.16776,False
rs5752801,50,96,-0.0415607,0.175006,False
rs5752801,50,97,-0.0305888,0.318334,False
rs5752801,50,98,-0.0401501,0.190611,False
rs5752801,50,99,-0.0356767,0.245547,False
rs5752801,50,100,-0.0480957,0.117982,False
rs5752801,50,101,-0.0389295,0.206983,False
rs5752801,50,102,-0.0471728,0.127141,False
rs5752801,50,103,-0.0491886,0.112788,False
rs5752801,50,104,-0.0501463,0.106889,False
rs5752801,50,105,-0.0525387,0.0929189,False
rs5752801,50,106,-0.0501467,0.110201,False
rs5752801,50,107,-0.0562584,0.0745903,False
rs5752801,50,108,-0.0552529,0.0815939,False
rs5752801,50,109,-0.0581323,0.0685585,False
rs5752801,50,110,-0.0593232,0.0642245,False
rs5752801,50,111,-0.0618141,0.0556702,False
rs5752801,50,112,-0.0514254,0.114061,False
rs5752801,50,113,-0.0589343,0.072515,False
rs5752801,50,114,-0.0558362,0.0915217,False
rs5752801,50,115,-0.0653654,0.0500951,False
rs5752801,50,116,-0.0689056,0.040564,False
rs5752801,50,117,-0.0769023,0.0232741,False
rs5752801,50,118,-0.0634996,0.063495,False
rs5752801,50,119,-0.0693779,0.0443854,False
rs5752801,50,120,-0.0772121,0.0263871,False
rs5752801,50,121,-0.069391,0.0474806,False
rs5752801,50,122,-0.075745,0.0318187,False
rs5752801,50,123,-0.0759848,0.0323218,False
rs5752801,50,124,-0.080692,0.0236941,False
rs5752801,50,125,-0.0755566,0.035181,False
rs5752801,50,126,-0.0856294,0.0173377,False
rs5752801,50,127,-0.0789694,0.0288143,False
rs5752801,50,128,-0.0717989,0.0470602,False
rs5752801,50,129,-0.0872024,0.0161085,False
rs5752801,50,130,-0.0841881,0.0203638,False
rs5752801,50,131,-0.0871597,0.0161765,False
rs5752801,50,132,-0.0799721,0.0269917,False
rs5752801,50,133,-0.0794779,0.0276518,False
rs5752801,50,134,-0.0813696,0.0236258,False
rs5752801,50,135,-0.0865966,0.0157199,False
rs5752801,50,136,-0.0938621,0.00851664,False
rs5752801,50,137,-0.090646,0.0107268,False
rs5752801,50,138,-0.0915237,0.00962142,False
rs5752801,50,139,-0.0857168,0.0147089,False
rs5752801,50,140,-0.0813353,0.0195873,False
rs5752801,50,141,-0.0813371,0.0190128,False
rs5752801,50,142,-0.0851773,0.0136286,False
rs5752801,50,143,-0.0846898,0.0134782,False
rs5752801,50,144,-0.0830729,0.0147964,False
rs5752801,50,145,-0.0865516,0.010653,False
rs5752801,50,146,-0.0878235,0.00911543,False
rs5752801,50,147,-0.0903363,0.00696492,False
rs5752801,50,148,-0.0869369,0.00906356,False
rs5752801,50,149,-0.0926468,0.00517971,False
rs5752801,50,150,-0.0989681,0.00271556,False
rs5752801,50,151,-0.0902751,0.00597611,False
rs5752801,50,152,-0.0926421,0.00462172,False
rs5752801,50,153,-0.0937031,0.00406551,False
rs5752801,50,154,-0.0858617,0.00824646,False
rs5752801,50,155,-0.0852428,0.00860418,False
rs5752801,50,156,-0.0916864,0.0046233,False
rs5752801,50,157,-0.0793971,0.0139123,False
rs5752801,50,158,-0.078958,0.0142612,False
rs5752801,50,159,-0.0841799,0.00896221,False
rs5752801,50,160,-0.0858862,0.00756917,False
rs5752801,50,161,-0.0841407,0.00882481,False
rs5752801,50,162,-0.074088,0.0211767,False
rs5752801,50,163,-0.0865449,0.00710435,False
rs5752801,50,164,-0.0914444,0.00454646,False
rs5752801,50,165,-0.0820698,0.0109795,False
rs5752801,50,166,-0.0872629,0.00690917,False
rs5752801,50,167,-0.088925,0.00603751,False
rs5752801,50,168,-0.0944912,0.00360457,False
rs5752801,50,169,-0.0827468,0.0109012,False
rs5752801,50,170,-0.0787607,0.0155334,False
rs5752801,50,171,-0.0815984,0.012466,False
rs5752801,50,172,-0.0936558,0.00421253,False
rs5752801,50,173,-0.0847337,0.00975288,False
rs5752801,50,174,-0.0821802,0.0125348,False
rs5752801,50,175,-0.0833889,0.0113815,False
rs5752801,50,176,-0.0866128,0.00875638,False
rs5752801,50,177,-0.0877515,0.00805066,False
rs5752801,50,178,-0.0837592,0.011616,False
rs5752801,50,179,-0.0782155,0.0187152,False
rs5752801,50,180,-0.0813539,0.0146347,False
rs5752801,50,181,-0.075808,0.0233881,False
rs5752801,50,182,-0.0763078,0.0228627,False
rs5752801,50,183,-0.07334,0.0288914,False
rs5752801,50,184,-0.0742954,0.0269318,False
rs5752801,50,185,-0.0854605,0.0110601,False
rs5752801,50,186,-0.0765043,0.0230624,False
rs5752801,50,187,-0.0734166,0.0295118,False
rs5752801,50,188,-0.0755043,0.0253456,False
rs5752801,50,189,-0.0675855,0.045549,False
rs5752801,50,190,-0.0701221,0.0381061,False
rs5752801,50,191,-0.0676621,0.045449,False
rs5752801,50,192,-0.0667166,0.0485184,False
rs5752801,50,193,-0.0655511,0.052654,False
rs5752801,50,194,-0.0672194,0.0469739,False
rs5752801,50,195,-0.0609146,0.0721486,False
rs5752801,50,196,-0.0659899,0.0514357,False
rs5752801,50,197,-0.0626791,0.0643608,False
rs5752801,50,198,-0.0597881,0.0771284,False
rs5752801,50,199,-0.06304,0.0624454,False
rs5752801,50,200,-0.0675937,0.0457238,False
rs5752801,50,201,-0.0675374,0.0463387,False
rs5752801,50,202,-0.0552686,0.103164,False
rs5752801,50,203,-0.0572968,0.0911334,False
rs5752801,50,204,-0.0650227,0.0550645,False
rs5752801,50,205,-0.0588771,0.0819912,False
rs5752801,50,206,-0.0627183,0.0635626,False
rs5752801,50,207,-0.0538855,0.111074,False
rs5752801,50,208,-0.0537683,0.111785,False
rs5752801,50,209,-0.061233,0.0699043,False
rs5752801,50,210,-0.0516552,0.126449,False
rs5752801,50,211,-0.0544997,0.106621,False
rs5752801,50,212,-0.0618381,0.0669847,False
rs5752801,50,213,-0.0559704,0.097774,False
rs5752801,50,214,-0.0535129,0.113281,False
rs5752801,50,215,-0.0539425,0.11007,False
rs5752801,50,216,-0.0504556,0.134849,False
rs5752801,50,217,-0.0575553,0.0883877,False
rs5752801,50,218,-0.0455605,0.178187,False
rs5752801,50,219,-0.0422311,0.211997,False
rs5752801,50,220,-0.0511439,0.131346,False
rs5752801,50,221,-0.0500553,0.140247,False
rs5752801,50,222,-0.0562615,0.0980825,False
rs5752801,50,223,-0.0395559,0.245392,False
rs5752801,50,224,-0.0380974,0.263748,False
rs5752801,50,225,-0.0393631,0.249466,False
rs5752801,50,226,-0.0436545,0.203126,False
rs5752801,50,227,-0.0450395,0.19043,False
rs5752801,50,228,-0.0455405,0.186786,False
rs5752801,50,229,-0.0406512,0.240525,False
rs5752801,50,230,-0.0439457,0.20646,False
rs5752801,50,231,-0.0443082,0.204981,False
rs5752801,50,232,-0.0390697,0.265934,False
rs5752801,50,233,-0.0440682,0.212043,False
rs5752801,50,234,-0.0479229,0.177303,False
rs5752801,50,235,-0.0501004,0.161114,False
rs5752801,50,236,-0.0448565,0.212438,False
rs5752801,50,237,-0.0464214,0.199826,False
rs5752801,50,238,-0.0399942,0.27274,False
rs5752801,50,239,-0.0389446,0.289468,False
rs5752801,50,240,-0.0408191,0.270538,False
rs5752801,50,241,-0.0451807,0.226663,False
rs5752801,50,242,-0.0371335,0.324928,False
rs5752801,50,243,-0.033099,0.384886,False
rs5752801,50,244,-0.0329829,0.392358,False
rs5752801,50,245,-0.028152,0.470818,False
rs5752801,50,246,-0.0364047,0.357325,False
rs5752801,50,247,-0.0361486,0.368629,False
rs5752801,50,248,-0.0366202,0.370854,False
rs5752801,50,249,-0.0378085,0.365573,False
rs5752801,50,250,-0.0358382,0.400809,False
rs5752801,50,251,-0.046874,0.281676,False
rs5752801,51,6,0.00783393,0.77401,False
rs5752801,51,7,-0.00128273,0.962214,False
rs5752801,51,8,-0.000147688,0.995622,False
rs5752801,51,9,0.00852058,0.74921,False
rs5752801,51,10,-0.00207894,0.937348,False
rs5752801,51,11,-0.000518219,0.98425,False
rs5752801,51,12,-0.00199522,0.939087,False
rs5752801,51,13,-0.00162125,0.9504,False
rs5752801,51,14,0.00176666,0.945794,False
rs5752801,51,15,-0.00055035,0.983089,False
rs5752801,51,16,0.00134408,0.958688,False
rs5752801,51,17,-0.007446,0.774124,False
rs5752801,51,18,0.00355166,0.891248,False
rs5752801,51,19,-0.00702349,0.787239,False
rs5752801,51,20,-0.00582716,0.823346,False
rs5752801,51,21,-0.0255532,0.328532,False
rs5752801,51,22,-0.0170076,0.516183,False
rs5752801,51,23,-0.0077484,0.768042,False
rs5752801,51,24,-0.00682664,0.795506,False
rs5752801,51,25,-0.00682253,0.796211,False
rs5752801,51,26,-0.0209441,0.42909,False
rs5752801,51,27,-0.0147041,0.580804,False
rs5752801,51,28,-0.014421,0.589431,False
rs5752801,51,29,-0.0164953,0.538304,False
rs5752801,51,30,-0.00264538,0.921738,False
rs5752801,51,31,-0.0115481,0.668532,False
rs5752801,51,32,-0.0116409,0.666739,False
rs5752801,51,33,-0.0194336,0.474959,False
rs5752801,51,34,-0.0152643,0.576466,False
rs5752801,51,35,-0.0161892,0.554661,False
rs5752801,51,36,-0.0211084,0.443517,False
rs5752801,51,37,-0.0160675,0.561434,False
rs5752801,51,38,-0.0237393,0.393702,False
rs5752801,51,39,-0.0262439,0.347228,False
rs5752801,51,40,-0.0409965,0.144519,False
rs5752801,51,41,-0.0334282,0.236323,False
rs5752801,51,42,-0.0344697,0.223826,False
rs5752801,51,43,-0.038135,0.180097,False
rs5752801,51,44,-0.0371286,0.194235,False
rs5752801,51,45,-0.0348326,0.225437,False
rs5752801,51,46,-0.0322807,0.264193,False
rs5752801,51,47,-0.0366136,0.206495,False
rs5752801,51,48,-0.0373147,0.199902,False
rs5752801,51,49,-0.0277578,0.342931,False
rs5752801,51,50,-0.0375269,0.201776,False
rs5752801,51,51,-0.0336551,0.254102,False
rs5752801,51,52,-0.0356403,0.228629,False
rs5752801,51,53,-0.0364526,0.220682,False
rs5752801,51,54,-0.0406928,0.173292,False
rs5752801,51,55,-0.0446668,0.136068,False
rs5752801,51,56,-0.0415045,0.168394,False
rs5752801,51,57,-0.0369457,0.220809,False
rs5752801,51,58,-0.0453043,0.134516,False
rs5752801,51,59,-0.033861,0.264836,False
rs5752801,51,60,-0.0353481,0.245996,False
rs5752801,51,61,-0.0441614,0.147812,False
rs5752801,51,62,-0.0393485,0.198012,False
rs5752801,51,63,-0.0391094,0.201643,False
rs5752801,51,64,-0.0430891,0.160657,False
rs5752801,51,65,-0.0536844,0.0811383,False
rs5752801,51,66,-0.0465046,0.131607,False
rs5752801,51,67,-0.0480169,0.120383,False
rs5752801,51,68,-0.042195,0.171927,False
rs5752801,51,69,-0.0440817,0.154295,False
rs5752801,51,70,-0.0489462,0.113759,False
rs5752801,51,71,-0.0509036,0.100616,False
rs5752801,51,72,-0.048661,0.116696,False
rs5752801,51,73,-0.0385666,0.213756,False
rs5752801,51,74,-0.0433899,0.162178,False
rs5752801,51,75,-0.0463938,0.135144,False
rs5752801,51,76,-0.0538466,0.0829479,False
rs5752801,51,77,-0.0486001,0.116859,False
rs5752801,51,78,-0.0447932,0.148379,False
rs5752801,51,79,-0.0454445,0.142955,False
rs5752801,51,80,-0.0446652,0.148653,False
rs5752801,51,81,-0.0485557,0.116148,False
rs5752801,51,82,-0.040414,0.190671,False
rs5752801,51,83,-0.0492504,0.11047,False
rs5752801,51,84,-0.0516011,0.0939018,False
rs5752801,51,85,-0.044335,0.149504,False
rs5752801,51,86,-0.0438773,0.153046,False
rs5752801,51,87,-0.0434388,0.15649,False
rs5752801,51,88,-0.0407925,0.182532,False
rs5752801,51,89,-0.0396049,0.195083,False
rs5752801,51,90,-0.0346549,0.256717,False
rs5752801,51,91,-0.0270911,0.375239,False
rs5752801,51,92,-0.0369782,0.225972,False
rs5752801,51,93,-0.0270605,0.375793,False
rs5752801,51,94,-0.0386791,0.205853,False
rs5752801,51,95,-0.0382134,0.211085,False
rs5752801,51,96,-0.0413586,0.176351,False
rs5752801,51,97,-0.0375308,0.220914,False
rs5752801,51,98,-0.0341357,0.26639,False
rs5752801,51,99,-0.0373735,0.224594,False
rs5752801,51,100,-0.04344,0.15929,False
rs5752801,51,101,-0.0499318,0.106814,False
rs5752801,51,102,-0.049313,0.112508,False
rs5752801,51,103,-0.0528477,0.0905056,False
rs5752801,51,104,-0.0388838,0.214789,False
rs5752801,51,105,-0.0442481,0.159875,False
rs5752801,51,106,-0.0503352,0.111897,False
rs5752801,51,107,-0.0553316,0.0822571,False
rs5752801,51,108,-0.0513252,0.109468,False
rs5752801,51,109,-0.0562319,0.0822124,False
rs5752801,51,110,-0.0554339,0.0886395,False
rs5752801,51,111,-0.0673177,0.0403662,False
rs5752801,51,112,-0.0699913,0.0344778,False
rs5752801,51,113,-0.0661447,0.047607,False
rs5752801,51,114,-0.058113,0.0847831,False
rs5752801,51,115,-0.0579885,0.0884439,False
rs5752801,51,116,-0.0613847,0.0741059,False
rs5752801,51,117,-0.0653683,0.0598736,False
rs5752801,51,118,-0.067639,0.0537883,False
rs5752801,51,119,-0.0694805,0.0497637,False
rs5752801,51,120,-0.0738343,0.0388261,False
rs5752801,51,121,-0.0716069,0.0471844,False
rs5752801,51,122,-0.0733754,0.0438814,False
rs5752801,51,123,-0.069946,0.0563812,False
rs5752801,51,124,-0.0714272,0.0528111,False
rs5752801,51,125,-0.08392,0.0237008,False
rs5752801,51,126,-0.0835101,0.0250644,False
rs5752801,51,127,-0.0859569,0.0215291,False
rs5752801,51,128,-0.0827583,0.0273594,False
rs5752801,51,129,-0.0751302,0.0453867,False
rs5752801,51,130,-0.0810149,0.0309073,False
rs5752801,51,131,-0.0795634,0.0340715,False
rs5752801,51,132,-0.0841605,0.0246309,False
rs5752801,51,133,-0.0762864,0.0409439,False
rs5752801,51,134,-0.0792367,0.0332548,False
rs5752801,51,135,-0.0740987,0.0453169,False
rs5752801,51,136,-0.0734142,0.0461551,False
rs5752801,51,137,-0.0902856,0.0136198,False
rs5752801,51,138,-0.0831472,0.0221538,False
rs5752801,51,139,-0.0886409,0.0141829,False
rs5752801,51,140,-0.0942706,0.00853074,False
rs5752801,51,141,-0.0950632,0.00761411,False
rs5752801,51,142,-0.0927057,0.00883069,False
rs5752801,51,143,-0.0875926,0.0126474,False
rs5752801,51,144,-0.0892313,0.0105026,False
rs5752801,51,145,-0.0883586,0.0107781,False
rs5752801,51,146,-0.0736942,0.0321623,False
rs5752801,51,147,-0.0877104,0.0101835,False
rs5752801,51,148,-0.089807,0.00809856,False
rs5752801,51,149,-0.0896925,0.00772826,False
rs5752801,51,150,-0.0951943,0.00446257,False
rs5752801,51,151,-0.0871878,0.00882648,False
rs5752801,51,152,-0.0831498,0.0119866,False
rs5752801,51,153,-0.080843,0.0141114,False
rs5752801,51,154,-0.0840413,0.0104715,False
rs5752801,51,155,-0.0779319,0.0171255,False
rs5752801,51,156,-0.078328,0.0162435,False
rs5752801,51,157,-0.0731356,0.0243994,False
rs5752801,51,158,-0.0773353,0.0169865,False
rs5752801,51,159,-0.0740872,0.021906,False
rs5752801,51,160,-0.0798761,0.0132543,False
rs5752801,51,161,-0.0851619,0.008179,False
rs5752801,51,162,-0.0834413,0.00954166,False
rs5752801,51,163,-0.0810707,0.0117836,False
rs5752801,51,164,-0.0825316,0.0104566,False
rs5752801,51,165,-0.0754266,0.0193805,False
rs5752801,51,166,-0.0842315,0.00896935,False
rs5752801,51,167,-0.083818,0.00940302,False
rs5752801,51,168,-0.0762178,0.0184072,False
rs5752801,51,169,-0.0825634,0.0108625,False
rs5752801,51,170,-0.0902576,0.00542664,False
rs5752801,51,171,-0.0834279,0.0103392,False
rs5752801,51,172,-0.0789693,0.0153593,False
rs5752801,51,173,-0.0753908,0.0210646,False
rs5752801,51,174,-0.0762697,0.0199241,False
rs5752801,51,175,-0.0851154,0.00958305,False
rs5752801,51,176,-0.0827136,0.0120051,False
rs5752801,51,177,-0.0799253,0.0155614,False
rs5752801,51,178,-0.0776992,0.018813,False
rs5752801,51,179,-0.0767338,0.0206347,False
rs5752801,51,180,-0.0820237,0.0136723,False
rs5752801,51,181,-0.0783379,0.0186835,False
rs5752801,51,182,-0.0664578,0.0464445,False
rs5752801,51,183,-0.0754806,0.0241172,False
rs5752801,51,184,-0.0755024,0.0242958,False
rs5752801,51,185,-0.0820763,0.0144748,False
rs5752801,51,186,-0.0641232,0.0564263,False
rs5752801,51,187,-0.0587498,0.0809408,False
rs5752801,51,188,-0.0668105,0.0478252,False
rs5752801,51,189,-0.0695456,0.0394484,False
rs5752801,51,190,-0.0702366,0.0376172,False
rs5752801,51,191,-0.069349,0.0401976,False
rs5752801,51,192,-0.0739519,0.0288858,False
rs5752801,51,193,-0.0662595,0.0501865,False
rs5752801,51,194,-0.0656179,0.0526764,False
rs5752801,51,195,-0.0595062,0.0789256,False
rs5752801,51,196,-0.0686245,0.0430122,False
rs5752801,51,197,-0.0680905,0.0447702,False
rs5752801,51,198,-0.0574199,0.0904378,False
rs5752801,51,199,-0.0656835,0.0526273,False
rs5752801,51,200,-0.0556319,0.101095,False
rs5752801,51,201,-0.050245,0.138958,False
rs5752801,51,202,-0.060738,0.0734152,False
rs5752801,51,203,-0.0657998,0.0523555,False
rs5752801,51,204,-0.0648058,0.0557765,False
rs5752801,51,205,-0.0596725,0.0782406,False
rs5752801,51,206,-0.0608257,0.0725327,False
rs5752801,51,207,-0.0508712,0.133322,False
rs5752801,51,208,-0.0568919,0.0930465,False
rs5752801,51,209,-0.0524192,0.121471,False
rs5752801,51,210,-0.0498963,0.14041,False
rs5752801,51,211,-0.0494664,0.143796,False
rs5752801,51,212,-0.0533581,0.115087,False
rs5752801,51,213,-0.0519546,0.125032,False
rs5752801,51,214,-0.0595272,0.0786773,False
rs5752801,51,215,-0.0530223,0.117085,False
rs5752801,51,216,-0.0456751,0.177606,False
rs5752801,51,217,-0.0524022,0.121671,False
rs5752801,51,218,-0.0470719,0.164659,False
rs5752801,51,219,-0.0461186,0.173773,False
rs5752801,51,220,-0.0478186,0.158609,False
rs5752801,51,221,-0.0457773,0.177656,False
rs5752801,51,222,-0.0522851,0.123837,False
rs5752801,51,223,-0.0543249,0.111326,False
rs5752801,51,224,-0.0540785,0.113415,False
rs5752801,51,225,-0.0590956,0.0845464,False
rs5752801,51,226,-0.0572145,0.095646,False
rs5752801,51,227,-0.0558519,0.104753,False
rs5752801,51,228,-0.0610204,0.0774943,False
rs5752801,51,229,-0.0538407,0.120673,False
rs5752801,51,230,-0.0535468,0.124048,False
rs5752801,51,231,-0.0467013,0.181536,False
rs5752801,51,232,-0.0544044,0.121233,False
rs5752801,51,233,-0.0435868,0.217097,False
rs5752801,51,234,-0.0400738,0.258916,False
rs5752801,51,235,-0.0361339,0.311387,False
rs5752801,51,236,-0.0355252,0.322089,False
rs5752801,51,237,-0.0369018,0.306167,False
rs5752801,51,238,-0.0299868,0.408888,False
rs5752801,51,239,-0.030673,0.402593,False
rs5752801,51,240,-0.0204183,0.580433,False
rs5752801,51,241,-0.0172906,0.642762,False
rs5752801,51,242,-0.0215082,0.567262,False
rs5752801,51,243,-0.00985702,0.795128,False
rs5752801,51,244,-0.00842109,0.826664,False
rs5752801,51,245,-0.0048239,0.901441,False
rs5752801,51,246,-0.0115376,0.770351,False
rs5752801,51,247,-0.0133483,0.739339,False
rs5752801,51,248,-0.0100814,0.805226,False
rs5752801,51,249,-0.00971134,0.81586,False
rs5752801,51,250,-0.00790187,0.85269,False
rs5752801,51,251,0.0041974,0.923029,False
rs5752801,52,6,0.0316621,0.24866,False
rs5752801,52,7,0.0343794,0.207919,False
rs5752801,52,8,0.0282024,0.29674,False
rs5752801,52,9,0.0335605,0.210976,False
rs5752801,52,10,0.0329724,0.215302,False
rs5752801,52,11,0.0231085,0.382147,False
rs5752801,52,12,0.0165275,0.530381,False
rs5752801,52,13,0.0166533,0.525105,False
rs5752801,52,14,0.0136351,0.602548,False
rs5752801,52,15,0.0190298,0.465616,False
rs5752801,52,16,-0.0012815,0.96086,False
rs5752801,52,17,0.00549082,0.83357,False
rs5752801,52,18,0.00611119,0.814964,False
rs5752801,52,19,-0.000622222,0.981051,False
rs5752801,52,20,-0.00622564,0.812448,False
rs5752801,52,21,-0.00235791,0.928599,False
rs5752801,52,22,-0.00907556,0.730138,False
rs5752801,52,23,-0.00916751,0.728507,False
rs5752801,52,24,-0.0140124,0.596772,False
rs5752801,52,25,-0.0178683,0.500554,False
rs5752801,52,26,-0.00983028,0.71172,False
rs5752801,52,27,-0.00809383,0.761845,False
rs5752801,52,28,-0.0132454,0.6213,False
rs5752801,52,29,-0.0136861,0.611262,False
rs5752801,52,30,-0.0274939,0.308407,False
rs5752801,52,31,-0.0151183,0.577717,False
rs5752801,52,32,-0.0264471,0.331832,False
rs5752801,52,33,-0.0221408,0.418174,False
rs5752801,52,34,-0.0254174,0.355546,False
rs5752801,52,35,-0.0225844,0.413724,False
rs5752801,52,36,-0.0340563,0.219693,False
rs5752801,52,37,-0.0218169,0.433524,False
rs5752801,52,38,-0.0276081,0.324268,False
rs5752801,52,39,-0.0304416,0.279874,False
rs5752801,52,40,-0.0405457,0.151081,False
rs5752801,52,41,-0.0401754,0.157081,False
rs5752801,52,42,-0.0310024,0.27681,False
rs5752801,52,43,-0.0388177,0.176068,False
rs5752801,52,44,-0.0408461,0.156347,False
rs5752801,52,45,-0.044183,0.126752,False
rs5752801,52,46,-0.0432226,0.136745,False
rs5752801,52,47,-0.0357375,0.221092,False
rs5752801,52,48,-0.0359987,0.219479,False
rs5752801,52,49,-0.0432265,0.142167,False
rs5752801,52,50,-0.0471437,0.11083,False
rs5752801,52,51,-0.0389166,0.190167,False
rs5752801,52,52,-0.0381068,0.201512,False
rs5752801,52,53,-0.0383265,0.200458,False
rs5752801,52,54,-0.0407083,0.175451,False
rs5752801,52,55,-0.045914,0.127683,False
rs5752801,52,56,-0.0426931,0.158594,False
rs5752801,52,57,-0.043232,0.154328,False
rs5752801,52,58,-0.0415111,0.171875,False
rs5752801,52,59,-0.0413677,0.175466,False
rs5752801,52,60,-0.0260139,0.395911,False
rs5752801,52,61,-0.0283068,0.355583,False
rs5752801,52,62,-0.0326589,0.287751,False
rs5752801,52,63,-0.0358302,0.244166,False
rs5752801,52,64,-0.0323778,0.293366,False
rs5752801,52,65,-0.0323378,0.2951,False
rs5752801,52,66,-0.0401245,0.194109,False
rs5752801,52,67,-0.0450103,0.145324,False
rs5752801,52,68,-0.0446659,0.149153,False
rs5752801,52,69,-0.0380108,0.220011,False
rs5752801,52,70,-0.0442682,0.153312,False
rs5752801,52,71,-0.0451642,0.145026,False
rs5752801,52,72,-0.0482107,0.120102,False
rs5752801,52,73,-0.0450381,0.146424,False
rs5752801,52,74,-0.0461209,0.13671,False
rs5752801,52,75,-0.0430761,0.164684,False
rs5752801,52,76,-0.0483191,0.118878,False
rs5752801,52,77,-0.0427504,0.167983,False
rs5752801,52,78,-0.0429824,0.16442,False
rs5752801,52,79,-0.0468568,0.129793,False
rs5752801,52,80,-0.0488855,0.113034,False
rs5752801,52,81,-0.048582,0.114781,False
rs5752801,52,82,-0.0573101,0.0622686,False
rs5752801,52,83,-0.0564997,0.0658768,False
rs5752801,52,84,-0.0469363,0.125535,False
rs5752801,52,85,-0.0488105,0.110417,False
rs5752801,52,86,-0.0463197,0.129815,False
rs5752801,52,87,-0.0576352,0.0589199,False
rs5752801,52,88,-0.045331,0.136827,False
rs5752801,52,89,-0.0437553,0.151312,False
rs5752801,52,90,-0.049216,0.106541,False
rs5752801,52,91,-0.0412428,0.175904,False
rs5752801,52,92,-0.0418968,0.168672,False
rs5752801,52,93,-0.0528893,0.0824841,False
rs5752801,52,94,-0.0493783,0.10544,False
rs5752801,52,95,-0.0442704,0.147097,False
rs5752801,52,96,-0.0504515,0.098961,False
rs5752801,52,97,-0.0523196,0.0872545,False
rs5752801,52,98,-0.058592,0.0562784,False
rs5752801,52,99,-0.0526656,0.0873192,False
rs5752801,52,100,-0.0499316,0.106087,False
rs5752801,52,101,-0.0578132,0.0626648,False
rs5752801,52,102,-0.06129,0.0495058,False
rs5752801,52,103,-0.0621268,0.0472875,False
rs5752801,52,104,-0.0565107,0.0733224,False
rs5752801,52,105,-0.055539,0.0797248,False
rs5752801,52,106,-0.0622409,0.0512691,False
rs5752801,52,107,-0.0704636,0.0282499,False
rs5752801,52,108,-0.0655623,0.0430857,False
rs5752801,52,109,-0.0717904,0.0281058,False
rs5752801,52,110,-0.0779491,0.0180816,False
rs5752801,52,111,-0.0808872,0.0151339,False
rs5752801,52,112,-0.0743091,0.0272725,False
rs5752801,52,113,-0.0699136,0.0398965,False
rs5752801,52,114,-0.0753382,0.0284682,False
rs5752801,52,115,-0.0772034,0.0264892,False
rs5752801,52,116,-0.0760274,0.0309711,False
rs5752801,52,117,-0.0846383,0.0174748,False
rs5752801,52,118,-0.0894855,0.0129279,False
rs5752801,52,119,-0.089315,0.0143019,False
rs5752801,52,120,-0.082607,0.0249663,False
rs5752801,52,121,-0.0841447,0.0240745,False
rs5752801,52,122,-0.0880656,0.0194399,False
rs5752801,52,123,-0.0926204,0.0148113,False
rs5752801,52,124,-0.0988215,0.0098222,False
rs5752801,52,125,-0.094374,0.0143718,False
rs5752801,52,126,-0.101949,0.00849343,False
rs5752801,52,127,-0.0945929,0.0149181,False
rs5752801,52,128,-0.0910164,0.019494,False
rs5752801,52,129,-0.095774,0.0142551,False
rs5752801,52,130,-0.102192,0.0088216,False
rs5752801,52,131,-0.105673,0.00671344,False
rs5752801,52,132,-0.101328,0.00912807,False
rs5752801,52,133,-0.0982672,0.0111298,False
rs5752801,52,134,-0.100574,0.00909384,False
rs5752801,52,135,-0.102235,0.00762869,False
rs5752801,52,136,-0.0969503,0.0108783,False
rs5752801,52,137,-0.0953734,0.011656,False
rs5752801,52,138,-0.0915113,0.0147792,False
rs5752801,52,139,-0.0935602,0.01202,False
rs5752801,52,140,-0.101939,0.0058286,False
rs5752801,52,141,-0.105431,0.00397125,False
rs5752801,52,142,-0.100881,0.00540243,False
rs5752801,52,143,-0.0906811,0.0117704,False
rs5752801,52,144,-0.0898086,0.0119501,False
rs5752801,52,145,-0.0946807,0.00753203,False
rs5752801,52,146,-0.0854584,0.015005,False
rs5752801,52,147,-0.082133,0.0184406,False
rs5752801,52,148,-0.0851652,0.0137676,False
rs5752801,52,149,-0.0830113,0.0154671,False
rs5752801,52,150,-0.0790081,0.0201914,False
rs5752801,52,151,-0.0761394,0.0244743,False
rs5752801,52,152,-0.0776909,0.0208111,False
rs5752801,52,153,-0.0807482,0.0156907,False
rs5752801,52,154,-0.076413,0.0214781,False
rs5752801,52,155,-0.0749048,0.0232744,False
rs5752801,52,156,-0.0790732,0.0161832,False
rs5752801,52,157,-0.0806166,0.0137695,False
rs5752801,52,158,-0.0714327,0.0283566,False
rs5752801,52,159,-0.072782,0.0249752,False
rs5752801,52,160,-0.0786847,0.0151265,False
rs5752801,52,161,-0.0669426,0.0382802,False
rs5752801,52,162,-0.0726518,0.0242654,False
rs5752801,52,163,-0.071132,0.0272634,False
rs5752801,52,164,-0.0743614,0.0210056,False
rs5752801,52,165,-0.0724947,0.0244863,False
rs5752801,52,166,-0.078298,0.0151141,False
rs5752801,52,167,-0.0768102,0.0172033,False
rs5752801,52,168,-0.0741984,0.021325,False
rs5752801,52,169,-0.0768556,0.0173157,False
rs5752801,52,170,-0.0815167,0.0117875,False
rs5752801,52,171,-0.0702761,0.0301011,False
rs5752801,52,172,-0.0738269,0.0229304,False
rs5752801,52,173,-0.0802875,0.013639,False
rs5752801,52,174,-0.0780744,0.0168176,False
rs5752801,52,175,-0.0825864,0.0115615,False
rs5752801,52,176,-0.0782599,0.0169566,False
rs5752801,52,177,-0.0791551,0.016016,False
rs5752801,52,178,-0.0846188,0.0102438,False
rs5752801,52,179,-0.0829827,0.0119149,False
rs5752801,52,180,-0.081747,0.0135618,False
rs5752801,52,181,-0.0824085,0.0130021,False
rs5752801,52,182,-0.0806997,0.0153414,False
rs5752801,52,183,-0.0837726,0.0119088,False
rs5752801,52,184,-0.0844928,0.011375,False
rs5752801,52,185,-0.0757794,0.0235876,False
rs5752801,52,186,-0.0815639,0.0149139,False
rs5752801,52,187,-0.0780983,0.0201457,False
rs5752801,52,188,-0.0763927,0.0232448,False
rs5752801,52,189,-0.0663336,0.0490151,False
rs5752801,52,190,-0.063105,0.0611978,False
rs5752801,52,191,-0.0663606,0.0491859,False
rs5752801,52,192,-0.0624731,0.064114,False
rs5752801,52,193,-0.0643238,0.0570118,False
rs5752801,52,194,-0.0603198,0.0742385,False
rs5752801,52,195,-0.0674968,0.0462213,False
rs5752801,52,196,-0.0594093,0.079454,False
rs5752801,52,197,-0.0667354,0.0486913,False
rs5752801,52,198,-0.0673113,0.0468992,False
rs5752801,52,199,-0.057922,0.0874217,False
rs5752801,52,200,-0.0543722,0.108859,False
rs5752801,52,201,-0.063551,0.0607109,False
rs5752801,52,202,-0.0527833,0.119451,False
rs5752801,52,203,-0.0565378,0.0946294,False
rs5752801,52,204,-0.0523642,0.12193,False
rs5752801,52,205,-0.0532879,0.115617,False
rs5752801,52,206,-0.0463667,0.170451,False
rs5752801,52,207,-0.0565769,0.0945591,False
rs5752801,52,208,-0.0533986,0.114571,False
rs5752801,52,209,-0.0454214,0.179315,False
rs5752801,52,210,-0.0349994,0.300572,False
rs5752801,52,211,-0.0328856,0.330488,False
rs5752801,52,212,-0.0400692,0.236047,False
rs5752801,52,213,-0.0373398,0.269472,False
rs5752801,52,214,-0.0410241,0.225313,False
rs5752801,52,215,-0.0449921,0.183172,False
rs5752801,52,216,-0.0471152,0.16397,False
rs5752801,52,217,-0.0414697,0.220537,False
rs5752801,52,218,-0.0408174,0.227677,False
rs5752801,52,219,-0.0465332,0.170165,False
rs5752801,52,220,-0.0443249,0.191627,False
rs5752801,52,221,-0.0435464,0.200604,False
rs5752801,52,222,-0.0423378,0.213958,False
rs5752801,52,223,-0.042092,0.216746,False
rs5752801,52,224,-0.0493319,0.14869,False
rs5752801,52,225,-0.046037,0.178459,False
rs5752801,52,226,-0.0454306,0.185215,False
rs5752801,52,227,-0.0484856,0.158566,False
rs5752801,52,228,-0.0449831,0.192764,False
rs5752801,52,229,-0.0386363,0.264823,False
rs5752801,52,230,-0.0441461,0.204507,False
rs5752801,52,231,-0.0451872,0.195826,False
rs5752801,52,232,-0.0406988,0.245885,False
rs5752801,52,233,-0.0400198,0.256603,False
rs5752801,52,234,-0.0350392,0.323068,False
rs5752801,52,235,-0.0387376,0.277266,False
rs5752801,52,236,-0.0385354,0.282196,False
rs5752801,52,237,-0.0391973,0.277146,False
rs5752801,52,238,-0.0384023,0.289829,False
rs5752801,52,239,-0.0415326,0.256335,False
rs5752801,52,240,-0.0413808,0.260974,False
rs5752801,52,241,-0.0400139,0.281094,False
rs5752801,52,242,-0.0311123,0.406405,False
rs5752801,52,243,-0.0388382,0.305258,False
rs5752801,52,244,-0.0326172,0.394214,False
rs5752801,52,245,-0.0306517,0.429025,False
rs5752801,52,246,-0.0249509,0.525911,False
rs5752801,52,247,-0.0360721,0.366484,False
rs5752801,52,248,-0.026293,0.517592,False
rs5752801,52,249,-0.0312218,0.450785,False
rs5752801,52,250,-0.0327756,0.438647,False
rs5752801,52,251,-0.033157,0.441932,False
rs5752801,53,6,0.0162687,0.554227,False
rs5752801,53,7,0.0195761,0.47297,False
rs5752801,53,8,0.0121278,0.653689,False
rs5752801,53,9,0.00773458,0.772921,False
rs5752801,53,10,0.00637724,0.810484,False
rs5752801,53,11,0.0146901,0.579706,False
rs5752801,53,12,0.0042338,0.872542,False
rs5752801,53,13,-1.62096e-05,0.999508,False
rs5752801,53,14,0.000360088,0.989036,False
rs5752801,53,15,-0.000726449,0.977863,False
rs5752801,53,16,0.00217965,0.933516,False
rs5752801,53,17,-0.0117532,0.653111,False
rs5752801,53,18,-0.00682444,0.794423,False
rs5752801,53,19,-0.00650926,0.803997,False
rs5752801,53,20,-0.00840722,0.749165,False
rs5752801,53,21,-0.00201838,0.938974,False
rs5752801,53,22,-0.0199116,0.451151,False
rs5752801,53,23,-0.0119811,0.651146,False
rs5752801,53,24,-0.0112914,0.671337,False
rs5752801,53,25,-0.00636159,0.811289,False
rs5752801,53,26,-0.0146339,0.584772,False
rs5752801,53,27,-0.0147145,0.584587,False
rs5752801,53,28,-0.0194174,0.471963,False
rs5752801,53,29,-0.0132869,0.623832,False
rs5752801,53,30,-0.0120204,0.658629,False
rs5752801,53,31,-0.0166572,0.541875,False
rs5752801,53,32,-0.0165789,0.545243,False
rs5752801,53,33,-0.0153652,0.577073,False
rs5752801,53,34,-0.0195642,0.479259,False
rs5752801,53,35,-0.0210557,0.447958,False
rs5752801,53,36,-0.0164282,0.555668,False
rs5752801,53,37,-0.0225709,0.419862,False
rs5752801,53,38,-0.0201263,0.474439,False
rs5752801,53,39,-0.0171958,0.543464,False
rs5752801,53,40,-0.0233084,0.411739,False
rs5752801,53,41,-0.0242226,0.39582,False
rs5752801,53,42,-0.0313915,0.273941,False
rs5752801,53,43,-0.0324162,0.261344,False
rs5752801,53,44,-0.0360369,0.213436,False
rs5752801,53,45,-0.0271847,0.351267,False
rs5752801,53,46,-0.0349375,0.232176,False
rs5752801,53,47,-0.035851,0.222654,False
rs5752801,53,48,-0.0344305,0.243356,False
rs5752801,53,49,-0.0388938,0.188886,False
rs5752801,53,50,-0.0496121,0.0953748,False
rs5752801,53,51,-0.0445556,0.135441,False
rs5752801,53,52,-0.0348529,0.244294,False
rs5752801,53,53,-0.0489498,0.103313,False
rs5752801,53,54,-0.0458874,0.128607,False
rs5752801,53,55,-0.0494372,0.102601,False
rs5752801,53,56,-0.0512728,0.0912193,False
rs5752801,53,57,-0.0504511,0.0967989,False
rs5752801,53,58,-0.0577255,0.058174,False
rs5752801,53,59,-0.0504446,0.0991212,False
rs5752801,53,60,-0.0560189,0.0676918,False
rs5752801,53,61,-0.0545481,0.0757613,False
rs5752801,53,62,-0.0575419,0.0617073,False
rs5752801,53,63,-0.0555683,0.0719762,False
rs5752801,53,64,-0.0477429,0.122249,False
rs5752801,53,65,-0.0484561,0.11659,False
rs5752801,53,66,-0.0461839,0.13501,False
rs5752801,53,67,-0.0480414,0.120009,False
rs5752801,53,68,-0.0544448,0.0782452,False
rs5752801,53,69,-0.0529529,0.087418,False
rs5752801,53,70,-0.0504447,0.103415,False
rs5752801,53,71,-0.0454315,0.142963,False
rs5752801,53,72,-0.0423595,0.171375,False
rs5752801,53,73,-0.0483234,0.118888,False
rs5752801,53,74,-0.0449496,0.146419,False
rs5752801,53,75,-0.0420713,0.173994,False
rs5752801,53,76,-0.0516285,0.0949527,False
rs5752801,53,77,-0.0540344,0.080316,False
rs5752801,53,78,-0.0502326,0.103157,False
rs5752801,53,79,-0.0496068,0.107401,False
rs5752801,53,80,-0.0578067,0.060344,False
rs5752801,53,81,-0.0587128,0.0558116,False
rs5752801,53,82,-0.0550185,0.0728132,False
rs5752801,53,83,-0.0518188,0.0904746,False
rs5752801,53,84,-0.0589879,0.0537173,False
rs5752801,53,85,-0.0587652,0.0544759,False
rs5752801,53,86,-0.051729,0.0904202,False
rs5752801,53,87,-0.0423977,0.164837,False
rs5752801,53,88,-0.0458892,0.132155,False
rs5752801,53,89,-0.048773,0.109451,False
rs5752801,53,90,-0.0571045,0.0609796,False
rs5752801,53,91,-0.0519131,0.0884419,False
rs5752801,53,92,-0.0620427,0.0414474,False
rs5752801,53,93,-0.0596797,0.0502622,False
rs5752801,53,94,-0.0596473,0.0511495,False
rs5752801,53,95,-0.0490858,0.109279,False
rs5752801,53,96,-0.0521818,0.08924,False
rs5752801,53,97,-0.0580124,0.0593556,False
rs5752801,53,98,-0.0520157,0.0917243,False
rs5752801,53,99,-0.0622868,0.0442976,False
rs5752801,53,100,-0.0596377,0.0551233,False
rs5752801,53,101,-0.0581886,0.0626386,False
rs5752801,53,102,-0.0652224,0.0380095,False
rs5752801,53,103,-0.0661416,0.0364317,False
rs5752801,53,104,-0.0668192,0.0354068,False
rs5752801,53,105,-0.0690289,0.0310682,False
rs5752801,53,106,-0.0648744,0.0447046,False
rs5752801,53,107,-0.0746839,0.0218882,False
rs5752801,53,108,-0.0797559,0.0150906,False
rs5752801,53,109,-0.0751152,0.0236482,False
rs5752801,53,110,-0.0797985,0.017311,False
rs5752801,53,111,-0.0767285,0.0237823,False
rs5752801,53,112,-0.077752,0.0235905,False
rs5752801,53,113,-0.0760278,0.0284175,False
rs5752801,53,114,-0.0848439,0.0159705,False
rs5752801,53,115,-0.0758454,0.0335272,False
rs5752801,53,116,-0.0875939,0.0155227,False
rs5752801,53,117,-0.0839253,0.022165,False
rs5752801,53,118,-0.088847,0.0168626,False
rs5752801,53,119,-0.0794906,0.0350483,False
rs5752801,53,120,-0.080081,0.0360183,False
rs5752801,53,121,-0.0911418,0.0184136,False
rs5752801,53,122,-0.0821336,0.0357552,False
rs5752801,53,123,-0.0866859,0.0282821,False
rs5752801,53,124,-0.088817,0.0257138,False
rs5752801,53,125,-0.0973945,0.0151943,False
rs5752801,53,126,-0.0994444,0.0136877,False
rs5752801,53,127,-0.101451,0.0122256,False
rs5752801,53,128,-0.103678,0.0107385,False
rs5752801,53,129,-0.10708,0.00846555,False
rs5752801,53,130,-0.109595,0.00697705,False
rs5752801,53,131,-0.109345,0.00698461,False
rs5752801,53,132,-0.108369,0.00731068,False
rs5752801,53,133,-0.110098,0.00619156,False
rs5752801,53,134,-0.109411,0.00621661,False
rs5752801,53,135,-0.106135,0.00755303,False
rs5752801,53,136,-0.109929,0.00525915,False
rs5752801,53,137,-0.114613,0.00335069,False
rs5752801,53,138,-0.108537,0.0050331,False
rs5752801,53,139,-0.112139,0.00345254,False
rs5752801,53,140,-0.101506,0.00754287,False
rs5752801,53,141,-0.104919,0.00525969,False
rs5752801,53,142,-0.108046,0.00373075,False
rs5752801,53,143,-0.105797,0.00415104,False
rs5752801,53,144,-0.0977333,0.00759072,False
rs5752801,53,145,-0.0979228,0.00691573,False
rs5752801,53,146,-0.0963312,0.00733978,False
rs5752801,53,147,-0.0878944,0.0135599,False
rs5752801,53,148,-0.0886007,0.0121498,False
rs5752801,53,149,-0.0813318,0.0202887,False
rs5752801,53,150,-0.0887997,0.0106785,False
rs5752801,53,151,-0.0865889,0.0120537,False
rs5752801,53,152,-0.0920743,0.00712663,False
rs5752801,53,153,-0.0868206,0.0105328,False
rs5752801,53,154,-0.0883272,0.00879343,False
rs5752801,53,155,-0.0966115,0.00391702,False
rs5752801,53,156,-0.0938772,0.00479001,False
rs5752801,53,157,-0.0810031,0.0143905,False
rs5752801,53,158,-0.091982,0.00522574,False
rs5752801,53,159,-0.0768794,0.0190308,False
rs5752801,53,160,-0.0759201,0.0200754,False
rs5752801,53,161,-0.0849728,0.00896736,False
rs5752801,53,162,-0.0892236,0.00585283,False
rs5752801,53,163,-0.0832124,0.0100058,False
rs5752801,53,164,-0.0777223,0.0160004,False
rs5752801,53,165,-0.0877485,0.00649847,False
rs5752801,53,166,-0.0861681,0.007564,False
rs5752801,53,167,-0.0868011,0.00710666,False
rs5752801,53,168,-0.0842387,0.00898827,False
rs5752801,53,169,-0.0795236,0.0137826,False
rs5752801,53,170,-0.0857877,0.00792491,False
rs5752801,53,171,-0.0762998,0.0182585,False
rs5752801,53,172,-0.0823333,0.0109543,False
rs5752801,53,173,-0.0815453,0.0120091,False
rs5752801,53,174,-0.0847855,0.00913681,False
rs5752801,53,175,-0.0871402,0.00753152,False
rs5752801,53,176,-0.0871287,0.00762298,False
rs5752801,53,177,-0.0815705,0.0127173,False
rs5752801,53,178,-0.0816455,0.0130232,False
rs5752801,53,179,-0.0839971,0.0107578,False
rs5752801,53,180,-0.0898501,0.00653694,False
rs5752801,53,181,-0.0918716,0.00554614,False
rs5752801,53,182,-0.0940484,0.00461774,False
rs5752801,53,183,-0.0895243,0.00714352,False
rs5752801,53,184,-0.0785526,0.0184766,False
rs5752801,53,185,-0.0787245,0.0185282,False
rs5752801,53,186,-0.0771134,0.0212934,False
rs5752801,53,187,-0.0765514,0.022463,False
rs5752801,53,188,-0.0837775,0.012628,False
rs5752801,53,189,-0.078322,0.0199354,False
rs5752801,53,190,-0.0791954,0.0186719,False
rs5752801,53,191,-0.0688166,0.0410704,False
rs5752801,53,192,-0.0755076,0.0251948,False
rs5752801,53,193,-0.0736687,0.0289832,False
rs5752801,53,194,-0.0645344,0.0558201,False
rs5752801,53,195,-0.0723414,0.032326,False
rs5752801,53,196,-0.0698951,0.03879,False
rs5752801,53,197,-0.0793623,0.0190152,False
rs5752801,53,198,-0.0850358,0.0120226,False
rs5752801,53,199,-0.0721116,0.0333353,False
rs5752801,53,200,-0.0728837,0.0316617,False
rs5752801,53,201,-0.0715383,0.0347498,False
rs5752801,53,202,-0.0794693,0.0189644,False
rs5752801,53,203,-0.0814608,0.0162083,False
rs5752801,53,204,-0.072606,0.0318673,False
rs5752801,53,205,-0.0686579,0.0425572,False
rs5752801,53,206,-0.0537216,0.112166,False
rs5752801,53,207,-0.0627595,0.0636215,False
rs5752801,53,208,-0.0633576,0.0613454,False
rs5752801,53,209,-0.0537459,0.112904,False
rs5752801,53,210,-0.0514352,0.128825,False
rs5752801,53,211,-0.0577565,0.0881562,False
rs5752801,53,212,-0.0548409,0.105426,False
rs5752801,53,213,-0.0419085,0.215668,False
rs5752801,53,214,-0.045292,0.180768,False
rs5752801,53,215,-0.0484674,0.15269,False
rs5752801,53,216,-0.0559802,0.098464,False
rs5752801,53,217,-0.0518204,0.126496,False
rs5752801,53,218,-0.0517255,0.12757,False
rs5752801,53,219,-0.0418858,0.218035,False
rs5752801,53,220,-0.0455909,0.180192,False
rs5752801,53,221,-0.0384058,0.259146,False
rs5752801,53,222,-0.0472588,0.164932,False
rs5752801,53,223,-0.0475031,0.163324,False
rs5752801,53,224,-0.0379545,0.266293,False
rs5752801,53,225,-0.0337437,0.324387,False
rs5752801,53,226,-0.0384193,0.26321,False
rs5752801,53,227,-0.0377656,0.273057,False
rs5752801,53,228,-0.0390242,0.258628,False
rs5752801,53,229,-0.0412908,0.233716,False
rs5752801,53,230,-0.0457987,0.18826,False
rs5752801,53,231,-0.0477846,0.170804,False
rs5752801,53,232,-0.0458648,0.190233,False
rs5752801,53,233,-0.0603906,0.0864017,False
rs5752801,53,234,-0.0538682,0.127839,False
rs5752801,53,235,-0.0459158,0.196436,False
rs5752801,53,236,-0.0370915,0.298761,False
rs5752801,53,237,-0.0412101,0.251425,False
rs5752801,53,238,-0.0406597,0.260333,False
rs5752801,53,239,-0.0471467,0.195323,False
rs5752801,53,240,-0.0408048,0.265778,False
rs5752801,53,241,-0.0364342,0.324662,False
rs5752801,53,242,-0.0308939,0.407283,False
rs5752801,53,243,-0.0333633,0.375409,False
rs5752801,53,244,-0.0342027,0.36881,False
rs5752801,53,245,-0.0339848,0.378189,False
rs5752801,53,246,-0.0310956,0.427132,False
rs5752801,53,247,-0.0346212,0.384122,False
rs5752801,53,248,-0.0283317,0.484253,False
rs5752801,53,249,-0.03345,0.418333,False
rs5752801,53,250,-0.0256344,0.543007,False
rs5752801,53,251,-0.01269,0.768332,False
rs5752801,54,6,-0.00518684,0.851475,False
rs5752801,54,7,-0.00577066,0.833473,False
rs5752801,54,8,-0.0138945,0.610048,False
rs5752801,54,9,-0.00291834,0.914001,False
rs5752801,54,10,-0.00685649,0.798051,False
rs5752801,54,11,-0.00965163,0.716074,False
rs5752801,54,12,-0.00753857,0.774931,False
rs5752801,54,13,-0.0147301,0.576441,False
rs5752801,54,14,-0.0060948,0.816582,False
rs5752801,54,15,-0.0207857,0.427084,False
rs5752801,54,16,-0.0162527,0.534932,False
rs5752801,54,17,-0.0156422,0.550944,False
rs5752801,54,18,-0.0189761,0.468822,False
rs5752801,54,19,-0.0210062,0.423415,False
rs5752801,54,20,-0.0205091,0.436121,False
rs5752801,54,21,-0.0298413,0.257398,False
rs5752801,54,22,-0.0180011,0.496382,False
rs5752801,54,23,-0.028626,0.280844,False
rs5752801,54,24,-0.0222497,0.403706,False
rs5752801,54,25,-0.0210992,0.430171,False
rs5752801,54,26,-0.0281089,0.294837,False
rs5752801,54,27,-0.0278487,0.301767,False
rs5752801,54,28,-0.0328503,0.225647,False
rs5752801,54,29,-0.029267,0.281048,False
rs5752801,54,30,-0.0290454,0.287566,False
rs5752801,54,31,-0.0267767,0.329045,False
rs5752801,54,32,-0.0303669,0.269807,False
rs5752801,54,33,-0.0317793,0.250257,False
rs5752801,54,34,-0.0306809,0.269685,False
rs5752801,54,35,-0.0363877,0.192292,False
rs5752801,54,36,-0.030243,0.280848,False
rs5752801,54,37,-0.0299283,0.288074,False
rs5752801,54,38,-0.0410153,0.146523,False
rs5752801,54,39,-0.0434771,0.125925,False
rs5752801,54,40,-0.0296042,0.300345,False
rs5752801,54,41,-0.0347719,0.22516,False
rs5752801,54,42,-0.0334087,0.246993,False
rs5752801,54,43,-0.0425719,0.142257,False
rs5752801,54,44,-0.0348052,0.232239,False
rs5752801,54,45,-0.0341721,0.243416,False
rs5752801,54,46,-0.0404452,0.16969,False
rs5752801,54,47,-0.0362409,0.220786,False
rs5752801,54,48,-0.0401778,0.175887,False
rs5752801,54,49,-0.0372726,0.211614,False
rs5752801,54,50,-0.0323353,0.279866,False
rs5752801,54,51,-0.0342799,0.253927,False
rs5752801,54,52,-0.0388469,0.197552,False
rs5752801,54,53,-0.0396784,0.189928,False
rs5752801,54,54,-0.0450465,0.137764,False
rs5752801,54,55,-0.04419,0.146006,False
rs5752801,54,56,-0.0415051,0.173729,False
rs5752801,54,57,-0.042219,0.167569,False
rs5752801,54,58,-0.0511392,0.09568,False
rs5752801,54,59,-0.0565682,0.0658098,False
rs5752801,54,60,-0.0482897,0.117043,False
rs5752801,54,61,-0.0555683,0.0719427,False
rs5752801,54,62,-0.0584593,0.0585027,False
rs5752801,54,63,-0.0523532,0.0907771,False
rs5752801,54,64,-0.0440874,0.154462,False
rs5752801,54,65,-0.0459522,0.138433,False
rs5752801,54,66,-0.0480274,0.121437,False
rs5752801,54,67,-0.0547143,0.078094,False
rs5752801,54,68,-0.0425507,0.170406,False
rs5752801,54,69,-0.0435649,0.160309,False
rs5752801,54,70,-0.0512265,0.0988048,False
rs5752801,54,71,-0.0455317,0.142278,False
rs5752801,54,72,-0.0462471,0.135813,False
rs5752801,54,73,-0.0495279,0.10955,False
rs5752801,54,74,-0.0440281,0.155189,False
rs5752801,54,75,-0.0435219,0.160704,False
rs5752801,54,76,-0.0424394,0.169908,False
rs5752801,54,77,-0.0453034,0.142381,False
rs5752801,54,78,-0.0451524,0.143481,False
rs5752801,54,79,-0.0459636,0.135533,False
rs5752801,54,80,-0.0496843,0.106157,False
rs5752801,54,81,-0.049771,0.105394,False
rs5752801,54,82,-0.0471511,0.123744,False
rs5752801,54,83,-0.0424852,0.164988,False
rs5752801,54,84,-0.0522978,0.0871628,False
rs5752801,54,85,-0.0480955,0.114862,False
rs5752801,54,86,-0.0546893,0.0725666,False
rs5752801,54,87,-0.0553269,0.069057,False
rs5752801,54,88,-0.0538415,0.0768624,False
rs5752801,54,89,-0.0572137,0.0600671,False
rs5752801,54,90,-0.0550607,0.0705898,False
rs5752801,54,91,-0.0552616,0.0697957,False
rs5752801,54,92,-0.0516942,0.0902543,False
rs5752801,54,93,-0.0570009,0.0620692,False
rs5752801,54,94,-0.0543028,0.0762525,False
rs5752801,54,95,-0.053418,0.0818595,False
rs5752801,54,96,-0.0573203,0.062529,False
rs5752801,54,97,-0.0515024,0.0944923,False
rs5752801,54,98,-0.0468839,0.130499,False
rs5752801,54,99,-0.0494496,0.11219,False
rs5752801,54,100,-0.0550007,0.0791728,False
rs5752801,54,101,-0.0667211,0.0340763,False
rs5752801,54,102,-0.0648329,0.040782,False
rs5752801,54,103,-0.0560094,0.0787142,False
rs5752801,54,104,-0.0679222,0.0343142,False
rs5752801,54,105,-0.0613948,0.0577042,False
rs5752801,54,106,-0.0676775,0.0382883,False
rs5752801,54,107,-0.0546537,0.0978857,False
rs5752801,54,108,-0.060953,0.0677967,False
rs5752801,54,109,-0.0716012,0.033761,False
rs5752801,54,110,-0.0703966,0.039096,False
rs5752801,54,111,-0.074315,0.031465,False
rs5752801,54,112,-0.0744458,0.0336035,False
rs5752801,54,113,-0.0861946,0.015322,False
rs5752801,54,114,-0.0769613,0.0325889,False
rs5752801,54,115,-0.0782437,0.0327442,False
rs5752801,54,116,-0.0819028,0.0277663,False
rs5752801,54,117,-0.0809042,0.0326002,False
rs5752801,54,118,-0.085477,0.0260287,False
rs5752801,54,119,-0.0848524,0.0296311,False
rs5752801,54,120,-0.0843048,0.0334528,False
rs5752801,54,121,-0.087081,0.0302024,False
rs5752801,54,122,-0.0903234,0.0263484,False
rs5752801,54,123,-0.0837024,0.0419479,False
rs5752801,54,124,-0.0875047,0.0352305,False
rs5752801,54,125,-0.084691,0.043139,False
rs5752801,54,126,-0.0772593,0.0667246,False
rs5752801,54,127,-0.0801721,0.0582195,False
rs5752801,54,128,-0.0902299,0.033412,False
rs5752801,54,129,-0.0901182,0.033875,False
rs5752801,54,130,-0.0948175,0.0254196,False
rs5752801,54,131,-0.0995392,0.0185443,False
rs5752801,54,132,-0.097485,0.0206052,False
rs5752801,54,133,-0.105352,0.0117649,False
rs5752801,54,134,-0.100556,0.0154969,False
rs5752801,54,135,-0.0984369,0.0168338,False
rs5752801,54,136,-0.105791,0.00949769,False
rs5752801,54,137,-0.109671,0.00661102,False
rs5752801,54,138,-0.117922,0.00316414,False
rs5752801,54,139,-0.112191,0.00458106,False
rs5752801,54,140,-0.103855,0.00793992,False
rs5752801,54,141,-0.104175,0.00704138,False
rs5752801,54,142,-0.0994337,0.00936386,False
rs5752801,54,143,-0.107074,0.00465534,False
rs5752801,54,144,-0.105231,0.00489756,False
rs5752801,54,145,-0.110674,0.00280305,False
rs5752801,54,146,-0.0991415,0.00688314,False
rs5752801,54,147,-0.0993809,0.00627091,False
rs5752801,54,148,-0.0867241,0.0161751,False
rs5752801,54,149,-0.0913497,0.0104155,False
rs5752801,54,150,-0.0957721,0.00670722,False
rs5752801,54,151,-0.0856152,0.0146152,False
rs5752801,54,152,-0.0820026,0.018373,False
rs5752801,54,153,-0.0875225,0.0111935,False
rs5752801,54,154,-0.0881401,0.0100271,False
rs5752801,54,155,-0.0856624,0.0117815,False
rs5752801,54,156,-0.0820208,0.0151359,False
rs5752801,54,157,-0.0852957,0.0108723,False
rs5752801,54,158,-0.0915836,0.00597538,False
rs5752801,54,159,-0.0859848,0.00945694,False
rs5752801,54,160,-0.0875693,0.00790205,False
rs5752801,54,161,-0.0863703,0.00844399,False
rs5752801,54,162,-0.0948436,0.00371637,False
rs5752801,54,163,-0.0899589,0.00569997,False
rs5752801,54,164,-0.0767955,0.0178752,False
rs5752801,54,165,-0.0787677,0.0149621,False
rs5752801,54,166,-0.0800121,0.013341,False
rs5752801,54,167,-0.0777161,0.0161766,False
rs5752801,54,168,-0.0844111,0.0089681,False
rs5752801,54,169,-0.0817246,0.0113957,False
rs5752801,54,170,-0.0854651,0.0081274,False
rs5752801,54,171,-0.0739363,0.0221013,False
rs5752801,54,172,-0.0805166,0.0129344,False
rs5752801,54,173,-0.0791172,0.0147804,False
rs5752801,54,174,-0.0801082,0.0137614,False
rs5752801,54,175,-0.080093,0.0139058,False
rs5752801,54,176,-0.0828688,0.0110554,False
rs5752801,54,177,-0.0853909,0.00900304,False
rs5752801,54,178,-0.0940193,0.00406207,False
rs5752801,54,179,-0.0843621,0.0100775,False
rs5752801,54,180,-0.0802336,0.0147274,False
rs5752801,54,181,-0.0866442,0.00864156,False
rs5752801,54,182,-0.0856646,0.00967287,False
rs5752801,54,183,-0.0805358,0.0152441,False
rs5752801,54,184,-0.0795203,0.0167851,False
rs5752801,54,185,-0.0753898,0.0235607,False
rs5752801,54,186,-0.0713109,0.0327211,False
rs5752801,54,187,-0.0799654,0.0167614,False
rs5752801,54,188,-0.0893136,0.00757083,False
rs5752801,54,189,-0.0896195,0.00748724,False
rs5752801,54,190,-0.0960281,0.00420125,False
rs5752801,54,191,-0.0786008,0.0195307,False
rs5752801,54,192,-0.0694837,0.0392205,False
rs5752801,54,193,-0.0708185,0.0355747,False
rs5752801,54,194,-0.0725213,0.0315003,False
rs5752801,54,195,-0.073766,0.0289331,False
rs5752801,54,196,-0.073439,0.029815,False
rs5752801,54,197,-0.0755591,0.0254792,False
rs5752801,54,198,-0.0704726,0.0374694,False
rs5752801,54,199,-0.0608682,0.0723516,False
rs5752801,54,200,-0.0653121,0.0537349,False
rs5752801,54,201,-0.0754011,0.0260844,False
rs5752801,54,202,-0.0623979,0.0656704,False
rs5752801,54,203,-0.060582,0.0738617,False
rs5752801,54,204,-0.057831,0.0882609,False
rs5752801,54,205,-0.0607229,0.0734402,False
rs5752801,54,206,-0.0641612,0.0581729,False
rs5752801,54,207,-0.0539934,0.111023,False
rs5752801,54,208,-0.0609464,0.0718118,False
rs5752801,54,209,-0.0647121,0.0558582,False
rs5752801,54,210,-0.0731743,0.030606,False
rs5752801,54,211,-0.060243,0.0750367,False
rs5752801,54,212,-0.0535173,0.113283,False
rs5752801,54,213,-0.0522986,0.121934,False
rs5752801,54,214,-0.0548294,0.104851,False
rs5752801,54,215,-0.0460886,0.173594,False
rs5752801,54,216,-0.0427644,0.206884,False
rs5752801,54,217,-0.0375817,0.266284,False
rs5752801,54,218,-0.0440617,0.192922,False
rs5752801,54,219,-0.0517731,0.12619,False
rs5752801,54,220,-0.0453114,0.181195,False
rs5752801,54,221,-0.0455078,0.180164,False
rs5752801,54,222,-0.044705,0.188358,False
rs5752801,54,223,-0.0503458,0.13902,False
rs5752801,54,224,-0.0458192,0.178717,False
rs5752801,54,225,-0.0539222,0.114219,False
rs5752801,54,226,-0.047962,0.160882,False
rs5752801,54,227,-0.0383939,0.263755,False
rs5752801,54,228,-0.035772,0.299615,False
rs5752801,54,229,-0.0424406,0.219242,False
rs5752801,54,230,-0.0450058,0.193951,False
rs5752801,54,231,-0.0391921,0.260297,False
rs5752801,54,232,-0.0473865,0.17515,False
rs5752801,54,233,-0.04182,0.233992,False
rs5752801,54,234,-0.0448686,0.203142,False
rs5752801,54,235,-0.0411291,0.245319,False
rs5752801,54,236,-0.0338597,0.341324,False
rs5752801,54,237,-0.0304686,0.394126,False
rs5752801,54,238,-0.0322761,0.370323,False
rs5752801,54,239,-0.0387346,0.285354,False
rs5752801,54,240,-0.0317471,0.384598,False
rs5752801,54,241,-0.0273758,0.457414,False
rs5752801,54,242,-0.0348597,0.348485,False
rs5752801,54,243,-0.0430332,0.251871,False
rs5752801,54,244,-0.0355918,0.348554,False
rs5752801,54,245,-0.0389037,0.311852,False
rs5752801,54,246,-0.0491024,0.209143,False
rs5752801,54,247,-0.0412779,0.298233,False
rs5752801,54,248,-0.0343373,0.395878,False
rs5752801,54,249,-0.0369487,0.370853,False
rs5752801,54,250,-0.0411576,0.328591,False
rs5752801,54,251,-0.0312573,0.467288,False
rs5752801,55,6,0.0211531,0.450204,False
rs5752801,55,7,0.0324489,0.241495,False
rs5752801,55,8,0.0307189,0.263185,False
rs5752801,55,9,0.0237756,0.381615,False
rs5752801,55,10,0.0135259,0.615714,False
rs5752801,55,11,0.00710257,0.790553,False
rs5752801,55,12,0.00976062,0.713903,False
rs5752801,55,13,-0.00442505,0.867335,False
rs5752801,55,14,-0.00170886,0.948359,False
rs5752801,55,15,-0.00743208,0.777695,False
rs5752801,55,16,-0.00409003,0.876547,False
rs5752801,55,17,-0.0137367,0.601907,False
rs5752801,55,18,-0.0209482,0.425876,False
rs5752801,55,19,-0.0190695,0.469544,False
rs5752801,55,20,-0.0137868,0.601449,False
rs5752801,55,21,-0.0202969,0.443662,False
rs5752801,55,22,-0.0305713,0.250257,False
rs5752801,55,23,-0.0286212,0.28373,False
rs5752801,55,24,-0.00917409,0.731824,False
rs5752801,55,25,-0.0139208,0.60434,False
rs5752801,55,26,-0.0208598,0.439467,False
rs5752801,55,27,-0.00997812,0.71249,False
rs5752801,55,28,-0.0138265,0.612066,False
rs5752801,55,29,-0.0207642,0.447092,False
rs5752801,55,30,-0.0253272,0.356272,False
rs5752801,55,31,-0.0218732,0.427937,False
rs5752801,55,32,-0.0167454,0.546313,False
rs5752801,55,33,-0.0310242,0.264836,False
rs5752801,55,34,-0.033008,0.237507,False
rs5752801,55,35,-0.0320861,0.253299,False
rs5752801,55,36,-0.0325175,0.24919,False
rs5752801,55,37,-0.0360888,0.20324,False
rs5752801,55,38,-0.0345776,0.225503,False
rs5752801,55,39,-0.0473729,0.0985721,False
rs5752801,55,40,-0.0388114,0.177769,False
rs5752801,55,41,-0.0355437,0.219069,False
rs5752801,55,42,-0.0328793,0.257826,False
rs5752801,55,43,-0.040553,0.165243,False
rs5752801,55,44,-0.0358075,0.222176,False
rs5752801,55,45,-0.0386404,0.189939,False
rs5752801,55,46,-0.0358973,0.225559,False
rs5752801,55,47,-0.0499145,0.0931183,False
rs5752801,55,48,-0.0451682,0.130458,False
rs5752801,55,49,-0.0426557,0.154242,False
rs5752801,55,50,-0.0499959,0.0965757,False
rs5752801,55,51,-0.0414603,0.169835,False
rs5752801,55,52,-0.0474586,0.117364,False
rs5752801,55,53,-0.050197,0.0987265,False
rs5752801,55,54,-0.0471358,0.122524,False
rs5752801,55,55,-0.0533179,0.081566,False
rs5752801,55,56,-0.0488091,0.112106,False
rs5752801,55,57,-0.0554435,0.0720457,False
rs5752801,55,58,-0.0452149,0.142651,False
rs5752801,55,59,-0.0499225,0.105979,False
rs5752801,55,60,-0.0541929,0.0798452,False
rs5752801,55,61,-0.063018,0.0420561,False
rs5752801,55,62,-0.0537761,0.0830506,False
rs5752801,55,63,-0.0549967,0.0765546,False
rs5752801,55,64,-0.0585186,0.0597359,False
rs5752801,55,65,-0.0531851,0.0874476,False
rs5752801,55,66,-0.048187,0.120996,False
rs5752801,55,67,-0.047116,0.129903,False
rs5752801,55,68,-0.0506419,0.10296,False
rs5752801,55,69,-0.0504393,0.10445,False
rs5752801,55,70,-0.0543975,0.079765,False
rs5752801,55,71,-0.0480741,0.121159,False
rs5752801,55,72,-0.0505371,0.10317,False
rs5752801,55,73,-0.0562174,0.0697641,False
rs5752801,55,74,-0.0562732,0.0688705,False
rs5752801,55,75,-0.0503777,0.103415,False
rs5752801,55,76,-0.0563456,0.0681411,False
rs5752801,55,77,-0.0562062,0.0683969,False
rs5752801,55,78,-0.0587923,0.0562983,False
rs5752801,55,79,-0.0503556,0.101209,False
rs5752801,55,80,-0.0538731,0.0790709,False
rs5752801,55,81,-0.0600299,0.0501226,False
rs5752801,55,82,-0.0529331,0.0834439,False
rs5752801,55,83,-0.0506404,0.0967284,False
rs5752801,55,84,-0.0528314,0.083385,False
rs5752801,55,85,-0.0569992,0.061424,False
rs5752801,55,86,-0.0538381,0.0773991,False
rs5752801,55,87,-0.0452874,0.137406,False
rs5752801,55,88,-0.039399,0.19599,False
rs5752801,55,89,-0.0471657,0.121252,False
rs5752801,55,90,-0.046157,0.129975,False
rs5752801,55,91,-0.046755,0.125618,False
rs5752801,55,92,-0.0442567,0.147569,False
rs5752801,55,93,-0.0509624,0.0958039,False
rs5752801,55,94,-0.0378558,0.218474,False
rs5752801,55,95,-0.0434204,0.159486,False
rs5752801,55,96,-0.0395883,0.20072,False
rs5752801,55,97,-0.050428,0.104685,False
rs5752801,55,98,-0.0523036,0.0940062,False
rs5752801,55,99,-0.0488199,0.11993,False
rs5752801,55,100,-0.0482536,0.126639,False
rs5752801,55,101,-0.0460657,0.147238,False
rs5752801,55,102,-0.058294,0.068464,False
rs5752801,55,103,-0.058437,0.0701792,False
rs5752801,55,104,-0.0659865,0.0425438,False
rs5752801,55,105,-0.0544409,0.0973284,False
rs5752801,55,106,-0.061448,0.0638651,False
rs5752801,55,107,-0.0623863,0.0626932,False
rs5752801,55,108,-0.0675509,0.046319,False
rs5752801,55,109,-0.0653303,0.0571867,False
rs5752801,55,110,-0.0694058,0.0462005,False
rs5752801,55,111,-0.0702826,0.0465066,False
rs5752801,55,112,-0.0808446,0.0241924,False
rs5752801,55,113,-0.0751326,0.0394623,False
rs5752801,55,114,-0.0674355,0.0694514,False
rs5752801,55,115,-0.0717265,0.0578922,False
rs5752801,55,116,-0.0658244,0.0872808,False
rs5752801,55,117,-0.0721597,0.0655073,False
rs5752801,55,118,-0.0767257,0.0547511,False
rs5752801,55,119,-0.073515,0.0705,False
rs5752801,55,120,-0.0768471,0.0629272,False
rs5752801,55,121,-0.0734673,0.0801442,False
rs5752801,55,122,-0.0730093,0.0865439,False
rs5752801,55,123,-0.0720721,0.094419,False
rs5752801,55,124,-0.0852759,0.0502447,False
rs5752801,55,125,-0.0791119,0.0714295,False
rs5752801,55,126,-0.086378,0.0504647,False
rs5752801,55,127,-0.0848748,0.055448,False
rs5752801,55,128,-0.078928,0.0753877,False
rs5752801,55,129,-0.0755438,0.0889683,False
rs5752801,55,130,-0.0769147,0.082602,False
rs5752801,55,131,-0.0875629,0.0473439,False
rs5752801,55,132,-0.087616,0.0460373,False
rs5752801,55,133,-0.0853017,0.0504381,False
rs5752801,55,134,-0.0923137,0.0328113,False
rs5752801,55,135,-0.0989056,0.0208082,False
rs5752801,55,136,-0.0976247,0.021119,False
rs5752801,55,137,-0.0902971,0.0309944,False
rs5752801,55,138,-0.0858215,0.0376755,False
rs5752801,55,139,-0.0957606,0.0189262,False
rs5752801,55,140,-0.0966226,0.0164204,False
rs5752801,55,141,-0.0895029,0.0245454,False
rs5752801,55,142,-0.102637,0.00902113,False
rs5752801,55,143,-0.101957,0.00864358,False
rs5752801,55,144,-0.103659,0.00688131,False
rs5752801,55,145,-0.0981317,0.00963152,False
rs5752801,55,146,-0.0966739,0.00992454,False
rs5752801,55,147,-0.103791,0.0052605,False
rs5752801,55,148,-0.099824,0.00659863,False
rs5752801,55,149,-0.101462,0.0053239,False
rs5752801,55,150,-0.0877641,0.0148586,False
rs5752801,55,151,-0.0919334,0.0101047,False
rs5752801,55,152,-0.0939333,0.00802437,False
rs5752801,55,153,-0.0908822,0.00964223,False
rs5752801,55,154,-0.0938165,0.00702992,False
rs5752801,55,155,-0.0898242,0.00931651,False
rs5752801,55,156,-0.0861665,0.0118901,False
rs5752801,55,157,-0.0847774,0.0127452,False
rs5752801,55,158,-0.0905966,0.00726354,False
rs5752801,55,159,-0.0940952,0.00501497,False
rs5752801,55,160,-0.0896926,0.00707066,False
rs5752801,55,161,-0.0861926,0.00919267,False
rs5752801,55,162,-0.089572,0.00663836,False
rs5752801,55,163,-0.087084,0.00798419,False
rs5752801,55,164,-0.0795554,0.0149315,False
rs5752801,55,165,-0.0826619,0.0111699,False
rs5752801,55,166,-0.0877343,0.00696378,False
rs5752801,55,167,-0.0860319,0.00799574,False
rs5752801,55,168,-0.0887965,0.00605529,False
rs5752801,55,169,-0.087531,0.00681007,False
rs5752801,55,170,-0.089319,0.00572648,False
rs5752801,55,171,-0.0853956,0.0082606,False
rs5752801,55,172,-0.0889871,0.00591056,False
rs5752801,55,173,-0.0792427,0.0142202,False
rs5752801,55,174,-0.0786612,0.0150991,False
rs5752801,55,175,-0.0833422,0.0102089,False
rs5752801,55,176,-0.0859528,0.00824211,False
rs5752801,55,177,-0.0835314,0.0103703,False
rs5752801,55,178,-0.0817446,0.012353,False
rs5752801,55,179,-0.0700104,0.0328179,False
rs5752801,55,180,-0.0666603,0.0424969,False
rs5752801,55,181,-0.0675634,0.0401148,False
rs5752801,55,182,-0.0790065,0.016632,False
rs5752801,55,183,-0.0751483,0.0230772,False
rs5752801,55,184,-0.0810561,0.0144046,False
rs5752801,55,185,-0.078902,0.0176994,False
rs5752801,55,186,-0.0670156,0.0440828,False
rs5752801,55,187,-0.0784283,0.018671,False
rs5752801,55,188,-0.0839129,0.0121079,False
rs5752801,55,189,-0.0792681,0.0179187,False
rs5752801,55,190,-0.0806607,0.0163421,False
rs5752801,55,191,-0.0721094,0.0317794,False
rs5752801,55,192,-0.0741453,0.0275004,False
rs5752801,55,193,-0.0603275,0.0742689,False
rs5752801,55,194,-0.0654676,0.0527394,False
rs5752801,55,195,-0.072084,0.0328477,False
rs5752801,55,196,-0.06916,0.0407023,False
rs5752801,55,197,-0.0631739,0.0620958,False
rs5752801,55,198,-0.0565684,0.0954812,False
rs5752801,55,199,-0.0626485,0.0650476,False
rs5752801,55,200,-0.059703,0.0786025,False
rs5752801,55,201,-0.0657275,0.0526073,False
rs5752801,55,202,-0.0630494,0.0628671,False
rs5752801,55,203,-0.0707195,0.0372653,False
rs5752801,55,204,-0.0736857,0.0298874,False
rs5752801,55,205,-0.0760486,0.0250315,False
rs5752801,55,206,-0.0652138,0.0545094,False
rs5752801,55,207,-0.0623229,0.0661656,False
rs5752801,55,208,-0.0645563,0.0568531,False
rs5752801,55,209,-0.0584959,0.084109,False
rs5752801,55,210,-0.0485091,0.152047,False
rs5752801,55,211,-0.0600027,0.0764304,False
rs5752801,55,212,-0.0497567,0.14197,False
rs5752801,55,213,-0.0487981,0.149125,False
rs5752801,55,214,-0.0383413,0.257141,False
rs5752801,55,215,-0.0511628,0.130657,False
rs5752801,55,216,-0.0438921,0.194951,False
rs5752801,55,217,-0.0470455,0.164554,False
rs5752801,55,218,-0.0424244,0.210386,False
rs5752801,55,219,-0.0431099,0.203181,False
rs5752801,55,220,-0.0452382,0.182367,False
rs5752801,55,221,-0.0500819,0.1403,False
rs5752801,55,222,-0.0455186,0.180966,False
rs5752801,55,223,-0.0483888,0.155085,False
rs5752801,55,224,-0.0508803,0.135343,False
rs5752801,55,225,-0.0443743,0.193945,False
rs5752801,55,226,-0.0496333,0.147032,False
rs5752801,55,227,-0.0523304,0.127442,False
rs5752801,55,228,-0.0534209,0.120816,False
rs5752801,55,229,-0.0492748,0.153369,False
rs5752801,55,230,-0.0508836,0.141708,False
rs5752801,55,231,-0.0474985,0.171732,False
rs5752801,55,232,-0.0478352,0.170153,False
rs5752801,55,233,-0.0476292,0.174141,False
rs5752801,55,234,-0.0511383,0.146365,False
rs5752801,55,235,-0.0552942,0.117919,False
rs5752801,55,236,-0.0514795,0.147103,False
rs5752801,55,237,-0.044792,0.21001,False
rs5752801,55,238,-0.0418973,0.244217,False
rs5752801,55,239,-0.0388513,0.283202,False
rs5752801,55,240,-0.032993,0.365576,False
rs5752801,55,241,-0.0309806,0.399158,False
rs5752801,55,242,-0.0419897,0.257579,False
rs5752801,55,243,-0.0446878,0.23338,False
rs5752801,55,244,-0.0441124,0.244096,False
rs5752801,55,245,-0.0340187,0.375563,False
rs5752801,55,246,-0.0416406,0.285373,False
rs5752801,55,247,-0.0318377,0.421529,False
rs5752801,55,248,-0.034442,0.392908,False
rs5752801,55,249,-0.0397916,0.333291,False
rs5752801,55,250,-0.0438453,0.296033,False
rs5752801,55,251,-0.0416522,0.330566,False
rs5752801,56,6,-0.000900777,0.974308,False
rs5752801,56,7,0.00794125,0.774476,False
rs5752801,56,8,0.00332666,0.903482,False
rs5752801,56,9,-0.00709814,0.794023,False
rs5752801,56,10,-0.00203154,0.939782,False
rs5752801,56,11,-0.00477061,0.858186,False
rs5752801,56,12,-0.0035395,0.893919,False
rs5752801,56,13,-0.0177915,0.501166,False
rs5752801,56,14,-0.0178262,0.499359,False
rs5752801,56,15,-0.0135056,0.608411,False
rs5752801,56,16,-0.01903,0.469586,False
rs5752801,56,17,-0.0229075,0.383775,False
rs5752801,56,18,-0.0288031,0.274518,False
rs5752801,56,19,-0.0223668,0.397477,False
rs5752801,56,20,-0.0352506,0.182634,False
rs5752801,56,21,-0.0304877,0.251024,False
rs5752801,56,22,-0.0343126,0.198696,False
rs5752801,56,23,-0.042514,0.112528,False
rs5752801,56,24,-0.034561,0.198023,False
rs5752801,56,25,-0.0268566,0.31905,False
rs5752801,56,26,-0.0199391,0.46203,False
rs5752801,56,27,-0.0370254,0.173547,False
rs5752801,56,28,-0.0230616,0.397862,False
rs5752801,56,29,-0.0382444,0.163606,False
rs5752801,56,30,-0.0431323,0.118258,False
rs5752801,56,31,-0.0412305,0.136344,False
rs5752801,56,32,-0.030399,0.273852,False
rs5752801,56,33,-0.034583,0.216009,False
rs5752801,56,34,-0.0310884,0.267795,False
rs5752801,56,35,-0.0397188,0.159579,False
rs5752801,56,36,-0.0457204,0.106615,False
rs5752801,56,37,-0.0406772,0.15285,False
rs5752801,56,38,-0.0399305,0.162002,False
rs5752801,56,39,-0.0306148,0.286575,False
rs5752801,56,40,-0.0327569,0.256114,False
rs5752801,56,41,-0.0387305,0.182407,False
rs5752801,56,42,-0.0411292,0.158601,False
rs5752801,56,43,-0.0373726,0.202052,False
rs5752801,56,44,-0.045131,0.125561,False
rs5752801,56,45,-0.0427453,0.149445,False
rs5752801,56,46,-0.0389507,0.191465,False
rs5752801,56,47,-0.0385124,0.197811,False
rs5752801,56,48,-0.0385596,0.199477,False
rs5752801,56,49,-0.0383806,0.203752,False
rs5752801,56,50,-0.0409388,0.176916,False
rs5752801,56,51,-0.0417077,0.170151,False
rs5752801,56,52,-0.048761,0.110299,False
rs5752801,56,53,-0.0414049,0.176116,False
rs5752801,56,54,-0.0444015,0.148517,False
rs5752801,56,55,-0.0465309,0.131481,False
rs5752801,56,56,-0.0537198,0.081949,False
rs5752801,56,57,-0.0543535,0.0785493,False
rs5752801,56,58,-0.0573096,0.0641399,False
rs5752801,56,59,-0.0505217,0.103524,False
rs5752801,56,60,-0.0550232,0.0768085,False
rs5752801,56,61,-0.0553135,0.0749998,False
rs5752801,56,62,-0.0486283,0.11829,False
rs5752801,56,63,-0.0577323,0.0635058,False
rs5752801,56,64,-0.0533842,0.0863959,False
rs5752801,56,65,-0.0564743,0.0701215,False
rs5752801,56,66,-0.0586694,0.0597177,False
rs5752801,56,67,-0.0487078,0.117754,False
rs5752801,56,68,-0.0554964,0.0747752,False
rs5752801,56,69,-0.0448837,0.149014,False
rs5752801,56,70,-0.0466215,0.13399,False
rs5752801,56,71,-0.05221,0.0925903,False
rs5752801,56,72,-0.0533047,0.0859649,False
rs5752801,56,73,-0.0499314,0.107242,False
rs5752801,56,74,-0.05969,0.0538998,False
rs5752801,56,75,-0.0587902,0.0570987,False
rs5752801,56,76,-0.0524467,0.0896965,False
rs5752801,56,77,-0.0566813,0.065867,False
rs5752801,56,78,-0.0529588,0.0852041,False
rs5752801,56,79,-0.0543245,0.0768705,False
rs5752801,56,80,-0.0503471,0.100423,False
rs5752801,56,81,-0.0560937,0.0667088,False
rs5752801,56,82,-0.0606967,0.0472191,False
rs5752801,56,83,-0.0573562,0.0605666,False
rs5752801,56,84,-0.060962,0.0458962,False
rs5752801,56,85,-0.0574671,0.0599123,False
rs5752801,56,86,-0.0536357,0.0791992,False
rs5752801,56,87,-0.0571055,0.0613305,False
rs5752801,56,88,-0.0594889,0.0512456,False
rs5752801,56,89,-0.0601343,0.0488367,False
rs5752801,56,90,-0.0504245,0.0990681,False
rs5752801,56,91,-0.055855,0.0682396,False
rs5752801,56,92,-0.0585707,0.0563133,False
rs5752801,56,93,-0.0513018,0.0957462,False
rs5752801,56,94,-0.0545339,0.0773684,False
rs5752801,56,95,-0.0569867,0.0662838,False
rs5752801,56,96,-0.0478057,0.124485,False
rs5752801,56,97,-0.0549717,0.0787951,False
rs5752801,56,98,-0.0617227,0.0494754,False
rs5752801,56,99,-0.059527,0.059658,False
rs5752801,56,100,-0.0549182,0.0846324,False
rs5752801,56,101,-0.0477387,0.13702,False
rs5752801,56,102,-0.0555169,0.0865312,False
rs5752801,56,103,-0.0546081,0.0943708,False
rs5752801,56,104,-0.0583442,0.0765047,False
rs5752801,56,105,-0.0594085,0.0743768,False
rs5752801,56,106,-0.0625357,0.0630911,False
rs5752801,56,107,-0.0645405,0.0582116,False
rs5752801,56,108,-0.057075,0.0982431,False
rs5752801,56,109,-0.0614153,0.0793979,False
rs5752801,56,110,-0.0745463,0.0361542,False
rs5752801,56,111,-0.0639974,0.0773777,False
rs5752801,56,112,-0.0632238,0.0867307,False
rs5752801,56,113,-0.0635969,0.0907882,False
rs5752801,56,114,-0.0665333,0.0829133,False
rs5752801,56,115,-0.0644423,0.100163,False
rs5752801,56,116,-0.0599806,0.133979,False
rs5752801,56,117,-0.0682152,0.0950424,False
rs5752801,56,118,-0.062804,0.132062,False
rs5752801,56,119,-0.0525738,0.216157,False
rs5752801,56,120,-0.0530927,0.219976,False
rs5752801,56,121,-0.0615013,0.161885,False
rs5752801,56,122,-0.0630229,0.157333,False
rs5752801,56,123,-0.057957,0.198559,False
rs5752801,56,124,-0.0636507,0.162459,False
rs5752801,56,125,-0.0657389,0.152001,False
rs5752801,56,126,-0.0614889,0.182139,False
rs5752801,56,127,-0.0621671,0.178726,False
rs5752801,56,128,-0.0681677,0.140641,False
rs5752801,56,129,-0.0747721,0.105991,False
rs5752801,56,130,-0.0778109,0.0912411,False
rs5752801,56,131,-0.074555,0.104367,False
rs5752801,56,132,-0.0658017,0.149067,False
rs5752801,56,133,-0.0770016,0.0889036,False
rs5752801,56,134,-0.0724929,0.106057,False
rs5752801,56,135,-0.0790523,0.0751601,False
rs5752801,56,136,-0.0823104,0.0604933,False
rs5752801,56,137,-0.0878929,0.0421105,False
rs5752801,56,138,-0.0886935,0.037759,False
rs5752801,56,139,-0.0896701,0.0331541,False
rs5752801,56,140,-0.0891309,0.0317805,False
rs5752801,56,141,-0.0850935,0.0374976,False
rs5752801,56,142,-0.0978288,0.0153333,False
rs5752801,56,143,-0.0908884,0.0224216,False
rs5752801,56,144,-0.0972613,0.013358,False
rs5752801,56,145,-0.100811,0.00935921,False
rs5752801,56,146,-0.0925509,0.0158888,False
rs5752801,56,147,-0.0934338,0.0137529,False
rs5752801,56,148,-0.102892,0.0060176,False
rs5752801,56,149,-0.0980634,0.00821139,False
rs5752801,56,150,-0.0874487,0.0171152,False
rs5752801,56,151,-0.0986833,0.0066403,False
rs5752801,56,152,-0.0896958,0.0127739,False
rs5752801,56,153,-0.0904637,0.0112417,False
rs5752801,56,154,-0.0958217,0.00670102,False
rs5752801,56,155,-0.0910228,0.0093337,False
rs5752801,56,156,-0.0856548,0.013657,False
rs5752801,56,157,-0.0937568,0.00646044,False
rs5752801,56,158,-0.084527,0.0134054,False
rs5752801,56,159,-0.0856425,0.0116776,False
rs5752801,56,160,-0.0875758,0.00937416,False
rs5752801,56,161,-0.0864617,0.00962354,False
rs5752801,56,162,-0.0914396,0.00590653,False
rs5752801,56,163,-0.0931356,0.00478421,False
rs5752801,56,164,-0.0858034,0.00900556,False
rs5752801,56,165,-0.0854072,0.00906374,False
rs5752801,56,166,-0.0839329,0.0100056,False
rs5752801,56,167,-0.0738247,0.0231602,False
rs5752801,56,168,-0.0836409,0.0100463,False
rs5752801,56,169,-0.0820777,0.0113073,False
rs5752801,56,170,-0.0907655,0.00499988,False
rs5752801,56,171,-0.0908606,0.00498639,False
rs5752801,56,172,-0.0909461,0.0049249,False
rs5752801,56,173,-0.0856751,0.00808307,False
rs5752801,56,174,-0.0804536,0.0130846,False
rs5752801,56,175,-0.0812359,0.0123035,False
rs5752801,56,176,-0.0834392,0.0102242,False
rs5752801,56,177,-0.0871638,0.00742631,False
rs5752801,56,178,-0.0818562,0.0121017,False
rs5752801,56,179,-0.0818541,0.0123247,False
rs5752801,56,180,-0.0890788,0.00652683,False
rs5752801,56,181,-0.0910461,0.00567546,False
rs5752801,56,182,-0.0838605,0.0109772,False
rs5752801,56,183,-0.0759286,0.0216094,False
rs5752801,56,184,-0.0797494,0.0160405,False
rs5752801,56,185,-0.0759734,0.0222279,False
rs5752801,56,186,-0.0717658,0.0310055,False
rs5752801,56,187,-0.0698646,0.0360544,False
rs5752801,56,188,-0.0812021,0.0150454,False
rs5752801,56,189,-0.085285,0.0107943,False
rs5752801,56,190,-0.078121,0.0198798,False
rs5752801,56,191,-0.074934,0.025629,False
rs5752801,56,192,-0.0689422,0.0404296,False
rs5752801,56,193,-0.0737801,0.0285378,False
rs5752801,56,194,-0.0756424,0.0249802,False
rs5752801,56,195,-0.0774595,0.0217447,False
rs5752801,56,196,-0.0815992,0.0157183,False
rs5752801,56,197,-0.0793458,0.0191568,False
rs5752801,56,198,-0.0713345,0.0350907,False
rs5752801,56,199,-0.0731102,0.0310199,False
rs5752801,56,200,-0.0739226,0.0293271,False
rs5752801,56,201,-0.0680269,0.0450428,False
rs5752801,56,202,-0.0699718,0.0391241,False
rs5752801,56,203,-0.0691924,0.0414962,False
rs5752801,56,204,-0.0624245,0.0658784,False
rs5752801,56,205,-0.0584908,0.085082,False
rs5752801,56,206,-0.0614921,0.0698731,False
rs5752801,56,207,-0.0665833,0.0495295,False
rs5752801,56,208,-0.0637853,0.0600253,False
rs5752801,56,209,-0.0544301,0.108584,False
rs5752801,56,210,-0.0588806,0.0818654,False
rs5752801,56,211,-0.0488648,0.148928,False
rs5752801,56,212,-0.048779,0.150034,False
rs5752801,56,213,-0.0495932,0.143143,False
rs5752801,56,214,-0.0466719,0.168284,False
rs5752801,56,215,-0.0448182,0.18628,False
rs5752801,56,216,-0.0403207,0.233951,False
rs5752801,56,217,-0.0522842,0.122528,False
rs5752801,56,218,-0.052541,0.120816,False
rs5752801,56,219,-0.0510407,0.132011,False
rs5752801,56,220,-0.0485675,0.151968,False
rs5752801,56,221,-0.0511754,0.131159,False
rs5752801,56,222,-0.0522966,0.123933,False
rs5752801,56,223,-0.0523923,0.123543,False
rs5752801,56,224,-0.0515866,0.130118,False
rs5752801,56,225,-0.0519491,0.1283,False
rs5752801,56,226,-0.053034,0.120927,False
rs5752801,56,227,-0.0536798,0.117247,False
rs5752801,56,228,-0.045518,0.185424,False
rs5752801,56,229,-0.0441686,0.199741,False
rs5752801,56,230,-0.0451735,0.191155,False
rs5752801,56,231,-0.0473318,0.172561,False
rs5752801,56,232,-0.0508008,0.145023,False
rs5752801,56,233,-0.0452642,0.195735,False
rs5752801,56,234,-0.0456976,0.194131,False
rs5752801,56,235,-0.0463505,0.190351,False
rs5752801,56,236,-0.0508158,0.152679,False
rs5752801,56,237,-0.0457256,0.200753,False
rs5752801,56,238,-0.0508253,0.157381,False
rs5752801,56,239,-0.0494432,0.171953,False
rs5752801,56,240,-0.0567146,0.119837,False
rs5752801,56,241,-0.0536971,0.143516,False
rs5752801,56,242,-0.0419094,0.257529,False
rs5752801,56,243,-0.0490942,0.188616,False
rs5752801,56,244,-0.0494446,0.190625,False
rs5752801,56,245,-0.0570098,0.136222,False
rs5752801,56,246,-0.0542975,0.161706,False
rs5752801,56,247,-0.0589996,0.134185,False
rs5752801,56,248,-0.0608027,0.129969,False
rs5752801,56,249,-0.0725039,0.0766109,False
rs5752801,56,250,-0.0612291,0.142859,False
rs5752801,56,251,-0.0643551,0.131018,False
rs5752801,57,6,0.00145824,0.958551,False
rs5752801,57,7,0.0031852,0.908877,False
rs5752801,57,8,-0.000418124,0.987902,False
rs5752801,57,9,-0.00226776,0.933731,False
rs5752801,57,10,-0.00662543,0.806476,False
rs5752801,57,11,-0.0101068,0.706686,False
rs5752801,57,12,-0.0131213,0.623837,False
rs5752801,57,13,-0.0195167,0.463317,False
rs5752801,57,14,-0.0121111,0.647858,False
rs5752801,57,15,-0.0208874,0.430208,False
rs5752801,57,16,-0.0265265,0.315762,False
rs5752801,57,17,-0.02365,0.371708,False
rs5752801,57,18,-0.0158207,0.550776,False
rs5752801,57,19,-0.0197206,0.457,False
rs5752801,57,20,-0.0338233,0.20353,False
rs5752801,57,21,-0.0265146,0.32024,False
rs5752801,57,22,-0.0273105,0.308352,False
rs5752801,57,23,-0.0284152,0.290074,False
rs5752801,57,24,-0.026863,0.318942,False
rs5752801,57,25,-0.0304967,0.260622,False
rs5752801,57,26,-0.0277272,0.307931,False
rs5752801,57,27,-0.017165,0.529545,False
rs5752801,57,28,-0.0320446,0.242045,False
rs5752801,57,29,-0.0314664,0.253575,False
rs5752801,57,30,-0.0335135,0.225172,False
rs5752801,57,31,-0.0279403,0.313706,False
rs5752801,57,32,-0.0329781,0.236083,False
rs5752801,57,33,-0.0335455,0.229915,False
rs5752801,57,34,-0.0347868,0.215964,False
rs5752801,57,35,-0.0312117,0.270202,False
rs5752801,57,36,-0.038218,0.178445,False
rs5752801,57,37,-0.0484812,0.0895604,False
rs5752801,57,38,-0.0360696,0.208887,False
rs5752801,57,39,-0.0344188,0.232988,False
rs5752801,57,40,-0.0400198,0.167726,False
rs5752801,57,41,-0.04191,0.150991,False
rs5752801,57,42,-0.0419119,0.153271,False
rs5752801,57,43,-0.0396646,0.178497,False
rs5752801,57,44,-0.0378889,0.201602,False
rs5752801,57,45,-0.0520058,0.0811232,False
rs5752801,57,46,-0.0389175,0.194016,False
rs5752801,57,47,-0.038649,0.199553,False
rs5752801,57,48,-0.0362842,0.230586,False
rs5752801,57,49,-0.047038,0.121011,False
rs5752801,57,50,-0.0385981,0.205526,False
rs5752801,57,51,-0.0411287,0.178628,False
rs5752801,57,52,-0.0432893,0.158501,False
rs5752801,57,53,-0.047958,0.118897,False
rs5752801,57,54,-0.0468588,0.129193,False
rs5752801,57,55,-0.053442,0.0842342,False
rs5752801,57,56,-0.0457127,0.140596,False
rs5752801,57,57,-0.0599828,0.0537869,False
rs5752801,57,58,-0.0645148,0.0383499,False
rs5752801,57,59,-0.0634671,0.0418803,False
rs5752801,57,60,-0.0647892,0.0377301,False
rs5752801,57,61,-0.06839,0.0286231,False
rs5752801,57,62,-0.0673802,0.0310998,False
rs5752801,57,63,-0.0680713,0.0293798,False
rs5752801,57,64,-0.0644331,0.0394878,False
rs5752801,57,65,-0.0564724,0.0707544,False
rs5752801,57,66,-0.0592554,0.0581183,False
rs5752801,57,67,-0.0575539,0.0655705,False
rs5752801,57,68,-0.0612699,0.049636,False
rs5752801,57,69,-0.0600755,0.0540691,False
rs5752801,57,70,-0.065087,0.0365126,False
rs5752801,57,71,-0.0725397,0.0196642,False
rs5752801,57,72,-0.0568694,0.0672309,False
rs5752801,57,73,-0.0687099,0.0268594,False
rs5752801,57,74,-0.0641622,0.0381437,False
rs5752801,57,75,-0.0573781,0.0636347,False
rs5752801,57,76,-0.0649474,0.0352858,False
rs5752801,57,77,-0.0551231,0.0734806,False
rs5752801,57,78,-0.046995,0.127467,False
rs5752801,57,79,-0.0485414,0.114397,False
rs5752801,57,80,-0.0423321,0.167437,False
rs5752801,57,81,-0.0486415,0.112309,False
rs5752801,57,82,-0.0534524,0.0811472,False
rs5752801,57,83,-0.0641682,0.0359582,False
rs5752801,57,84,-0.050258,0.100052,False
rs5752801,57,85,-0.0450772,0.140109,False
rs5752801,57,86,-0.0557079,0.0682776,False
rs5752801,57,87,-0.0523931,0.0868872,False
rs5752801,57,88,-0.0491251,0.10846,False
rs5752801,57,89,-0.0505417,0.0993924,False
rs5752801,57,90,-0.0526468,0.0863465,False
rs5752801,57,91,-0.0457469,0.136889,False
rs5752801,57,92,-0.0377749,0.221356,False
rs5752801,57,93,-0.0462346,0.135601,False
rs5752801,57,94,-0.0467308,0.13286,False
rs5752801,57,95,-0.0420602,0.178073,False
rs5752801,57,96,-0.0547865,0.0805432,False
rs5752801,57,97,-0.0520038,0.099364,False
rs5752801,57,98,-0.0616744,0.0517666,False
rs5752801,57,99,-0.0598893,0.0610592,False
rs5752801,57,100,-0.0573434,0.0746147,False
rs5752801,57,101,-0.0478209,0.140636,False
rs5752801,57,102,-0.0609825,0.062738,False
rs5752801,57,103,-0.0574293,0.0825704,False
rs5752801,57,104,-0.0572089,0.086781,False
rs5752801,57,105,-0.0589113,0.0815468,False
rs5752801,57,106,-0.0579583,0.0909072,False
rs5752801,57,107,-0.0607577,0.0800895,False
rs5752801,57,108,-0.0730692,0.0383248,False
rs5752801,57,109,-0.0641652,0.0739813,False
rs5752801,57,110,-0.066915,0.0668073,False
rs5752801,57,111,-0.0726405,0.0510177,False
rs5752801,57,112,-0.0643939,0.0914102,False
rs5752801,57,113,-0.0748386,0.0545468,False
rs5752801,57,114,-0.069186,0.0825328,False
rs5752801,57,115,-0.0567537,0.164002,False
rs5752801,57,116,-0.057477,0.167991,False
rs5752801,57,117,-0.053762,0.206983,False
rs5752801,57,118,-0.0469641,0.279949,False
rs5752801,57,119,-0.0553144,0.21125,False
rs5752801,57,120,-0.0507818,0.258414,False
rs5752801,57,121,-0.0504927,0.26786,False
rs5752801,57,122,-0.0474055,0.303324,False
rs5752801,57,123,-0.0493616,0.288537,False
rs5752801,57,124,-0.0520624,0.26607,False
rs5752801,57,125,-0.0377381,0.422891,False
rs5752801,57,126,-0.0335444,0.47758,False
rs5752801,57,127,-0.0430296,0.362505,False
rs5752801,57,128,-0.036883,0.435306,False
rs5752801,57,129,-0.0462637,0.32734,False
rs5752801,57,130,-0.0484428,0.30429,False
rs5752801,57,131,-0.05026,0.284592,False
rs5752801,57,132,-0.058594,0.209719,False
rs5752801,57,133,-0.0545669,0.239886,False
rs5752801,57,134,-0.063451,0.169053,False
rs5752801,57,135,-0.0621117,0.173987,False
rs5752801,57,136,-0.074023,0.101308,False
rs5752801,57,137,-0.0794961,0.0754681,False
rs5752801,57,138,-0.0847437,0.0545475,False
rs5752801,57,139,-0.0955423,0.0279541,False
rs5752801,57,140,-0.0935977,0.0288642,False
rs5752801,57,141,-0.0879125,0.0370643,False
rs5752801,57,142,-0.0948093,0.0225362,False
rs5752801,57,143,-0.102392,0.0123808,False
rs5752801,57,144,-0.0996244,0.0135919,False
rs5752801,57,145,-0.104079,0.00894104,False
rs5752801,57,146,-0.104419,0.00775952,False
rs5752801,57,147,-0.104455,0.00707364,False
rs5752801,57,148,-0.0942541,0.0138033,False
rs5752801,57,149,-0.107456,0.0045509,False
rs5752801,57,150,-0.0954346,0.0107477,False
rs5752801,57,151,-0.0913691,0.0137161,False
rs5752801,57,152,-0.0903864,0.0136682,False
rs5752801,57,153,-0.0931366,0.010311,False
rs5752801,57,154,-0.0839318,0.0195747,False
rs5752801,57,155,-0.0916468,0.0100635,False
rs5752801,57,156,-0.0829399,0.0189507,False
rs5752801,57,157,-0.0898558,0.0101912,False
rs5752801,57,158,-0.0873629,0.0116729,False
rs5752801,57,159,-0.0877949,0.010641,False
rs5752801,57,160,-0.0918819,0.00705523,False
rs5752801,57,161,-0.0899714,0.00785867,False
rs5752801,57,162,-0.0862603,0.0102755,False
rs5752801,57,163,-0.0839855,0.0118735,False
rs5752801,57,164,-0.0878141,0.00823278,False
rs5752801,57,165,-0.0875033,0.00804477,False
rs5752801,57,166,-0.0897922,0.00628267,False
rs5752801,57,167,-0.0820157,0.0123778,False
rs5752801,57,168,-0.0996974,0.0022694,False
rs5752801,57,169,-0.102873,0.00158375,False
rs5752801,57,170,-0.0949524,0.00348842,False
rs5752801,57,171,-0.0919461,0.00461663,False
rs5752801,57,172,-0.0856187,0.00839503,False
rs5752801,57,173,-0.0843047,0.00936057,False
rs5752801,57,174,-0.0849652,0.00876755,False
rs5752801,57,175,-0.0909934,0.00497897,False
rs5752801,57,176,-0.0974254,0.00265408,False
rs5752801,57,177,-0.0984123,0.0024522,False
rs5752801,57,178,-0.085346,0.00884246,False
rs5752801,57,179,-0.0827956,0.0112059,False
rs5752801,57,180,-0.0836142,0.0106326,False
rs5752801,57,181,-0.0865878,0.00833687,False
rs5752801,57,182,-0.0922092,0.00506565,False
rs5752801,57,183,-0.0942992,0.00422348,False
rs5752801,57,184,-0.0882281,0.00754146,False
rs5752801,57,185,-0.0843373,0.0109144,False
rs5752801,57,186,-0.0812783,0.0144389,False
rs5752801,57,187,-0.0803716,0.0156319,False
rs5752801,57,188,-0.0816804,0.0143261,False
rs5752801,57,189,-0.0769756,0.0211915,False
rs5752801,57,190,-0.0743959,0.0262172,False
rs5752801,57,191,-0.0832016,0.0131468,False
rs5752801,57,192,-0.0739407,0.0278003,False
rs5752801,57,193,-0.0695353,0.0389872,False
rs5752801,57,194,-0.0678224,0.0443407,False
rs5752801,57,195,-0.0713021,0.0347503,False
rs5752801,57,196,-0.0764245,0.0237208,False
rs5752801,57,197,-0.0730387,0.0308356,False
rs5752801,57,198,-0.062288,0.0656396,False
rs5752801,57,199,-0.073858,0.0291946,False
rs5752801,57,200,-0.0709437,0.0365224,False
rs5752801,57,201,-0.0717285,0.03466,False
rs5752801,57,202,-0.068023,0.0453639,False
rs5752801,57,203,-0.0599513,0.0776352,False
rs5752801,57,204,-0.0655874,0.0533499,False
rs5752801,57,205,-0.0647308,0.0563687,False
rs5752801,57,206,-0.0640464,0.0588661,False
rs5752801,57,207,-0.05917,0.0814743,False
rs5752801,57,208,-0.0614748,0.0698219,False
rs5752801,57,209,-0.0699231,0.0391071,False
rs5752801,57,210,-0.0631607,0.0621091,False
rs5752801,57,211,-0.0598595,0.0771147,False
rs5752801,57,212,-0.0540733,0.110124,False
rs5752801,57,213,-0.0569897,0.0918171,False
rs5752801,57,214,-0.060404,0.0743036,False
rs5752801,57,215,-0.0575675,0.0885995,False
rs5752801,57,216,-0.0560728,0.0972401,False
rs5752801,57,217,-0.0411525,0.224287,False
rs5752801,57,218,-0.0515623,0.127716,False
rs5752801,57,219,-0.0498292,0.140909,False
rs5752801,57,220,-0.0449037,0.185484,False
rs5752801,57,221,-0.0450689,0.183585,False
rs5752801,57,222,-0.0490536,0.148202,False
rs5752801,57,223,-0.0479786,0.157939,False
rs5752801,57,224,-0.050392,0.138814,False
rs5752801,57,225,-0.0464019,0.173227,False
rs5752801,57,226,-0.0440036,0.197566,False
rs5752801,57,227,-0.0457447,0.181218,False
rs5752801,57,228,-0.0415596,0.225625,False
rs5752801,57,229,-0.0409362,0.234528,False
rs5752801,57,230,-0.0371352,0.282454,False
rs5752801,57,231,-0.0426168,0.219405,False
rs5752801,57,232,-0.0538486,0.121875,False
rs5752801,57,233,-0.0476563,0.172389,False
rs5752801,57,234,-0.0482517,0.169176,False
rs5752801,57,235,-0.0529043,0.133478,False
rs5752801,57,236,-0.0454758,0.199769,False
rs5752801,57,237,-0.0492162,0.166805,False
rs5752801,57,238,-0.0550393,0.124466,False
rs5752801,57,239,-0.0516399,0.151627,False
rs5752801,57,240,-0.0433573,0.232493,False
rs5752801,57,241,-0.0434887,0.234531,False
rs5752801,57,242,-0.0429391,0.244709,False
rs5752801,57,243,-0.0381181,0.306556,False
rs5752801,57,244,-0.0479334,0.20366,False
rs5752801,57,245,-0.0476724,0.211667,False
rs5752801,57,246,-0.041698,0.281514,False
rs5752801,57,247,-0.0443791,0.259195,False
rs5752801,57,248,-0.0438982,0.273229,False
rs5752801,57,249,-0.0439349,0.281697,False
rs5752801,57,250,-0.0427102,0.305016,False
rs5752801,57,251,-0.0389322,0.359806,False
rs5752801,58,6,0.0107698,0.703508,False
rs5752801,58,7,0.00206637,0.941218,False
rs5752801,58,8,0.000388639,0.988821,False
rs5752801,58,9,-0.000473237,0.986262,False
rs5752801,58,10,-0.0004103,0.987993,False
rs5752801,58,11,-0.00505086,0.851913,False
rs5752801,58,12,-0.00698666,0.795025,False
rs5752801,58,13,-0.00438253,0.869909,False
rs5752801,58,14,-0.00881665,0.741119,False
rs5752801,58,15,0.00329989,0.901441,False
rs5752801,58,16,-0.00258757,0.92264,False
rs5752801,58,17,-0.0160858,0.546225,False
rs5752801,58,18,-0.00576886,0.828576,False
rs5752801,58,19,-0.00948057,0.721988,False
rs5752801,58,20,-0.0186549,0.485782,False
rs5752801,58,21,-0.0121746,0.650276,False
rs5752801,58,22,-0.0182487,0.49813,False
rs5752801,58,23,-0.0222543,0.410101,False
rs5752801,58,24,-0.0169669,0.532073,False
rs5752801,58,25,-0.0218172,0.42325,False
rs5752801,58,26,-0.0224975,0.410898,False
rs5752801,58,27,-0.0336427,0.221142,False
rs5752801,58,28,-0.0273363,0.322126,False
rs5752801,58,29,-0.0247898,0.370235,False
rs5752801,58,30,-0.0201761,0.468693,False
rs5752801,58,31,-0.0288779,0.30218,False
rs5752801,58,32,-0.0397927,0.157531,False
rs5752801,58,33,-0.0415092,0.142542,False
rs5752801,58,34,-0.0257296,0.365995,False
rs5752801,58,35,-0.0320012,0.262652,False
rs5752801,58,36,-0.0375943,0.18995,False
rs5752801,58,37,-0.0288164,0.317312,False
rs5752801,58,38,-0.0381149,0.188378,False
rs5752801,58,39,-0.0348572,0.230542,False
rs5752801,58,40,-0.0291763,0.317703,False
rs5752801,58,41,-0.0366022,0.213099,False
rs5752801,58,42,-0.0330343,0.262897,False
rs5752801,58,43,-0.0401348,0.176493,False
rs5752801,58,44,-0.030817,0.301887,False
rs5752801,58,45,-0.0303958,0.31082,False
rs5752801,58,46,-0.0386985,0.199027,False
rs5752801,58,47,-0.0505573,0.0949644,False
rs5752801,58,48,-0.0407121,0.180614,False
rs5752801,58,49,-0.0468918,0.124785,False
rs5752801,58,50,-0.0542332,0.0770059,False
rs5752801,58,51,-0.0514397,0.0944766,False
rs5752801,58,52,-0.0427378,0.166131,False
rs5752801,58,53,-0.057086,0.0651315,False
rs5752801,58,54,-0.0536298,0.0841,False
rs5752801,58,55,-0.0557942,0.0731254,False
rs5752801,58,56,-0.060232,0.053344,False
rs5752801,58,57,-0.0704451,0.0240164,False
rs5752801,58,58,-0.0652463,0.0372412,False
rs5752801,58,59,-0.0712032,0.023326,False
rs5752801,58,60,-0.0595492,0.0576859,False
rs5752801,58,61,-0.0621507,0.0474416,False
rs5752801,58,62,-0.0606678,0.0532913,False
rs5752801,58,63,-0.068024,0.0304612,False
rs5752801,58,64,-0.0598879,0.0564808,False
rs5752801,58,65,-0.068478,0.0292485,False
rs5752801,58,66,-0.0720321,0.0216091,False
rs5752801,58,67,-0.0590913,0.0592057,False
rs5752801,58,68,-0.0590207,0.0591236,False
rs5752801,58,69,-0.049487,0.113708,False
rs5752801,58,70,-0.0544707,0.0815517,False
rs5752801,58,71,-0.0504779,0.105544,False
rs5752801,58,72,-0.0520215,0.0947235,False
rs5752801,58,73,-0.0587807,0.0584173,False
rs5752801,58,74,-0.0563239,0.0695664,False
rs5752801,58,75,-0.0593823,0.0547386,False
rs5752801,58,76,-0.0540576,0.0801736,False
rs5752801,58,77,-0.0538807,0.0805722,False
rs5752801,58,78,-0.055397,0.0724458,False
rs5752801,58,79,-0.05633,0.0667276,False
rs5752801,58,80,-0.0609389,0.0473544,False
rs5752801,58,81,-0.0540978,0.0779834,False
rs5752801,58,82,-0.0500347,0.102473,False
rs5752801,58,83,-0.0558071,0.0680122,False
rs5752801,58,84,-0.0612878,0.045536,False
rs5752801,58,85,-0.0563192,0.0662626,False
rs5752801,58,86,-0.0523728,0.0875585,False
rs5752801,58,87,-0.0415514,0.176094,False
rs5752801,58,88,-0.0493481,0.107989,False
rs5752801,58,89,-0.0570629,0.0635417,False
rs5752801,58,90,-0.0550335,0.0744522,False
rs5752801,58,91,-0.0534127,0.0840845,False
rs5752801,58,92,-0.0495007,0.110624,False
rs5752801,58,93,-0.0476922,0.125816,False
rs5752801,58,94,-0.0492815,0.115453,False
rs5752801,58,95,-0.058292,0.0638759,False
rs5752801,58,96,-0.0518666,0.101005,False
rs5752801,58,97,-0.0442463,0.16377,False
rs5752801,58,98,-0.0468359,0.142983,False
rs5752801,58,99,-0.0521026,0.106067,False
rs5752801,58,100,-0.0551096,0.0904443,False
rs5752801,58,101,-0.0487566,0.137157,False
rs5752801,58,102,-0.0495002,0.134143,False
rs5752801,58,103,-0.0513472,0.12501,False
rs5752801,58,104,-0.0521183,0.123461,False
rs5752801,58,105,-0.0515848,0.1323,False
rs5752801,58,106,-0.0636589,0.067151,False
rs5752801,58,107,-0.0513759,0.145719,False
rs5752801,58,108,-0.0513237,0.153576,False
rs5752801,58,109,-0.0635484,0.0834999,False
rs5752801,58,110,-0.0544878,0.146057,False
rs5752801,58,111,-0.0586655,0.126355,False
rs5752801,58,112,-0.0644964,0.100345,False
rs5752801,58,113,-0.0596388,0.138114,False
rs5752801,58,114,-0.0516978,0.209904,False
rs5752801,58,115,-0.048456,0.250541,False
rs5752801,58,116,-0.0528399,0.220147,False
rs5752801,58,117,-0.0496438,0.258617,False
rs5752801,58,118,-0.0415166,0.352725,False
rs5752801,58,119,-0.0343504,0.448278,False
rs5752801,58,120,-0.0293303,0.521442,False
rs5752801,58,121,-0.0260164,0.572689,False
rs5752801,58,122,-0.0249266,0.591254,False
rs5752801,58,123,-0.0164897,0.723591,False
rs5752801,58,124,-0.0111672,0.811205,False
rs5752801,58,125,-0.0111489,0.811935,False
rs5752801,58,126,-0.0171172,0.715386,False
rs5752801,58,127,-0.0153236,0.74417,False
rs5752801,58,128,-0.0181172,0.699611,False
rs5752801,58,129,-0.0250246,0.593798,False
rs5752801,58,130,-0.0229868,0.62388,False
rs5752801,58,131,-0.0286138,0.540676,False
rs5752801,58,132,-0.0380604,0.414986,False
rs5752801,58,133,-0.032571,0.484676,False
rs5752801,58,134,-0.0378638,0.415122,False
rs5752801,58,135,-0.0396114,0.391288,False
rs5752801,58,136,-0.0471801,0.304053,False
rs5752801,58,137,-0.0549935,0.226827,False
rs5752801,58,138,-0.053051,0.23844,False
rs5752801,58,139,-0.0694182,0.118999,False
rs5752801,58,140,-0.0604312,0.169196,False
rs5752801,58,141,-0.0734997,0.0896754,False
rs5752801,58,142,-0.087043,0.0411521,False
rs5752801,58,143,-0.0814705,0.0522957,False
rs5752801,58,144,-0.0824765,0.0457039,False
rs5752801,58,145,-0.087669,0.0311375,False
rs5752801,58,146,-0.0868994,0.030151,False
rs5752801,58,147,-0.0925685,0.0191415,False
rs5752801,58,148,-0.0887133,0.0228101,False
rs5752801,58,149,-0.088662,0.0211733,False
rs5752801,58,150,-0.100053,0.00847378,False
rs5752801,58,151,-0.0921727,0.0141612,False
rs5752801,58,152,-0.0970292,0.00901313,False
rs5752801,58,153,-0.0972355,0.00819191,False
rs5752801,58,154,-0.0862408,0.0177246,False
rs5752801,58,155,-0.0845489,0.018804,False
rs5752801,58,156,-0.0873719,0.0143226,False
rs5752801,58,157,-0.0924901,0.00884426,False
rs5752801,58,158,-0.0980112,0.00516294,False
rs5752801,58,159,-0.0928388,0.00743269,False
rs5752801,58,160,-0.0876975,0.0107475,False
rs5752801,58,161,-0.0754554,0.0271773,False
rs5752801,58,162,-0.0838261,0.0132909,False
rs5752801,58,163,-0.0875447,0.00921964,False
rs5752801,58,164,-0.0856861,0.0103208,False
rs5752801,58,165,-0.0922392,0.00552013,False
rs5752801,58,166,-0.0891358,0.00703467,False
rs5752801,58,167,-0.0917715,0.00526152,False
rs5752801,58,168,-0.0921327,0.00487338,False
rs5752801,58,169,-0.087227,0.00750235,False
rs5752801,58,170,-0.0902587,0.00559612,False
rs5752801,58,171,-0.0961018,0.00315163,False
rs5752801,58,172,-0.0954587,0.00326057,False
rs5752801,58,173,-0.0843115,0.00930008,False
rs5752801,58,174,-0.0850967,0.00872381,False
rs5752801,58,175,-0.0926805,0.00428803,False
rs5752801,58,176,-0.0896542,0.00575839,False
rs5752801,58,177,-0.079428,0.0145051,False
rs5752801,58,178,-0.0839625,0.00994517,False
rs5752801,58,179,-0.0760102,0.019868,False
rs5752801,58,180,-0.0809482,0.0133589,False
rs5752801,58,181,-0.0855538,0.0090668,False
rs5752801,58,182,-0.0841197,0.0104468,False
rs5752801,58,183,-0.0849387,0.00990093,False
rs5752801,58,184,-0.07965,0.0157537,False
rs5752801,58,185,-0.0810497,0.0142483,False
rs5752801,58,186,-0.0761085,0.0217725,False
rs5752801,58,187,-0.0819911,0.013563,False
rs5752801,58,188,-0.0711726,0.0326111,False
rs5752801,58,189,-0.0697237,0.0365421,False
rs5752801,58,190,-0.0744913,0.0257974,False
rs5752801,58,191,-0.0780606,0.0200617,False
rs5752801,58,192,-0.0697978,0.0376703,False
rs5752801,58,193,-0.0752712,0.0253101,False
rs5752801,58,194,-0.0735466,0.0291269,False
rs5752801,58,195,-0.0726483,0.0313366,False
rs5752801,58,196,-0.0654607,0.0528159,False
rs5752801,58,197,-0.0677003,0.0455416,False
rs5752801,58,198,-0.0744371,0.0281241,False
rs5752801,58,199,-0.0630588,0.063497,False
rs5752801,58,200,-0.0704304,0.0381448,False
rs5752801,58,201,-0.0657461,0.0532284,False
rs5752801,58,202,-0.0666543,0.0499371,False
rs5752801,58,203,-0.0551671,0.104512,False
rs5752801,58,204,-0.0511436,0.132907,False
rs5752801,58,205,-0.0590772,0.0824138,False
rs5752801,58,206,-0.0609188,0.0734585,False
rs5752801,58,207,-0.0536589,0.11498,False
rs5752801,58,208,-0.0500117,0.141664,False
rs5752801,58,209,-0.0478181,0.159921,False
rs5752801,58,210,-0.0458673,0.177253,False
rs5752801,58,211,-0.0459166,0.176206,False
rs5752801,58,212,-0.0486291,0.152247,False
rs5752801,58,213,-0.0480427,0.156724,False
rs5752801,58,214,-0.0378505,0.26406,False
rs5752801,58,215,-0.0442977,0.191179,False
rs5752801,58,216,-0.0455383,0.179068,False
rs5752801,58,217,-0.0503929,0.137015,False
rs5752801,58,218,-0.04502,0.184673,False
rs5752801,58,219,-0.039299,0.246824,False
rs5752801,58,220,-0.0352377,0.298883,False
rs5752801,58,221,-0.0401585,0.236856,False
rs5752801,58,222,-0.0408096,0.229514,False
rs5752801,58,223,-0.0378659,0.266073,False
rs5752801,58,224,-0.0518814,0.12779,False
rs5752801,58,225,-0.0549108,0.10801,False
rs5752801,58,226,-0.0446093,0.192282,False
rs5752801,58,227,-0.0402595,0.24041,False
rs5752801,58,228,-0.0497118,0.148061,False
rs5752801,58,229,-0.0491232,0.153948,False
rs5752801,58,230,-0.049009,0.156069,False
rs5752801,58,231,-0.0522025,0.132499,False
rs5752801,58,232,-0.0490072,0.15949,False
rs5752801,58,233,-0.0530138,0.129337,False
rs5752801,58,234,-0.0618967,0.0778277,False
rs5752801,58,235,-0.0535114,0.129484,False
rs5752801,58,236,-0.0527962,0.136019,False
rs5752801,58,237,-0.0527548,0.13906,False
rs5752801,58,238,-0.0567817,0.113605,False
rs5752801,58,239,-0.0643069,0.0748456,False
rs5752801,58,240,-0.0700118,0.0540338,False
rs5752801,58,241,-0.0585717,0.109814,False
rs5752801,58,242,-0.0592273,0.108846,False
rs5752801,58,243,-0.0610951,0.101125,False
rs5752801,58,244,-0.0646014,0.0868401,False
rs5752801,58,245,-0.0702081,0.065956,False
rs5752801,58,246,-0.0659891,0.0880998,False
rs5752801,58,247,-0.0576481,0.142306,False
rs5752801,58,248,-0.0530989,0.183699,False
rs5752801,58,249,-0.0603225,0.138704,False
rs5752801,58,250,-0.0597452,0.150376,False
rs5752801,58,251,-0.0549167,0.19529,False
rs5752801,59,6,-0.00409619,0.886102,False
rs5752801,59,7,0.000155911,0.995602,False
rs5752801,59,8,-0.0101716,0.716708,False
rs5752801,59,9,-0.0187622,0.497667,False
rs5752801,59,10,-0.0082039,0.764809,False
rs5752801,59,11,-0.012801,0.63734,False
rs5752801,59,12,-0.0138495,0.609301,False
rs5752801,59,13,-0.0252316,0.350135,False
rs5752801,59,14,-0.0267322,0.319998,False
rs5752801,59,15,-0.0160796,0.549728,False
rs5752801,59,16,-0.00919718,0.731639,False
rs5752801,59,17,-0.0224368,0.401717,False
rs5752801,59,18,-0.00978663,0.714955,False
rs5752801,59,19,-0.0203455,0.448594,False
rs5752801,59,20,-0.023751,0.376761,False
rs5752801,59,21,-0.0187953,0.485516,False
rs5752801,59,22,-0.0173747,0.520803,False
rs5752801,59,23,-0.0239122,0.37742,False
rs5752801,59,24,-0.0137864,0.611963,False
rs5752801,59,25,-0.0217524,0.425596,False
rs5752801,59,26,-0.0165901,0.545021,False
rs5752801,59,27,-0.0198045,0.4722,False
rs5752801,59,28,-0.0272772,0.323643,False
rs5752801,59,29,-0.0323263,0.244506,False
rs5752801,59,30,-0.0268273,0.335945,False
rs5752801,59,31,-0.0266037,0.34245,False
rs5752801,59,32,-0.0302653,0.281358,False
rs5752801,59,33,-0.0290643,0.304173,False
rs5752801,59,34,-0.0274484,0.334535,False
rs5752801,59,35,-0.0346885,0.224706,False
rs5752801,59,36,-0.0366112,0.202441,False
rs5752801,59,37,-0.0291971,0.312425,False
rs5752801,59,38,-0.0353268,0.223575,False
rs5752801,59,39,-0.0399265,0.171038,False
rs5752801,59,40,-0.0430225,0.14214,False
rs5752801,59,41,-0.0458196,0.12006,False
rs5752801,59,42,-0.0453214,0.126209,False
rs5752801,59,43,-0.0523607,0.0783624,False
rs5752801,59,44,-0.0498026,0.0960835,False
rs5752801,59,45,-0.0476111,0.113695,False
rs5752801,59,46,-0.0548999,0.0688686,False
rs5752801,59,47,-0.0578596,0.0563612,False
rs5752801,59,48,-0.0567279,0.0627203,False
rs5752801,59,49,-0.059719,0.051509,False
rs5752801,59,50,-0.060458,0.0496064,False
rs5752801,59,51,-0.0607564,0.0489771,False
rs5752801,59,52,-0.0585067,0.059261,False
rs5752801,59,53,-0.0556699,0.073478,False
rs5752801,59,54,-0.0540421,0.0826519,False
rs5752801,59,55,-0.0672637,0.0312196,False
rs5752801,59,56,-0.0698108,0.0257444,False
rs5752801,59,57,-0.057694,0.0661156,False
rs5752801,59,58,-0.0640829,0.0413799,False
rs5752801,59,59,-0.0694926,0.0269293,False
rs5752801,59,60,-0.0638293,0.0422362,False
rs5752801,59,61,-0.0654259,0.0376198,False
rs5752801,59,62,-0.0694479,0.0272302,False
rs5752801,59,63,-0.0591691,0.059915,False
rs5752801,59,64,-0.0645256,0.04018,False
rs5752801,59,65,-0.065475,0.0373989,False
rs5752801,59,66,-0.0585829,0.0622,False
rs5752801,59,67,-0.0620505,0.0477801,False
rs5752801,59,68,-0.0654146,0.036752,False
rs5752801,59,69,-0.0609754,0.051612,False
rs5752801,59,70,-0.0518333,0.0977914,False
rs5752801,59,71,-0.0578309,0.0640054,False
rs5752801,59,72,-0.0410622,0.186855,False
rs5752801,59,73,-0.0398035,0.200431,False
rs5752801,59,74,-0.0549899,0.0759265,False
rs5752801,59,75,-0.0561027,0.0699514,False
rs5752801,59,76,-0.0537186,0.0821796,False
rs5752801,59,77,-0.0492512,0.109937,False
rs5752801,59,78,-0.0579152,0.0601008,False
rs5752801,59,79,-0.0737258,0.0166097,False
rs5752801,59,80,-0.0581017,0.0589845,False
rs5752801,59,81,-0.0595536,0.0524558,False
rs5752801,59,82,-0.0648416,0.0346384,False
rs5752801,59,83,-0.0555054,0.0708604,False
rs5752801,59,84,-0.0555551,0.0703467,False
rs5752801,59,85,-0.0509702,0.0971653,False
rs5752801,59,86,-0.0576066,0.0603307,False
rs5752801,59,87,-0.0570271,0.0634634,False
rs5752801,59,88,-0.0592035,0.0546621,False
rs5752801,59,89,-0.0557551,0.0709685,False
rs5752801,59,90,-0.0554465,0.0729716,False
rs5752801,59,91,-0.0491924,0.113089,False
rs5752801,59,92,-0.0390304,0.210203,False
rs5752801,59,93,-0.0488637,0.117796,False
rs5752801,59,94,-0.0543212,0.0836423,False
rs5752801,59,95,-0.0480314,0.128509,False
rs5752801,59,96,-0.0446466,0.159977,False
rs5752801,59,97,-0.0460951,0.149835,False
rs5752801,59,98,-0.0546834,0.0897859,False
rs5752801,59,99,-0.051235,0.11475,False
rs5752801,59,100,-0.037923,0.2472,False
rs5752801,59,101,-0.0446228,0.178126,False
rs5752801,59,102,-0.0450323,0.178565,False
rs5752801,59,103,-0.0516302,0.127555,False
rs5752801,59,104,-0.0586235,0.0877388,False
rs5752801,59,105,-0.0532203,0.12674,False
rs5752801,59,106,-0.0396782,0.261975,False
rs5752801,59,107,-0.0528493,0.142688,False
rs5752801,59,108,-0.0479677,0.192564,False
rs5752801,59,109,-0.0563672,0.134446,False
rs5752801,59,110,-0.0466981,0.225329,False
rs5752801,59,111,-0.0532276,0.177658,False
rs5752801,59,112,-0.0580502,0.15158,False
rs5752801,59,113,-0.0351219,0.397133,False
rs5752801,59,114,-0.0403665,0.341116,False
rs5752801,59,115,-0.038612,0.37234,False
rs5752801,59,116,-0.0335178,0.445781,False
rs5752801,59,117,-0.0215065,0.629389,False
rs5752801,59,118,-0.0260541,0.563107,False
rs5752801,59,119,-0.0134571,0.766593,False
rs5752801,59,120,-0.00114627,0.97991,False
rs5752801,59,121,0.00127032,0.977792,False
rs5752801,59,122,0.0146425,0.748376,False
rs5752801,59,123,0.0185488,0.684773,False
rs5752801,59,124,0.0278601,0.541976,False
rs5752801,59,125,0.0219829,0.629949,False
rs5752801,59,126,0.0306109,0.502055,False
rs5752801,59,127,0.0335193,0.462744,False
rs5752801,59,128,0.033884,0.457425,False
rs5752801,59,129,0.0325246,0.475347,False
rs5752801,59,130,0.0305261,0.503043,False
rs5752801,59,131,0.0205988,0.651518,False
rs5752801,59,132,0.0192342,0.673418,False
rs5752801,59,133,0.0198383,0.664081,False
rs5752801,59,134,0.00872385,0.848581,False
rs5752801,59,135,0.00413454,0.927871,False
rs5752801,59,136,-0.00736503,0.871667,False
rs5752801,59,137,-0.00737278,0.87128,False
rs5752801,59,138,-0.014411,0.75055,False
rs5752801,59,139,-0.0199121,0.657971,False
rs5752801,59,140,-0.035218,0.429423,False
rs5752801,59,141,-0.0488075,0.26795,False
rs5752801,59,142,-0.0561959,0.195837,False
rs5752801,59,143,-0.0536971,0.210172,False
rs5752801,59,144,-0.0674537,0.109989,False
rs5752801,59,145,-0.0730907,0.0785467,False
rs5752801,59,146,-0.0795731,0.0513299,False
rs5752801,59,147,-0.0636015,0.114004,False
rs5752801,59,148,-0.0830212,0.0360695,False
rs5752801,59,149,-0.0775547,0.0469286,False
rs5752801,59,150,-0.0823032,0.0327135,False
rs5752801,59,151,-0.0885053,0.0198989,False
rs5752801,59,152,-0.0924699,0.0138511,False
rs5752801,59,153,-0.090178,0.0152209,False
rs5752801,59,154,-0.087836,0.0169508,False
rs5752801,59,155,-0.0831912,0.0221515,False
rs5752801,59,156,-0.0858399,0.0170886,False
rs5752801,59,157,-0.0805363,0.0238412,False
rs5752801,59,158,-0.0829672,0.0188493,False
rs5752801,59,159,-0.0755636,0.0308219,False
rs5752801,59,160,-0.0841392,0.0152927,False
rs5752801,59,161,-0.078299,0.0225201,False
rs5752801,59,162,-0.0830336,0.0148451,False
rs5752801,59,163,-0.075598,0.0254356,False
rs5752801,59,164,-0.0755777,0.0245431,False
rs5752801,59,165,-0.0782744,0.0190874,False
rs5752801,59,166,-0.0775373,0.0194581,False
rs5752801,59,167,-0.0771223,0.0194135,False
rs5752801,59,168,-0.0844495,0.0101289,False
rs5752801,59,169,-0.0888855,0.00663137,False
rs5752801,59,170,-0.076877,0.0184086,False
rs5752801,59,171,-0.0824883,0.0113049,False
rs5752801,59,172,-0.081366,0.0122785,False
rs5752801,59,173,-0.0881806,0.00657756,False
rs5752801,59,174,-0.0907042,0.0051864,False
rs5752801,59,175,-0.0884861,0.00635613,False
rs5752801,59,176,-0.0942386,0.00366446,False
rs5752801,59,177,-0.0883883,0.00649078,False
rs5752801,59,178,-0.0906153,0.00536706,False
rs5752801,59,179,-0.0856612,0.00854846,False
rs5752801,59,180,-0.0818769,0.0122055,False
rs5752801,59,181,-0.082823,0.0113714,False
rs5752801,59,182,-0.0886,0.00684039,False
rs5752801,59,183,-0.0861748,0.0087892,False
rs5752801,59,184,-0.0910985,0.00567084,False
rs5752801,59,185,-0.0867777,0.00860238,False
rs5752801,59,186,-0.0788571,0.0172665,False
rs5752801,59,187,-0.0829045,0.0124556,False
rs5752801,59,188,-0.0902155,0.00671616,False
rs5752801,59,189,-0.0833848,0.0122898,False
rs5752801,59,190,-0.0757587,0.0232285,False
rs5752801,59,191,-0.0767769,0.0219958,False
rs5752801,59,192,-0.0783733,0.0195965,False
rs5752801,59,193,-0.0670001,0.0459235,False
rs5752801,59,194,-0.0720496,0.0319323,False
rs5752801,59,195,-0.0752021,0.0254059,False
rs5752801,59,196,-0.0777784,0.0210081,False
rs5752801,59,197,-0.0730832,0.0304039,False
rs5752801,59,198,-0.0686506,0.0423474,False
rs5752801,59,199,-0.0581702,0.0858586,False
rs5752801,59,200,-0.0640375,0.0590457,False
rs5752801,59,201,-0.0626942,0.064877,False
rs5752801,59,202,-0.0708041,0.0369169,False
rs5752801,59,203,-0.066047,0.0514776,False
rs5752801,59,204,-0.0736205,0.0300362,False
rs5752801,59,205,-0.0643999,0.0580715,False
rs5752801,59,206,-0.0577275,0.0891039,False
rs5752801,59,207,-0.0507646,0.134892,False
rs5752801,59,208,-0.0602757,0.0756675,False
rs5752801,59,209,-0.0608362,0.0728426,False
rs5752801,59,210,-0.0539482,0.111594,False
rs5752801,59,211,-0.0623987,0.0657411,False
rs5752801,59,212,-0.063138,0.0619956,False
rs5752801,59,213,-0.059225,0.079735,False
rs5752801,59,214,-0.051649,0.126714,False
rs5752801,59,215,-0.0489595,0.147737,False
rs5752801,59,216,-0.045503,0.178533,False
rs5752801,59,217,-0.0441054,0.192638,False
rs5752801,59,218,-0.0480517,0.155562,False
rs5752801,59,219,-0.0520388,0.124373,False
rs5752801,59,220,-0.0459993,0.174269,False
rs5752801,59,221,-0.0465979,0.168816,False
rs5752801,59,222,-0.0450593,0.183607,False
rs5752801,59,223,-0.0416376,0.219912,False
rs5752801,59,224,-0.0504551,0.137346,False
rs5752801,59,225,-0.0481089,0.157396,False
rs5752801,59,226,-0.0456546,0.180502,False
rs5752801,59,227,-0.0471905,0.167087,False
rs5752801,59,228,-0.040184,0.24071,False
rs5752801,59,229,-0.0372083,0.278447,False
rs5752801,59,230,-0.0498259,0.148272,False
rs5752801,59,231,-0.0529839,0.125756,False
rs5752801,59,232,-0.0551003,0.112756,False
rs5752801,59,233,-0.059038,0.0905579,False
rs5752801,59,234,-0.0603226,0.0846865,False
rs5752801,59,235,-0.0599433,0.0886513,False
rs5752801,59,236,-0.060439,0.0876431,False
rs5752801,59,237,-0.0657804,0.0642661,False
rs5752801,59,238,-0.0661676,0.0644637,False
rs5752801,59,239,-0.0681833,0.0583986,False
rs5752801,59,240,-0.0744406,0.040103,False
rs5752801,59,241,-0.0738128,0.0434636,False
rs5752801,59,242,-0.0622689,0.0913233,False
rs5752801,59,243,-0.0658429,0.0766001,False
rs5752801,59,244,-0.0683435,0.0690862,False
rs5752801,59,245,-0.0783548,0.0397302,False
rs5752801,59,246,-0.0814826,0.0350419,False
rs5752801,59,247,-0.0870533,0.0265833,False
rs5752801,59,248,-0.075382,0.0589247,False
rs5752801,59,249,-0.0774827,0.0568727,False
rs5752801,59,250,-0.0815123,0.0495973,False
rs5752801,59,251,-0.0746747,0.0780151,False
rs5752801,60,6,-0.00749148,0.793615,False
rs5752801,60,7,-0.00771902,0.785277,False
rs5752801,60,8,-0.00184785,0.947342,False
rs5752801,60,9,-0.0140067,0.613174,False
rs5752801,60,10,-0.015238,0.578715,False
rs5752801,60,11,-0.00369059,0.892239,False
rs5752801,60,12,-0.00731347,0.786686,False
rs5752801,60,13,-0.0090851,0.73551,False
rs5752801,60,14,-0.00892307,0.739256,False
rs5752801,60,15,-0.00842112,0.752815,False
rs5752801,60,16,-0.00929813,0.728023,False
rs5752801,60,17,-0.0125249,0.639332,False
rs5752801,60,18,-0.0153515,0.566626,False
rs5752801,60,19,-0.00765895,0.775029,False
rs5752801,60,20,-0.00996413,0.710897,False
rs5752801,60,21,-0.0110713,0.681349,False
rs5752801,60,22,-0.015925,0.555869,False
rs5752801,60,23,-0.00489771,0.856724,False
rs5752801,60,24,-0.0228068,0.402045,False
rs5752801,60,25,-0.0225803,0.408148,False
rs5752801,60,26,-0.0215,0.432975,False
rs5752801,60,27,-0.0187695,0.495804,False
rs5752801,60,28,-0.0236152,0.393721,False
rs5752801,60,29,-0.0255047,0.359554,False
rs5752801,60,30,-0.0224412,0.422346,False
rs5752801,60,31,-0.0281643,0.316773,False
rs5752801,60,32,-0.0320862,0.255703,False
rs5752801,60,33,-0.029856,0.293176,False
rs5752801,60,34,-0.0293302,0.304709,False
rs5752801,60,35,-0.0244475,0.394538,False
rs5752801,60,36,-0.0357968,0.213813,False
rs5752801,60,37,-0.0338281,0.243129,False
rs5752801,60,38,-0.0363033,0.212692,False
rs5752801,60,39,-0.0421128,0.150425,False
rs5752801,60,40,-0.0414848,0.158629,False
rs5752801,60,41,-0.0382563,0.195112,False
rs5752801,60,42,-0.0340298,0.252852,False
rs5752801,60,43,-0.0419231,0.160924,False
rs5752801,60,44,-0.0404627,0.178534,False
rs5752801,60,45,-0.0365289,0.227295,False
rs5752801,60,46,-0.0374768,0.217364,False
rs5752801,60,47,-0.0443176,0.146191,False
rs5752801,60,48,-0.043996,0.150687,False
rs5752801,60,49,-0.053531,0.0815691,False
rs5752801,60,50,-0.0533323,0.0846503,False
rs5752801,60,51,-0.04115,0.184526,False
rs5752801,60,52,-0.0497844,0.109365,False
rs5752801,60,53,-0.0485862,0.119208,False
rs5752801,60,54,-0.0644311,0.0392743,False
rs5752801,60,55,-0.061547,0.0494263,False
rs5752801,60,56,-0.055295,0.0779661,False
rs5752801,60,57,-0.0603924,0.0547542,False
rs5752801,60,58,-0.0580806,0.0649907,False
rs5752801,60,59,-0.0600217,0.0569664,False
rs5752801,60,60,-0.0632577,0.0447631,False
rs5752801,60,61,-0.0620637,0.0491765,False
rs5752801,60,62,-0.0579706,0.0659956,False
rs5752801,60,63,-0.0503436,0.110556,False
rs5752801,60,64,-0.056512,0.0728879,False
rs5752801,60,65,-0.0564831,0.0727715,False
rs5752801,60,66,-0.0522132,0.0970111,False
rs5752801,60,67,-0.0632839,0.0440607,False
rs5752801,60,68,-0.055895,0.0757917,False
rs5752801,60,69,-0.0516934,0.099732,False
rs5752801,60,70,-0.0520549,0.0966452,False
rs5752801,60,71,-0.0549126,0.07912,False
rs5752801,60,72,-0.0505908,0.104992,False
rs5752801,60,73,-0.0528467,0.0896818,False
rs5752801,60,74,-0.0520431,0.0943947,False
rs5752801,60,75,-0.0533832,0.0856554,False
rs5752801,60,76,-0.0423522,0.172586,False
rs5752801,60,77,-0.0436409,0.15881,False
rs5752801,60,78,-0.046224,0.134616,False
rs5752801,60,79,-0.0493608,0.10995,False
rs5752801,60,80,-0.0448211,0.145659,False
rs5752801,60,81,-0.0543006,0.0779569,False
rs5752801,60,82,-0.0538284,0.080286,False
rs5752801,60,83,-0.0369484,0.22991,False
rs5752801,60,84,-0.043607,0.156307,False
rs5752801,60,85,-0.0505106,0.100898,False
rs5752801,60,86,-0.0463986,0.131952,False
rs5752801,60,87,-0.0509089,0.0990783,False
rs5752801,60,88,-0.0504235,0.103195,False
rs5752801,60,89,-0.0437013,0.158802,False
rs5752801,60,90,-0.0551128,0.0758712,False
rs5752801,60,91,-0.0577653,0.0638813,False
rs5752801,60,92,-0.0482785,0.12314,False
rs5752801,60,93,-0.045594,0.146775,False
rs5752801,60,94,-0.0445581,0.158505,False
rs5752801,60,95,-0.0436771,0.169193,False
rs5752801,60,96,-0.0453964,0.155775,False
rs5752801,60,97,-0.0432428,0.179077,False
rs5752801,60,98,-0.0362561,0.263885,False
rs5752801,60,99,-0.0505894,0.122181,False
rs5752801,60,100,-0.0483494,0.142937,False
rs5752801,60,101,-0.0551185,0.0983968,False
rs5752801,60,102,-0.0556455,0.0994001,False
rs5752801,60,103,-0.0546382,0.110065,False
rs5752801,60,104,-0.0485962,0.162685,False
rs5752801,60,105,-0.0450714,0.202824,False
rs5752801,60,106,-0.0499424,0.165505,False
rs5752801,60,107,-0.0507051,0.167449,False
rs5752801,60,108,-0.0493977,0.188761,False
rs5752801,60,109,-0.0441843,0.251326,False
rs5752801,60,110,-0.0471783,0.232274,False
rs5752801,60,111,-0.0502275,0.213953,False
rs5752801,60,112,-0.0374004,0.366288,False
rs5752801,60,113,-0.0352714,0.404123,False
rs5752801,60,114,-0.030115,0.485162,False
rs5752801,60,115,-0.0244339,0.576115,False
rs5752801,60,116,-0.0150378,0.733434,False
rs5752801,60,117,-0.00907818,0.838487,False
rs5752801,60,118,0.000332819,0.994057,False
rs5752801,60,119,0.00542367,0.903446,False
rs5752801,60,120,0.00835887,0.851678,False
rs5752801,60,121,0.0128408,0.773231,False
rs5752801,60,122,0.0215326,0.62813,False
rs5752801,60,123,0.0281231,0.526103,False
rs5752801,60,124,0.0321065,0.467995,False
rs5752801,60,125,0.0372851,0.39855,False
rs5752801,60,126,0.040391,0.359634,False
rs5752801,60,127,0.0357768,0.416897,False
rs5752801,60,128,0.0385294,0.381732,False
rs5752801,60,129,0.0421028,0.339303,False
rs5752801,60,130,0.0414227,0.347104,False
rs5752801,60,131,0.0417965,0.34332,False
rs5752801,60,132,0.0274269,0.534778,False
rs5752801,60,133,0.0135999,0.758614,False
rs5752801,60,134,0.0130401,0.769122,False
rs5752801,60,135,0.012733,0.775039,False
rs5752801,60,136,0.0154015,0.730809,False
rs5752801,60,137,-0.00352938,0.937376,False
rs5752801,60,138,-0.00610549,0.891914,False
rs5752801,60,139,-0.0147444,0.742251,False
rs5752801,60,140,-0.0254341,0.568962,False
rs5752801,60,141,-0.0328578,0.459092,False
rs5752801,60,142,-0.0464021,0.290655,False
rs5752801,60,143,-0.0469021,0.280079,False
rs5752801,60,144,-0.0657398,0.124574,False
rs5752801,60,145,-0.0687874,0.10303,False
rs5752801,60,146,-0.0729284,0.0791983,False
rs5752801,60,147,-0.077698,0.0573717,False
rs5752801,60,148,-0.0740319,0.065535,False
rs5752801,60,149,-0.0875167,0.0271397,False
rs5752801,60,150,-0.0844493,0.0303296,False
rs5752801,60,151,-0.0769232,0.0457165,False
rs5752801,60,152,-0.0790029,0.0376344,False
rs5752801,60,153,-0.0791154,0.0351531,False
rs5752801,60,154,-0.0763104,0.0396619,False
rs5752801,60,155,-0.0762122,0.0377438,False
rs5752801,60,156,-0.07414,0.0410953,False
rs5752801,60,157,-0.0656472,0.0677538,False
rs5752801,60,158,-0.0869915,0.014542,False
rs5752801,60,159,-0.0776521,0.0273907,False
rs5752801,60,160,-0.0733796,0.0355463,False
rs5752801,60,161,-0.0811541,0.0190997,False
rs5752801,60,162,-0.0804247,0.0191877,False
rs5752801,60,163,-0.0749772,0.0275967,False
rs5752801,60,164,-0.0792788,0.0189514,False
rs5752801,60,165,-0.078805,0.0187429,False
rs5752801,60,166,-0.0769083,0.0209627,False
rs5752801,60,167,-0.0837735,0.011442,False
rs5752801,60,168,-0.0899717,0.00636414,False
rs5752801,60,169,-0.0833934,0.0110962,False
rs5752801,60,170,-0.0797937,0.0148069,False
rs5752801,60,171,-0.0782363,0.0164962,False
rs5752801,60,172,-0.0764147,0.0189738,False
rs5752801,60,173,-0.0716278,0.0275617,False
rs5752801,60,174,-0.0800639,0.0138974,False
rs5752801,60,175,-0.0680107,0.0364225,False
rs5752801,60,176,-0.065023,0.0454627,False
rs5752801,60,177,-0.0733933,0.0239176,False
rs5752801,60,178,-0.0763617,0.018998,False
rs5752801,60,179,-0.0784739,0.0160164,False
rs5752801,60,180,-0.0830425,0.0109367,False
rs5752801,60,181,-0.0849447,0.00944077,False
rs5752801,60,182,-0.0862373,0.00857899,False
rs5752801,60,183,-0.0818498,0.0128282,False
rs5752801,60,184,-0.0773643,0.0188204,False
rs5752801,60,185,-0.0862708,0.00892142,False
rs5752801,60,186,-0.0877182,0.00781823,False
rs5752801,60,187,-0.0921482,0.00535279,False
rs5752801,60,188,-0.094782,0.00423358,False
rs5752801,60,189,-0.0869492,0.00893565,False
rs5752801,60,190,-0.0855626,0.010352,False
rs5752801,60,191,-0.0738044,0.0274502,False
rs5752801,60,192,-0.0838906,0.0123349,False
rs5752801,60,193,-0.080547,0.0164543,False
rs5752801,60,194,-0.0800155,0.0171569,False
rs5752801,60,195,-0.0776779,0.0208814,False
rs5752801,60,196,-0.0793221,0.0186299,False
rs5752801,60,197,-0.0728226,0.0311639,False
rs5752801,60,198,-0.0614181,0.0694406,False
rs5752801,60,199,-0.0701994,0.0382128,False
rs5752801,60,200,-0.0723127,0.0330175,False
rs5752801,60,201,-0.0712246,0.0358756,False
rs5752801,60,202,-0.0662122,0.0510156,False
rs5752801,60,203,-0.0742687,0.0285734,False
rs5752801,60,204,-0.070664,0.0373441,False
rs5752801,60,205,-0.0743896,0.0283628,False
rs5752801,60,206,-0.0683082,0.044366,False
rs5752801,60,207,-0.0671735,0.0481136,False
rs5752801,60,208,-0.0750647,0.0270282,False
rs5752801,60,209,-0.0651807,0.0547535,False
rs5752801,60,210,-0.0649049,0.0555534,False
rs5752801,60,211,-0.0594414,0.0795203,False
rs5752801,60,212,-0.0518265,0.126521,False
rs5752801,60,213,-0.0549382,0.105026,False
rs5752801,60,214,-0.0572976,0.090864,False
rs5752801,60,215,-0.0552394,0.102762,False
rs5752801,60,216,-0.0644877,0.0562724,False
rs5752801,60,217,-0.0549883,0.103929,False
rs5752801,60,218,-0.0507015,0.133412,False
rs5752801,60,219,-0.0524807,0.120255,False
rs5752801,60,220,-0.050883,0.132094,False
rs5752801,60,221,-0.0458671,0.174936,False
rs5752801,60,222,-0.0425968,0.208602,False
rs5752801,60,223,-0.0423154,0.211748,False
rs5752801,60,224,-0.0407657,0.229484,False
rs5752801,60,225,-0.0420496,0.215999,False
rs5752801,60,226,-0.0378691,0.265861,False
rs5752801,60,227,-0.047302,0.165584,False
rs5752801,60,228,-0.0443136,0.195627,False
rs5752801,60,229,-0.0509467,0.138126,False
rs5752801,60,230,-0.0575319,0.0948638,False
rs5752801,60,231,-0.0463392,0.180298,False
rs5752801,60,232,-0.0562536,0.10488,False
rs5752801,60,233,-0.0446806,0.199382,False
rs5752801,60,234,-0.0491631,0.160275,False
rs5752801,60,235,-0.0445736,0.20493,False
rs5752801,60,236,-0.0515863,0.144601,False
rs5752801,60,237,-0.0623613,0.0796886,False
rs5752801,60,238,-0.0625515,0.0802511,False
rs5752801,60,239,-0.0562977,0.117375,False
rs5752801,60,240,-0.0582878,0.107203,False
rs5752801,60,241,-0.0590421,0.105622,False
rs5752801,60,242,-0.0586431,0.111446,False
rs5752801,60,243,-0.070398,0.0584951,False
rs5752801,60,244,-0.0608218,0.105455,False
rs5752801,60,245,-0.0562167,0.139164,False
rs5752801,60,246,-0.0597228,0.121413,False
rs5752801,60,247,-0.059873,0.12636,False
rs5752801,60,248,-0.0602037,0.130337,False
rs5752801,60,249,-0.0682124,0.0924017,False
rs5752801,60,250,-0.0663473,0.108698,False
rs5752801,60,251,-0.0674779,0.109946,False
rs5752801,61,6,-0.00875163,0.759067,False
rs5752801,61,7,-0.00692526,0.806174,False
rs5752801,61,8,-0.0177659,0.525078,False
rs5752801,61,9,-0.0200815,0.468917,False
rs5752801,61,10,-0.0200297,0.465183,False
rs5752801,61,11,-0.0184421,0.498774,False
rs5752801,61,12,-0.0141307,0.601793,False
rs5752801,61,13,-0.0318061,0.238923,False
rs5752801,61,14,-0.0221519,0.410772,False
rs5752801,61,15,-0.0173092,0.520023,False
rs5752801,61,16,-0.0181315,0.499636,False
rs5752801,61,17,-0.0127657,0.634092,False
rs5752801,61,18,-0.0210483,0.433168,False
rs5752801,61,19,-0.0170113,0.526954,False
rs5752801,61,20,-0.0300902,0.264583,False
rs5752801,61,21,-0.016055,0.552518,False
rs5752801,61,22,-0.0310658,0.25138,False
rs5752801,61,23,-0.0248302,0.361627,False
rs5752801,61,24,-0.0251468,0.357267,False
rs5752801,61,25,-0.0301247,0.271417,False
rs5752801,61,26,-0.0338736,0.218281,False
rs5752801,61,27,-0.0220082,0.425738,False
rs5752801,61,28,-0.0345976,0.212685,False
rs5752801,61,29,-0.0350865,0.208409,False
rs5752801,61,30,-0.0225045,0.421788,False
rs5752801,61,31,-0.0247926,0.377891,False
rs5752801,61,32,-0.0311141,0.27062,False
rs5752801,61,33,-0.0289326,0.307716,False
rs5752801,61,34,-0.0339977,0.234017,False
rs5752801,61,35,-0.0431072,0.133333,False
rs5752801,61,36,-0.034766,0.228647,False
rs5752801,61,37,-0.0345456,0.234535,False
rs5752801,61,38,-0.0322268,0.270367,False
rs5752801,61,39,-0.0515923,0.0788224,False
rs5752801,61,40,-0.0558745,0.0589304,False
rs5752801,61,41,-0.0431035,0.147196,False
rs5752801,61,42,-0.0510276,0.0871201,False
rs5752801,61,43,-0.055235,0.0657404,False
rs5752801,61,44,-0.0480621,0.111445,False
rs5752801,61,45,-0.0521443,0.0852972,False
rs5752801,61,46,-0.0497763,0.102128,False
rs5752801,61,47,-0.0510631,0.0952611,False
rs5752801,61,48,-0.0658195,0.0323333,False
rs5752801,61,49,-0.059576,0.0533408,False
rs5752801,61,50,-0.057185,0.0647809,False
rs5752801,61,51,-0.0585613,0.0597506,False
rs5752801,61,52,-0.0567475,0.0692586,False
rs5752801,61,53,-0.0623547,0.0465173,False
rs5752801,61,54,-0.056704,0.0706571,False
rs5752801,61,55,-0.0592458,0.0594112,False
rs5752801,61,56,-0.0492763,0.11826,False
rs5752801,61,57,-0.056934,0.0711688,False
rs5752801,61,58,-0.0617901,0.0504989,False
rs5752801,61,59,-0.0573238,0.069657,False
rs5752801,61,60,-0.0646439,0.040882,False
rs5752801,61,61,-0.0622614,0.0490955,False
rs5752801,61,62,-0.0599761,0.0574841,False
rs5752801,61,63,-0.0616322,0.0508559,False
rs5752801,61,64,-0.0660733,0.036579,False
rs5752801,61,65,-0.0535234,0.0902285,False
rs5752801,61,66,-0.0531389,0.092155,False
rs5752801,61,67,-0.0563951,0.0735898,False
rs5752801,61,68,-0.0553307,0.0787208,False
rs5752801,61,69,-0.0537498,0.0874573,False
rs5752801,61,70,-0.0508212,0.105525,False
rs5752801,61,71,-0.0452765,0.149126,False
rs5752801,61,72,-0.0447693,0.152525,False
rs5752801,61,73,-0.0417491,0.181361,False
rs5752801,61,74,-0.0453958,0.145819,False
rs5752801,61,75,-0.0534911,0.0861571,False
rs5752801,61,76,-0.0570703,0.0663919,False
rs5752801,61,77,-0.0491969,0.113122,False
rs5752801,61,78,-0.0486416,0.11655,False
rs5752801,61,79,-0.0460678,0.137547,False
rs5752801,61,80,-0.0456532,0.140756,False
rs5752801,61,81,-0.0455344,0.140936,False
rs5752801,61,82,-0.0475838,0.123112,False
rs5752801,61,83,-0.0445888,0.147944,False
rs5752801,61,84,-0.0569158,0.0650886,False
rs5752801,61,85,-0.0434808,0.159744,False
rs5752801,61,86,-0.0466141,0.131933,False
rs5752801,61,87,-0.0539826,0.0817637,False
rs5752801,61,88,-0.0531472,0.087172,False
rs5752801,61,89,-0.0480288,0.123053,False
rs5752801,61,90,-0.0435637,0.163344,False
rs5752801,61,91,-0.0431321,0.168923,False
rs5752801,61,92,-0.0420923,0.181344,False
rs5752801,61,93,-0.0340708,0.280929,False
rs5752801,61,94,-0.0475665,0.134396,False
rs5752801,61,95,-0.0429215,0.179815,False
rs5752801,61,96,-0.0403028,0.210284,False
rs5752801,61,97,-0.0335067,0.301052,False
rs5752801,61,98,-0.0429732,0.188224,False
rs5752801,61,99,-0.0395604,0.22984,False
rs5752801,61,100,-0.0445739,0.180605,False
rs5752801,61,101,-0.0492197,0.143857,False
rs5752801,61,102,-0.0487624,0.152602,False
rs5752801,61,103,-0.037223,0.282486,False
rs5752801,61,104,-0.0462107,0.188533,False
rs5752801,61,105,-0.0552183,0.123125,False
rs5752801,61,106,-0.0381596,0.296726,False
rs5752801,61,107,-0.0486659,0.193497,False
rs5752801,61,108,-0.0398627,0.297917,False
rs5752801,61,109,-0.0385554,0.325396,False
rs5752801,61,110,-0.0413013,0.303157,False
rs5752801,61,111,-0.0334331,0.416004,False
rs5752801,61,112,-0.0270918,0.518275,False
rs5752801,61,113,-0.0244944,0.566103,False
rs5752801,61,114,-0.0133795,0.757224,False
rs5752801,61,115,-0.00442145,0.919368,False
rs5752801,61,116,-0.00237785,0.956875,False
rs5752801,61,117,-0.00564367,0.897979,False
rs5752801,61,118,0.0113129,0.797035,False
rs5752801,61,119,0.0127951,0.77027,False
rs5752801,61,120,0.0245028,0.573814,False
rs5752801,61,121,0.0266812,0.538016,False
rs5752801,61,122,0.036964,0.391467,False
rs5752801,61,123,0.0411652,0.337871,False
rs5752801,61,124,0.0482244,0.260682,False
rs5752801,61,125,0.0514713,0.227997,False
rs5752801,61,126,0.0508228,0.232785,False
rs5752801,61,127,0.0456439,0.283696,False
rs5752801,61,128,0.0436765,0.304941,False
rs5752801,61,129,0.0443764,0.297287,False
rs5752801,61,130,0.0431121,0.311787,False
rs5752801,61,131,0.0458663,0.282969,False
rs5752801,61,132,0.0364444,0.394938,False
rs5752801,61,133,0.0319214,0.457685,False
rs5752801,61,134,0.0273211,0.527006,False
rs5752801,61,135,0.0209955,0.629073,False
rs5752801,61,136,0.013149,0.763878,False
rs5752801,61,137,0.0191998,0.66292,False
rs5752801,61,138,0.0145591,0.742542,False
rs5752801,61,139,-0.00241258,0.956737,False
rs5752801,61,140,-0.00652433,0.883308,False
rs5752801,61,141,-0.0277197,0.531913,False
rs5752801,61,142,-0.0328328,0.456415,False
rs5752801,61,143,-0.0525542,0.228646,False
rs5752801,61,144,-0.0561824,0.193075,False
rs5752801,61,145,-0.0694262,0.10273,False
rs5752801,61,146,-0.0682932,0.103335,False
rs5752801,61,147,-0.0814317,0.0484422,False
rs5752801,61,148,-0.0856726,0.0349552,False
rs5752801,61,149,-0.0873168,0.0288048,False
rs5752801,61,150,-0.0909156,0.0207946,False
rs5752801,61,151,-0.0857452,0.0272579,False
rs5752801,61,152,-0.0987407,0.00982052,False
rs5752801,61,153,-0.0914302,0.0155118,False
rs5752801,61,154,-0.095178,0.0106696,False
rs5752801,61,155,-0.0958929,0.00935061,False
rs5752801,61,156,-0.0876582,0.0160848,False
rs5752801,61,157,-0.0930042,0.00993554,False
rs5752801,61,158,-0.0844982,0.0178958,False
rs5752801,61,159,-0.0759467,0.031598,False
rs5752801,61,160,-0.0783286,0.0251799,False
rs5752801,61,161,-0.078099,0.0243413,False
rs5752801,61,162,-0.0870382,0.0114801,False
rs5752801,61,163,-0.0773356,0.0234801,False
rs5752801,61,164,-0.0896223,0.00804486,False
rs5752801,61,165,-0.0805743,0.0163462,False
rs5752801,61,166,-0.072881,0.0289511,False
rs5752801,61,167,-0.078414,0.0181216,False
rs5752801,61,168,-0.0806487,0.0144024,False
rs5752801,61,169,-0.0762987,0.0201126,False
rs5752801,61,170,-0.0727409,0.0259881,False
rs5752801,61,171,-0.0829278,0.0109778,False
rs5752801,61,172,-0.0803364,0.0134745,False
rs5752801,61,173,-0.0825363,0.0110073,False
rs5752801,61,174,-0.0929371,0.004146,False
rs5752801,61,175,-0.0917865,0.00464123,False
rs5752801,61,176,-0.0875364,0.00692736,False
rs5752801,61,177,-0.0970077,0.00277641,False
rs5752801,61,178,-0.0896515,0.0058015,False
rs5752801,61,179,-0.0837506,0.0100522,False
rs5752801,61,180,-0.0843451,0.00973093,False
rs5752801,61,181,-0.0899995,0.0058774,False
rs5752801,61,182,-0.0878968,0.00732117,False
rs5752801,61,183,-0.0859468,0.00878462,False
rs5752801,61,184,-0.0860222,0.00892661,False
rs5752801,61,185,-0.0877291,0.00781871,False
rs5752801,61,186,-0.0874481,0.00814534,False
rs5752801,61,187,-0.0827311,0.0125915,False
rs5752801,61,188,-0.0864371,0.00922807,False
rs5752801,61,189,-0.0783743,0.0184554,False
rs5752801,61,190,-0.0791831,0.0175569,False
rs5752801,61,191,-0.0743454,0.0261366,False
rs5752801,61,192,-0.080748,0.0158225,False
rs5752801,61,193,-0.0891257,0.00782053,False
rs5752801,61,194,-0.080543,0.0165143,False
rs5752801,61,195,-0.0825482,0.0142008,False
rs5752801,61,196,-0.0766559,0.0230423,False
rs5752801,61,197,-0.070699,0.0362028,False
rs5752801,61,198,-0.0639748,0.0581217,False
rs5752801,61,199,-0.0646647,0.0557304,False
rs5752801,61,200,-0.0588955,0.0815593,False
rs5752801,61,201,-0.0616467,0.0685944,False
rs5752801,61,202,-0.0607783,0.0725025,False
rs5752801,61,203,-0.0641112,0.0582538,False
rs5752801,61,204,-0.0611943,0.0714441,False
rs5752801,61,205,-0.0596573,0.0790888,False
rs5752801,61,206,-0.0549818,0.105301,False
rs5752801,61,207,-0.0560769,0.0981697,False
rs5752801,61,208,-0.0549318,0.105545,False
rs5752801,61,209,-0.0565401,0.0955638,False
rs5752801,61,210,-0.0578744,0.0874099,False
rs5752801,61,211,-0.0520435,0.124217,False
rs5752801,61,212,-0.0524016,0.121425,False
rs5752801,61,213,-0.0459458,0.174435,False
rs5752801,61,214,-0.0533053,0.115216,False
rs5752801,61,215,-0.0515136,0.12799,False
rs5752801,61,216,-0.0523538,0.121334,False
rs5752801,61,217,-0.0465643,0.1682,False
rs5752801,61,218,-0.0419747,0.214672,False
rs5752801,61,219,-0.0370295,0.273586,False
rs5752801,61,220,-0.035352,0.29593,False
rs5752801,61,221,-0.0396092,0.241677,False
rs5752801,61,222,-0.0433688,0.200299,False
rs5752801,61,223,-0.0486221,0.151305,False
rs5752801,61,224,-0.0459985,0.174903,False
rs5752801,61,225,-0.0501628,0.139377,False
rs5752801,61,226,-0.0403882,0.234749,False
rs5752801,61,227,-0.0461502,0.175019,False
rs5752801,61,228,-0.0476808,0.162511,False
rs5752801,61,229,-0.0522054,0.127799,False
rs5752801,61,230,-0.0541172,0.115158,False
rs5752801,61,231,-0.0487788,0.157224,False
rs5752801,61,232,-0.0604954,0.0803877,False
rs5752801,61,233,-0.0614264,0.0771492,False
rs5752801,61,234,-0.0534736,0.126054,False
rs5752801,61,235,-0.0657596,0.0610819,False
rs5752801,61,236,-0.0648218,0.0667911,False
rs5752801,61,237,-0.0588976,0.0976119,False
rs5752801,61,238,-0.0704505,0.0490016,False
rs5752801,61,239,-0.0736592,0.0410306,False
rs5752801,61,240,-0.0714353,0.0491452,False
rs5752801,61,241,-0.0766912,0.0361846,False
rs5752801,61,242,-0.0669929,0.0698006,False
rs5752801,61,243,-0.0703468,0.059634,False
rs5752801,61,244,-0.0781284,0.038525,False
rs5752801,61,245,-0.0852434,0.0258231,False
rs5752801,61,246,-0.0723215,0.0623436,False
rs5752801,61,247,-0.0774819,0.049046,False
rs5752801,61,248,-0.072825,0.0691284,False
rs5752801,61,249,-0.077578,0.0574193,False
rs5752801,61,250,-0.0762181,0.0667694,False
rs5752801,61,251,-0.0833439,0.0490776,False
rs5752801,62,6,-0.0150398,0.59919,False
rs5752801,62,7,-0.0161088,0.568386,False
rs5752801,62,8,-0.01695,0.544569,False
rs5752801,62,9,-0.0170961,0.537112,False
rs5752801,62,10,-0.0104032,0.704989,False
rs5752801,62,11,-0.0231738,0.395591,False
rs5752801,62,12,-0.0159246,0.557536,False
rs5752801,62,13,-0.0105548,0.695466,False
rs5752801,62,14,-0.0189643,0.481617,False
rs5752801,62,15,-0.0165661,0.53743,False
rs5752801,62,16,-0.0262946,0.326976,False
rs5752801,62,17,-0.0231095,0.389119,False
rs5752801,62,18,-0.0052193,0.84581,False
rs5752801,62,19,-0.00722604,0.788346,False
rs5752801,62,20,-0.015763,0.55958,False
rs5752801,62,21,-0.0156484,0.56339,False
rs5752801,62,22,-0.0181239,0.50462,False
rs5752801,62,23,-0.0207425,0.447288,False
rs5752801,62,24,-0.0127903,0.64067,False
rs5752801,62,25,-0.0165976,0.545561,False
rs5752801,62,26,-0.0151257,0.582876,False
rs5752801,62,27,-0.0185877,0.501785,False
rs5752801,62,28,-0.0243644,0.38086,False
rs5752801,62,29,-0.0214894,0.44117,False
rs5752801,62,30,-0.0227711,0.416511,False
rs5752801,62,31,-0.0231794,0.410089,False
rs5752801,62,32,-0.0264878,0.34875,False
rs5752801,62,33,-0.030383,0.284367,False
rs5752801,62,34,-0.0342465,0.231024,False
rs5752801,62,35,-0.0325018,0.257735,False
rs5752801,62,36,-0.038397,0.183521,False
rs5752801,62,37,-0.0360094,0.215228,False
rs5752801,62,38,-0.0498468,0.0877758,False
rs5752801,62,39,-0.0497465,0.090131,False
rs5752801,62,40,-0.0413775,0.161096,False
rs5752801,62,41,-0.0416943,0.15998,False
rs5752801,62,42,-0.0557738,0.0617463,False
rs5752801,62,43,-0.0494799,0.0994146,False
rs5752801,62,44,-0.0451155,0.134707,False
rs5752801,62,45,-0.0534672,0.0776206,False
rs5752801,62,46,-0.0532394,0.080827,False
rs5752801,62,47,-0.0610936,0.0459684,False
rs5752801,62,48,-0.0612794,0.046242,False
rs5752801,62,49,-0.0586458,0.0574273,False
rs5752801,62,50,-0.0604198,0.0510766,False
rs5752801,62,51,-0.0668741,0.0316328,False
rs5752801,62,52,-0.066236,0.0340228,False
rs5752801,62,53,-0.0656207,0.0361046,False
rs5752801,62,54,-0.0641943,0.0408497,False
rs5752801,62,55,-0.0621736,0.0477937,False
rs5752801,62,56,-0.0630058,0.0454973,False
rs5752801,62,57,-0.0646658,0.0404005,False
rs5752801,62,58,-0.0644084,0.0416485,False
rs5752801,62,59,-0.0620044,0.0499508,False
rs5752801,62,60,-0.0528684,0.0948677,False
rs5752801,62,61,-0.0576146,0.0685812,False
rs5752801,62,62,-0.0577235,0.0682468,False
rs5752801,62,63,-0.0605167,0.0561678,False
rs5752801,62,64,-0.0561755,0.0757406,False
rs5752801,62,65,-0.0593399,0.060601,False
rs5752801,62,66,-0.0583032,0.0648638,False
rs5752801,62,67,-0.0597425,0.0581196,False
rs5752801,62,68,-0.0615926,0.0506084,False
rs5752801,62,69,-0.0648509,0.0391953,False
rs5752801,62,70,-0.0650738,0.0385667,False
rs5752801,62,71,-0.0610868,0.0514741,False
rs5752801,62,72,-0.071164,0.0229516,False
rs5752801,62,73,-0.0691911,0.0267691,False
rs5752801,62,74,-0.0644034,0.0391134,False
rs5752801,62,75,-0.0668666,0.0317634,False
rs5752801,62,76,-0.0671367,0.0309912,False
rs5752801,62,77,-0.0624368,0.044762,False
rs5752801,62,78,-0.0623837,0.0441419,False
rs5752801,62,79,-0.0576585,0.0626226,False
rs5752801,62,80,-0.0553025,0.0743768,False
rs5752801,62,81,-0.0610593,0.0485462,False
rs5752801,62,82,-0.0637208,0.0394197,False
rs5752801,62,83,-0.0680471,0.0276835,False
rs5752801,62,84,-0.0578671,0.0617084,False
rs5752801,62,85,-0.0580367,0.0611992,False
rs5752801,62,86,-0.0556072,0.0727594,False
rs5752801,62,87,-0.0557339,0.0727512,False
rs5752801,62,88,-0.051543,0.097956,False
rs5752801,62,89,-0.0557955,0.0736447,False
rs5752801,62,90,-0.0598735,0.0557111,False
rs5752801,62,91,-0.043864,0.162698,False
rs5752801,62,92,-0.0473208,0.13369,False
rs5752801,62,93,-0.04889,0.12244,False
rs5752801,62,94,-0.052407,0.099178,False
rs5752801,62,95,-0.0467942,0.143495,False
rs5752801,62,96,-0.0427268,0.184611,False
rs5752801,62,97,-0.0478488,0.140365,False
rs5752801,62,98,-0.0538278,0.100024,False
rs5752801,62,99,-0.0412398,0.212305,False
rs5752801,62,100,-0.0548998,0.10058,False
rs5752801,62,101,-0.0506007,0.134584,False
rs5752801,62,102,-0.0530696,0.121566,False
rs5752801,62,103,-0.04739,0.174156,False
rs5752801,62,104,-0.0465524,0.189164,False
rs5752801,62,105,-0.0468511,0.194958,False
rs5752801,62,106,-0.043936,0.23503,False
rs5752801,62,107,-0.0425542,0.260168,False
rs5752801,62,108,-0.0348289,0.368189,False
rs5752801,62,109,-0.0401176,0.311509,False
rs5752801,62,110,-0.0346034,0.393746,False
rs5752801,62,111,-0.0331224,0.423836,False
rs5752801,62,112,-0.0261765,0.53456,False
rs5752801,62,113,-0.0102319,0.810932,False
rs5752801,62,114,-0.0110034,0.799065,False
rs5752801,62,115,0.00402605,0.926207,False
rs5752801,62,116,0.0128941,0.766945,False
rs5752801,62,117,0.0136524,0.753223,False
rs5752801,62,118,0.023357,0.588988,False
rs5752801,62,119,0.0291502,0.497334,False
rs5752801,62,120,0.0438559,0.304578,False
rs5752801,62,121,0.0457018,0.281837,False
rs5752801,62,122,0.0549781,0.192829,False
rs5752801,62,123,0.0552096,0.189882,False
rs5752801,62,124,0.0528302,0.207484,False
rs5752801,62,125,0.0515127,0.218067,False
rs5752801,62,126,0.0636235,0.127653,False
rs5752801,62,127,0.0588054,0.158309,False
rs5752801,62,128,0.0547272,0.188768,False
rs5752801,62,129,0.0621622,0.136068,False
rs5752801,62,130,0.0560639,0.179115,False
rs5752801,62,131,0.0525934,0.208337,False
rs5752801,62,132,0.042267,0.312787,False
rs5752801,62,133,0.0317148,0.451233,False
rs5752801,62,134,0.0222235,0.599631,False
rs5752801,62,135,0.0266499,0.531772,False
rs5752801,62,136,0.0201843,0.638141,False
rs5752801,62,137,0.00792041,0.854817,False
rs5752801,62,138,-0.00487911,0.911103,False
rs5752801,62,139,-0.0113962,0.795577,False
rs5752801,62,140,-0.0130009,0.768401,False
rs5752801,62,141,-0.0350151,0.428217,False
rs5752801,62,142,-0.0335681,0.446606,False
rs5752801,62,143,-0.039179,0.370511,False
rs5752801,62,144,-0.048019,0.267752,False
rs5752801,62,145,-0.0551831,0.197081,False
rs5752801,62,146,-0.0672571,0.110694,False
rs5752801,62,147,-0.0657083,0.113506,False
rs5752801,62,148,-0.0781306,0.0559124,False
rs5752801,62,149,-0.0714067,0.0756518,False
rs5752801,62,150,-0.0795022,0.0443003,False
rs5752801,62,151,-0.0768617,0.0481903,False
rs5752801,62,152,-0.0894677,0.0197505,False
rs5752801,62,153,-0.0772949,0.0413478,False
rs5752801,62,154,-0.0826976,0.0270017,False
rs5752801,62,155,-0.0846927,0.021891,False
rs5752801,62,156,-0.0823394,0.0242197,False
rs5752801,62,157,-0.0842536,0.0196965,False
rs5752801,62,158,-0.0893881,0.0124367,False
rs5752801,62,159,-0.0792751,0.0250184,False
rs5752801,62,160,-0.0773045,0.0272426,False
rs5752801,62,161,-0.0822117,0.0179619,False
rs5752801,62,162,-0.0845016,0.0139546,False
rs5752801,62,163,-0.0829799,0.0150819,False
rs5752801,62,164,-0.0825437,0.0148173,False
rs5752801,62,165,-0.0910737,0.0066596,False
rs5752801,62,166,-0.0869857,0.00906044,False
rs5752801,62,167,-0.0761688,0.0217841,False
rs5752801,62,168,-0.0806452,0.0145293,False
rs5752801,62,169,-0.0850247,0.00971848,False
rs5752801,62,170,-0.0929797,0.00446124,False
rs5752801,62,171,-0.0887503,0.0064953,False
rs5752801,62,172,-0.0869405,0.00743709,False
rs5752801,62,173,-0.0939011,0.00382066,False
rs5752801,62,174,-0.0913312,0.00487207,False
rs5752801,62,175,-0.0974214,0.0026549,False
rs5752801,62,176,-0.0936157,0.0038727,False
rs5752801,62,177,-0.0837806,0.00975875,False
rs5752801,62,178,-0.0881758,0.00657127,False
rs5752801,62,179,-0.0878109,0.0068867,False
rs5752801,62,180,-0.093543,0.00401763,False
rs5752801,62,181,-0.0883731,0.00672538,False
rs5752801,62,182,-0.0853681,0.0089887,False
rs5752801,62,183,-0.0785643,0.0164347,False
rs5752801,62,184,-0.0884829,0.00696055,False
rs5752801,62,185,-0.0856665,0.00914746,False
rs5752801,62,186,-0.0805199,0.0145673,False
rs5752801,62,187,-0.0835604,0.0113948,False
rs5752801,62,188,-0.0832671,0.0119239,False
rs5752801,62,189,-0.0819815,0.0136218,False
rs5752801,62,190,-0.0811835,0.0146711,False
rs5752801,62,191,-0.0819853,0.0138471,False
rs5752801,62,192,-0.0790772,0.0180474,False
rs5752801,62,193,-0.080223,0.0165083,False
rs5752801,62,194,-0.0732397,0.0287754,False
rs5752801,62,195,-0.0832364,0.013164,False
rs5752801,62,196,-0.0773397,0.0216188,False
rs5752801,62,197,-0.0728033,0.0307858,False
rs5752801,62,198,-0.0714905,0.0339634,False
rs5752801,62,199,-0.0742651,0.0278101,False
rs5752801,62,200,-0.0648476,0.0550007,False
rs5752801,62,201,-0.0611092,0.0710048,False
rs5752801,62,202,-0.071649,0.0343461,False
rs5752801,62,203,-0.0623531,0.0657288,False
rs5752801,62,204,-0.0526359,0.120743,False
rs5752801,62,205,-0.0592377,0.0803525,False
rs5752801,62,206,-0.0512375,0.130199,False
rs5752801,62,207,-0.0465119,0.169383,False
rs5752801,62,208,-0.0496388,0.142496,False
rs5752801,62,209,-0.049861,0.140042,False
rs5752801,62,210,-0.046314,0.170921,False
rs5752801,62,211,-0.046821,0.165838,False
rs5752801,62,212,-0.046522,0.168332,False
rs5752801,62,213,-0.0418287,0.214996,False
rs5752801,62,214,-0.04606,0.172399,False
rs5752801,62,215,-0.0442164,0.189671,False
rs5752801,62,216,-0.0521295,0.122149,False
rs5752801,62,217,-0.0422086,0.210114,False
rs5752801,62,218,-0.0583324,0.082978,False
rs5752801,62,219,-0.056056,0.0960132,False
rs5752801,62,220,-0.0456731,0.17558,False
rs5752801,62,221,-0.0590781,0.0798706,False
rs5752801,62,222,-0.0563586,0.0953893,False
rs5752801,62,223,-0.0570352,0.0914212,False
rs5752801,62,224,-0.0604106,0.0741797,False
rs5752801,62,225,-0.0524064,0.121965,False
rs5752801,62,226,-0.0490861,0.148119,False
rs5752801,62,227,-0.052272,0.124774,False
rs5752801,62,228,-0.0548964,0.107878,False
rs5752801,62,229,-0.0608459,0.0755438,False
rs5752801,62,230,-0.0548465,0.110234,False
rs5752801,62,231,-0.0581201,0.0919447,False
rs5752801,62,232,-0.0551783,0.110806,False
rs5752801,62,233,-0.0650551,0.0613212,False
rs5752801,62,234,-0.0695837,0.046211,False
rs5752801,62,235,-0.069138,0.0488854,False
rs5752801,62,236,-0.0708408,0.0452148,False
rs5752801,62,237,-0.0778296,0.028663,False
rs5752801,62,238,-0.0821938,0.0216713,False
rs5752801,62,239,-0.0859862,0.0169788,False
rs5752801,62,240,-0.0857811,0.0181922,False
rs5752801,62,241,-0.0879222,0.0163343,False
rs5752801,62,242,-0.0895488,0.0154037,False
rs5752801,62,243,-0.0830997,0.0258685,False
rs5752801,62,244,-0.0988732,0.00884815,False
rs5752801,62,245,-0.0893952,0.019365,False
rs5752801,62,246,-0.0843522,0.0296946,False
rs5752801,62,247,-0.0886802,0.0242885,False
rs5752801,62,248,-0.0909715,0.0229768,False
rs5752801,62,249,-0.0957392,0.0188976,False
rs5752801,62,250,-0.100038,0.0160634,False
rs5752801,62,251,-0.0964163,0.0227113,False
rs5752801,63,6,-0.0112919,0.694099,False
rs5752801,63,7,-0.0166603,0.556764,False
rs5752801,63,8,-0.00938337,0.737755,False
rs5752801,63,9,-0.00639072,0.817241,False
rs5752801,63,10,-0.0128178,0.640754,False
rs5752801,63,11,-0.0141103,0.60451,False
rs5752801,63,12,-0.0125402,0.643416,False
rs5752801,63,13,-0.0213375,0.428439,False
rs5752801,63,14,-0.0185842,0.488809,False
rs5752801,63,15,-0.0334471,0.211874,False
rs5752801,63,16,-0.0281094,0.294359,False
rs5752801,63,17,-0.0361088,0.177404,False
rs5752801,63,18,-0.0327912,0.220721,False
rs5752801,63,19,-0.0351612,0.190079,False
rs5752801,63,20,-0.0276775,0.302498,False
rs5752801,63,21,-0.0273632,0.310369,False
rs5752801,63,22,-0.0304858,0.259683,False
rs5752801,63,23,-0.032347,0.233739,False
rs5752801,63,24,-0.0351788,0.197594,False
rs5752801,63,25,-0.0358732,0.190237,False
rs5752801,63,26,-0.0332529,0.227006,False
rs5752801,63,27,-0.0364594,0.186901,False
rs5752801,63,28,-0.0325536,0.240654,False
rs5752801,63,29,-0.0408011,0.143193,False
rs5752801,63,30,-0.0396886,0.155762,False
rs5752801,63,31,-0.0360825,0.199986,False
rs5752801,63,32,-0.0382912,0.17554,False
rs5752801,63,33,-0.0434407,0.126904,False
rs5752801,63,34,-0.0423572,0.138241,False
rs5752801,63,35,-0.0417204,0.146211,False
rs5752801,63,36,-0.0458544,0.112778,False
rs5752801,63,37,-0.0498661,0.0866997,False
rs5752801,63,38,-0.0470446,0.107387,False
rs5752801,63,39,-0.0545541,0.0630229,False
rs5752801,63,40,-0.0555155,0.060006,False
rs5752801,63,41,-0.0605233,0.0415183,False
rs5752801,63,42,-0.0563751,0.0590387,False
rs5752801,63,43,-0.0524803,0.0806504,False
rs5752801,63,44,-0.054959,0.068549,False
rs5752801,63,45,-0.0638041,0.0354244,False
rs5752801,63,46,-0.0694814,0.022807,False
rs5752801,63,47,-0.0730505,0.017295,False
rs5752801,63,48,-0.0671548,0.0293835,False
rs5752801,63,49,-0.0771389,0.0127038,False
rs5752801,63,50,-0.068253,0.0281432,False
rs5752801,63,51,-0.0662445,0.0338064,False
rs5752801,63,52,-0.0711973,0.0230449,False
rs5752801,63,53,-0.0735818,0.0188775,False
rs5752801,63,54,-0.0753176,0.0165903,False
rs5752801,63,55,-0.0707253,0.0248635,False
rs5752801,63,56,-0.0665876,0.0348164,False
rs5752801,63,57,-0.0798476,0.011439,False
rs5752801,63,58,-0.0675246,0.032719,False
rs5752801,63,59,-0.0713818,0.0240654,False
rs5752801,63,60,-0.0691007,0.0291381,False
rs5752801,63,61,-0.0762689,0.0159577,False
rs5752801,63,62,-0.0624767,0.0483447,False
rs5752801,63,63,-0.0624615,0.0482859,False
rs5752801,63,64,-0.0791224,0.0123798,False
rs5752801,63,65,-0.0729538,0.0208898,False
rs5752801,63,66,-0.0673095,0.0328168,False
rs5752801,63,67,-0.0667403,0.0342009,False
rs5752801,63,68,-0.0645898,0.0402379,False
rs5752801,63,69,-0.0665148,0.0346098,False
rs5752801,63,70,-0.0628523,0.045586,False
rs5752801,63,71,-0.0599219,0.0560933,False
rs5752801,63,72,-0.0619928,0.0474503,False
rs5752801,63,73,-0.0647092,0.0382111,False
rs5752801,63,74,-0.061785,0.0473627,False
rs5752801,63,75,-0.0648559,0.0371208,False
rs5752801,63,76,-0.0625939,0.0438466,False
rs5752801,63,77,-0.0584139,0.0600719,False
rs5752801,63,78,-0.0659962,0.0334333,False
rs5752801,63,79,-0.0670455,0.0302402,False
rs5752801,63,80,-0.06734,0.0293242,False
rs5752801,63,81,-0.0528179,0.0876781,False
rs5752801,63,82,-0.0629457,0.0417819,False
rs5752801,63,83,-0.0636056,0.0397659,False
rs5752801,63,84,-0.0666389,0.0312306,False
rs5752801,63,85,-0.0718106,0.0202611,False
rs5752801,63,86,-0.0525689,0.0904284,False
rs5752801,63,87,-0.0638919,0.03971,False
rs5752801,63,88,-0.0499233,0.108771,False
rs5752801,63,89,-0.0491235,0.1153,False
rs5752801,63,90,-0.0503323,0.108047,False
rs5752801,63,91,-0.0532723,0.0901165,False
rs5752801,63,92,-0.0580611,0.0659569,False
rs5752801,63,93,-0.0543913,0.086234,False
rs5752801,63,94,-0.0433614,0.173205,False
rs5752801,63,95,-0.0435289,0.174361,False
rs5752801,63,96,-0.0404964,0.209657,False
rs5752801,63,97,-0.0524331,0.107214,False
rs5752801,63,98,-0.0525588,0.109764,False
rs5752801,63,99,-0.0427261,0.197338,False
rs5752801,63,100,-0.0522335,0.119637,False
rs5752801,63,101,-0.0540962,0.110957,False
rs5752801,63,102,-0.0520346,0.131135,False
rs5752801,63,103,-0.0462727,0.186926,False
rs5752801,63,104,-0.0559638,0.116482,False
rs5752801,63,105,-0.0476031,0.190703,False
rs5752801,63,106,-0.0540328,0.146344,False
rs5752801,63,107,-0.0462543,0.223924,False
rs5752801,63,108,-0.0491417,0.20711,False
rs5752801,63,109,-0.0432791,0.27707,False
rs5752801,63,110,-0.0412106,0.31116,False
rs5752801,63,111,-0.0449111,0.279358,False
rs5752801,63,112,-0.0358207,0.395778,False
rs5752801,63,113,-0.0254868,0.551146,False
rs5752801,63,114,-0.0173612,0.686903,False
rs5752801,63,115,-0.00882469,0.83852,False
rs5752801,63,116,-0.00320754,0.940882,False
rs5752801,63,117,0.0149022,0.729405,False
rs5752801,63,118,0.0186054,0.664144,False
rs5752801,63,119,0.0304418,0.474714,False
rs5752801,63,120,0.0450816,0.285496,False
rs5752801,63,121,0.0491089,0.242259,False
rs5752801,63,122,0.0590586,0.157622,False
rs5752801,63,123,0.0536963,0.196946,False
rs5752801,63,124,0.0535744,0.196826,False
rs5752801,63,125,0.060184,0.146266,False
rs5752801,63,126,0.0635199,0.124903,False
rs5752801,63,127,0.0661251,0.109715,False
rs5752801,63,128,0.0745103,0.0710039,False
rs5752801,63,129,0.059002,0.152685,False
rs5752801,63,130,0.0616538,0.135824,False
rs5752801,63,131,0.0552182,0.181463,False
rs5752801,63,132,0.0648057,0.117867,False
rs5752801,63,133,0.063011,0.129721,False
rs5752801,63,134,0.0460144,0.270795,False
rs5752801,63,135,0.0447948,0.286925,False
rs5752801,63,136,0.0206442,0.626383,False
rs5752801,63,137,0.0179104,0.675534,False
rs5752801,63,138,-0.00147218,0.972792,False
rs5752801,63,139,-0.00938171,0.829301,False
rs5752801,63,140,-0.0180984,0.679116,False
rs5752801,63,141,-0.0302312,0.490693,False
rs5752801,63,142,-0.0427495,0.329289,False
rs5752801,63,143,-0.042202,0.333035,False
rs5752801,63,144,-0.0598614,0.166366,False
rs5752801,63,145,-0.0658318,0.123793,False
rs5752801,63,146,-0.0774277,0.0662723,False
rs5752801,63,147,-0.0750317,0.0707939,False
rs5752801,63,148,-0.0831919,0.0418698,False
rs5752801,63,149,-0.0816839,0.0424309,False
rs5752801,63,150,-0.0826155,0.0367866,False
rs5752801,63,151,-0.0942549,0.0156937,False
rs5752801,63,152,-0.0883262,0.0215362,False
rs5752801,63,153,-0.101138,0.00750025,False
rs5752801,63,154,-0.0912672,0.0146606,False
rs5752801,63,155,-0.0912161,0.0135346,False
rs5752801,63,156,-0.0886719,0.015272,False
rs5752801,63,157,-0.0904977,0.0121893,False
rs5752801,63,158,-0.0845189,0.0179658,False
rs5752801,63,159,-0.0819054,0.0204702,False
rs5752801,63,160,-0.0864132,0.0136092,False
rs5752801,63,161,-0.0885486,0.0107522,False
rs5752801,63,162,-0.0806342,0.0191722,False
rs5752801,63,163,-0.0820273,0.0161955,False
rs5752801,63,164,-0.0871006,0.0100464,False
rs5752801,63,165,-0.0922916,0.00599422,False
rs5752801,63,166,-0.0906591,0.00654194,False
rs5752801,63,167,-0.0965717,0.00359466,False
rs5752801,63,168,-0.101333,0.00213446,False
rs5752801,63,169,-0.0936941,0.00433396,False
rs5752801,63,170,-0.0962792,0.00325795,False
rs5752801,63,171,-0.0874336,0.00740673,False
rs5752801,63,172,-0.0882518,0.00664748,False
rs5752801,63,173,-0.0886894,0.00627514,False
rs5752801,63,174,-0.0933101,0.00404642,False
rs5752801,63,175,-0.0924817,0.00435237,False
rs5752801,63,176,-0.0865257,0.00756372,False
rs5752801,63,177,-0.0905999,0.00522062,False
rs5752801,63,178,-0.0858075,0.00818607,False
rs5752801,63,179,-0.0879193,0.00690976,False
rs5752801,63,180,-0.0954803,0.00339137,False
rs5752801,63,181,-0.0872433,0.00755644,False
rs5752801,63,182,-0.0885399,0.00681521,False
rs5752801,63,183,-0.0933542,0.00436952,False
rs5752801,63,184,-0.0820618,0.0124432,False
rs5752801,63,185,-0.0841968,0.0105781,False
rs5752801,63,186,-0.0815553,0.0133165,False
rs5752801,63,187,-0.0825976,0.012506,False
rs5752801,63,188,-0.0828909,0.0124532,False
rs5752801,63,189,-0.0793449,0.0169687,False
rs5752801,63,190,-0.0881676,0.00805527,False
rs5752801,63,191,-0.0866129,0.00942293,False
rs5752801,63,192,-0.0914491,0.00621282,False
rs5752801,63,193,-0.0863493,0.0098923,False
rs5752801,63,194,-0.0860737,0.0102313,False
rs5752801,63,195,-0.0858212,0.0106958,False
rs5752801,63,196,-0.085592,0.0109383,False
rs5752801,63,197,-0.085594,0.010991,False
rs5752801,63,198,-0.0825461,0.0144218,False
rs5752801,63,199,-0.0825048,0.0147345,False
rs5752801,63,200,-0.0758852,0.0248795,False
rs5752801,63,201,-0.0744741,0.0278152,False
rs5752801,63,202,-0.0767535,0.0234577,False
rs5752801,63,203,-0.0749846,0.0266622,False
rs5752801,63,204,-0.0817352,0.0158064,False
rs5752801,63,205,-0.0851563,0.0120518,False
rs5752801,63,206,-0.0781182,0.0212224,False
rs5752801,63,207,-0.0673876,0.0465459,False
rs5752801,63,208,-0.0687825,0.0421505,False
rs5752801,63,209,-0.0710073,0.0360444,False
rs5752801,63,210,-0.0690483,0.0414842,False
rs5752801,63,211,-0.0604343,0.0740757,False
rs5752801,63,212,-0.0571918,0.0904658,False
rs5752801,63,213,-0.0665136,0.0490559,False
rs5752801,63,214,-0.0619669,0.0664589,False
rs5752801,63,215,-0.0561528,0.0964432,False
rs5752801,63,216,-0.0450509,0.18214,False
rs5752801,63,217,-0.052121,0.122504,False
rs5752801,63,218,-0.0445293,0.186306,False
rs5752801,63,219,-0.0486439,0.149312,False
rs5752801,63,220,-0.0570523,0.0906559,False
rs5752801,63,221,-0.0534817,0.113047,False
rs5752801,63,222,-0.0518688,0.125066,False
rs5752801,63,223,-0.0578512,0.0870764,False
rs5752801,63,224,-0.0537723,0.112596,False
rs5752801,63,225,-0.0525629,0.121599,False
rs5752801,63,226,-0.0609017,0.0732355,False
rs5752801,63,227,-0.0493626,0.147836,False
rs5752801,63,228,-0.0554971,0.103843,False
rs5752801,63,229,-0.0606658,0.0763586,False
rs5752801,63,230,-0.0494927,0.149576,False
rs5752801,63,231,-0.0583878,0.089913,False
rs5752801,63,232,-0.0632115,0.0675622,False
rs5752801,63,233,-0.0616005,0.0760118,False
rs5752801,63,234,-0.0539645,0.122022,False
rs5752801,63,235,-0.0711798,0.0425837,False
rs5752801,63,236,-0.075578,0.0323296,False
rs5752801,63,237,-0.0819421,0.0211842,False
rs5752801,63,238,-0.0876817,0.0141827,False
rs5752801,63,239,-0.0906216,0.0118445,False
rs5752801,63,240,-0.0843901,0.0199973,False
rs5752801,63,241,-0.0883741,0.0158674,False
rs5752801,63,242,-0.0877956,0.0176205,False
rs5752801,63,243,-0.0936942,0.0122317,False
rs5752801,63,244,-0.0966358,0.0106875,False
rs5752801,63,245,-0.0900745,0.0188426,False
rs5752801,63,246,-0.0979443,0.0118706,False
rs5752801,63,247,-0.0969716,0.0141793,False
rs5752801,63,248,-0.0974016,0.0154793,False
rs5752801,63,249,-0.104937,0.0105025,False
rs5752801,63,250,-0.104051,0.0127679,False
rs5752801,63,251,-0.0998771,0.0190233,False
rs5752801,64,6,-0.0101162,0.725736,False
rs5752801,64,7,-0.0173288,0.543075,False
rs5752801,64,8,-0.0158367,0.573851,False
rs5752801,64,9,-0.0236591,0.396016,False
rs5752801,64,10,-0.022931,0.405715,False
rs5752801,64,11,-0.02112,0.439671,False
rs5752801,64,12,-0.0321072,0.2366,False
rs5752801,64,13,-0.0261278,0.333692,False
rs5752801,64,14,-0.031099,0.248154,False
rs5752801,64,15,-0.0310745,0.247383,False
rs5752801,64,16,-0.0313987,0.24221,False
rs5752801,64,17,-0.0364973,0.174302,False
rs5752801,64,18,-0.0398205,0.138331,False
rs5752801,64,19,-0.0420462,0.118016,False
rs5752801,64,20,-0.0392446,0.146213,False
rs5752801,64,21,-0.0311961,0.248667,False
rs5752801,64,22,-0.0366965,0.175523,False
rs5752801,64,23,-0.0429847,0.114429,False
rs5752801,64,24,-0.0345426,0.205364,False
rs5752801,64,25,-0.0408336,0.136413,False
rs5752801,64,26,-0.0451943,0.100442,False
rs5752801,64,27,-0.0405104,0.142627,False
rs5752801,64,28,-0.0354597,0.201006,False
rs5752801,64,29,-0.0376582,0.176672,False
rs5752801,64,30,-0.0410195,0.143368,False
rs5752801,64,31,-0.0380656,0.176391,False
rs5752801,64,32,-0.0343364,0.22501,False
rs5752801,64,33,-0.0336552,0.236308,False
rs5752801,64,34,-0.0315017,0.270347,False
rs5752801,64,35,-0.0381948,0.184301,False
rs5752801,64,36,-0.0430143,0.136751,False
rs5752801,64,37,-0.039574,0.173105,False
rs5752801,64,38,-0.0343658,0.240643,False
rs5752801,64,39,-0.0346864,0.238535,False
rs5752801,64,40,-0.0415646,0.159558,False
rs5752801,64,41,-0.0413673,0.164395,False
rs5752801,64,42,-0.04034,0.177201,False
rs5752801,64,43,-0.0438076,0.144804,False
rs5752801,64,44,-0.0455596,0.131635,False
rs5752801,64,45,-0.0560306,0.0648179,False
rs5752801,64,46,-0.0444288,0.145421,False
rs5752801,64,47,-0.0483755,0.114843,False
rs5752801,64,48,-0.0525002,0.0889972,False
rs5752801,64,49,-0.0453139,0.143493,False
rs5752801,64,50,-0.040295,0.194541,False
rs5752801,64,51,-0.051927,0.0963647,False
rs5752801,64,52,-0.0542758,0.0830338,False
rs5752801,64,53,-0.0532418,0.089943,False
rs5752801,64,54,-0.0530683,0.0921569,False
rs5752801,64,55,-0.0496587,0.115694,False
rs5752801,64,56,-0.05078,0.108124,False
rs5752801,64,57,-0.0573307,0.0696228,False
rs5752801,64,58,-0.0613198,0.0526875,False
rs5752801,64,59,-0.0578253,0.0679246,False
rs5752801,64,60,-0.0577918,0.0680559,False
rs5752801,64,61,-0.0579277,0.0673714,False
rs5752801,64,62,-0.0455767,0.150385,False
rs5752801,64,63,-0.0592649,0.0613732,False
rs5752801,64,64,-0.0432724,0.172036,False
rs5752801,64,65,-0.0405515,0.199944,False
rs5752801,64,66,-0.0498246,0.114876,False
rs5752801,64,67,-0.0558084,0.0767431,False
rs5752801,64,68,-0.0570815,0.0700071,False
rs5752801,64,69,-0.0596372,0.0576693,False
rs5752801,64,70,-0.0579982,0.0647682,False
rs5752801,64,71,-0.0536383,0.0872574,False
rs5752801,64,72,-0.0618592,0.0479546,False
rs5752801,64,73,-0.0560591,0.0722786,False
rs5752801,64,74,-0.0557742,0.0739827,False
rs5752801,64,75,-0.0604242,0.0526353,False
rs5752801,64,76,-0.0594258,0.0566074,False
rs5752801,64,77,-0.0558745,0.0723426,False
rs5752801,64,78,-0.0534417,0.0849049,False
rs5752801,64,79,-0.0573961,0.0644513,False
rs5752801,64,80,-0.0522316,0.0915998,False
rs5752801,64,81,-0.0596965,0.0539365,False
rs5752801,64,82,-0.0566148,0.0678876,False
rs5752801,64,83,-0.0515287,0.0964192,False
rs5752801,64,84,-0.0566478,0.0675373,False
rs5752801,64,85,-0.0540841,0.0810142,False
rs5752801,64,86,-0.043294,0.16257,False
rs5752801,64,87,-0.0417754,0.178799,False
rs5752801,64,88,-0.0401616,0.197453,False
rs5752801,64,89,-0.0451671,0.148439,False
rs5752801,64,90,-0.0424115,0.175356,False
rs5752801,64,91,-0.0346017,0.270643,False
rs5752801,64,92,-0.0424879,0.178715,False
rs5752801,64,93,-0.0338842,0.28618,False
rs5752801,64,94,-0.0441865,0.166656,False
rs5752801,64,95,-0.0364691,0.256593,False
rs5752801,64,96,-0.0413052,0.201685,False
rs5752801,64,97,-0.0411777,0.206033,False
rs5752801,64,98,-0.0420941,0.20053,False
rs5752801,64,99,-0.0472954,0.154333,False
rs5752801,64,100,-0.0419259,0.2114,False
rs5752801,64,101,-0.0445053,0.1909,False
rs5752801,64,102,-0.0487598,0.157005,False
rs5752801,64,103,-0.0399603,0.254465,False
rs5752801,64,104,-0.0394831,0.268781,False
rs5752801,64,105,-0.0521407,0.152051,False
rs5752801,64,106,-0.0374046,0.314942,False
rs5752801,64,107,-0.0461305,0.226191,False
rs5752801,64,108,-0.0449057,0.249753,False
rs5752801,64,109,-0.0504086,0.206337,False
rs5752801,64,110,-0.0386283,0.34378,False
rs5752801,64,111,-0.040591,0.328661,False
rs5752801,64,112,-0.0400227,0.343936,False
rs5752801,64,113,-0.0303151,0.479053,False
rs5752801,64,114,-0.0220639,0.609438,False
rs5752801,64,115,-0.0136751,0.752184,False
rs5752801,64,116,-0.00502956,0.907493,False
rs5752801,64,117,0.00921004,0.830928,False
rs5752801,64,118,0.0183757,0.668551,False
rs5752801,64,119,0.0258466,0.54434,False
rs5752801,64,120,0.03891,0.358327,False
rs5752801,64,121,0.045608,0.278351,False
rs5752801,64,122,0.0521317,0.21282,False
rs5752801,64,123,0.0515491,0.216028,False
rs5752801,64,124,0.0576076,0.165421,False
rs5752801,64,125,0.0520532,0.209252,False
rs5752801,64,126,0.047593,0.250046,False
rs5752801,64,127,0.0536974,0.194318,False
rs5752801,64,128,0.0472006,0.253269,False
rs5752801,64,129,0.0529205,0.200229,False
rs5752801,64,130,0.0598836,0.147275,False
rs5752801,64,131,0.058248,0.158886,False
rs5752801,64,132,0.0577051,0.163805,False
rs5752801,64,133,0.0514035,0.216405,False
rs5752801,64,134,0.0503769,0.228547,False
rs5752801,64,135,0.0499867,0.23493,False
rs5752801,64,136,0.0309747,0.465547,False
rs5752801,64,137,0.0272854,0.524122,False
rs5752801,64,138,0.018185,0.674132,False
rs5752801,64,139,0.0116308,0.789601,False
rs5752801,64,140,-0.0026077,0.952456,False
rs5752801,64,141,-0.0218966,0.617816,False
rs5752801,64,142,-0.0325631,0.457403,False
rs5752801,64,143,-0.048676,0.263959,False
rs5752801,64,144,-0.0551016,0.202223,False
rs5752801,64,145,-0.0668812,0.11732,False
rs5752801,64,146,-0.0681561,0.105766,False
rs5752801,64,147,-0.0657733,0.113073,False
rs5752801,64,148,-0.0789888,0.053032,False
rs5752801,64,149,-0.0825516,0.039714,False
rs5752801,64,150,-0.0873695,0.027045,False
rs5752801,64,151,-0.0904425,0.0200953,False
rs5752801,64,152,-0.0824874,0.0314317,False
rs5752801,64,153,-0.0806146,0.0331205,False
rs5752801,64,154,-0.0911333,0.0147135,False
rs5752801,64,155,-0.0820874,0.0260051,False
rs5752801,64,156,-0.0874589,0.01644,False
rs5752801,64,157,-0.0917913,0.0107711,False
rs5752801,64,158,-0.0839102,0.018564,False
rs5752801,64,159,-0.086908,0.0139103,False
rs5752801,64,160,-0.0796957,0.0227296,False
rs5752801,64,161,-0.0806211,0.0199533,False
rs5752801,64,162,-0.0872752,0.0109568,False
rs5752801,64,163,-0.0793794,0.0197465,False
rs5752801,64,164,-0.0787111,0.0198541,False
rs5752801,64,165,-0.0805438,0.0164185,False
rs5752801,64,166,-0.0802539,0.0159739,False
rs5752801,64,167,-0.0881954,0.00772691,False
rs5752801,64,168,-0.0917202,0.00538761,False
rs5752801,64,169,-0.0858067,0.00889179,False
rs5752801,64,170,-0.09452,0.00385031,False
rs5752801,64,171,-0.0951403,0.00349386,False
rs5752801,64,172,-0.0904592,0.00536993,False
rs5752801,64,173,-0.0892553,0.0060001,False
rs5752801,64,174,-0.090206,0.00542465,False
rs5752801,64,175,-0.0859486,0.0080808,False
rs5752801,64,176,-0.0849607,0.00882462,False
rs5752801,64,177,-0.0884928,0.00643457,False
rs5752801,64,178,-0.0938958,0.00380903,False
rs5752801,64,179,-0.0935305,0.00400898,False
rs5752801,64,180,-0.0867,0.00773297,False
rs5752801,64,181,-0.0798854,0.014279,False
rs5752801,64,182,-0.084714,0.00956078,False
rs5752801,64,183,-0.0805863,0.013978,False
rs5752801,64,184,-0.0806464,0.0140986,False
rs5752801,64,185,-0.0822514,0.0125264,False
rs5752801,64,186,-0.0716954,0.0296947,False
rs5752801,64,187,-0.0803014,0.0151074,False
rs5752801,64,188,-0.0829384,0.0123964,False
rs5752801,64,189,-0.0920026,0.00562142,False
rs5752801,64,190,-0.0892579,0.00734381,False
rs5752801,64,191,-0.0827735,0.0131209,False
rs5752801,64,192,-0.0841406,0.011807,False
rs5752801,64,193,-0.0720682,0.0314121,False
rs5752801,64,194,-0.0822595,0.0142283,False
rs5752801,64,195,-0.0885203,0.008391,False
rs5752801,64,196,-0.0810904,0.0160324,False
rs5752801,64,197,-0.0887515,0.00847657,False
rs5752801,64,198,-0.096047,0.00450672,False
rs5752801,64,199,-0.0830826,0.0140355,False
rs5752801,64,200,-0.0718547,0.0335831,False
rs5752801,64,201,-0.0801783,0.017777,False
rs5752801,64,202,-0.0756633,0.0253742,False
rs5752801,64,203,-0.0774471,0.0220646,False
rs5752801,64,204,-0.0782647,0.020879,False
rs5752801,64,205,-0.0828767,0.0144114,False
rs5752801,64,206,-0.083369,0.0138451,False
rs5752801,64,207,-0.0683186,0.0436366,False
rs5752801,64,208,-0.0653914,0.0532761,False
rs5752801,64,209,-0.0715711,0.0342435,False
rs5752801,64,210,-0.0700592,0.0382061,False
rs5752801,64,211,-0.0664298,0.0491128,False
rs5752801,64,212,-0.0512452,0.128997,False
rs5752801,64,213,-0.0545039,0.10604,False
rs5752801,64,214,-0.0586099,0.0821478,False
rs5752801,64,215,-0.0518762,0.124465,False
rs5752801,64,216,-0.0535284,0.112306,False
rs5752801,64,217,-0.044624,0.185922,False
rs5752801,64,218,-0.0478815,0.155972,False
rs5752801,64,219,-0.0532382,0.114291,False
rs5752801,64,220,-0.0392312,0.244524,False
rs5752801,64,221,-0.0491041,0.145955,False
rs5752801,64,222,-0.0430663,0.202389,False
rs5752801,64,223,-0.0449995,0.183483,False
rs5752801,64,224,-0.0557297,0.10004,False
rs5752801,64,225,-0.0565901,0.0953858,False
rs5752801,64,226,-0.0457035,0.179143,False
rs5752801,64,227,-0.0564718,0.0972006,False
rs5752801,64,228,-0.0578182,0.0903769,False
rs5752801,64,229,-0.0504652,0.140561,False
rs5752801,64,230,-0.0631068,0.0662271,False
rs5752801,64,231,-0.0615173,0.0743442,False
rs5752801,64,232,-0.0590149,0.0883374,False
rs5752801,64,233,-0.0646796,0.0628907,False
rs5752801,64,234,-0.0645697,0.0643682,False
rs5752801,64,235,-0.0667504,0.0574992,False
rs5752801,64,236,-0.0675178,0.0560287,False
rs5752801,64,237,-0.0669776,0.0599705,False
rs5752801,64,238,-0.0699851,0.0509863,False
rs5752801,64,239,-0.0708803,0.0495315,False
rs5752801,64,240,-0.0824328,0.0237146,False
rs5752801,64,241,-0.0782516,0.0336604,False
rs5752801,64,242,-0.0835545,0.0245009,False
rs5752801,64,243,-0.0788411,0.0360286,False
rs5752801,64,244,-0.0842978,0.0270609,False
rs5752801,64,245,-0.0937968,0.015166,False
rs5752801,64,246,-0.0871787,0.0261324,False
rs5752801,64,247,-0.0950092,0.0172811,False
rs5752801,64,248,-0.0947275,0.0196026,False
rs5752801,64,249,-0.104053,0.0119322,False
rs5752801,64,250,-0.11412,0.0067942,False
rs5752801,64,251,-0.10668,0.0129119,False
rs5752801,65,6,-0.00360146,0.89985,False
rs5752801,65,7,-0.00413273,0.883531,False
rs5752801,65,8,-0.0147844,0.595799,False
rs5752801,65,9,-0.0187794,0.496527,False
rs5752801,65,10,-0.0256298,0.34879,False
rs5752801,65,11,-0.0273988,0.312438,False
rs5752801,65,12,-0.0363829,0.177209,False
rs5752801,65,13,-0.0235613,0.37975,False
rs5752801,65,14,-0.0255694,0.338814,False
rs5752801,65,15,-0.0264098,0.324154,False
rs5752801,65,16,-0.0175051,0.5137,False
rs5752801,65,17,-0.0188475,0.48118,False
rs5752801,65,18,-0.0202803,0.44959,False
rs5752801,65,19,-0.0302378,0.259922,False
rs5752801,65,20,-0.0267199,0.320974,False
rs5752801,65,21,-0.028141,0.297579,False
rs5752801,65,22,-0.0235443,0.384951,False
rs5752801,65,23,-0.0268697,0.323549,False
rs5752801,65,24,-0.0290901,0.286528,False
rs5752801,65,25,-0.0401646,0.14225,False
rs5752801,65,26,-0.0435393,0.113257,False
rs5752801,65,27,-0.0433462,0.11636,False
rs5752801,65,28,-0.0373081,0.178547,False
rs5752801,65,29,-0.0395588,0.15596,False
rs5752801,65,30,-0.0413143,0.14048,False
rs5752801,65,31,-0.0417234,0.137938,False
rs5752801,65,32,-0.0511786,0.0696957,False
rs5752801,65,33,-0.0500428,0.0777274,False
rs5752801,65,34,-0.0433442,0.128785,False
rs5752801,65,35,-0.0436577,0.128545,False
rs5752801,65,36,-0.0467214,0.10558,False
rs5752801,65,37,-0.0526449,0.0698069,False
rs5752801,65,38,-0.0623851,0.0329897,False
rs5752801,65,39,-0.0658853,0.0248776,False
rs5752801,65,40,-0.0617618,0.0363833,False
rs5752801,65,41,-0.0545606,0.0660659,False
rs5752801,65,42,-0.0637431,0.032762,False
rs5752801,65,43,-0.0590889,0.0488516,False
rs5752801,65,44,-0.0656071,0.0296524,False
rs5752801,65,45,-0.0681711,0.0246038,False
rs5752801,65,46,-0.066655,0.0287852,False
rs5752801,65,47,-0.0719607,0.0186293,False
rs5752801,65,48,-0.061343,0.0462865,False
rs5752801,65,49,-0.0647903,0.0359948,False
rs5752801,65,50,-0.0648082,0.0367976,False
rs5752801,65,51,-0.0685335,0.0278687,False
rs5752801,65,52,-0.0727113,0.0198896,False
rs5752801,65,53,-0.0728099,0.0200804,False
rs5752801,65,54,-0.0679158,0.0307217,False
rs5752801,65,55,-0.0661328,0.0356212,False
rs5752801,65,56,-0.0805071,0.0105712,False
rs5752801,65,57,-0.0644234,0.0412681,False
rs5752801,65,58,-0.0585741,0.0638957,False
rs5752801,65,59,-0.0625894,0.0478352,False
rs5752801,65,60,-0.0626728,0.0478822,False
rs5752801,65,61,-0.0574287,0.0694203,False
rs5752801,65,62,-0.0596209,0.0593796,False
rs5752801,65,63,-0.0617834,0.0508679,False
rs5752801,65,64,-0.0641956,0.0427623,False
rs5752801,65,65,-0.0666728,0.0349301,False
rs5752801,65,66,-0.065721,0.0373667,False
rs5752801,65,67,-0.072026,0.0222983,False
rs5752801,65,68,-0.0635464,0.0438866,False
rs5752801,65,69,-0.060158,0.0558379,False
rs5752801,65,70,-0.0596128,0.0575071,False
rs5752801,65,71,-0.0578922,0.0646288,False
rs5752801,65,72,-0.063114,0.0437253,False
rs5752801,65,73,-0.0641072,0.0399914,False
rs5752801,65,74,-0.0692748,0.0262447,False
rs5752801,65,75,-0.0660793,0.0338469,False
rs5752801,65,76,-0.0634532,0.0413253,False
rs5752801,65,77,-0.0583354,0.0602611,False
rs5752801,65,78,-0.0555427,0.0735381,False
rs5752801,65,79,-0.0642397,0.0381997,False
rs5752801,65,80,-0.0648512,0.0362566,False
rs5752801,65,81,-0.0680792,0.0277639,False
rs5752801,65,82,-0.0618668,0.0455302,False
rs5752801,65,83,-0.0520957,0.09256,False
rs5752801,65,84,-0.0494675,0.109786,False
rs5752801,65,85,-0.0538282,0.0819274,False
rs5752801,65,86,-0.0480753,0.121308,False
rs5752801,65,87,-0.0539203,0.0827447,False
rs5752801,65,88,-0.0667881,0.0318588,False
rs5752801,65,89,-0.0597311,0.0559267,False
rs5752801,65,90,-0.0533568,0.0882011,False
rs5752801,65,91,-0.0575382,0.0670057,False
rs5752801,65,92,-0.0519934,0.099074,False
rs5752801,65,93,-0.0583692,0.0656302,False
rs5752801,65,94,-0.0525381,0.0992205,False
rs5752801,65,95,-0.0637939,0.0468318,False
rs5752801,65,96,-0.0607816,0.0593031,False
rs5752801,65,97,-0.0574857,0.0771802,False
rs5752801,65,98,-0.0531225,0.105108,False
rs5752801,65,99,-0.0496802,0.133528,False
rs5752801,65,100,-0.0524845,0.116628,False
rs5752801,65,101,-0.0536082,0.113778,False
rs5752801,65,102,-0.05143,0.134646,False
rs5752801,65,103,-0.0576772,0.0988335,False
rs5752801,65,104,-0.0525764,0.138952,False
rs5752801,65,105,-0.0627801,0.0832945,False
rs5752801,65,106,-0.0570978,0.122578,False
rs5752801,65,107,-0.0561392,0.137946,False
rs5752801,65,108,-0.0523301,0.177213,False
rs5752801,65,109,-0.0585129,0.14002,False
rs5752801,65,110,-0.0557712,0.169844,False
rs5752801,65,111,-0.0574331,0.166331,False
rs5752801,65,112,-0.059505,0.159072,False
rs5752801,65,113,-0.0523651,0.221765,False
rs5752801,65,114,-0.0385914,0.373145,False
rs5752801,65,115,-0.0334231,0.443757,False
rs5752801,65,116,-0.0195921,0.653891,False
rs5752801,65,117,-0.0116801,0.788958,False
rs5752801,65,118,-0.00990496,0.819584,False
rs5752801,65,119,-0.00213543,0.960609,False
rs5752801,65,120,0.00881585,0.837252,False
rs5752801,65,121,0.0185161,0.664212,False
rs5752801,65,122,0.0345094,0.415613,False
rs5752801,65,123,0.0344928,0.413321,False
rs5752801,65,124,0.0330464,0.431625,False
rs5752801,65,125,0.0222635,0.595543,False
rs5752801,65,126,0.0448017,0.283934,False
rs5752801,65,127,0.0356707,0.393308,False
rs5752801,65,128,0.041052,0.325019,False
rs5752801,65,129,0.0510334,0.221,False
rs5752801,65,130,0.0493906,0.236069,False
rs5752801,65,131,0.0531923,0.202627,False
rs5752801,65,132,0.0427461,0.307017,False
rs5752801,65,133,0.0410657,0.328088,False
rs5752801,65,134,0.0432129,0.305883,False
rs5752801,65,135,0.0296565,0.48521,False
rs5752801,65,136,0.0279937,0.512653,False
rs5752801,65,137,0.0157115,0.715729,False
rs5752801,65,138,0.00809516,0.852401,False
rs5752801,65,139,-0.00714961,0.870338,False
rs5752801,65,140,-0.0181473,0.679242,False
rs5752801,65,141,-0.0301457,0.492544,False
rs5752801,65,142,-0.0422884,0.334486,False
rs5752801,65,143,-0.0430021,0.323054,False
rs5752801,65,144,-0.0596754,0.16576,False
rs5752801,65,145,-0.0730496,0.0855648,False
rs5752801,65,146,-0.0875103,0.0368663,False
rs5752801,65,147,-0.0931106,0.0241283,False
rs5752801,65,148,-0.0878271,0.030574,False
rs5752801,65,149,-0.0896071,0.0249173,False
rs5752801,65,150,-0.0894154,0.0229245,False
rs5752801,65,151,-0.0860418,0.0263159,False
rs5752801,65,152,-0.0891588,0.019472,False
rs5752801,65,153,-0.0914652,0.0151043,False
rs5752801,65,154,-0.094763,0.010796,False
rs5752801,65,155,-0.0871375,0.0175075,False
rs5752801,65,156,-0.0849951,0.0191927,False
rs5752801,65,157,-0.0848014,0.0180811,False
rs5752801,65,158,-0.0861261,0.015272,False
rs5752801,65,159,-0.088335,0.0119391,False
rs5752801,65,160,-0.0873821,0.0120937,False
rs5752801,65,161,-0.0753228,0.0289086,False
rs5752801,65,162,-0.0855659,0.0123478,False
rs5752801,65,163,-0.0939126,0.00565586,False
rs5752801,65,164,-0.0883484,0.00864512,False
rs5752801,65,165,-0.0853851,0.0105457,False
rs5752801,65,166,-0.0841216,0.011233,False
rs5752801,65,167,-0.0917345,0.00542736,False
rs5752801,65,168,-0.0818625,0.0126839,False
rs5752801,65,169,-0.0866722,0.00809792,False
rs5752801,65,170,-0.0777372,0.0170893,False
rs5752801,65,171,-0.0850312,0.00890295,False
rs5752801,65,172,-0.0848507,0.00885589,False
rs5752801,65,173,-0.0913326,0.00480616,False
rs5752801,65,174,-0.0964074,0.00288545,False
rs5752801,65,175,-0.0975512,0.00258135,False
rs5752801,65,176,-0.0920705,0.004483,False
rs5752801,65,177,-0.0844466,0.00913933,False
rs5752801,65,178,-0.0865369,0.00765502,False
rs5752801,65,179,-0.089988,0.00561333,False
rs5752801,65,180,-0.0950147,0.00349803,False
rs5752801,65,181,-0.0976505,0.00274743,False
rs5752801,65,182,-0.0978215,0.00277036,False
rs5752801,65,183,-0.0934102,0.00435537,False
rs5752801,65,184,-0.103399,0.00166805,False
rs5752801,65,185,-0.107449,0.0011173,False
rs5752801,65,186,-0.0958529,0.00369941,False
rs5752801,65,187,-0.0961673,0.00366393,False
rs5752801,65,188,-0.0840537,0.0112054,False
rs5752801,65,189,-0.0874795,0.00846671,False
rs5752801,65,190,-0.101638,0.00229114,False
rs5752801,65,191,-0.101302,0.00239246,False
rs5752801,65,192,-0.0841357,0.0118466,False
rs5752801,65,193,-0.0880549,0.00863454,False
rs5752801,65,194,-0.0890952,0.00798447,False
rs5752801,65,195,-0.0914995,0.0065263,False
rs5752801,65,196,-0.0849886,0.0116515,False
rs5752801,65,197,-0.0912308,0.00677939,False
rs5752801,65,198,-0.0796574,0.0181997,False
rs5752801,65,199,-0.0797441,0.018357,False
rs5752801,65,200,-0.0791868,0.0190988,False
rs5752801,65,201,-0.0803245,0.0174862,False
rs5752801,65,202,-0.0713801,0.0347512,False
rs5752801,65,203,-0.0732438,0.0301918,False
rs5752801,65,204,-0.066542,0.0492143,False
rs5752801,65,205,-0.063511,0.0601635,False
rs5752801,65,206,-0.068144,0.0438222,False
rs5752801,65,207,-0.0650499,0.0545212,False
rs5752801,65,208,-0.0594014,0.0787809,False
rs5752801,65,209,-0.0672933,0.0466211,False
rs5752801,65,210,-0.0606489,0.0727016,False
rs5752801,65,211,-0.0620846,0.0660945,False
rs5752801,65,212,-0.0503849,0.135343,False
rs5752801,65,213,-0.0587314,0.0814549,False
rs5752801,65,214,-0.0547736,0.104593,False
rs5752801,65,215,-0.0508914,0.131649,False
rs5752801,65,216,-0.0488891,0.146985,False
rs5752801,65,217,-0.0529376,0.116478,False
rs5752801,65,218,-0.0589712,0.0797338,False
rs5752801,65,219,-0.0506988,0.132237,False
rs5752801,65,220,-0.0499895,0.13766,False
rs5752801,65,221,-0.0535928,0.112029,False
rs5752801,65,222,-0.0498618,0.139491,False
rs5752801,65,223,-0.0570789,0.0909868,False
rs5752801,65,224,-0.0517974,0.125582,False
rs5752801,65,225,-0.0543311,0.108749,False
rs5752801,65,226,-0.060423,0.0751122,False
rs5752801,65,227,-0.0583324,0.0865985,False
rs5752801,65,228,-0.0591721,0.0828744,False
rs5752801,65,229,-0.0559492,0.101549,False
rs5752801,65,230,-0.0490379,0.153033,False
rs5752801,65,231,-0.0592171,0.0855855,False
rs5752801,65,232,-0.05884,0.088919,False
rs5752801,65,233,-0.0624603,0.0722895,False
rs5752801,65,234,-0.0682263,0.0506827,False
rs5752801,65,235,-0.0738652,0.0357039,False
rs5752801,65,236,-0.0679937,0.0547225,False
rs5752801,65,237,-0.0794559,0.0257287,False
rs5752801,65,238,-0.0839426,0.0192077,False
rs5752801,65,239,-0.0891194,0.0137821,False
rs5752801,65,240,-0.0947119,0.00955203,False
rs5752801,65,241,-0.0893319,0.0153168,False
rs5752801,65,242,-0.0932287,0.0122615,False
rs5752801,65,243,-0.0844472,0.0250037,False
rs5752801,65,244,-0.104893,0.00596419,False
rs5752801,65,245,-0.104995,0.00660481,False
rs5752801,65,246,-0.109735,0.00523291,False
rs5752801,65,247,-0.115537,0.00386082,False
rs5752801,65,248,-0.124201,0.00224688,False
rs5752801,65,249,-0.121894,0.00327485,False
rs5752801,65,250,-0.132538,0.00171693,False
rs5752801,65,251,-0.139992,0.00114131,False
rs5752801,66,6,-0.00344641,0.903924,False
rs5752801,66,7,-0.00778416,0.782852,False
rs5752801,66,8,-0.0119975,0.667094,False
rs5752801,66,9,-0.0200849,0.467812,False
rs5752801,66,10,-0.0219539,0.422427,False
rs5752801,66,11,-0.0135656,0.617412,False
rs5752801,66,12,-0.0212267,0.431351,False
rs5752801,66,13,-0.0124831,0.642754,False
rs5752801,66,14,-0.0183658,0.493682,False
rs5752801,66,15,-0.0241086,0.367461,False
rs5752801,66,16,-0.0132218,0.620798,False
rs5752801,66,17,-0.0209455,0.434031,False
rs5752801,66,18,-0.022034,0.410144,False
rs5752801,66,19,-0.0291739,0.275182,False
rs5752801,66,20,-0.0308308,0.250398,False
rs5752801,66,21,-0.0318648,0.236461,False
rs5752801,66,22,-0.0197032,0.46554,False
rs5752801,66,23,-0.0259466,0.337983,False
rs5752801,66,24,-0.0246944,0.363127,False
rs5752801,66,25,-0.0159711,0.558573,False
rs5752801,66,26,-0.0328382,0.231012,False
rs5752801,66,27,-0.0218301,0.427253,False
rs5752801,66,28,-0.0222724,0.419086,False
rs5752801,66,29,-0.0346241,0.212758,False
rs5752801,66,30,-0.026129,0.349084,False
rs5752801,66,31,-0.0358555,0.201124,False
rs5752801,66,32,-0.03122,0.268109,False
rs5752801,66,33,-0.0327212,0.248174,False
rs5752801,66,34,-0.0398752,0.161358,False
rs5752801,66,35,-0.0456321,0.110712,False
rs5752801,66,36,-0.0475184,0.0985338,False
rs5752801,66,37,-0.0317225,0.272939,False
rs5752801,66,38,-0.0448188,0.123075,False
rs5752801,66,39,-0.0486519,0.0963558,False
rs5752801,66,40,-0.0504312,0.0869278,False
rs5752801,66,41,-0.0558224,0.0593187,False
rs5752801,66,42,-0.051909,0.0813151,False
rs5752801,66,43,-0.0540554,0.0709458,False
rs5752801,66,44,-0.0632177,0.0357045,False
rs5752801,66,45,-0.0671319,0.0265282,False
rs5752801,66,46,-0.0627754,0.0390281,False
rs5752801,66,47,-0.0614158,0.0446874,False
rs5752801,66,48,-0.05969,0.0517782,False
rs5752801,66,49,-0.0636276,0.0390724,False
rs5752801,66,50,-0.0674633,0.0293983,False
rs5752801,66,51,-0.0668855,0.0311711,False
rs5752801,66,52,-0.065072,0.0367793,False
rs5752801,66,53,-0.0654607,0.0362387,False
rs5752801,66,54,-0.0626594,0.0456156,False
rs5752801,66,55,-0.0727909,0.020532,False
rs5752801,66,56,-0.0665808,0.0344932,False
rs5752801,66,57,-0.066285,0.0356359,False
rs5752801,66,58,-0.0621036,0.0493176,False
rs5752801,66,59,-0.0592481,0.060804,False
rs5752801,66,60,-0.0653333,0.0388339,False
rs5752801,66,61,-0.0640499,0.0427161,False
rs5752801,66,62,-0.0598442,0.0582889,False
rs5752801,66,63,-0.059108,0.0615889,False
rs5752801,66,64,-0.0637513,0.0437737,False
rs5752801,66,65,-0.0632337,0.0451671,False
rs5752801,66,66,-0.0581549,0.064766,False
rs5752801,66,67,-0.0458419,0.144871,False
rs5752801,66,68,-0.0570421,0.0692053,False
rs5752801,66,69,-0.0605132,0.0535541,False
rs5752801,66,70,-0.0538448,0.0850665,False
rs5752801,66,71,-0.0531354,0.0891252,False
rs5752801,66,72,-0.0525635,0.0921372,False
rs5752801,66,73,-0.0603078,0.0530363,False
rs5752801,66,74,-0.0616083,0.0478554,False
rs5752801,66,75,-0.0635855,0.0407208,False
rs5752801,66,76,-0.0661498,0.0330888,False
rs5752801,66,77,-0.0600984,0.0520992,False
rs5752801,66,78,-0.0638051,0.0391552,False
rs5752801,66,79,-0.0515553,0.0958481,False
rs5752801,66,80,-0.0512208,0.097794,False
rs5752801,66,81,-0.0528693,0.086947,False
rs5752801,66,82,-0.0489032,0.113485,False
rs5752801,66,83,-0.0547732,0.0764279,False
rs5752801,66,84,-0.0567222,0.0667219,False
rs5752801,66,85,-0.0515723,0.0953136,False
rs5752801,66,86,-0.0480876,0.119755,False
rs5752801,66,87,-0.057227,0.0645894,False
rs5752801,66,88,-0.0569944,0.0664103,False
rs5752801,66,89,-0.0520223,0.0941825,False
rs5752801,66,90,-0.0623994,0.0454366,False
rs5752801,66,91,-0.0477914,0.127747,False
rs5752801,66,92,-0.0525759,0.0946513,False
rs5752801,66,93,-0.0625903,0.0474844,False
rs5752801,66,94,-0.0514749,0.104714,False
rs5752801,66,95,-0.0502765,0.115334,False
rs5752801,66,96,-0.0515644,0.108597,False
rs5752801,66,97,-0.0558131,0.084805,False
rs5752801,66,98,-0.0531627,0.102666,False
rs5752801,66,99,-0.0546576,0.0964578,False
rs5752801,66,100,-0.0560049,0.0922652,False
rs5752801,66,101,-0.043591,0.194705,False
rs5752801,66,102,-0.0448762,0.187539,False
rs5752801,66,103,-0.0521682,0.131399,False
rs5752801,66,104,-0.0438277,0.212744,False
rs5752801,66,105,-0.0620732,0.083184,False
rs5752801,66,106,-0.0549128,0.133013,False
rs5752801,66,107,-0.054175,0.147188,False
rs5752801,66,108,-0.0478555,0.211314,False
rs5752801,66,109,-0.0487646,0.21362,False
rs5752801,66,110,-0.0569086,0.156701,False
rs5752801,66,111,-0.0545026,0.185121,False
rs5752801,66,112,-0.0517769,0.217819,False
rs5752801,66,113,-0.0435193,0.308682,False
rs5752801,66,114,-0.0407843,0.347035,False
rs5752801,66,115,-0.0357287,0.4157,False
rs5752801,66,116,-0.0300997,0.494826,False
rs5752801,66,117,-0.0293781,0.506681,False
rs5752801,66,118,-0.0142393,0.747099,False
rs5752801,66,119,0.000481201,0.991272,False
rs5752801,66,120,0.009154,0.834243,False
rs5752801,66,121,0.0131803,0.762299,False
rs5752801,66,122,0.019651,0.649944,False
rs5752801,66,123,0.0292993,0.4968,False
rs5752801,66,124,0.0276525,0.519583,False
rs5752801,66,125,0.0356359,0.405523,False
rs5752801,66,126,0.0347743,0.415721,False
rs5752801,66,127,0.0325841,0.445054,False
rs5752801,66,128,0.0337198,0.42861,False
rs5752801,66,129,0.035672,0.40189,False
rs5752801,66,130,0.034509,0.417566,False
rs5752801,66,131,0.0414845,0.329629,False
rs5752801,66,132,0.0337323,0.429383,False
rs5752801,66,133,0.0330593,0.439905,False
rs5752801,66,134,0.0363589,0.397436,False
rs5752801,66,135,0.0294869,0.494692,False
rs5752801,66,136,0.0111449,0.797437,False
rs5752801,66,137,0.010152,0.816312,False
rs5752801,66,138,-0.00474593,0.913972,False
rs5752801,66,139,-0.00810955,0.853843,False
rs5752801,66,140,-0.0211028,0.632109,False
rs5752801,66,141,-0.0392253,0.371995,False
rs5752801,66,142,-0.0473886,0.278073,False
rs5752801,66,143,-0.0623111,0.149821,False
rs5752801,66,144,-0.0750679,0.0794175,False
rs5752801,66,145,-0.0801579,0.0576577,False
rs5752801,66,146,-0.0872486,0.0355912,False
rs5752801,66,147,-0.0888292,0.0298294,False
rs5752801,66,148,-0.0932946,0.0202138,False
rs5752801,66,149,-0.0948893,0.0163109,False
rs5752801,66,150,-0.0916317,0.0184898,False
rs5752801,66,151,-0.0929077,0.015312,False
rs5752801,66,152,-0.0898511,0.017489,False
rs5752801,66,153,-0.091905,0.0137415,False
rs5752801,66,154,-0.099367,0.00705927,False
rs5752801,66,155,-0.0892627,0.0143362,False
rs5752801,66,156,-0.0933703,0.00954776,False
rs5752801,66,157,-0.0862206,0.0155549,False
rs5752801,66,158,-0.0856143,0.0152995,False
rs5752801,66,159,-0.0797336,0.0225244,False
rs5752801,66,160,-0.083185,0.0163297,False
rs5752801,66,161,-0.0781278,0.0227497,False
rs5752801,66,162,-0.0831769,0.0145881,False
rs5752801,66,163,-0.0775305,0.0217235,False
rs5752801,66,164,-0.0811358,0.0155511,False
rs5752801,66,165,-0.0768143,0.0212492,False
rs5752801,66,166,-0.0795844,0.0162257,False
rs5752801,66,167,-0.0860969,0.00905307,False
rs5752801,66,168,-0.0795632,0.015197,False
rs5752801,66,169,-0.076612,0.019048,False
rs5752801,66,170,-0.0759885,0.0196726,False
rs5752801,66,171,-0.0818278,0.0117708,False
rs5752801,66,172,-0.0813578,0.0122008,False
rs5752801,66,173,-0.0891278,0.00597113,False
rs5752801,66,174,-0.0747615,0.0210421,False
rs5752801,66,175,-0.0724111,0.0254365,False
rs5752801,66,176,-0.0751135,0.0204794,False
rs5752801,66,177,-0.0793981,0.0142546,False
rs5752801,66,178,-0.0804345,0.0132428,False
rs5752801,66,179,-0.0782871,0.0161035,False
rs5752801,66,180,-0.0837737,0.00999744,False
rs5752801,66,181,-0.0789197,0.01565,False
rs5752801,66,182,-0.0821134,0.0120587,False
rs5752801,66,183,-0.0868557,0.00804368,False
rs5752801,66,184,-0.0866571,0.00828083,False
rs5752801,66,185,-0.0845852,0.010181,False
rs5752801,66,186,-0.0873912,0.008085,False
rs5752801,66,187,-0.0920182,0.00542633,False
rs5752801,66,188,-0.091747,0.00569437,False
rs5752801,66,189,-0.0860712,0.00958547,False
rs5752801,66,190,-0.0871892,0.00878034,False
rs5752801,66,191,-0.0815524,0.0146616,False
rs5752801,66,192,-0.0857586,0.0104697,False
rs5752801,66,193,-0.0814342,0.0151451,False
rs5752801,66,194,-0.0805686,0.0163647,False
rs5752801,66,195,-0.0764085,0.0229777,False
rs5752801,66,196,-0.0805202,0.0167734,False
rs5752801,66,197,-0.0803937,0.0171771,False
rs5752801,66,198,-0.0827978,0.0143666,False
rs5752801,66,199,-0.0702347,0.0379527,False
rs5752801,66,200,-0.0683391,0.0435748,False
rs5752801,66,201,-0.062002,0.06716,False
rs5752801,66,202,-0.0640722,0.0588725,False
rs5752801,66,203,-0.0639274,0.0594003,False
rs5752801,66,204,-0.0602704,0.0754486,False
rs5752801,66,205,-0.0642873,0.0577805,False
rs5752801,66,206,-0.0697058,0.0392771,False
rs5752801,66,207,-0.0606671,0.0727467,False
rs5752801,66,208,-0.0635955,0.0597272,False
rs5752801,66,209,-0.0643533,0.0571846,False
rs5752801,66,210,-0.057867,0.0867019,False
rs5752801,66,211,-0.0545248,0.105987,False
rs5752801,66,212,-0.0565779,0.0933615,False
rs5752801,66,213,-0.053056,0.11543,False
rs5752801,66,214,-0.0388404,0.248839,False
rs5752801,66,215,-0.0401368,0.232923,False
rs5752801,66,216,-0.0463138,0.168098,False
rs5752801,66,217,-0.0499872,0.137144,False
rs5752801,66,218,-0.0515754,0.125406,False
rs5752801,66,219,-0.0534237,0.112742,False
rs5752801,66,220,-0.0574627,0.0886399,False
rs5752801,66,221,-0.0565198,0.0940787,False
rs5752801,66,222,-0.0465684,0.168099,False
rs5752801,66,223,-0.0634609,0.0604927,False
rs5752801,66,224,-0.0630347,0.0626243,False
rs5752801,66,225,-0.0691215,0.0413468,False
rs5752801,66,226,-0.0483978,0.15429,False
rs5752801,66,227,-0.054358,0.110619,False
rs5752801,66,228,-0.0537341,0.115257,False
rs5752801,66,229,-0.0542392,0.11329,False
rs5752801,66,230,-0.0643499,0.0613478,False
rs5752801,66,231,-0.0735739,0.0331108,False
rs5752801,66,232,-0.0667157,0.0542681,False
rs5752801,66,233,-0.0671401,0.0540052,False
rs5752801,66,234,-0.0642185,0.066764,False
rs5752801,66,235,-0.071983,0.0409672,False
rs5752801,66,236,-0.0779787,0.0277803,False
rs5752801,66,237,-0.085468,0.0166564,False
rs5752801,66,238,-0.0906611,0.0117896,False
rs5752801,66,239,-0.0839957,0.0208078,False
rs5752801,66,240,-0.0876014,0.0167733,False
rs5752801,66,241,-0.0980743,0.00813554,False
rs5752801,66,242,-0.0977618,0.00903123,False
rs5752801,66,243,-0.09841,0.00949283,False
rs5752801,66,244,-0.0972126,0.0113997,False
rs5752801,66,245,-0.0898807,0.0211271,False
rs5752801,66,246,-0.0967508,0.0146277,False
rs5752801,66,247,-0.107452,0.00771943,False
rs5752801,66,248,-0.116176,0.00464167,False
rs5752801,66,249,-0.119217,0.0043908,False
rs5752801,66,250,-0.131808,0.00198856,False
rs5752801,66,251,-0.135319,0.00182727,False
rs5752801,67,6,0.00668871,0.814944,False
rs5752801,67,7,0.00719295,0.799119,False
rs5752801,67,8,-0.000852984,0.975683,False
rs5752801,67,9,-0.00127151,0.963437,False
rs5752801,67,10,-0.0102966,0.708052,False
rs5752801,67,11,-0.00537906,0.843546,False
rs5752801,67,12,-0.0158632,0.558289,False
rs5752801,67,13,-0.0192451,0.474832,False
rs5752801,67,14,-0.0186229,0.487693,False
rs5752801,67,15,-0.0249113,0.352011,False
rs5752801,67,16,-0.030871,0.247726,False
rs5752801,67,17,-0.0302703,0.256749,False
rs5752801,67,18,-0.0302709,0.258507,False
rs5752801,67,19,-0.0239372,0.371945,False
rs5752801,67,20,-0.0237433,0.376159,False
rs5752801,67,21,-0.027246,0.311108,False
rs5752801,67,22,-0.0201757,0.454145,False
rs5752801,67,23,-0.0260743,0.335394,False
rs5752801,67,24,-0.0304378,0.262097,False
rs5752801,67,25,-0.0302012,0.267984,False
rs5752801,67,26,-0.0307336,0.261673,False
rs5752801,67,27,-0.0246238,0.369963,False
rs5752801,67,28,-0.0291376,0.292306,False
rs5752801,67,29,-0.0339383,0.221072,False
rs5752801,67,30,-0.0315265,0.257435,False
rs5752801,67,31,-0.0308869,0.268467,False
rs5752801,67,32,-0.0347279,0.216616,False
rs5752801,67,33,-0.0399252,0.157128,False
rs5752801,67,34,-0.0425605,0.133649,False
rs5752801,67,35,-0.0392314,0.16914,False
rs5752801,67,36,-0.0428819,0.135525,False
rs5752801,67,37,-0.0451879,0.117352,False
rs5752801,67,38,-0.0489191,0.0916194,False
rs5752801,67,39,-0.0518375,0.0756355,False
rs5752801,67,40,-0.0475954,0.104296,False
rs5752801,67,41,-0.0529043,0.0728581,False
rs5752801,67,42,-0.0595724,0.0445442,False
rs5752801,67,43,-0.0528648,0.0764467,False
rs5752801,67,44,-0.0614202,0.0404553,False
rs5752801,67,45,-0.0592946,0.0492118,False
rs5752801,67,46,-0.0682351,0.0241991,False
rs5752801,67,47,-0.0691886,0.0230905,False
rs5752801,67,48,-0.0609665,0.0462816,False
rs5752801,67,49,-0.0748649,0.0147601,False
rs5752801,67,50,-0.0606736,0.0488488,False
rs5752801,67,51,-0.064238,0.0382486,False
rs5752801,67,52,-0.0665038,0.0323807,False
rs5752801,67,53,-0.0710224,0.0226567,False
rs5752801,67,54,-0.0591784,0.0577578,False
rs5752801,67,55,-0.0699429,0.025684,False
rs5752801,67,56,-0.0698032,0.0261598,False
rs5752801,67,57,-0.0641988,0.0412088,False
rs5752801,67,58,-0.0662822,0.0351226,False
rs5752801,67,59,-0.0603669,0.0552944,False
rs5752801,67,60,-0.0675217,0.0322241,False
rs5752801,67,61,-0.0690931,0.0286558,False
rs5752801,67,62,-0.0732481,0.0202741,False
rs5752801,67,63,-0.0702023,0.0260403,False
rs5752801,67,64,-0.077448,0.0140445,False
rs5752801,67,65,-0.0731433,0.0204689,False
rs5752801,67,66,-0.0593973,0.0591878,False
rs5752801,67,67,-0.0746285,0.0176131,False
rs5752801,67,68,-0.068521,0.0291387,False
rs5752801,67,69,-0.0707795,0.0240669,False
rs5752801,67,70,-0.0667859,0.0330362,False
rs5752801,67,71,-0.0674884,0.0309094,False
rs5752801,67,72,-0.0711689,0.0226412,False
rs5752801,67,73,-0.0719389,0.0210092,False
rs5752801,67,74,-0.072069,0.0205517,False
rs5752801,67,75,-0.0760343,0.0143636,False
rs5752801,67,76,-0.073619,0.0175979,False
rs5752801,67,77,-0.0696625,0.0245036,False
rs5752801,67,78,-0.0641583,0.0378959,False
rs5752801,67,79,-0.0703249,0.0226257,False
rs5752801,67,80,-0.0644576,0.0367245,False
rs5752801,67,81,-0.061533,0.0459889,False
rs5752801,67,82,-0.0692965,0.0248123,False
rs5752801,67,83,-0.055902,0.0698072,False
rs5752801,67,84,-0.0555905,0.071485,False
rs5752801,67,85,-0.0634326,0.0395886,False
rs5752801,67,86,-0.0597037,0.0530346,False
rs5752801,67,87,-0.0510845,0.0983425,False
rs5752801,67,88,-0.0613119,0.0478871,False
rs5752801,67,89,-0.0613182,0.0482084,False
rs5752801,67,90,-0.0537775,0.0840797,False
rs5752801,67,91,-0.0590898,0.0589433,False
rs5752801,67,92,-0.0516392,0.0999088,False
rs5752801,67,93,-0.0509577,0.105984,False
rs5752801,67,94,-0.0533455,0.0919538,False
rs5752801,67,95,-0.0522764,0.10014,False
rs5752801,67,96,-0.0533751,0.0953853,False
rs5752801,67,97,-0.0554183,0.0854346,False
rs5752801,67,98,-0.0549391,0.0901642,False
rs5752801,67,99,-0.0439583,0.17867,False
rs5752801,67,100,-0.048954,0.137829,False
rs5752801,67,101,-0.0498615,0.134531,False
rs5752801,67,102,-0.0652505,0.0534148,False
rs5752801,67,103,-0.0552333,0.106311,False
rs5752801,67,104,-0.0594679,0.0862448,False
rs5752801,67,105,-0.0458566,0.193631,False
rs5752801,67,106,-0.0574453,0.109822,False
rs5752801,67,107,-0.0602015,0.100584,False
rs5752801,67,108,-0.0540701,0.149065,False
rs5752801,67,109,-0.0620592,0.10571,False
rs5752801,67,110,-0.0575382,0.143648,False
rs5752801,67,111,-0.0559236,0.165224,False
rs5752801,67,112,-0.0578822,0.161098,False
rs5752801,67,113,-0.0539384,0.201349,False
rs5752801,67,114,-0.0472667,0.272056,False
rs5752801,67,115,-0.0416471,0.340435,False
rs5752801,67,116,-0.0398575,0.367252,False
rs5752801,67,117,-0.0303399,0.495809,False
rs5752801,67,118,-0.0368314,0.410174,False
rs5752801,67,119,-0.0141104,0.752661,False
rs5752801,67,120,-0.0256986,0.56494,False
rs5752801,67,121,-0.00981949,0.825579,False
rs5752801,67,122,-0.00471362,0.91554,False
rs5752801,67,123,-0.00618994,0.888833,False
rs5752801,67,124,-0.00136689,0.975293,False
rs5752801,67,125,0.0108497,0.805364,False
rs5752801,67,126,0.00126943,0.976943,False
rs5752801,67,127,0.00787106,0.857498,False
rs5752801,67,128,0.00760589,0.862115,False
rs5752801,67,129,0.0188027,0.667223,False
rs5752801,67,130,0.0210702,0.629894,False
rs5752801,67,131,0.0158409,0.717156,False
rs5752801,67,132,0.00214105,0.961042,False
rs5752801,67,133,0.00540441,0.902013,False
rs5752801,67,134,0.00285194,0.948275,False
rs5752801,67,135,0.00908436,0.836842,False
rs5752801,67,136,-0.000200806,0.99638,False
rs5752801,67,137,0.000148865,0.997322,False
rs5752801,67,138,-0.00824652,0.852619,False
rs5752801,67,139,-0.0260367,0.557023,False
rs5752801,67,140,-0.0356943,0.419481,False
rs5752801,67,141,-0.0482943,0.270869,False
rs5752801,67,142,-0.0530701,0.222149,False
rs5752801,67,143,-0.0574598,0.180302,False
rs5752801,67,144,-0.0730937,0.0838591,False
rs5752801,67,145,-0.0780924,0.0606083,False
rs5752801,67,146,-0.0795631,0.0519235,False
rs5752801,67,147,-0.0930383,0.0208197,False
rs5752801,67,148,-0.0964591,0.0146698,False
rs5752801,67,149,-0.0962471,0.0134948,False
rs5752801,67,150,-0.0965354,0.0119089,False
rs5752801,67,151,-0.0953179,0.0117404,False
rs5752801,67,152,-0.0981945,0.00856553,False
rs5752801,67,153,-0.100862,0.00626109,False
rs5752801,67,154,-0.0897586,0.0138321,False
rs5752801,67,155,-0.0940985,0.00901752,False
rs5752801,67,156,-0.0847856,0.017421,False
rs5752801,67,157,-0.0930115,0.00844687,False
rs5752801,67,158,-0.0859535,0.0139856,False
rs5752801,67,159,-0.0844248,0.0147669,False
rs5752801,67,160,-0.0758257,0.0272017,False
rs5752801,67,161,-0.081399,0.0167576,False
rs5752801,67,162,-0.0780243,0.0208915,False
rs5752801,67,163,-0.069563,0.0380133,False
rs5752801,67,164,-0.0766823,0.0214484,False
rs5752801,67,165,-0.0797266,0.0161714,False
rs5752801,67,166,-0.0794841,0.0158387,False
rs5752801,67,167,-0.0754893,0.0214457,False
rs5752801,67,168,-0.0820481,0.0119698,False
rs5752801,67,169,-0.0752842,0.0207046,False
rs5752801,67,170,-0.0798836,0.0140401,False
rs5752801,67,171,-0.082274,0.0111876,False
rs5752801,67,172,-0.0829782,0.0104122,False
rs5752801,67,173,-0.0866151,0.00747559,False
rs5752801,67,174,-0.084654,0.00884611,False
rs5752801,67,175,-0.0868173,0.00722958,False
rs5752801,67,176,-0.0841513,0.00931476,False
rs5752801,67,177,-0.0804755,0.013003,False
rs5752801,67,178,-0.087451,0.00704271,False
rs5752801,67,179,-0.0918743,0.00475792,False
rs5752801,67,180,-0.0871153,0.00752924,False
rs5752801,67,181,-0.0889461,0.0064931,False
rs5752801,67,182,-0.088658,0.00677534,False
rs5752801,67,183,-0.0927083,0.00475112,False
rs5752801,67,184,-0.0936233,0.00443493,False
rs5752801,67,185,-0.0919782,0.00535897,False
rs5752801,67,186,-0.0876636,0.00799897,False
rs5752801,67,187,-0.0857402,0.00965106,False
rs5752801,67,188,-0.0930376,0.00506531,False
rs5752801,67,189,-0.102896,0.00199696,False
rs5752801,67,190,-0.0952837,0.00430113,False
rs5752801,67,191,-0.0871146,0.00918184,False
rs5752801,67,192,-0.0772218,0.0212348,False
rs5752801,67,193,-0.0817338,0.0148606,False
rs5752801,67,194,-0.079405,0.0182207,False
rs5752801,67,195,-0.0856338,0.0110343,False
rs5752801,67,196,-0.0779839,0.0209408,False
rs5752801,67,197,-0.0723405,0.032284,False
rs5752801,67,198,-0.0768377,0.0230466,False
rs5752801,67,199,-0.0720454,0.0333529,False
rs5752801,67,200,-0.0787079,0.0202032,False
rs5752801,67,201,-0.0720097,0.0336173,False
rs5752801,67,202,-0.0723422,0.0326741,False
rs5752801,67,203,-0.0768563,0.0233271,False
rs5752801,67,204,-0.0809153,0.0170123,False
rs5752801,67,205,-0.0738348,0.0294117,False
rs5752801,67,206,-0.0836979,0.0134771,False
rs5752801,67,207,-0.0827329,0.0144853,False
rs5752801,67,208,-0.0794936,0.0186794,False
rs5752801,67,209,-0.0842825,0.0126637,False
rs5752801,67,210,-0.083759,0.0131048,False
rs5752801,67,211,-0.0766604,0.0231838,False
rs5752801,67,212,-0.075138,0.0259681,False
rs5752801,67,213,-0.0794997,0.0183686,False
rs5752801,67,214,-0.0696199,0.0385123,False
rs5752801,67,215,-0.0769646,0.0222632,False
rs5752801,67,216,-0.0608637,0.0705469,False
rs5752801,67,217,-0.0584456,0.0824436,False
rs5752801,67,218,-0.0552682,0.100096,False
rs5752801,67,219,-0.061885,0.066059,False
rs5752801,67,220,-0.0557723,0.0975969,False
rs5752801,67,221,-0.0621253,0.0646145,False
rs5752801,67,222,-0.0611884,0.0691492,False
rs5752801,67,223,-0.0597576,0.0763759,False
rs5752801,67,224,-0.0519253,0.124193,False
rs5752801,67,225,-0.0438421,0.194955,False
rs5752801,67,226,-0.0539122,0.111925,False
rs5752801,67,227,-0.0615484,0.0705199,False
rs5752801,67,228,-0.0553519,0.10453,False
rs5752801,67,229,-0.0584666,0.0872392,False
rs5752801,67,230,-0.0511936,0.136249,False
rs5752801,67,231,-0.0639327,0.0639996,False
rs5752801,67,232,-0.0632144,0.0683036,False
rs5752801,67,233,-0.0667365,0.0556674,False
rs5752801,67,234,-0.0673712,0.0548137,False
rs5752801,67,235,-0.0800141,0.0235806,False
rs5752801,67,236,-0.0738059,0.038259,False
rs5752801,67,237,-0.0772085,0.0315851,False
rs5752801,67,238,-0.0881054,0.0149411,False
rs5752801,67,239,-0.0888327,0.0149261,False
rs5752801,67,240,-0.0934545,0.0113074,False
rs5752801,67,241,-0.107393,0.00398571,False
rs5752801,67,242,-0.107135,0.00448851,False
rs5752801,67,243,-0.110882,0.00369895,False
rs5752801,67,244,-0.11215,0.00376174,False
rs5752801,67,245,-0.12329,0.00169556,False
rs5752801,67,246,-0.119644,0.00273968,False
rs5752801,67,247,-0.124271,0.00221703,False
rs5752801,67,248,-0.129309,0.00178755,False
rs5752801,67,249,-0.130628,0.00193944,False
rs5752801,67,250,-0.140727,0.00104692,False
rs5752801,67,251,-0.146258,0.000818579,False
rs5752801,68,6,-0.0154974,0.584143,False
rs5752801,68,7,-0.00794284,0.776935,False
rs5752801,68,8,-0.0134843,0.626314,False
rs5752801,68,9,-0.0102145,0.709899,False
rs5752801,68,10,-0.0253833,0.350599,False
rs5752801,68,11,-0.0220641,0.414284,False
rs5752801,68,12,-0.0317822,0.236689,False
rs5752801,68,13,-0.0300623,0.260461,False
rs5752801,68,14,-0.0226498,0.394969,False
rs5752801,68,15,-0.0190117,0.474486,False
rs5752801,68,16,-0.0173627,0.513319,False
rs5752801,68,17,-0.0293217,0.270166,False
rs5752801,68,18,-0.0183701,0.490466,False
rs5752801,68,19,-0.0313416,0.23892,False
rs5752801,68,20,-0.0182016,0.495104,False
rs5752801,68,21,-0.0229597,0.389804,False
rs5752801,68,22,-0.0165291,0.537337,False
rs5752801,68,23,-0.0285805,0.288003,False
rs5752801,68,24,-0.0320086,0.236331,False
rs5752801,68,25,-0.0306929,0.257964,False
rs5752801,68,26,-0.0276366,0.309989,False
rs5752801,68,27,-0.025129,0.358119,False
rs5752801,68,28,-0.020009,0.466363,False
rs5752801,68,29,-0.0208163,0.451405,False
rs5752801,68,30,-0.0262301,0.344102,False
rs5752801,68,31,-0.0258356,0.3539,False
rs5752801,68,32,-0.0312477,0.263976,False
rs5752801,68,33,-0.0320217,0.253922,False
rs5752801,68,34,-0.0377256,0.181709,False
rs5752801,68,35,-0.0332657,0.241751,False
rs5752801,68,36,-0.0371396,0.193739,False
rs5752801,68,37,-0.0345496,0.228963,False
rs5752801,68,38,-0.0380122,0.18852,False
rs5752801,68,39,-0.0385121,0.184881,False
rs5752801,68,40,-0.046465,0.112601,False
rs5752801,68,41,-0.032563,0.268252,False
rs5752801,68,42,-0.0403943,0.171937,False
rs5752801,68,43,-0.0473027,0.111321,False
rs5752801,68,44,-0.051098,0.0876447,False
rs5752801,68,45,-0.0533736,0.0762815,False
rs5752801,68,46,-0.0511246,0.0910426,False
rs5752801,68,47,-0.059462,0.0499911,False
rs5752801,68,48,-0.0621325,0.0419521,False
rs5752801,68,49,-0.0523429,0.0879235,False
rs5752801,68,50,-0.0534838,0.0823726,False
rs5752801,68,51,-0.0563412,0.0684584,False
rs5752801,68,52,-0.0604908,0.0511344,False
rs5752801,68,53,-0.068426,0.0277463,False
rs5752801,68,54,-0.0656618,0.0352138,False
rs5752801,68,55,-0.0662612,0.0338171,False
rs5752801,68,56,-0.0767807,0.0141495,False
rs5752801,68,57,-0.0686734,0.0283122,False
rs5752801,68,58,-0.0701181,0.0254206,False
rs5752801,68,59,-0.0742806,0.018131,False
rs5752801,68,60,-0.07785,0.0134982,False
rs5752801,68,61,-0.0739909,0.0186709,False
rs5752801,68,62,-0.0711009,0.024125,False
rs5752801,68,63,-0.0650557,0.0390413,False
rs5752801,68,64,-0.0654055,0.0378561,False
rs5752801,68,65,-0.073527,0.0195788,False
rs5752801,68,66,-0.0786531,0.0124331,False
rs5752801,68,67,-0.0676941,0.0312412,False
rs5752801,68,68,-0.0609958,0.0521024,False
rs5752801,68,69,-0.0707722,0.0239488,False
rs5752801,68,70,-0.0673517,0.0311454,False
rs5752801,68,71,-0.0577947,0.0641281,False
rs5752801,68,72,-0.0617472,0.0475572,False
rs5752801,68,73,-0.0649704,0.03671,False
rs5752801,68,74,-0.0687179,0.0268675,False
rs5752801,68,75,-0.059817,0.0537238,False
rs5752801,68,76,-0.068059,0.0276397,False
rs5752801,68,77,-0.0668463,0.0305497,False
rs5752801,68,78,-0.068134,0.0273112,False
rs5752801,68,79,-0.0690735,0.0248281,False
rs5752801,68,80,-0.0657653,0.032554,False
rs5752801,68,81,-0.0667567,0.0299038,False
rs5752801,68,82,-0.0651471,0.0339883,False
rs5752801,68,83,-0.0556155,0.0701893,False
rs5752801,68,84,-0.0612115,0.0464662,False
rs5752801,68,85,-0.0569399,0.0641126,False
rs5752801,68,86,-0.0545522,0.0763245,False
rs5752801,68,87,-0.0558033,0.0700767,False
rs5752801,68,88,-0.0496659,0.107611,False
rs5752801,68,89,-0.0584915,0.058543,False
rs5752801,68,90,-0.0498764,0.107852,False
rs5752801,68,91,-0.0531267,0.0876579,False
rs5752801,68,92,-0.0469301,0.132343,False
rs5752801,68,93,-0.0493099,0.114636,False
rs5752801,68,94,-0.0609612,0.0527456,False
rs5752801,68,95,-0.051677,0.102351,False
rs5752801,68,96,-0.0462711,0.145923,False
rs5752801,68,97,-0.0526853,0.0995217,False
rs5752801,68,98,-0.0598433,0.0631922,False
rs5752801,68,99,-0.0604649,0.0630376,False
rs5752801,68,100,-0.0554173,0.0910568,False
rs5752801,68,101,-0.0637864,0.0533978,False
rs5752801,68,102,-0.0733299,0.0282309,False
rs5752801,68,103,-0.0602563,0.0744164,False
rs5752801,68,104,-0.0600275,0.0792893,False
rs5752801,68,105,-0.0700377,0.0436685,False
rs5752801,68,106,-0.0657186,0.0626498,False
rs5752801,68,107,-0.0708784,0.0485497,False
rs5752801,68,108,-0.0568969,0.120372,False
rs5752801,68,109,-0.0578399,0.122143,False
rs5752801,68,110,-0.0649019,0.0902087,False
rs5752801,68,111,-0.0707681,0.0713873,False
rs5752801,68,112,-0.0572282,0.154651,False
rs5752801,68,113,-0.0599308,0.14597,False
rs5752801,68,114,-0.0625751,0.137488,False
rs5752801,68,115,-0.0539824,0.209648,False
rs5752801,68,116,-0.0522314,0.232665,False
rs5752801,68,117,-0.0444599,0.316923,False
rs5752801,68,118,-0.0409999,0.361045,False
rs5752801,68,119,-0.0366493,0.417827,False
rs5752801,68,120,-0.0307289,0.498677,False
rs5752801,68,121,-0.0363801,0.424464,False
rs5752801,68,122,-0.0206699,0.649806,False
rs5752801,68,123,-0.0192006,0.673097,False
rs5752801,68,124,-0.0197474,0.664089,False
rs5752801,68,125,-0.0081286,0.857895,False
rs5752801,68,126,-0.0103484,0.819506,False
rs5752801,68,127,-0.0182699,0.686684,False
rs5752801,68,128,-0.00757858,0.86698,False
rs5752801,68,129,-0.012269,0.785864,False
rs5752801,68,130,-0.019174,0.670709,False
rs5752801,68,131,-0.0179801,0.69013,False
rs5752801,68,132,-0.021788,0.628802,False
rs5752801,68,133,-0.0278263,0.537055,False
rs5752801,68,134,-0.0214546,0.633647,False
rs5752801,68,135,-0.0238047,0.596858,False
rs5752801,68,136,-0.0307762,0.493137,False
rs5752801,68,137,-0.0325593,0.468404,False
rs5752801,68,138,-0.0405151,0.364486,False
rs5752801,68,139,-0.0493739,0.265706,False
rs5752801,68,140,-0.0526025,0.231287,False
rs5752801,68,141,-0.0702695,0.105887,False
rs5752801,68,142,-0.0637607,0.137053,False
rs5752801,68,143,-0.0715243,0.0906329,False
rs5752801,68,144,-0.0777739,0.0616626,False
rs5752801,68,145,-0.0827121,0.0430192,False
rs5752801,68,146,-0.0852666,0.0338796,False
rs5752801,68,147,-0.0923473,0.019513,False
rs5752801,68,148,-0.0913033,0.0188642,False
rs5752801,68,149,-0.0933913,0.0148003,False
rs5752801,68,150,-0.102743,0.00655618,False
rs5752801,68,151,-0.0870134,0.0195977,False
rs5752801,68,152,-0.089351,0.015178,False
rs5752801,68,153,-0.0934828,0.0103204,False
rs5752801,68,154,-0.0876898,0.0148486,False
rs5752801,68,155,-0.0945065,0.00806032,False
rs5752801,68,156,-0.0911349,0.00975098,False
rs5752801,68,157,-0.0926499,0.00805191,False
rs5752801,68,158,-0.089354,0.0098135,False
rs5752801,68,159,-0.0862613,0.0119327,False
rs5752801,68,160,-0.0826851,0.0152087,False
rs5752801,68,161,-0.0902205,0.00755011,False
rs5752801,68,162,-0.085134,0.011139,False
rs5752801,68,163,-0.0861866,0.00968469,False
rs5752801,68,164,-0.0903011,0.00645016,False
rs5752801,68,165,-0.0840463,0.0107641,False
rs5752801,68,166,-0.0879256,0.00731601,False
rs5752801,68,167,-0.0906147,0.00549192,False
rs5752801,68,168,-0.0900414,0.00566141,False
rs5752801,68,169,-0.09215,0.00449818,False
rs5752801,68,170,-0.0845792,0.00890959,False
rs5752801,68,171,-0.0861061,0.00771021,False
rs5752801,68,172,-0.0856038,0.00795682,False
rs5752801,68,173,-0.0830814,0.0100317,False
rs5752801,68,174,-0.0871625,0.00687962,False
rs5752801,68,175,-0.0882439,0.00624868,False
rs5752801,68,176,-0.0952699,0.00322062,False
rs5752801,68,177,-0.101219,0.00177599,False
rs5752801,68,178,-0.0996805,0.00211224,False
rs5752801,68,179,-0.0901911,0.00552659,False
rs5752801,68,180,-0.0951086,0.00352466,False
rs5752801,68,181,-0.088181,0.00693342,False
rs5752801,68,182,-0.0959788,0.00339019,False
rs5752801,68,183,-0.0997563,0.00242249,False
rs5752801,68,184,-0.0978163,0.00299701,False
rs5752801,68,185,-0.0950089,0.00409247,False
rs5752801,68,186,-0.100343,0.00244632,False
rs5752801,68,187,-0.097724,0.00324488,False
rs5752801,68,188,-0.0939117,0.00476687,False
rs5752801,68,189,-0.0985841,0.00312235,False
rs5752801,68,190,-0.0879198,0.00858326,False
rs5752801,68,191,-0.0918413,0.00613306,False
rs5752801,68,192,-0.0845154,0.0119176,False
rs5752801,68,193,-0.0818063,0.0149501,False
rs5752801,68,194,-0.0899797,0.00746749,False
rs5752801,68,195,-0.0958933,0.00440916,False
rs5752801,68,196,-0.0934195,0.00561723,False
rs5752801,68,197,-0.0883164,0.00886012,False
rs5752801,68,198,-0.0907946,0.00723011,False
rs5752801,68,199,-0.0944404,0.00526133,False
rs5752801,68,200,-0.087732,0.00953887,False
rs5752801,68,201,-0.0893014,0.00838255,False
rs5752801,68,202,-0.085817,0.0113495,False
rs5752801,68,203,-0.085186,0.0118963,False
rs5752801,68,204,-0.0822315,0.0151814,False
rs5752801,68,205,-0.0759022,0.0248518,False
rs5752801,68,206,-0.0867718,0.0104123,False
rs5752801,68,207,-0.0787675,0.0199052,False
rs5752801,68,208,-0.0672412,0.0468136,False
rs5752801,68,209,-0.0730848,0.0304196,False
rs5752801,68,210,-0.0702387,0.0374428,False
rs5752801,68,211,-0.070351,0.0369402,False
rs5752801,68,212,-0.0696879,0.0384671,False
rs5752801,68,213,-0.0754136,0.0248613,False
rs5752801,68,214,-0.0695572,0.0384284,False
rs5752801,68,215,-0.0629665,0.0612104,False
rs5752801,68,216,-0.0566075,0.0924722,False
rs5752801,68,217,-0.0606424,0.0712195,False
rs5752801,68,218,-0.0626591,0.0622893,False
rs5752801,68,219,-0.051399,0.126189,False
rs5752801,68,220,-0.0608771,0.0700358,False
rs5752801,68,221,-0.0621442,0.0644193,False
rs5752801,68,222,-0.0592219,0.0785143,False
rs5752801,68,223,-0.0580979,0.0848713,False
rs5752801,68,224,-0.0716378,0.0341315,False
rs5752801,68,225,-0.0692143,0.0411098,False
rs5752801,68,226,-0.0732294,0.0308281,False
rs5752801,68,227,-0.0746193,0.0282341,False
rs5752801,68,228,-0.0743267,0.0294569,False
rs5752801,68,229,-0.0792837,0.020648,False
rs5752801,68,230,-0.076299,0.0265513,False
rs5752801,68,231,-0.0916036,0.00796637,False
rs5752801,68,232,-0.0839177,0.0156891,False
rs5752801,68,233,-0.0834422,0.0168209,False
rs5752801,68,234,-0.0858303,0.0146157,False
rs5752801,68,235,-0.0784073,0.0268075,False
rs5752801,68,236,-0.0770627,0.030894,False
rs5752801,68,237,-0.0906833,0.0117252,False
rs5752801,68,238,-0.0921483,0.0110956,False
rs5752801,68,239,-0.0900811,0.0140673,False
rs5752801,68,240,-0.0969934,0.00896127,False
rs5752801,68,241,-0.101859,0.00662205,False
rs5752801,68,242,-0.102974,0.00664167,False
rs5752801,68,243,-0.100228,0.00917683,False
rs5752801,68,244,-0.104024,0.00762344,False
rs5752801,68,245,-0.105842,0.00749355,False
rs5752801,68,246,-0.116419,0.00382404,False
rs5752801,68,247,-0.122871,0.00269271,False
rs5752801,68,248,-0.118923,0.00435902,False
rs5752801,68,249,-0.120046,0.00466541,False
rs5752801,68,250,-0.129284,0.00277518,False
rs5752801,68,251,-0.129638,0.00318856,False
rs5752801,69,6,-0.00754593,0.790001,False
rs5752801,69,7,-0.00230804,0.93447,False
rs5752801,69,8,-0.00397987,0.886074,False
rs5752801,69,9,-0.00362016,0.895202,False
rs5752801,69,10,-0.0029088,0.91486,False
rs5752801,69,11,-0.00374577,0.889428,False
rs5752801,69,12,0.00075219,0.977636,False
rs5752801,69,13,-0.00652039,0.807341,False
rs5752801,69,14,-0.00858517,0.74656,False
rs5752801,69,15,-0.016083,0.544557,False
rs5752801,69,16,-0.0117804,0.657287,False
rs5752801,69,17,-0.0149413,0.572877,False
rs5752801,69,18,-0.0189475,0.474535,False
rs5752801,69,19,-0.0198951,0.455259,False
rs5752801,69,20,-0.022411,0.40034,False
rs5752801,69,21,-0.0321701,0.228956,False
rs5752801,69,22,-0.0287189,0.283722,False
rs5752801,69,23,-0.0189666,0.479831,False
rs5752801,69,24,-0.0227799,0.397912,False
rs5752801,69,25,-0.0209658,0.438384,False
rs5752801,69,26,-0.0245747,0.364987,False
rs5752801,69,27,-0.0324218,0.235305,False
rs5752801,69,28,-0.0203631,0.457544,False
rs5752801,69,29,-0.0264778,0.336334,False
rs5752801,69,30,-0.0343808,0.213671,False
rs5752801,69,31,-0.0324751,0.242175,False
rs5752801,69,32,-0.0372165,0.182378,False
rs5752801,69,33,-0.0387496,0.166874,False
rs5752801,69,34,-0.0385407,0.172025,False
rs5752801,69,35,-0.0450421,0.111779,False
rs5752801,69,36,-0.0479229,0.0928225,False
rs5752801,69,37,-0.0500955,0.080528,False
rs5752801,69,38,-0.0376782,0.190936,False
rs5752801,69,39,-0.0480915,0.0967459,False
rs5752801,69,40,-0.0419842,0.149045,False
rs5752801,69,41,-0.0530796,0.0697318,False
rs5752801,69,42,-0.061286,0.0376978,False
rs5752801,69,43,-0.0545701,0.0654628,False
rs5752801,69,44,-0.05491,0.065406,False
rs5752801,69,45,-0.0537575,0.0726435,False
rs5752801,69,46,-0.0541448,0.0720061,False
rs5752801,69,47,-0.0598345,0.0476198,False
rs5752801,69,48,-0.0643598,0.034102,False
rs5752801,69,49,-0.0584771,0.0554561,False
rs5752801,69,50,-0.071551,0.0194855,False
rs5752801,69,51,-0.0663739,0.0310587,False
rs5752801,69,52,-0.0743588,0.0159208,False
rs5752801,69,53,-0.0717649,0.0204242,False
rs5752801,69,54,-0.0667385,0.0316404,False
rs5752801,69,55,-0.0708685,0.0226662,False
rs5752801,69,56,-0.0833866,0.00762739,False
rs5752801,69,57,-0.0794827,0.0111458,False
rs5752801,69,58,-0.0707867,0.0240126,False
rs5752801,69,59,-0.0668897,0.0328113,False
rs5752801,69,60,-0.0824682,0.00864132,False
rs5752801,69,61,-0.086505,0.00590768,False
rs5752801,69,62,-0.0809537,0.0100564,False
rs5752801,69,63,-0.086811,0.00583484,False
rs5752801,69,64,-0.0817582,0.00928851,False
rs5752801,69,65,-0.0815954,0.00928722,False
rs5752801,69,66,-0.0794466,0.0112669,False
rs5752801,69,67,-0.078339,0.0124302,False
rs5752801,69,68,-0.0797383,0.0108857,False
rs5752801,69,69,-0.0838184,0.00737058,False
rs5752801,69,70,-0.0763225,0.0146824,False
rs5752801,69,71,-0.084392,0.00679602,False
rs5752801,69,72,-0.0790476,0.0110987,False
rs5752801,69,73,-0.0771491,0.0130698,False
rs5752801,69,74,-0.0699924,0.0239953,False
rs5752801,69,75,-0.0706143,0.0227376,False
rs5752801,69,76,-0.0699991,0.0237189,False
rs5752801,69,77,-0.0752805,0.014752,False
rs5752801,69,78,-0.068149,0.0271624,False
rs5752801,69,79,-0.0789317,0.0103023,False
rs5752801,69,80,-0.0736507,0.0166286,False
rs5752801,69,81,-0.0640273,0.0371623,False
rs5752801,69,82,-0.068697,0.0253516,False
rs5752801,69,83,-0.0652082,0.0335394,False
rs5752801,69,84,-0.0739604,0.0159063,False
rs5752801,69,85,-0.0687279,0.0251723,False
rs5752801,69,86,-0.0640182,0.0370953,False
rs5752801,69,87,-0.0627052,0.0412578,False
rs5752801,69,88,-0.0639182,0.0376593,False
rs5752801,69,89,-0.0581726,0.0591469,False
rs5752801,69,90,-0.057382,0.0637831,False
rs5752801,69,91,-0.0583512,0.0600202,False
rs5752801,69,92,-0.0553333,0.0748281,False
rs5752801,69,93,-0.058833,0.0591954,False
rs5752801,69,94,-0.0609463,0.0520002,False
rs5752801,69,95,-0.0606084,0.0542607,False
rs5752801,69,96,-0.0618272,0.0508465,False
rs5752801,69,97,-0.0602229,0.058258,False
rs5752801,69,98,-0.0594185,0.0635026,False
rs5752801,69,99,-0.06131,0.0574198,False
rs5752801,69,100,-0.070178,0.0306593,False
rs5752801,69,101,-0.0762251,0.0199151,False
rs5752801,69,102,-0.0761227,0.0212249,False
rs5752801,69,103,-0.0809384,0.0153586,False
rs5752801,69,104,-0.0771389,0.0223626,False
rs5752801,69,105,-0.0802755,0.0188354,False
rs5752801,69,106,-0.0706947,0.0413118,False
rs5752801,69,107,-0.0737689,0.0359205,False
rs5752801,69,108,-0.0773705,0.0306044,False
rs5752801,69,109,-0.0697598,0.0555602,False
rs5752801,69,110,-0.0724253,0.051496,False
rs5752801,69,111,-0.0736707,0.0525532,False
rs5752801,69,112,-0.0715288,0.0658836,False
rs5752801,69,113,-0.0769518,0.0535767,False
rs5752801,69,114,-0.0744706,0.0681341,False
rs5752801,69,115,-0.0666344,0.110501,False
rs5752801,69,116,-0.0667399,0.118035,False
rs5752801,69,117,-0.069139,0.11231,False
rs5752801,69,118,-0.0617326,0.163322,False
rs5752801,69,119,-0.0568192,0.206149,False
rs5752801,69,120,-0.0611185,0.178419,False
rs5752801,69,121,-0.0459984,0.314967,False
rs5752801,69,122,-0.0377217,0.412528,False
rs5752801,69,123,-0.0407469,0.378263,False
rs5752801,69,124,-0.0382443,0.409472,False
rs5752801,69,125,-0.0340334,0.463231,False
rs5752801,69,126,-0.0286286,0.537526,False
rs5752801,69,127,-0.0349409,0.451794,False
rs5752801,69,128,-0.0278022,0.549039,False
rs5752801,69,129,-0.0303072,0.513209,False
rs5752801,69,130,-0.0228401,0.621311,False
rs5752801,69,131,-0.026094,0.571452,False
rs5752801,69,132,-0.0211827,0.645089,False
rs5752801,69,133,-0.0399486,0.38362,False
rs5752801,69,134,-0.0352922,0.439872,False
rs5752801,69,135,-0.0334267,0.461894,False
rs5752801,69,136,-0.0400719,0.374624,False
rs5752801,69,137,-0.0417871,0.350356,False
rs5752801,69,138,-0.0526922,0.234917,False
rs5752801,69,139,-0.0511304,0.243163,False
rs5752801,69,140,-0.063639,0.141184,False
rs5752801,69,141,-0.0633278,0.137243,False
rs5752801,69,142,-0.0748324,0.0745409,False
rs5752801,69,143,-0.0780707,0.0587618,False
rs5752801,69,144,-0.0791879,0.0513412,False
rs5752801,69,145,-0.088142,0.027236,False
rs5752801,69,146,-0.0938118,0.0170401,False
rs5752801,69,147,-0.0911869,0.0186021,False
rs5752801,69,148,-0.0839131,0.0279777,False
rs5752801,69,149,-0.0898641,0.0170987,False
rs5752801,69,150,-0.0823999,0.0267208,False
rs5752801,69,151,-0.0859859,0.0193506,False
rs5752801,69,152,-0.0906275,0.0126505,False
rs5752801,69,153,-0.0777671,0.0307893,False
rs5752801,69,154,-0.0916079,0.0100292,False
rs5752801,69,155,-0.089773,0.0108442,False
rs5752801,69,156,-0.092326,0.00810235,False
rs5752801,69,157,-0.0866652,0.0122326,False
rs5752801,69,158,-0.087849,0.0103844,False
rs5752801,69,159,-0.0907602,0.00764156,False
rs5752801,69,160,-0.0868984,0.0100767,False
rs5752801,69,161,-0.0873983,0.00909606,False
rs5752801,69,162,-0.0882632,0.00798753,False
rs5752801,69,163,-0.0952165,0.00401554,False
rs5752801,69,164,-0.0931507,0.00464948,False
rs5752801,69,165,-0.0945062,0.00397337,False
rs5752801,69,166,-0.0892907,0.00620114,False
rs5752801,69,167,-0.0936166,0.00396386,False
rs5752801,69,168,-0.0902886,0.00533374,False
rs5752801,69,169,-0.0884547,0.00620808,False
rs5752801,69,170,-0.0818583,0.0112896,False
rs5752801,69,171,-0.0860388,0.00770219,False
rs5752801,69,172,-0.097484,0.00251291,False
rs5752801,69,173,-0.0986489,0.00221511,False
rs5752801,69,174,-0.090373,0.00514153,False
rs5752801,69,175,-0.0978992,0.00245852,False
rs5752801,69,176,-0.104228,0.00128112,False
rs5752801,69,177,-0.0981783,0.0024575,False
rs5752801,69,178,-0.0911638,0.00497111,False
rs5752801,69,179,-0.0935905,0.00403918,False
rs5752801,69,180,-0.0917015,0.00491234,False
rs5752801,69,181,-0.0912737,0.00527081,False
rs5752801,69,182,-0.0865896,0.00837625,False
rs5752801,69,183,-0.0900384,0.00625154,False
rs5752801,69,184,-0.0875597,0.00798866,False
rs5752801,69,185,-0.0850197,0.0102835,False
rs5752801,69,186,-0.0849102,0.0106072,False
rs5752801,69,187,-0.0841798,0.0114749,False
rs5752801,69,188,-0.0749883,0.0246324,False
rs5752801,69,189,-0.0781258,0.0196459,False
rs5752801,69,190,-0.0786402,0.0190151,False
rs5752801,69,191,-0.072212,0.0316956,False
rs5752801,69,192,-0.0795368,0.017953,False
rs5752801,69,193,-0.0838825,0.0127661,False
rs5752801,69,194,-0.0755291,0.0252471,False
rs5752801,69,195,-0.0803199,0.0174244,False
rs5752801,69,196,-0.0768849,0.0231085,False
rs5752801,69,197,-0.0756871,0.0252376,False
rs5752801,69,198,-0.0726453,0.0319009,False
rs5752801,69,199,-0.075376,0.0262302,False
rs5752801,69,200,-0.0774596,0.0225719,False
rs5752801,69,201,-0.0717526,0.0342724,False
rs5752801,69,202,-0.0715561,0.0348713,False
rs5752801,69,203,-0.06866,0.0429755,False
rs5752801,69,204,-0.0785478,0.0205523,False
rs5752801,69,205,-0.0768485,0.0231101,False
rs5752801,69,206,-0.0657632,0.0519405,False
rs5752801,69,207,-0.0659381,0.0512992,False
rs5752801,69,208,-0.0752772,0.0258635,False
rs5752801,69,209,-0.0801206,0.01784,False
rs5752801,69,210,-0.0753855,0.0255427,False
rs5752801,69,211,-0.0744993,0.0270208,False
rs5752801,69,212,-0.0743816,0.0272073,False
rs5752801,69,213,-0.0753009,0.0250743,False
rs5752801,69,214,-0.0783197,0.0196999,False
rs5752801,69,215,-0.0799707,0.017289,False
rs5752801,69,216,-0.0762035,0.0232749,False
rs5752801,69,217,-0.0829557,0.0133987,False
rs5752801,69,218,-0.0771895,0.021359,False
rs5752801,69,219,-0.0726128,0.0304751,False
rs5752801,69,220,-0.0772726,0.0213629,False
rs5752801,69,221,-0.0795278,0.0180191,False
rs5752801,69,222,-0.0819535,0.0148707,False
rs5752801,69,223,-0.07431,0.0275421,False
rs5752801,69,224,-0.0742196,0.0278768,False
rs5752801,69,225,-0.080117,0.0178892,False
rs5752801,69,226,-0.0852582,0.0119555,False
rs5752801,69,227,-0.0747672,0.0280677,False
rs5752801,69,228,-0.0766772,0.0248713,False
rs5752801,69,229,-0.0704386,0.0401958,False
rs5752801,69,230,-0.0750597,0.0296471,False
rs5752801,69,231,-0.0796087,0.0217902,False
rs5752801,69,232,-0.0729919,0.0364828,False
rs5752801,69,233,-0.0674626,0.0546498,False
rs5752801,69,234,-0.080047,0.0235222,False
rs5752801,69,235,-0.0811427,0.0226656,False
rs5752801,69,236,-0.0872456,0.014985,False
rs5752801,69,237,-0.0876085,0.0156045,False
rs5752801,69,238,-0.101477,0.00554119,False
rs5752801,69,239,-0.0957525,0.00950149,False
rs5752801,69,240,-0.0932824,0.0123449,False
rs5752801,69,241,-0.0998501,0.00806659,False
rs5752801,69,242,-0.105033,0.00593555,False
rs5752801,69,243,-0.109607,0.00473889,False
rs5752801,69,244,-0.118993,0.00245469,False
rs5752801,69,245,-0.115276,0.00390618,False
rs5752801,69,246,-0.115348,0.00450664,False
rs5752801,69,247,-0.120851,0.00343184,False
rs5752801,69,248,-0.134804,0.00133646,False
rs5752801,69,249,-0.132799,0.00192146,False
rs5752801,69,250,-0.139467,0.0013786,False
rs5752801,69,251,-0.143964,0.00118423,False
rs5752801,70,6,-0.0156571,0.577649,False
rs5752801,70,7,-0.0283147,0.309856,False
rs5752801,70,8,-0.0262958,0.340053,False
rs5752801,70,9,-0.0216556,0.428186,False
rs5752801,70,10,-0.0150236,0.579903,False
rs5752801,70,11,-0.0192533,0.474597,False
rs5752801,70,12,-0.0206444,0.439957,False
rs5752801,70,13,-0.0172128,0.518826,False
rs5752801,70,14,-0.0158617,0.550274,False
rs5752801,70,15,-0.0308762,0.244607,False
rs5752801,70,16,-0.0213516,0.420579,False
rs5752801,70,17,-0.00899131,0.734097,False
rs5752801,70,18,-0.0237229,0.370953,False
rs5752801,70,19,-0.0251389,0.34247,False
rs5752801,70,20,-0.0262793,0.322503,False
rs5752801,70,21,-0.0264253,0.32127,False
rs5752801,70,22,-0.0220382,0.408713,False
rs5752801,70,23,-0.0258408,0.334069,False
rs5752801,70,24,-0.0329409,0.219635,False
rs5752801,70,25,-0.0346728,0.198922,False
rs5752801,70,26,-0.0282965,0.29595,False
rs5752801,70,27,-0.0301738,0.266657,False
rs5752801,70,28,-0.0311615,0.254152,False
rs5752801,70,29,-0.0299642,0.275424,False
rs5752801,70,30,-0.0387964,0.159532,False
rs5752801,70,31,-0.0355229,0.199533,False
rs5752801,70,32,-0.0396022,0.15437,False
rs5752801,70,33,-0.039624,0.156637,False
rs5752801,70,34,-0.0397727,0.156597,False
rs5752801,70,35,-0.0444538,0.114784,False
rs5752801,70,36,-0.0520663,0.0670992,False
rs5752801,70,37,-0.0515082,0.0711139,False
rs5752801,70,38,-0.0523206,0.0679076,False
rs5752801,70,39,-0.0469274,0.103612,False
rs5752801,70,40,-0.0554374,0.0557156,False
rs5752801,70,41,-0.0512475,0.0789105,False
rs5752801,70,42,-0.0555496,0.0586682,False
rs5752801,70,43,-0.0549981,0.0620353,False
rs5752801,70,44,-0.0624099,0.0352213,False
rs5752801,70,45,-0.0587843,0.0485707,False
rs5752801,70,46,-0.0564727,0.0596207,False
rs5752801,70,47,-0.0681741,0.023561,False
rs5752801,70,48,-0.0676108,0.0255841,False
rs5752801,70,49,-0.0648333,0.0327554,False
rs5752801,70,50,-0.0652765,0.0323956,False
rs5752801,70,51,-0.0630487,0.0396028,False
rs5752801,70,52,-0.0731313,0.0173358,False
rs5752801,70,53,-0.0695768,0.0241759,False
rs5752801,70,54,-0.0707437,0.0223162,False
rs5752801,70,55,-0.073318,0.01814,False
rs5752801,70,56,-0.0701926,0.0242037,False
rs5752801,70,57,-0.0709404,0.0230158,False
rs5752801,70,58,-0.0701856,0.024647,False
rs5752801,70,59,-0.0721915,0.0210135,False
rs5752801,70,60,-0.0666431,0.0333711,False
rs5752801,70,61,-0.0746367,0.0173104,False
rs5752801,70,62,-0.0661056,0.0352086,False
rs5752801,70,63,-0.0677525,0.0310512,False
rs5752801,70,64,-0.0734636,0.0191644,False
rs5752801,70,65,-0.0682534,0.0292514,False
rs5752801,70,66,-0.0704858,0.024254,False
rs5752801,70,67,-0.0786703,0.0119969,False
rs5752801,70,68,-0.08248,0.00837115,False
rs5752801,70,69,-0.0847407,0.00670144,False
rs5752801,70,70,-0.063754,0.0407398,False
rs5752801,70,71,-0.0699292,0.0247462,False
rs5752801,70,72,-0.0769872,0.0133208,False
rs5752801,70,73,-0.0762937,0.014086,False
rs5752801,70,74,-0.0713,0.0214438,False
rs5752801,70,75,-0.0761405,0.0140321,False
rs5752801,70,76,-0.06736,0.0293074,False
rs5752801,70,77,-0.0704667,0.0224056,False
rs5752801,70,78,-0.0764912,0.0131974,False
rs5752801,70,79,-0.0728837,0.0178646,False
rs5752801,70,80,-0.0779063,0.0112673,False
rs5752801,70,81,-0.0716024,0.0195907,False
rs5752801,70,82,-0.0651922,0.0335305,False
rs5752801,70,83,-0.0725949,0.0176779,False
rs5752801,70,84,-0.0731521,0.0169103,False
rs5752801,70,85,-0.0755605,0.0136729,False
rs5752801,70,86,-0.067447,0.0277371,False
rs5752801,70,87,-0.060975,0.0470695,False
rs5752801,70,88,-0.0699387,0.0226579,False
rs5752801,70,89,-0.0644011,0.0359192,False
rs5752801,70,90,-0.0589821,0.0553805,False
rs5752801,70,91,-0.0639859,0.0378022,False
rs5752801,70,92,-0.0736067,0.0172828,False
rs5752801,70,93,-0.0636432,0.0401832,False
rs5752801,70,94,-0.0579745,0.0625262,False
rs5752801,70,95,-0.0631782,0.0430275,False
rs5752801,70,96,-0.0672909,0.0319144,False
rs5752801,70,97,-0.0740766,0.0189196,False
rs5752801,70,98,-0.0623098,0.049633,False
rs5752801,70,99,-0.0654178,0.0403862,False
rs5752801,70,100,-0.0708596,0.0276695,False
rs5752801,70,101,-0.063961,0.0486343,False
rs5752801,70,102,-0.0734434,0.0246544,False
rs5752801,70,103,-0.0697319,0.0345171,False
rs5752801,70,104,-0.0691522,0.0378471,False
rs5752801,70,105,-0.065412,0.0523771,False
rs5752801,70,106,-0.0809764,0.0174296,False
rs5752801,70,107,-0.0736034,0.0330642,False
rs5752801,70,108,-0.0763684,0.0292381,False
rs5752801,70,109,-0.0898311,0.0115169,False
rs5752801,70,110,-0.0672435,0.063092,False
rs5752801,70,111,-0.0754463,0.0404969,False
rs5752801,70,112,-0.0731704,0.051372,False
rs5752801,70,113,-0.0724409,0.0587277,False
rs5752801,70,114,-0.0821956,0.0359909,False
rs5752801,70,115,-0.0728482,0.0690509,False
rs5752801,70,116,-0.0750468,0.0674419,False
rs5752801,70,117,-0.0629156,0.133445,False
rs5752801,70,118,-0.0675455,0.114298,False
rs5752801,70,119,-0.0671032,0.1232,False
rs5752801,70,120,-0.0572372,0.196389,False
rs5752801,70,121,-0.0603434,0.179251,False
rs5752801,70,122,-0.0531596,0.242586,False
rs5752801,70,123,-0.062356,0.174151,False
rs5752801,70,124,-0.0504287,0.27485,False
rs5752801,70,125,-0.0454982,0.326896,False
rs5752801,70,126,-0.0455114,0.327868,False
rs5752801,70,127,-0.0422312,0.364448,False
rs5752801,70,128,-0.0518649,0.265689,False
rs5752801,70,129,-0.0554749,0.233311,False
rs5752801,70,130,-0.058992,0.203749,False
rs5752801,70,131,-0.0599673,0.194688,False
rs5752801,70,132,-0.0556788,0.226487,False
rs5752801,70,133,-0.0593782,0.194348,False
rs5752801,70,134,-0.0572492,0.207375,False
rs5752801,70,135,-0.0616994,0.17012,False
rs5752801,70,136,-0.0797863,0.0727525,False
rs5752801,70,137,-0.0779473,0.0760633,False
rs5752801,70,138,-0.0828005,0.0562931,False
rs5752801,70,139,-0.0818357,0.0555141,False
rs5752801,70,140,-0.0853981,0.0426028,False
rs5752801,70,141,-0.0875375,0.0346267,False
rs5752801,70,142,-0.0853,0.0364799,False
rs5752801,70,143,-0.0863864,0.0313377,False
rs5752801,70,144,-0.0963346,0.0148151,False
rs5752801,70,145,-0.0978347,0.0120421,False
rs5752801,70,146,-0.0903254,0.0185173,False
rs5752801,70,147,-0.0991097,0.00891607,False
rs5752801,70,148,-0.100132,0.0074897,False
rs5752801,70,149,-0.0988647,0.0074309,False
rs5752801,70,150,-0.0907083,0.0129038,False
rs5752801,70,151,-0.0948718,0.00868736,False
rs5752801,70,152,-0.0962611,0.00711044,False
rs5752801,70,153,-0.0933689,0.00839069,False
rs5752801,70,154,-0.0940989,0.00737723,False
rs5752801,70,155,-0.0917354,0.00830921,False
rs5752801,70,156,-0.0982193,0.00442384,False
rs5752801,70,157,-0.0856104,0.012371,False
rs5752801,70,158,-0.0920896,0.00660559,False
rs5752801,70,159,-0.0957611,0.00445311,False
rs5752801,70,160,-0.0881064,0.00836908,False
rs5752801,70,161,-0.0903898,0.00653776,False
rs5752801,70,162,-0.0809097,0.0142617,False
rs5752801,70,163,-0.0813296,0.0133216,False
rs5752801,70,164,-0.0811255,0.0130071,False
rs5752801,70,165,-0.079741,0.0142293,False
rs5752801,70,166,-0.0811381,0.0123652,False
rs5752801,70,167,-0.0798161,0.0136669,False
rs5752801,70,168,-0.0836216,0.00954555,False
rs5752801,70,169,-0.0875517,0.00652186,False
rs5752801,70,170,-0.0846663,0.00852893,False
rs5752801,70,171,-0.0809393,0.0120227,False
rs5752801,70,172,-0.0810561,0.0119037,False
rs5752801,70,173,-0.0790473,0.0142051,False
rs5752801,70,174,-0.0815593,0.01152,False
rs5752801,70,175,-0.081648,0.0115596,False
rs5752801,70,176,-0.0865821,0.00750677,False
rs5752801,70,177,-0.0918606,0.00464607,False
rs5752801,70,178,-0.0828017,0.0108314,False
rs5752801,70,179,-0.0858818,0.00846934,False
rs5752801,70,180,-0.0891866,0.00640272,False
rs5752801,70,181,-0.0836706,0.0106672,False
rs5752801,70,182,-0.0854376,0.00941663,False
rs5752801,70,183,-0.0848222,0.0101417,False
rs5752801,70,184,-0.0912598,0.00581574,False
rs5752801,70,185,-0.0898124,0.00684776,False
rs5752801,70,186,-0.0913196,0.00606664,False
rs5752801,70,187,-0.0899592,0.00702352,False
rs5752801,70,188,-0.095855,0.00416111,False
rs5752801,70,189,-0.0941592,0.00494962,False
rs5752801,70,190,-0.100752,0.00267515,False
rs5752801,70,191,-0.0911725,0.00665668,False
rs5752801,70,192,-0.091532,0.00652413,False
rs5752801,70,193,-0.0924245,0.00607324,False
rs5752801,70,194,-0.0908767,0.00703207,False
rs5752801,70,195,-0.0883079,0.00902998,False
rs5752801,70,196,-0.0869287,0.0102325,False
rs5752801,70,197,-0.0890909,0.00852127,False
rs5752801,70,198,-0.0926613,0.00627003,False
rs5752801,70,199,-0.0873356,0.00992073,False
rs5752801,70,200,-0.0854352,0.011782,False
rs5752801,70,201,-0.0834197,0.0137923,False
rs5752801,70,202,-0.0833334,0.0139008,False
rs5752801,70,203,-0.0858961,0.0112727,False
rs5752801,70,204,-0.085534,0.0115651,False
rs5752801,70,205,-0.089896,0.00791994,False
rs5752801,70,206,-0.0791425,0.0191696,False
rs5752801,70,207,-0.0766675,0.023067,False
rs5752801,70,208,-0.0774876,0.0216284,False
rs5752801,70,209,-0.077586,0.0214672,False
rs5752801,70,210,-0.0746475,0.0265378,False
rs5752801,70,211,-0.0782225,0.0199311,False
rs5752801,70,212,-0.0739194,0.0277462,False
rs5752801,70,213,-0.0686414,0.0411749,False
rs5752801,70,214,-0.064258,0.0558539,False
rs5752801,70,215,-0.0680394,0.0427159,False
rs5752801,70,216,-0.0653878,0.0513699,False
rs5752801,70,217,-0.0695988,0.0380776,False
rs5752801,70,218,-0.066063,0.049048,False
rs5752801,70,219,-0.0588064,0.0799635,False
rs5752801,70,220,-0.0620463,0.0647341,False
rs5752801,70,221,-0.0579843,0.0847181,False
rs5752801,70,222,-0.0627309,0.062139,False
rs5752801,70,223,-0.0499843,0.13799,False
rs5752801,70,224,-0.0519885,0.123804,False
rs5752801,70,225,-0.0608812,0.0718036,False
rs5752801,70,226,-0.0651317,0.0547,False
rs5752801,70,227,-0.0559693,0.0996264,False
rs5752801,70,228,-0.0519986,0.127972,False
rs5752801,70,229,-0.0639381,0.0621533,False
rs5752801,70,230,-0.0717894,0.0370637,False
rs5752801,70,231,-0.0704535,0.041767,False
rs5752801,70,232,-0.0699546,0.0449478,False
rs5752801,70,233,-0.0749854,0.0327845,False
rs5752801,70,234,-0.0714359,0.0435042,False
rs5752801,70,235,-0.0723379,0.0423194,False
rs5752801,70,236,-0.0751639,0.036632,False
rs5752801,70,237,-0.0735254,0.04307,False
rs5752801,70,238,-0.0834634,0.0228368,False
rs5752801,70,239,-0.0931042,0.0121024,False
rs5752801,70,240,-0.0881019,0.0189854,False
rs5752801,70,241,-0.0834032,0.028237,False
rs5752801,70,242,-0.0941152,0.0145088,False
rs5752801,70,243,-0.0988783,0.0113789,False
rs5752801,70,244,-0.109274,0.00588048,False
rs5752801,70,245,-0.118535,0.00323813,False
rs5752801,70,246,-0.113245,0.00573305,False
rs5752801,70,247,-0.125637,0.00260402,False
rs5752801,70,248,-0.136238,0.00133076,False
rs5752801,70,249,-0.137402,0.00147173,False
rs5752801,70,250,-0.139591,0.00151394,False
rs5752801,70,251,-0.144111,0.00125049,False
rs5752801,71,6,0.00998835,0.721351,False
rs5752801,71,7,-0.000143157,0.995882,False
rs5752801,71,8,0.00429056,0.87598,False
rs5752801,71,9,-0.00787069,0.772671,False
rs5752801,71,10,-0.0118358,0.661086,False
rs5752801,71,11,-0.0100991,0.70598,False
rs5752801,71,12,-0.00881488,0.741369,False
rs5752801,71,13,-0.0222196,0.403536,False
rs5752801,71,14,-0.0377121,0.155527,False
rs5752801,71,15,-0.0253907,0.337823,False
rs5752801,71,16,-0.029989,0.257722,False
rs5752801,71,17,-0.0294119,0.265274,False
rs5752801,71,18,-0.0249077,0.346848,False
rs5752801,71,19,-0.0190869,0.471306,False
rs5752801,71,20,-0.0290844,0.273132,False
rs5752801,71,21,-0.0276756,0.298642,False
rs5752801,71,22,-0.0212428,0.426124,False
rs5752801,71,23,-0.0240353,0.368267,False
rs5752801,71,24,-0.0268581,0.317691,False
rs5752801,71,25,-0.028987,0.282893,False
rs5752801,71,26,-0.0328862,0.224194,False
rs5752801,71,27,-0.0299716,0.270307,False
rs5752801,71,28,-0.042331,0.120907,False
rs5752801,71,29,-0.033152,0.226354,False
rs5752801,71,30,-0.0444481,0.106383,False
rs5752801,71,31,-0.0424163,0.125234,False
rs5752801,71,32,-0.0438707,0.113515,False
rs5752801,71,33,-0.0442426,0.112274,False
rs5752801,71,34,-0.0482669,0.0842973,False
rs5752801,71,35,-0.0488789,0.0826388,False
rs5752801,71,36,-0.0385527,0.173758,False
rs5752801,71,37,-0.0474217,0.0954034,False
rs5752801,71,38,-0.0474689,0.0971589,False
rs5752801,71,39,-0.0534711,0.063032,False
rs5752801,71,40,-0.0561026,0.0522506,False
rs5752801,71,41,-0.0482685,0.0965476,False
rs5752801,71,42,-0.0480727,0.0999807,False
rs5752801,71,43,-0.0515582,0.0787027,False
rs5752801,71,44,-0.0570968,0.0528581,False
rs5752801,71,45,-0.0518743,0.0803311,False
rs5752801,71,46,-0.0622963,0.0366092,False
rs5752801,71,47,-0.0563101,0.0605348,False
rs5752801,71,48,-0.0663604,0.0278275,False
rs5752801,71,49,-0.0682216,0.0243389,False
rs5752801,71,50,-0.0683816,0.0245726,False
rs5752801,71,51,-0.0665498,0.0295201,False
rs5752801,71,52,-0.0736361,0.016428,False
rs5752801,71,53,-0.0625315,0.0419653,False
rs5752801,71,54,-0.0694691,0.0243899,False
rs5752801,71,55,-0.0701661,0.023576,False
rs5752801,71,56,-0.0801756,0.0099008,False
rs5752801,71,57,-0.0703104,0.0239528,False
rs5752801,71,58,-0.0699665,0.024966,False
rs5752801,71,59,-0.0756554,0.0153807,False
rs5752801,71,60,-0.0757189,0.0155103,False
rs5752801,71,61,-0.0743017,0.0176986,False
rs5752801,71,62,-0.0786205,0.0120593,False
rs5752801,71,63,-0.0785011,0.0122662,False
rs5752801,71,64,-0.0673634,0.0315086,False
rs5752801,71,65,-0.0734121,0.0191325,False
rs5752801,71,66,-0.0689733,0.0276993,False
rs5752801,71,67,-0.0745834,0.0173507,False
rs5752801,71,68,-0.0630962,0.0437191,False
rs5752801,71,69,-0.0704748,0.0241436,False
rs5752801,71,70,-0.0691739,0.0268409,False
rs5752801,71,71,-0.0713924,0.0219971,False
rs5752801,71,72,-0.0666039,0.0322075,False
rs5752801,71,73,-0.0735431,0.0179726,False
rs5752801,71,74,-0.064968,0.0362087,False
rs5752801,71,75,-0.0638951,0.039075,False
rs5752801,71,76,-0.065712,0.0338942,False
rs5752801,71,77,-0.0659909,0.0327378,False
rs5752801,71,78,-0.0730031,0.0178924,False
rs5752801,71,79,-0.076661,0.0126592,False
rs5752801,71,80,-0.0696794,0.0233576,False
rs5752801,71,81,-0.0761381,0.0130445,False
rs5752801,71,82,-0.0620107,0.0429512,False
rs5752801,71,83,-0.0686399,0.0249261,False
rs5752801,71,84,-0.0660547,0.0306671,False
rs5752801,71,85,-0.0687844,0.024312,False
rs5752801,71,86,-0.0740317,0.0154179,False
rs5752801,71,87,-0.075877,0.0129821,False
rs5752801,71,88,-0.0692884,0.0235311,False
rs5752801,71,89,-0.0664074,0.029926,False
rs5752801,71,90,-0.0558344,0.0683019,False
rs5752801,71,91,-0.0577972,0.0598845,False
rs5752801,71,92,-0.0624562,0.0422016,False
rs5752801,71,93,-0.0702011,0.022943,False
rs5752801,71,94,-0.059204,0.0563688,False
rs5752801,71,95,-0.0665863,0.0323644,False
rs5752801,71,96,-0.0519849,0.0957293,False
rs5752801,71,97,-0.0559931,0.0744042,False
rs5752801,71,98,-0.0588947,0.0613792,False
rs5752801,71,99,-0.0576211,0.0689689,False
rs5752801,71,100,-0.0718807,0.024113,False
rs5752801,71,101,-0.0753151,0.0188934,False
rs5752801,71,102,-0.0695223,0.0316289,False
rs5752801,71,103,-0.0764164,0.0190546,False
rs5752801,71,104,-0.0698731,0.03376,False
rs5752801,71,105,-0.0763216,0.0214881,False
rs5752801,71,106,-0.0796419,0.0175231,False
rs5752801,71,107,-0.0760865,0.0248644,False
rs5752801,71,108,-0.0838265,0.0146311,False
rs5752801,71,109,-0.0830011,0.0170702,False
rs5752801,71,110,-0.0826776,0.0192574,False
rs5752801,71,111,-0.0808489,0.0241452,False
rs5752801,71,112,-0.0795156,0.0292432,False
rs5752801,71,113,-0.0781039,0.0352288,False
rs5752801,71,114,-0.0867531,0.0216108,False
rs5752801,71,115,-0.0835612,0.0300562,False
rs5752801,71,116,-0.0827251,0.035365,False
rs5752801,71,117,-0.0786276,0.0499494,False
rs5752801,71,118,-0.0972429,0.0174446,False
rs5752801,71,119,-0.0876678,0.035368,False
rs5752801,71,120,-0.0813971,0.0551163,False
rs5752801,71,121,-0.0865401,0.044621,False
rs5752801,71,122,-0.0809884,0.0636512,False
rs5752801,71,123,-0.0819325,0.0637477,False
rs5752801,71,124,-0.0873213,0.0504163,False
rs5752801,71,125,-0.077652,0.0845523,False
rs5752801,71,126,-0.0784825,0.0828284,False
rs5752801,71,127,-0.0710962,0.117227,False
rs5752801,71,128,-0.0800292,0.0780135,False
rs5752801,71,129,-0.0765912,0.0914346,False
rs5752801,71,130,-0.0683268,0.130963,False
rs5752801,71,131,-0.0762212,0.0907192,False
rs5752801,71,132,-0.0812071,0.0699636,False
rs5752801,71,133,-0.0801588,0.071549,False
rs5752801,71,134,-0.08955,0.0422396,False
rs5752801,71,135,-0.0839257,0.0543063,False
rs5752801,71,136,-0.0897119,0.0373301,False
rs5752801,71,137,-0.0955021,0.0246265,False
rs5752801,71,138,-0.0907891,0.030431,False
rs5752801,71,139,-0.0961811,0.0198996,False
rs5752801,71,140,-0.104034,0.0106536,False
rs5752801,71,141,-0.101512,0.0114056,False
rs5752801,71,142,-0.0960669,0.0150205,False
rs5752801,71,143,-0.098308,0.0116104,False
rs5752801,71,144,-0.0988517,0.0100417,False
rs5752801,71,145,-0.10312,0.00652417,False
rs5752801,71,146,-0.0952762,0.0109105,False
rs5752801,71,147,-0.105075,0.00449693,False
rs5752801,71,148,-0.0978474,0.00737727,False
rs5752801,71,149,-0.0903009,0.0124975,False
rs5752801,71,150,-0.0903369,0.0116195,False
rs5752801,71,151,-0.0973368,0.00604945,False
rs5752801,71,152,-0.0979926,0.00527907,False
rs5752801,71,153,-0.0909711,0.00908924,False
rs5752801,71,154,-0.0963933,0.00529921,False
rs5752801,71,155,-0.0923012,0.00701693,False
rs5752801,71,156,-0.0825969,0.014883,False
rs5752801,71,157,-0.0858863,0.0109328,False
rs5752801,71,158,-0.0896244,0.00749172,False
rs5752801,71,159,-0.0837989,0.0118773,False
rs5752801,71,160,-0.0891527,0.00707486,False
rs5752801,71,161,-0.0911326,0.00553297,False
rs5752801,71,162,-0.0821145,0.0119756,False
rs5752801,71,163,-0.0806553,0.0132027,False
rs5752801,71,164,-0.0791821,0.0146285,False
rs5752801,71,165,-0.0915831,0.00462356,False
rs5752801,71,166,-0.0895376,0.00549768,False
rs5752801,71,167,-0.101406,0.00163122,False
rs5752801,71,168,-0.0960784,0.00277966,False
rs5752801,71,169,-0.096809,0.00256618,False
rs5752801,71,170,-0.093598,0.00357538,False
rs5752801,71,171,-0.0887948,0.00570209,False
rs5752801,71,172,-0.0924775,0.00402014,False
rs5752801,71,173,-0.085685,0.0077522,False
rs5752801,71,174,-0.0863392,0.00742853,False
rs5752801,71,175,-0.0846734,0.00883913,False
rs5752801,71,176,-0.084485,0.0091167,False
rs5752801,71,177,-0.0865593,0.00768275,False
rs5752801,71,178,-0.0916004,0.00491179,False
rs5752801,71,179,-0.0843988,0.00980789,False
rs5752801,71,180,-0.0845224,0.00988702,False
rs5752801,71,181,-0.0814273,0.013338,False
rs5752801,71,182,-0.0816316,0.0133581,False
rs5752801,71,183,-0.0925715,0.00514068,False
rs5752801,71,184,-0.0859199,0.00958911,False
rs5752801,71,185,-0.089785,0.00693424,False
rs5752801,71,186,-0.0913677,0.0062083,False
rs5752801,71,187,-0.0880441,0.00854534,False
rs5752801,71,188,-0.081199,0.0154408,False
rs5752801,71,189,-0.0817731,0.0148688,False
rs5752801,71,190,-0.085169,0.0113101,False
rs5752801,71,191,-0.0897522,0.00776809,False
rs5752801,71,192,-0.0780657,0.0205791,False
rs5752801,71,193,-0.0777022,0.0216009,False
rs5752801,71,194,-0.0766197,0.0234717,False
rs5752801,71,195,-0.0776837,0.02179,False
rs5752801,71,196,-0.0786757,0.0202844,False
rs5752801,71,197,-0.0794197,0.0191779,False
rs5752801,71,198,-0.0828133,0.0146992,False
rs5752801,71,199,-0.0847914,0.0124399,False
rs5752801,71,200,-0.0857405,0.0114688,False
rs5752801,71,201,-0.0898493,0.00807624,False
rs5752801,71,202,-0.0821429,0.0153541,False
rs5752801,71,203,-0.0840917,0.0130221,False
rs5752801,71,204,-0.0828128,0.0143792,False
rs5752801,71,205,-0.0841427,0.0128186,False
rs5752801,71,206,-0.077602,0.0218126,False
rs5752801,71,207,-0.0759368,0.0246911,False
rs5752801,71,208,-0.0766192,0.023299,False
rs5752801,71,209,-0.0807892,0.0166576,False
rs5752801,71,210,-0.0765854,0.0228886,False
rs5752801,71,211,-0.0906379,0.00703127,False
rs5752801,71,212,-0.0823397,0.0142823,False
rs5752801,71,213,-0.0815014,0.0152159,False
rs5752801,71,214,-0.0765501,0.0227303,False
rs5752801,71,215,-0.0627289,0.0615283,False
rs5752801,71,216,-0.064019,0.0565406,False
rs5752801,71,217,-0.0720016,0.0319159,False
rs5752801,71,218,-0.0762001,0.0232446,False
rs5752801,71,219,-0.0705642,0.0355486,False
rs5752801,71,220,-0.0783303,0.0197494,False
rs5752801,71,221,-0.0810489,0.0159723,False
rs5752801,71,222,-0.0757445,0.024621,False
rs5752801,71,223,-0.0742254,0.0277916,False
rs5752801,71,224,-0.072838,0.0312564,False
rs5752801,71,225,-0.0683971,0.0436748,False
rs5752801,71,226,-0.0711586,0.0364238,False
rs5752801,71,227,-0.0655154,0.0549603,False
rs5752801,71,228,-0.0652932,0.0564561,False
rs5752801,71,229,-0.0700692,0.0416241,False
rs5752801,71,230,-0.0651665,0.0590402,False
rs5752801,71,231,-0.0728289,0.03623,False
rs5752801,71,232,-0.0806345,0.0210983,False
rs5752801,71,233,-0.0793022,0.0243724,False
rs5752801,71,234,-0.0799709,0.0242444,False
rs5752801,71,235,-0.084062,0.0187773,False
rs5752801,71,236,-0.0875109,0.0154468,False
rs5752801,71,237,-0.0862486,0.0181368,False
rs5752801,71,238,-0.0890852,0.0156356,False
rs5752801,71,239,-0.0863777,0.0204971,False
rs5752801,71,240,-0.08748,0.0203322,False
rs5752801,71,241,-0.106828,0.0051822,False
rs5752801,71,242,-0.105743,0.00637504,False
rs5752801,71,243,-0.110138,0.00509211,False
rs5752801,71,244,-0.112621,0.0047683,False
rs5752801,71,245,-0.125366,0.00200823,False
rs5752801,71,246,-0.13055,0.0015839,False
rs5752801,71,247,-0.14084,0.000813035,False
rs5752801,71,248,-0.146051,0.00063665,False
rs5752801,71,249,-0.146993,0.000725417,False
rs5752801,71,250,-0.151586,0.000621152,False
rs5752801,71,251,-0.151232,0.000782387,False
rs5752801,72,6,-0.0240914,0.390388,False
rs5752801,72,7,-0.0188106,0.498838,False
rs5752801,72,8,-0.0171934,0.532508,False
rs5752801,72,9,-0.027644,0.311225,False
rs5752801,72,10,-0.0260946,0.334316,False
rs5752801,72,11,-0.036371,0.175242,False
rs5752801,72,12,-0.0313822,0.239957,False
rs5752801,72,13,-0.0276468,0.297642,False
rs5752801,72,14,-0.0331604,0.210613,False
rs5752801,72,15,-0.0430639,0.103435,False
rs5752801,72,16,-0.0428749,0.103732,False
rs5752801,72,17,-0.0274849,0.297019,False
rs5752801,72,18,-0.0340627,0.197883,False
rs5752801,72,19,-0.0357926,0.17605,False
rs5752801,72,20,-0.0374261,0.157484,False
rs5752801,72,21,-0.0241731,0.361899,False
rs5752801,72,22,-0.0389309,0.143111,False
rs5752801,72,23,-0.0437304,0.100607,False
rs5752801,72,24,-0.0434717,0.104018,False
rs5752801,72,25,-0.0443698,0.0988608,False
rs5752801,72,26,-0.0408099,0.130625,False
rs5752801,72,27,-0.0375051,0.166475,False
rs5752801,72,28,-0.035037,0.197279,False
rs5752801,72,29,-0.0416696,0.127056,False
rs5752801,72,30,-0.0406551,0.138722,False
rs5752801,72,31,-0.0404498,0.142423,False
rs5752801,72,32,-0.0460781,0.0961709,False
rs5752801,72,33,-0.0384817,0.166437,False
rs5752801,72,34,-0.0416637,0.136701,False
rs5752801,72,35,-0.0421937,0.133301,False
rs5752801,72,36,-0.0412504,0.143875,False
rs5752801,72,37,-0.036158,0.203239,False
rs5752801,72,38,-0.0413595,0.147868,False
rs5752801,72,39,-0.0461907,0.107769,False
rs5752801,72,40,-0.0446207,0.122464,False
rs5752801,72,41,-0.045208,0.118912,False
rs5752801,72,42,-0.052006,0.0744523,False
rs5752801,72,43,-0.0510896,0.0812111,False
rs5752801,72,44,-0.0528633,0.072978,False
rs5752801,72,45,-0.0510165,0.0845163,False
rs5752801,72,46,-0.0658739,0.0267289,False
rs5752801,72,47,-0.0672425,0.0247011,False
rs5752801,72,48,-0.0602769,0.045048,False
rs5752801,72,49,-0.0591095,0.0500643,False
rs5752801,72,50,-0.0719076,0.0176912,False
rs5752801,72,51,-0.0679982,0.0254015,False
rs5752801,72,52,-0.0532061,0.0815131,False
rs5752801,72,53,-0.0534983,0.0810723,False
rs5752801,72,54,-0.0646905,0.0353508,False
rs5752801,72,55,-0.0627337,0.041983,False
rs5752801,72,56,-0.0665077,0.031814,False
rs5752801,72,57,-0.0556201,0.0732752,False
rs5752801,72,58,-0.0583138,0.0608979,False
rs5752801,72,59,-0.0632806,0.0422686,False
rs5752801,72,60,-0.074166,0.0176126,False
rs5752801,72,61,-0.0676338,0.030623,False
rs5752801,72,62,-0.0702641,0.0247787,False
rs5752801,72,63,-0.0754841,0.0158927,False
rs5752801,72,64,-0.0804578,0.0100953,False
rs5752801,72,65,-0.0781287,0.0125404,False
rs5752801,72,66,-0.0773552,0.0134445,False
rs5752801,72,67,-0.0616826,0.0492143,False
rs5752801,72,68,-0.0724354,0.0209176,False
rs5752801,72,69,-0.0725853,0.0204664,False
rs5752801,72,70,-0.0619741,0.0474382,False
rs5752801,72,71,-0.0674486,0.03062,False
rs5752801,72,72,-0.0697466,0.0252476,False
rs5752801,72,73,-0.0787979,0.0113212,False
rs5752801,72,74,-0.0729205,0.0191242,False
rs5752801,72,75,-0.0703453,0.023226,False
rs5752801,72,76,-0.0760036,0.0142492,False
rs5752801,72,77,-0.0632884,0.0407432,False
rs5752801,72,78,-0.0717675,0.0199836,False
rs5752801,72,79,-0.0705385,0.0218994,False
rs5752801,72,80,-0.0712132,0.0204961,False
rs5752801,72,81,-0.0617573,0.044212,False
rs5752801,72,82,-0.0641319,0.0365582,False
rs5752801,72,83,-0.0668518,0.0290775,False
rs5752801,72,84,-0.0697839,0.0225096,False
rs5752801,72,85,-0.0592886,0.0522421,False
rs5752801,72,86,-0.0614895,0.0438364,False
rs5752801,72,87,-0.0495553,0.104644,False
rs5752801,72,88,-0.0598529,0.049984,False
rs5752801,72,89,-0.0494883,0.105286,False
rs5752801,72,90,-0.0522643,0.0877042,False
rs5752801,72,91,-0.0573108,0.0611235,False
rs5752801,72,92,-0.0580063,0.0587333,False
rs5752801,72,93,-0.0583557,0.0575398,False
rs5752801,72,94,-0.0570783,0.0637876,False
rs5752801,72,95,-0.0630924,0.0410667,False
rs5752801,72,96,-0.0577881,0.0621881,False
rs5752801,72,97,-0.0553142,0.0755506,False
rs5752801,72,98,-0.0637854,0.0412,False
rs5752801,72,99,-0.0572714,0.06808,False
rs5752801,72,100,-0.0605885,0.0553637,False
rs5752801,72,101,-0.0624548,0.0493834,False
rs5752801,72,102,-0.0743446,0.0199429,False
rs5752801,72,103,-0.0681299,0.0343968,False
rs5752801,72,104,-0.0764078,0.0185599,False
rs5752801,72,105,-0.0754268,0.0212666,False
rs5752801,72,106,-0.0670964,0.0421106,False
rs5752801,72,107,-0.0702313,0.0351532,False
rs5752801,72,108,-0.0767774,0.0227258,False
rs5752801,72,109,-0.0771159,0.0235451,False
rs5752801,72,110,-0.0783057,0.0232674,False
rs5752801,72,111,-0.087171,0.0127784,False
rs5752801,72,112,-0.0864396,0.0147281,False
rs5752801,72,113,-0.08899,0.0134099,False
rs5752801,72,114,-0.0834168,0.022562,False
rs5752801,72,115,-0.0733121,0.0485956,False
rs5752801,72,116,-0.0845003,0.0254159,False
rs5752801,72,117,-0.0970381,0.0117288,False
rs5752801,72,118,-0.0919042,0.0188955,False
rs5752801,72,119,-0.0994635,0.0124989,False
rs5752801,72,120,-0.0923444,0.0226387,False
rs5752801,72,121,-0.0917472,0.025626,False
rs5752801,72,122,-0.0914707,0.0281984,False
rs5752801,72,123,-0.0898259,0.033252,False
rs5752801,72,124,-0.0863562,0.0430194,False
rs5752801,72,125,-0.0981233,0.022536,False
rs5752801,72,126,-0.0854557,0.0483405,False
rs5752801,72,127,-0.0874984,0.0438941,False
rs5752801,72,128,-0.0935711,0.031664,False
rs5752801,72,129,-0.0849707,0.051308,False
rs5752801,72,130,-0.0952104,0.0288843,False
rs5752801,72,131,-0.099124,0.0223678,False
rs5752801,72,132,-0.0899378,0.0371517,False
rs5752801,72,133,-0.0883337,0.0391016,False
rs5752801,72,134,-0.0908105,0.0324128,False
rs5752801,72,135,-0.0984992,0.0192296,False
rs5752801,72,136,-0.0995021,0.016732,False
rs5752801,72,137,-0.104972,0.0105599,False
rs5752801,72,138,-0.113491,0.00511911,False
rs5752801,72,139,-0.115724,0.00379368,False
rs5752801,72,140,-0.0990137,0.0119655,False
rs5752801,72,141,-0.111663,0.00413175,False
rs5752801,72,142,-0.106131,0.00570787,False
rs5752801,72,143,-0.104422,0.00584781,False
rs5752801,72,144,-0.104811,0.00517473,False
rs5752801,72,145,-0.100031,0.00690166,False
rs5752801,72,146,-0.099528,0.00652582,False
rs5752801,72,147,-0.0892568,0.013683,False
rs5752801,72,148,-0.100942,0.00485538,False
rs5752801,72,149,-0.0897881,0.0113258,False
rs5752801,72,150,-0.0906265,0.00997054,False
rs5752801,72,151,-0.0876138,0.011936,False
rs5752801,72,152,-0.0866611,0.0120462,False
rs5752801,72,153,-0.090141,0.00840115,False
rs5752801,72,154,-0.0850787,0.0121742,False
rs5752801,72,155,-0.0867467,0.0100524,False
rs5752801,72,156,-0.0841902,0.0118704,False
rs5752801,72,157,-0.0843118,0.0112542,False
rs5752801,72,158,-0.0807022,0.014615,False
rs5752801,72,159,-0.0775806,0.0182807,False
rs5752801,72,160,-0.0800696,0.0143655,False
rs5752801,72,161,-0.0842482,0.00958546,False
rs5752801,72,162,-0.0774354,0.0169787,False
rs5752801,72,163,-0.078796,0.0150182,False
rs5752801,72,164,-0.0737145,0.0224877,False
rs5752801,72,165,-0.0693393,0.0312556,False
rs5752801,72,166,-0.0728927,0.0232332,False
rs5752801,72,167,-0.0752432,0.0189764,False
rs5752801,72,168,-0.0775392,0.0155678,False
rs5752801,72,169,-0.0838746,0.00898209,False
rs5752801,72,170,-0.0733536,0.0224467,False
rs5752801,72,171,-0.0728791,0.023283,False
rs5752801,72,172,-0.0780865,0.0151991,False
rs5752801,72,173,-0.0893673,0.00554804,False
rs5752801,72,174,-0.086279,0.00757703,False
rs5752801,72,175,-0.0846278,0.00903776,False
rs5752801,72,176,-0.0837475,0.0100298,False
rs5752801,72,177,-0.0806861,0.0133906,False
rs5752801,72,178,-0.0780124,0.0172024,False
rs5752801,72,179,-0.0825035,0.012044,False
rs5752801,72,180,-0.0821771,0.0126702,False
rs5752801,72,181,-0.0806113,0.0146816,False
rs5752801,72,182,-0.0815346,0.0138943,False
rs5752801,72,183,-0.0984404,0.00306494,False
rs5752801,72,184,-0.0911104,0.0063027,False
rs5752801,72,185,-0.0933787,0.00522421,False
rs5752801,72,186,-0.0878618,0.00880868,False
rs5752801,72,187,-0.0826967,0.0138615,False
rs5752801,72,188,-0.0803953,0.0168735,False
rs5752801,72,189,-0.0788369,0.0193798,False
rs5752801,72,190,-0.0793193,0.0188425,False
rs5752801,72,191,-0.0731316,0.0306482,False
rs5752801,72,192,-0.0860362,0.0109967,False
rs5752801,72,193,-0.0855348,0.011556,False
rs5752801,72,194,-0.0916205,0.00685621,False
rs5752801,72,195,-0.0894626,0.00835307,False
rs5752801,72,196,-0.0936693,0.00582227,False
rs5752801,72,197,-0.0897105,0.00820738,False
rs5752801,72,198,-0.0905289,0.0076824,False
rs5752801,72,199,-0.0888888,0.0088822,False
rs5752801,72,200,-0.0908801,0.00743908,False
rs5752801,72,201,-0.0875762,0.00980511,False
rs5752801,72,202,-0.0844961,0.0127104,False
rs5752801,72,203,-0.0822633,0.0153102,False
rs5752801,72,204,-0.0864877,0.0106142,False
rs5752801,72,205,-0.0791028,0.0194637,False
rs5752801,72,206,-0.0810884,0.0165694,False
rs5752801,72,207,-0.0776598,0.0216098,False
rs5752801,72,208,-0.078054,0.020819,False
rs5752801,72,209,-0.0772248,0.0219011,False
rs5752801,72,210,-0.0736446,0.0286942,False
rs5752801,72,211,-0.0867413,0.00992217,False
rs5752801,72,212,-0.0807144,0.0163595,False
rs5752801,72,213,-0.0820496,0.0146105,False
rs5752801,72,214,-0.0775922,0.0206604,False
rs5752801,72,215,-0.0713524,0.033136,False
rs5752801,72,216,-0.074427,0.0262693,False
rs5752801,72,217,-0.0637327,0.0572896,False
rs5752801,72,218,-0.0728668,0.0294665,False
rs5752801,72,219,-0.0740978,0.0268405,False
rs5752801,72,220,-0.0697701,0.0372576,False
rs5752801,72,221,-0.0565168,0.0919281,False
rs5752801,72,222,-0.0715122,0.0331412,False
rs5752801,72,223,-0.0605234,0.0723786,False
rs5752801,72,224,-0.0705116,0.0365874,False
rs5752801,72,225,-0.074888,0.0267579,False
rs5752801,72,226,-0.0682663,0.0444185,False
rs5752801,72,227,-0.0768928,0.0239823,False
rs5752801,72,228,-0.0763599,0.0255512,False
rs5752801,72,229,-0.0716565,0.0370906,False
rs5752801,72,230,-0.0815001,0.0183805,False
rs5752801,72,231,-0.0831702,0.0168933,False
rs5752801,72,232,-0.0858812,0.0141862,False
rs5752801,72,233,-0.0792599,0.0247301,False
rs5752801,72,234,-0.0867414,0.0148363,False
rs5752801,72,235,-0.0908288,0.0114034,False
rs5752801,72,236,-0.099897,0.00584561,False
rs5752801,72,237,-0.0868755,0.0177377,False
rs5752801,72,238,-0.0815212,0.027793,False
rs5752801,72,239,-0.0834299,0.0259666,False
rs5752801,72,240,-0.0948651,0.0123513,False
rs5752801,72,241,-0.0963776,0.0122114,False
rs5752801,72,242,-0.107038,0.00611593,False
rs5752801,72,243,-0.0992433,0.0122477,False
rs5752801,72,244,-0.111896,0.00542535,False
rs5752801,72,245,-0.114232,0.0052482,False
rs5752801,72,246,-0.127202,0.00225071,False
rs5752801,72,247,-0.12405,0.00342292,False
rs5752801,72,248,-0.139063,0.00125813,False
rs5752801,72,249,-0.136247,0.00192172,False
rs5752801,72,250,-0.134039,0.00268495,False
rs5752801,72,251,-0.134135,0.00314307,False
rs5752801,73,6,-0.0105552,0.703717,False
rs5752801,73,7,-0.0190891,0.488673,False
rs5752801,73,8,-0.0183886,0.500068,False
rs5752801,73,9,-0.0209846,0.437077,False
rs5752801,73,10,-0.0128507,0.631654,False
rs5752801,73,11,-0.0143889,0.588639,False
rs5752801,73,12,-0.0192803,0.465941,False
rs5752801,73,13,-0.0178287,0.498918,False
rs5752801,73,14,-0.0132648,0.614131,False
rs5752801,73,15,-0.0117903,0.652585,False
rs5752801,73,16,-0.0193377,0.460391,False
rs5752801,73,17,-0.0226094,0.38727,False
rs5752801,73,18,-0.0174468,0.504876,False
rs5752801,73,19,-0.0150873,0.565394,False
rs5752801,73,20,-0.024334,0.353676,False
rs5752801,73,21,-0.0318614,0.226094,False
rs5752801,73,22,-0.0332597,0.207254,False
rs5752801,73,23,-0.0321662,0.224562,False
rs5752801,73,24,-0.0298628,0.261678,False
rs5752801,73,25,-0.0268781,0.313965,False
rs5752801,73,26,-0.0420746,0.116502,False
rs5752801,73,27,-0.0386175,0.150299,False
rs5752801,73,28,-0.0326742,0.22693,False
rs5752801,73,29,-0.0338102,0.213043,False
rs5752801,73,30,-0.03474,0.202783,False
rs5752801,73,31,-0.0433519,0.114337,False
rs5752801,73,32,-0.0415377,0.132096,False
rs5752801,73,33,-0.0494421,0.0740333,False
rs5752801,73,34,-0.050213,0.0709133,False
rs5752801,73,35,-0.0405781,0.147473,False
rs5752801,73,36,-0.0452116,0.107977,False
rs5752801,73,37,-0.0426356,0.131453,False
rs5752801,73,38,-0.043763,0.123395,False
rs5752801,73,39,-0.0500743,0.0792597,False
rs5752801,73,40,-0.0457347,0.110517,False
rs5752801,73,41,-0.0371826,0.198008,False
rs5752801,73,42,-0.0573702,0.0480616,False
rs5752801,73,43,-0.0442627,0.128785,False
rs5752801,73,44,-0.050796,0.0830893,False
rs5752801,73,45,-0.0478787,0.104202,False
rs5752801,73,46,-0.0571162,0.0538826,False
rs5752801,73,47,-0.0573109,0.0543208,False
rs5752801,73,48,-0.0605518,0.0427854,False
rs5752801,73,49,-0.0537323,0.0732054,False
rs5752801,73,50,-0.0450893,0.135229,False
rs5752801,73,51,-0.0552553,0.0681745,False
rs5752801,73,52,-0.0583423,0.0554567,False
rs5752801,73,53,-0.0633459,0.0381987,False
rs5752801,73,54,-0.0703086,0.022037,False
rs5752801,73,55,-0.0699773,0.0232772,False
rs5752801,73,56,-0.0690597,0.0254024,False
rs5752801,73,57,-0.0635489,0.039976,False
rs5752801,73,58,-0.0558351,0.0719362,False
rs5752801,73,59,-0.0617451,0.0470783,False
rs5752801,73,60,-0.0676384,0.029929,False
rs5752801,73,61,-0.0745832,0.0167903,False
rs5752801,73,62,-0.0720744,0.020991,False
rs5752801,73,63,-0.0636293,0.0418273,False
rs5752801,73,64,-0.0663726,0.0340086,False
rs5752801,73,65,-0.07496,0.0166894,False
rs5752801,73,66,-0.0668467,0.0329106,False
rs5752801,73,67,-0.0690329,0.0274429,False
rs5752801,73,68,-0.0619774,0.0474765,False
rs5752801,73,69,-0.0694629,0.026347,False
rs5752801,73,70,-0.0749851,0.0164535,False
rs5752801,73,71,-0.0725879,0.02005,False
rs5752801,73,72,-0.0686206,0.0276184,False
rs5752801,73,73,-0.068311,0.0283762,False
rs5752801,73,74,-0.0650854,0.0364892,False
rs5752801,73,75,-0.0679367,0.0287914,False
rs5752801,73,76,-0.0724556,0.0195554,False
rs5752801,73,77,-0.0655192,0.0344206,False
rs5752801,73,78,-0.0656035,0.0338327,False
rs5752801,73,79,-0.0708519,0.0218079,False
rs5752801,73,80,-0.0696135,0.023779,False
rs5752801,73,81,-0.0696888,0.0235866,False
rs5752801,73,82,-0.0669341,0.0294523,False
rs5752801,73,83,-0.0717167,0.019483,False
rs5752801,73,84,-0.0710736,0.0202436,False
rs5752801,73,85,-0.0708227,0.0207471,False
rs5752801,73,86,-0.0644104,0.035132,False
rs5752801,73,87,-0.064755,0.0339995,False
rs5752801,73,88,-0.070073,0.0218783,False
rs5752801,73,89,-0.0700794,0.0218459,False
rs5752801,73,90,-0.0598246,0.0501328,False
rs5752801,73,91,-0.0630652,0.0391462,False
rs5752801,73,92,-0.0664406,0.0296486,False
rs5752801,73,93,-0.0719605,0.0188123,False
rs5752801,73,94,-0.0660656,0.031106,False
rs5752801,73,95,-0.0691618,0.0244163,False
rs5752801,73,96,-0.0737846,0.0168102,False
rs5752801,73,97,-0.0688082,0.0259506,False
rs5752801,73,98,-0.0752132,0.0153595,False
rs5752801,73,99,-0.0694696,0.0258327,False
rs5752801,73,100,-0.0714247,0.0224739,False
rs5752801,73,101,-0.0741719,0.0185123,False
rs5752801,73,102,-0.0745447,0.018536,False
rs5752801,73,103,-0.0720182,0.0239142,False
rs5752801,73,104,-0.0705399,0.0278978,False
rs5752801,73,105,-0.0642053,0.0467767,False
rs5752801,73,106,-0.081998,0.0118552,False
rs5752801,73,107,-0.0836626,0.0108588,False
rs5752801,73,108,-0.0819657,0.0135373,False
rs5752801,73,109,-0.0910565,0.0065581,False
rs5752801,73,110,-0.0788199,0.0201482,False
rs5752801,73,111,-0.0893882,0.00912041,False
rs5752801,73,112,-0.0906668,0.00897154,False
rs5752801,73,113,-0.0932738,0.00799383,False
rs5752801,73,114,-0.0950312,0.00775213,False
rs5752801,73,115,-0.0905438,0.0123082,False
rs5752801,73,116,-0.0845597,0.0210958,False
rs5752801,73,117,-0.094251,0.0113643,False
rs5752801,73,118,-0.0867422,0.0217092,False
rs5752801,73,119,-0.0897134,0.0192805,False
rs5752801,73,120,-0.102516,0.00834554,False
rs5752801,73,121,-0.0947229,0.0161639,False
rs5752801,73,122,-0.100345,0.011913,False
rs5752801,73,123,-0.0971885,0.0159097,False
rs5752801,73,124,-0.0990813,0.0149933,False
rs5752801,73,125,-0.0950634,0.020684,False
rs5752801,73,126,-0.09533,0.0210743,False
rs5752801,73,127,-0.0921175,0.0265634,False
rs5752801,73,128,-0.0909206,0.0289037,False
rs5752801,73,129,-0.0863911,0.0380307,False
rs5752801,73,130,-0.0881856,0.0339222,False
rs5752801,73,131,-0.0896315,0.0306408,False
rs5752801,73,132,-0.0874782,0.0342034,False
rs5752801,73,133,-0.0911487,0.0264517,False
rs5752801,73,134,-0.0925854,0.0232196,False
rs5752801,73,135,-0.100264,0.0130621,False
rs5752801,73,136,-0.0996096,0.0128331,False
rs5752801,73,137,-0.0975003,0.013865,False
rs5752801,73,138,-0.100855,0.0100594,False
rs5752801,73,139,-0.0934051,0.0158845,False
rs5752801,73,140,-0.0887023,0.0204558,False
rs5752801,73,141,-0.0933052,0.0137729,False
rs5752801,73,142,-0.0982993,0.0086189,False
rs5752801,73,143,-0.0975402,0.00831919,False
rs5752801,73,144,-0.0970365,0.0080212,False
rs5752801,73,145,-0.0869486,0.0164192,False
rs5752801,73,146,-0.0999065,0.00526956,False
rs5752801,73,147,-0.0981995,0.00562452,False
rs5752801,73,148,-0.0848157,0.0157685,False
rs5752801,73,149,-0.0850691,0.0144916,False
rs5752801,73,150,-0.0795214,0.021237,False
rs5752801,73,151,-0.0867156,0.0113356,False
rs5752801,73,152,-0.100465,0.00313107,False
rs5752801,73,153,-0.0991818,0.00329484,False
rs5752801,73,154,-0.0924577,0.00579597,False
rs5752801,73,155,-0.0847174,0.0109288,False
rs5752801,73,156,-0.0826097,0.0125273,False
rs5752801,73,157,-0.0878606,0.00751555,False
rs5752801,73,158,-0.0855433,0.00885242,False
rs5752801,73,159,-0.0849809,0.00894588,False
rs5752801,73,160,-0.089791,0.00562332,False
rs5752801,73,161,-0.084329,0.00912493,False
rs5752801,73,162,-0.0751145,0.0197729,False
rs5752801,73,163,-0.0777258,0.0155611,False
rs5752801,73,164,-0.07538,0.0190441,False
rs5752801,73,165,-0.0781264,0.0148565,False
rs5752801,73,166,-0.072786,0.0230478,False
rs5752801,73,167,-0.080883,0.0115063,False
rs5752801,73,168,-0.0793851,0.0130932,False
rs5752801,73,169,-0.0752667,0.0189263,False
rs5752801,73,170,-0.0771781,0.0162032,False
rs5752801,73,171,-0.0721569,0.0248358,False
rs5752801,73,172,-0.0764404,0.0176829,False
rs5752801,73,173,-0.0845342,0.00885906,False
rs5752801,73,174,-0.0716663,0.0268646,False
rs5752801,73,175,-0.0782961,0.0160417,False
rs5752801,73,176,-0.0822232,0.0116262,False
rs5752801,73,177,-0.0838379,0.0103969,False
rs5752801,73,178,-0.083116,0.0112461,False
rs5752801,73,179,-0.0962103,0.00345793,False
rs5752801,73,180,-0.0898046,0.0065499,False
rs5752801,73,181,-0.0780226,0.0186508,False
rs5752801,73,182,-0.085862,0.00974917,False
rs5752801,73,183,-0.0911026,0.00624323,False
rs5752801,73,184,-0.0783238,0.0191019,False
rs5752801,73,185,-0.0833496,0.012792,False
rs5752801,73,186,-0.0848356,0.0115059,False
rs5752801,73,187,-0.084386,0.0121575,False
rs5752801,73,188,-0.0835352,0.0132644,False
rs5752801,73,189,-0.0835332,0.0134238,False
rs5752801,73,190,-0.0862509,0.0108443,False
rs5752801,73,191,-0.0843768,0.012802,False
rs5752801,73,192,-0.0769207,0.0232994,False
rs5752801,73,193,-0.0814152,0.0162993,False
rs5752801,73,194,-0.0773808,0.0226949,False
rs5752801,73,195,-0.0784243,0.0210365,False
rs5752801,73,196,-0.0789598,0.0203216,False
rs5752801,73,197,-0.0739372,0.0297568,False
rs5752801,73,198,-0.0792719,0.0198664,False
rs5752801,73,199,-0.0807983,0.0176184,False
rs5752801,73,200,-0.0879824,0.00976823,False
rs5752801,73,201,-0.0790781,0.0199643,False
rs5752801,73,202,-0.0749245,0.027535,False
rs5752801,73,203,-0.0791693,0.019685,False
rs5752801,73,204,-0.0728842,0.0314412,False
rs5752801,73,205,-0.071204,0.0353749,False
rs5752801,73,206,-0.0744933,0.0276694,False
rs5752801,73,207,-0.0773559,0.0222036,False
rs5752801,73,208,-0.0905363,0.00734055,False
rs5752801,73,209,-0.072903,0.0307295,False
rs5752801,73,210,-0.0736869,0.0285864,False
rs5752801,73,211,-0.0668218,0.0471973,False
rs5752801,73,212,-0.0715343,0.0333975,False
rs5752801,73,213,-0.0727865,0.0301862,False
rs5752801,73,214,-0.0779443,0.0202321,False
rs5752801,73,215,-0.0718053,0.0324136,False
rs5752801,73,216,-0.0716541,0.0326073,False
rs5752801,73,217,-0.0668637,0.0461661,False
rs5752801,73,218,-0.0631018,0.0603716,False
rs5752801,73,219,-0.0613125,0.0677899,False
rs5752801,73,220,-0.0605391,0.071603,False
rs5752801,73,221,-0.0577541,0.0863915,False
rs5752801,73,222,-0.0643029,0.056617,False
rs5752801,73,223,-0.0565661,0.0942472,False
rs5752801,73,224,-0.0632615,0.0620727,False
rs5752801,73,225,-0.058021,0.0878863,False
rs5752801,73,226,-0.0722659,0.0340203,False
rs5752801,73,227,-0.0670262,0.0501988,False
rs5752801,73,228,-0.0633167,0.0655211,False
rs5752801,73,229,-0.0696274,0.0437107,False
rs5752801,73,230,-0.0761415,0.0284993,False
rs5752801,73,231,-0.0842968,0.0160829,False
rs5752801,73,232,-0.0885467,0.0118967,False
rs5752801,73,233,-0.0922529,0.00928107,False
rs5752801,73,234,-0.0922915,0.00991146,False
rs5752801,73,235,-0.100344,0.00549795,False
rs5752801,73,236,-0.0993898,0.00648587,False
rs5752801,73,237,-0.0967469,0.00878993,False
rs5752801,73,238,-0.103438,0.00559736,False
rs5752801,73,239,-0.104257,0.00583015,False
rs5752801,73,240,-0.106467,0.0054248,False
rs5752801,73,241,-0.115148,0.00302493,False
rs5752801,73,242,-0.125987,0.00136478,False
rs5752801,73,243,-0.129537,0.00117914,False
rs5752801,73,244,-0.122882,0.0024672,False
rs5752801,73,245,-0.128737,0.00177972,False
rs5752801,73,246,-0.131962,0.00165564,False
rs5752801,73,247,-0.132984,0.00187087,False
rs5752801,73,248,-0.144804,0.000861706,False
rs5752801,73,249,-0.145031,0.00104151,False
rs5752801,73,250,-0.150997,0.000787234,False
rs5752801,73,251,-0.154125,0.00074295,False
rs5752801,74,6,-0.0209883,0.448516,False
rs5752801,74,7,-0.018221,0.507409,False
rs5752801,74,8,-0.0245997,0.366122,False
rs5752801,74,9,-0.0140544,0.601642,False
rs5752801,74,10,-0.0246212,0.356863,False
rs5752801,74,11,-0.0239587,0.367198,False
rs5752801,74,12,-0.019125,0.469199,False
rs5752801,74,13,-0.0311826,0.235663,False
rs5752801,74,14,-0.0240611,0.359937,False
rs5752801,74,15,-0.0227912,0.384243,False
rs5752801,74,16,-0.0269728,0.302759,False
rs5752801,74,17,-0.0288312,0.270913,False
rs5752801,74,18,-0.023802,0.362995,False
rs5752801,74,19,-0.0288534,0.270853,False
rs5752801,74,20,-0.0306646,0.242877,False
rs5752801,74,21,-0.0326035,0.214977,False
rs5752801,74,22,-0.0309397,0.240529,False
rs5752801,74,23,-0.0395447,0.135014,False
rs5752801,74,24,-0.035981,0.175174,False
rs5752801,74,25,-0.0322821,0.224991,False
rs5752801,74,26,-0.0406916,0.127784,False
rs5752801,74,27,-0.0387872,0.148114,False
rs5752801,74,28,-0.0356928,0.185618,False
rs5752801,74,29,-0.0473794,0.0803029,False
rs5752801,74,30,-0.0325348,0.231112,False
rs5752801,74,31,-0.0416643,0.127119,False
rs5752801,74,32,-0.0406036,0.138542,False
rs5752801,74,33,-0.0367142,0.18377,False
rs5752801,74,34,-0.036379,0.190808,False
rs5752801,74,35,-0.0366026,0.189247,False
rs5752801,74,36,-0.0433354,0.122213,False
rs5752801,74,37,-0.0419513,0.136331,False
rs5752801,74,38,-0.0456916,0.10677,False
rs5752801,74,39,-0.0451592,0.112832,False
rs5752801,74,40,-0.0513546,0.0729199,False
rs5752801,74,41,-0.0435128,0.130927,False
rs5752801,74,42,-0.0496472,0.0864672,False
rs5752801,74,43,-0.0560371,0.0540507,False
rs5752801,74,44,-0.0583419,0.0458151,False
rs5752801,74,45,-0.0561856,0.0557687,False
rs5752801,74,46,-0.0574134,0.0518331,False
rs5752801,74,47,-0.0558468,0.0597686,False
rs5752801,74,48,-0.0694275,0.019999,False
rs5752801,74,49,-0.0641522,0.032163,False
rs5752801,74,50,-0.0677976,0.0241176,False
rs5752801,74,51,-0.0674262,0.0257006,False
rs5752801,74,52,-0.0675556,0.0260824,False
rs5752801,74,53,-0.0675063,0.026829,False
rs5752801,74,54,-0.0700847,0.0221993,False
rs5752801,74,55,-0.0583386,0.0573814,False
rs5752801,74,56,-0.060753,0.0484385,False
rs5752801,74,57,-0.063401,0.0402098,False
rs5752801,74,58,-0.06065,0.0502152,False
rs5752801,74,59,-0.0717138,0.0210331,False
rs5752801,74,60,-0.0715756,0.0214989,False
rs5752801,74,61,-0.0624778,0.0448826,False
rs5752801,74,62,-0.0638102,0.0407643,False
rs5752801,74,63,-0.0695206,0.0260392,False
rs5752801,74,64,-0.0703136,0.0246706,False
rs5752801,74,65,-0.0781434,0.0125861,False
rs5752801,74,66,-0.0691246,0.0272974,False
rs5752801,74,67,-0.0744947,0.0173876,False
rs5752801,74,68,-0.0763708,0.0147329,False
rs5752801,74,69,-0.0744806,0.0175093,False
rs5752801,74,70,-0.0759394,0.0153941,False
rs5752801,74,71,-0.0717829,0.0219047,False
rs5752801,74,72,-0.0755576,0.0157045,False
rs5752801,74,73,-0.0800605,0.0103409,False
rs5752801,74,74,-0.0730888,0.0190982,False
rs5752801,74,75,-0.0715675,0.0215378,False
rs5752801,74,76,-0.0666828,0.031961,False
rs5752801,74,77,-0.0810362,0.00905921,False
rs5752801,74,78,-0.0820448,0.00807109,False
rs5752801,74,79,-0.067788,0.028378,False
rs5752801,74,80,-0.0642922,0.0370235,False
rs5752801,74,81,-0.0711408,0.0207496,False
rs5752801,74,82,-0.0736164,0.0165489,False
rs5752801,74,83,-0.0716757,0.0196514,False
rs5752801,74,84,-0.0689874,0.0245345,False
rs5752801,74,85,-0.063763,0.0374411,False
rs5752801,74,86,-0.0605716,0.0479059,False
rs5752801,74,87,-0.0603168,0.0481844,False
rs5752801,74,88,-0.0672499,0.0276486,False
rs5752801,74,89,-0.0685287,0.0247058,False
rs5752801,74,90,-0.0682072,0.0252587,False
rs5752801,74,91,-0.0692434,0.023044,False
rs5752801,74,92,-0.0598235,0.0499028,False
rs5752801,74,93,-0.0709792,0.020241,False
rs5752801,74,94,-0.0632082,0.0389274,False
rs5752801,74,95,-0.0648307,0.03423,False
rs5752801,74,96,-0.0735824,0.0164992,False
rs5752801,74,97,-0.0774764,0.0118215,False
rs5752801,74,98,-0.0693246,0.0246301,False
rs5752801,74,99,-0.0753929,0.0148654,False
rs5752801,74,100,-0.0676645,0.0290739,False
rs5752801,74,101,-0.0804931,0.00990995,False
rs5752801,74,102,-0.0711482,0.0230987,False
rs5752801,74,103,-0.0687947,0.0290923,False
rs5752801,74,104,-0.0710467,0.0251533,False
rs5752801,74,105,-0.0756074,0.0178477,False
rs5752801,74,106,-0.0740363,0.0212228,False
rs5752801,74,107,-0.083257,0.0101732,False
rs5752801,74,108,-0.0860426,0.0084184,False
rs5752801,74,109,-0.0817894,0.0130556,False
rs5752801,74,110,-0.0845567,0.0111165,False
rs5752801,74,111,-0.100549,0.00277396,False
rs5752801,74,112,-0.0892161,0.00875011,False
rs5752801,74,113,-0.103421,0.00266678,False
rs5752801,74,114,-0.0924127,0.00794194,False
rs5752801,74,115,-0.0968089,0.00594482,False
rs5752801,74,116,-0.0949489,0.00777997,False
rs5752801,74,117,-0.0943931,0.00906609,False
rs5752801,74,118,-0.0968182,0.00818026,False
rs5752801,74,119,-0.10311,0.00545824,False
rs5752801,74,120,-0.104277,0.00550853,False
rs5752801,74,121,-0.107857,0.00452285,False
rs5752801,74,122,-0.104375,0.00656834,False
rs5752801,74,123,-0.102183,0.00844189,False
rs5752801,74,124,-0.0964383,0.0136919,False
rs5752801,74,125,-0.0873301,0.0267254,False
rs5752801,74,126,-0.080364,0.0427629,False
rs5752801,74,127,-0.0845079,0.0338802,False
rs5752801,74,128,-0.0949233,0.0174935,False
rs5752801,74,129,-0.0932234,0.0198664,False
rs5752801,74,130,-0.0988248,0.0135267,False
rs5752801,74,131,-0.0974086,0.0146793,False
rs5752801,74,132,-0.0955285,0.0164378,False
rs5752801,74,133,-0.0973799,0.0139053,False
rs5752801,74,134,-0.106122,0.00698508,False
rs5752801,74,135,-0.102728,0.0086054,False
rs5752801,74,136,-0.0973057,0.0121326,False
rs5752801,74,137,-0.0960865,0.012392,False
rs5752801,74,138,-0.106119,0.00527578,False
rs5752801,74,139,-0.0997063,0.00813518,False
rs5752801,74,140,-0.101637,0.00635924,False
rs5752801,74,141,-0.0972165,0.00838018,False
rs5752801,74,142,-0.0992157,0.00656495,False
rs5752801,74,143,-0.0986747,0.00632212,False
rs5752801,74,144,-0.0982556,0.0060208,False
rs5752801,74,145,-0.106599,0.00259949,False
rs5752801,74,146,-0.092414,0.00850477,False
rs5752801,74,147,-0.0985497,0.00464862,False
rs5752801,74,148,-0.106341,0.00205873,False
rs5752801,74,149,-0.090638,0.00806864,False
rs5752801,74,150,-0.100853,0.00297468,False
rs5752801,74,151,-0.0963388,0.00427635,False
rs5752801,74,152,-0.0887976,0.00791977,False
rs5752801,74,153,-0.0984634,0.00301877,False
rs5752801,74,154,-0.103494,0.00172737,False
rs5752801,74,155,-0.0921575,0.00505362,False
rs5752801,74,156,-0.0889289,0.00658775,False
rs5752801,74,157,-0.0891682,0.00617376,False
rs5752801,74,158,-0.0897823,0.00561525,False
rs5752801,74,159,-0.0874348,0.00677762,False
rs5752801,74,160,-0.0876293,0.00653999,False
rs5752801,74,161,-0.0808645,0.0118724,False
rs5752801,74,162,-0.0940956,0.00334768,False
rs5752801,74,163,-0.100988,0.00160461,False
rs5752801,74,164,-0.0984593,0.00210813,False
rs5752801,74,165,-0.0862979,0.00697464,False
rs5752801,74,166,-0.0850133,0.00790481,False
rs5752801,74,167,-0.076665,0.016617,False
rs5752801,74,168,-0.0813757,0.0112286,False
rs5752801,74,169,-0.0858491,0.00759893,False
rs5752801,74,170,-0.086115,0.00750623,False
rs5752801,74,171,-0.0801868,0.0129156,False
rs5752801,74,172,-0.0801507,0.0132188,False
rs5752801,74,173,-0.0847309,0.00895506,False
rs5752801,74,174,-0.0866268,0.00771219,False
rs5752801,74,175,-0.0714154,0.0286441,False
rs5752801,74,176,-0.0758906,0.0204678,False
rs5752801,74,177,-0.0747381,0.0230862,False
rs5752801,74,178,-0.0712374,0.0309725,False
rs5752801,74,179,-0.0741909,0.0251868,False
rs5752801,74,180,-0.0779802,0.0189555,False
rs5752801,74,181,-0.0757545,0.0230508,False
rs5752801,74,182,-0.0841327,0.0117778,False
rs5752801,74,183,-0.0776792,0.0204361,False
rs5752801,74,184,-0.0738017,0.0279845,False
rs5752801,74,185,-0.0720633,0.0323195,False
rs5752801,74,186,-0.0690364,0.0406581,False
rs5752801,74,187,-0.0824473,0.0147978,False
rs5752801,74,188,-0.0869707,0.0102254,False
rs5752801,74,189,-0.0747235,0.027376,False
rs5752801,74,190,-0.0683909,0.0439907,False
rs5752801,74,191,-0.0771217,0.0233828,False
rs5752801,74,192,-0.0802219,0.0184521,False
rs5752801,74,193,-0.0787447,0.0207278,False
rs5752801,74,194,-0.0775837,0.0225119,False
rs5752801,74,195,-0.077759,0.0224212,False
rs5752801,74,196,-0.0771669,0.0233495,False
rs5752801,74,197,-0.081269,0.0170488,False
rs5752801,74,198,-0.0751279,0.0272903,False
rs5752801,74,199,-0.0804997,0.0179253,False
rs5752801,74,200,-0.0782926,0.0214149,False
rs5752801,74,201,-0.0775853,0.0225842,False
rs5752801,74,202,-0.0744112,0.0286437,False
rs5752801,74,203,-0.0822111,0.0155014,False
rs5752801,74,204,-0.0786553,0.020405,False
rs5752801,74,205,-0.0694712,0.040297,False
rs5752801,74,206,-0.0717838,0.0340356,False
rs5752801,74,207,-0.0662751,0.0501897,False
rs5752801,74,208,-0.0595331,0.078151,False
rs5752801,74,209,-0.059092,0.0795537,False
rs5752801,74,210,-0.0656441,0.0512269,False
rs5752801,74,211,-0.0717407,0.0328745,False
rs5752801,74,212,-0.062704,0.0624308,False
rs5752801,74,213,-0.065134,0.0526354,False
rs5752801,74,214,-0.0647556,0.0537035,False
rs5752801,74,215,-0.0732032,0.0291768,False
rs5752801,74,216,-0.0695877,0.0382797,False
rs5752801,74,217,-0.0711071,0.0343055,False
rs5752801,74,218,-0.0715037,0.0332861,False
rs5752801,74,219,-0.0616161,0.0671209,False
rs5752801,74,220,-0.0682636,0.04263,False
rs5752801,74,221,-0.076195,0.0238074,False
rs5752801,74,222,-0.0753545,0.0257101,False
rs5752801,74,223,-0.0759876,0.0247121,False
rs5752801,74,224,-0.0694843,0.0405877,False
rs5752801,74,225,-0.0759971,0.0256394,False
rs5752801,74,226,-0.08111,0.0176429,False
rs5752801,74,227,-0.0839775,0.0142742,False
rs5752801,74,228,-0.08912,0.00972179,False
rs5752801,74,229,-0.0885901,0.0104407,False
rs5752801,74,230,-0.072994,0.0360535,False
rs5752801,74,231,-0.091564,0.00901228,False
rs5752801,74,232,-0.0940832,0.00767761,False
rs5752801,74,233,-0.0908211,0.0108254,False
rs5752801,74,234,-0.0967909,0.00706681,False
rs5752801,74,235,-0.0996307,0.00604168,False
rs5752801,74,236,-0.0962197,0.00866375,False
rs5752801,74,237,-0.0983155,0.00798383,False
rs5752801,74,238,-0.0993189,0.00810845,False
rs5752801,74,239,-0.104354,0.0059834,False
rs5752801,74,240,-0.117415,0.00229413,False
rs5752801,74,241,-0.122251,0.00171383,False
rs5752801,74,242,-0.112005,0.00463668,False
rs5752801,74,243,-0.108681,0.00687426,False
rs5752801,74,244,-0.122584,0.00270102,False
rs5752801,74,245,-0.13725,0.000968599,False
rs5752801,74,246,-0.135977,0.00129983,False
rs5752801,74,247,-0.147402,0.000617593,False
rs5752801,74,248,-0.150075,0.000613634,False
rs5752801,74,249,-0.161204,0.000293821,False
rs5752801,74,250,-0.153473,0.000699354,False
rs5752801,74,251,-0.162849,0.000396951,False
rs5752801,75,6,-0.00915877,0.739228,False
rs5752801,75,7,-0.00963399,0.723989,False
rs5752801,75,8,-0.0227672,0.400609,False
rs5752801,75,9,-0.015185,0.571826,False
rs5752801,75,10,-0.0166398,0.532252,False
rs5752801,75,11,-0.0190673,0.471862,False
rs5752801,75,12,-0.0266929,0.311614,False
rs5752801,75,13,-0.0290954,0.268342,False
rs5752801,75,14,-0.0263717,0.313625,False
rs5752801,75,15,-0.0243613,0.350875,False
rs5752801,75,16,-0.0216533,0.40726,False
rs5752801,75,17,-0.0369038,0.157706,False
rs5752801,75,18,-0.038208,0.144111,False
rs5752801,75,19,-0.034107,0.192969,False
rs5752801,75,20,-0.0274198,0.295907,False
rs5752801,75,21,-0.0280695,0.286405,False
rs5752801,75,22,-0.036685,0.16481,False
rs5752801,75,23,-0.0394112,0.136219,False
rs5752801,75,24,-0.0480578,0.0696986,False
rs5752801,75,25,-0.0376701,0.157214,False
rs5752801,75,26,-0.0406658,0.127876,False
rs5752801,75,27,-0.0401275,0.135501,False
rs5752801,75,28,-0.0374576,0.164283,False
rs5752801,75,29,-0.0293258,0.27792,False
rs5752801,75,30,-0.0396226,0.144611,False
rs5752801,75,31,-0.0464198,0.0889298,False
rs5752801,75,32,-0.0384479,0.160729,False
rs5752801,75,33,-0.0336664,0.221583,False
rs5752801,75,34,-0.04105,0.137591,False
rs5752801,75,35,-0.046619,0.0939422,False
rs5752801,75,36,-0.0428936,0.124715,False
rs5752801,75,37,-0.0433394,0.123271,False
rs5752801,75,38,-0.0454914,0.106802,False
rs5752801,75,39,-0.0477079,0.0925487,False
rs5752801,75,40,-0.0497146,0.0816236,False
rs5752801,75,41,-0.0494596,0.0847756,False
rs5752801,75,42,-0.0478477,0.0973657,False
rs5752801,75,43,-0.0584775,0.0435992,False
rs5752801,75,44,-0.0517337,0.0756491,False
rs5752801,75,45,-0.066182,0.0240572,False
rs5752801,75,46,-0.0632452,0.0321335,False
rs5752801,75,47,-0.0565502,0.0561404,False
rs5752801,75,48,-0.0608612,0.0407738,False
rs5752801,75,49,-0.0606396,0.0426718,False
rs5752801,75,50,-0.0681367,0.0232219,False
rs5752801,75,51,-0.0697159,0.0207882,False
rs5752801,75,52,-0.0608453,0.0445652,False
rs5752801,75,53,-0.067887,0.0256057,False
rs5752801,75,54,-0.0687422,0.0245075,False
rs5752801,75,55,-0.0674388,0.0276383,False
rs5752801,75,56,-0.0733891,0.0169397,False
rs5752801,75,57,-0.0791371,0.0102543,False
rs5752801,75,58,-0.067499,0.0290548,False
rs5752801,75,59,-0.0706539,0.0228897,False
rs5752801,75,60,-0.0806936,0.0093758,False
rs5752801,75,61,-0.071395,0.0219912,False
rs5752801,75,62,-0.0727467,0.0199149,False
rs5752801,75,63,-0.0578851,0.0640928,False
rs5752801,75,64,-0.0738446,0.0183267,False
rs5752801,75,65,-0.0753555,0.0161664,False
rs5752801,75,66,-0.0792415,0.011608,False
rs5752801,75,67,-0.0745802,0.0173937,False
rs5752801,75,68,-0.0753725,0.0163008,False
rs5752801,75,69,-0.0783917,0.0124946,False
rs5752801,75,70,-0.073785,0.018636,False
rs5752801,75,71,-0.068192,0.0297493,False
rs5752801,75,72,-0.0647773,0.0388991,False
rs5752801,75,73,-0.0680343,0.0299177,False
rs5752801,75,74,-0.0696416,0.0261374,False
rs5752801,75,75,-0.0675211,0.0306631,False
rs5752801,75,76,-0.062678,0.0442496,False
rs5752801,75,77,-0.0680556,0.0287108,False
rs5752801,75,78,-0.0720225,0.0204097,False
rs5752801,75,79,-0.0644309,0.0379478,False
rs5752801,75,80,-0.0627022,0.0431256,False
rs5752801,75,81,-0.0642607,0.0378763,False
rs5752801,75,82,-0.0584237,0.0583486,False
rs5752801,75,83,-0.0749896,0.0150113,False
rs5752801,75,84,-0.0650137,0.0345222,False
rs5752801,75,85,-0.0589349,0.0550429,False
rs5752801,75,86,-0.065402,0.0329302,False
rs5752801,75,87,-0.0675273,0.0274167,False
rs5752801,75,88,-0.0674012,0.0274448,False
rs5752801,75,89,-0.0737834,0.0156611,False
rs5752801,75,90,-0.0684489,0.0249248,False
rs5752801,75,91,-0.0705412,0.0206495,False
rs5752801,75,92,-0.0674351,0.0269197,False
rs5752801,75,93,-0.0662377,0.0299136,False
rs5752801,75,94,-0.0751214,0.0138211,False
rs5752801,75,95,-0.0666624,0.0288644,False
rs5752801,75,96,-0.0673461,0.0274173,False
rs5752801,75,97,-0.0691158,0.0239031,False
rs5752801,75,98,-0.0698499,0.0227725,False
rs5752801,75,99,-0.0700602,0.0228188,False
rs5752801,75,100,-0.0600499,0.0516845,False
rs5752801,75,101,-0.0734091,0.0179354,False
rs5752801,75,102,-0.0744346,0.0167942,False
rs5752801,75,103,-0.0773472,0.013296,False
rs5752801,75,104,-0.076818,0.0145247,False
rs5752801,75,105,-0.0677848,0.031846,False
rs5752801,75,106,-0.0641212,0.0437329,False
rs5752801,75,107,-0.0787462,0.0139786,False
rs5752801,75,108,-0.0833231,0.00966941,False
rs5752801,75,109,-0.0792501,0.0147169,False
rs5752801,75,110,-0.075975,0.0207195,False
rs5752801,75,111,-0.0817722,0.0136256,False
rs5752801,75,112,-0.0819666,0.0143248,False
rs5752801,75,113,-0.0947223,0.00498202,False
rs5752801,75,114,-0.103169,0.00251021,False
rs5752801,75,115,-0.0979445,0.00457695,False
rs5752801,75,116,-0.0946,0.00677252,False
rs5752801,75,117,-0.0965043,0.00623488,False
rs5752801,75,118,-0.106885,0.00273649,False
rs5752801,75,119,-0.114408,0.00154712,False
rs5752801,75,120,-0.106239,0.00360255,False
rs5752801,75,121,-0.108276,0.00332756,False
rs5752801,75,122,-0.116581,0.00175351,False
rs5752801,75,123,-0.115773,0.00205139,False
rs5752801,75,124,-0.110633,0.00345929,False
rs5752801,75,125,-0.118704,0.0018415,False
rs5752801,75,126,-0.118761,0.00193494,False
rs5752801,75,127,-0.110276,0.00417329,False
rs5752801,75,128,-0.115887,0.00270239,False
rs5752801,75,129,-0.119779,0.00193614,False
rs5752801,75,130,-0.108784,0.00493542,False
rs5752801,75,131,-0.10139,0.00866009,False
rs5752801,75,132,-0.102735,0.00757551,False
rs5752801,75,133,-0.104113,0.00656039,False
rs5752801,75,134,-0.107971,0.00460838,False
rs5752801,75,135,-0.100634,0.00791468,False
rs5752801,75,136,-0.101416,0.00706178,False
rs5752801,75,137,-0.103716,0.00547261,False
rs5752801,75,138,-0.0907102,0.014387,False
rs5752801,75,139,-0.108103,0.00323129,False
rs5752801,75,140,-0.10167,0.00519526,False
rs5752801,75,141,-0.101736,0.00472483,False
rs5752801,75,142,-0.102471,0.00409471,False
rs5752801,75,143,-0.104397,0.00315376,False
rs5752801,75,144,-0.0993397,0.00457442,False
rs5752801,75,145,-0.0917003,0.0083571,False
rs5752801,75,146,-0.0901452,0.00886831,False
rs5752801,75,147,-0.0892816,0.00903838,False
rs5752801,75,148,-0.0876094,0.00990072,False
rs5752801,75,149,-0.0931308,0.0056659,False
rs5752801,75,150,-0.0852967,0.0106635,False
rs5752801,75,151,-0.0889406,0.00748806,False
rs5752801,75,152,-0.0881782,0.00762939,False
rs5752801,75,153,-0.0859594,0.00895196,False
rs5752801,75,154,-0.0917693,0.0050225,False
rs5752801,75,155,-0.0881398,0.00673921,False
rs5752801,75,156,-0.074334,0.0218901,False
rs5752801,75,157,-0.0824266,0.01071,False
rs5752801,75,158,-0.0824893,0.0104707,False
rs5752801,75,159,-0.0869687,0.00674442,False
rs5752801,75,160,-0.0766295,0.0167947,False
rs5752801,75,161,-0.082358,0.0101027,False
rs5752801,75,162,-0.0768923,0.0161531,False
rs5752801,75,163,-0.0758478,0.0176395,False
rs5752801,75,164,-0.0896569,0.0050732,False
rs5752801,75,165,-0.0897902,0.00506589,False
rs5752801,75,166,-0.0860694,0.00727783,False
rs5752801,75,167,-0.0905947,0.00470224,False
rs5752801,75,168,-0.0870381,0.00667333,False
rs5752801,75,169,-0.0857526,0.00770392,False
rs5752801,75,170,-0.0802013,0.0129872,False
rs5752801,75,171,-0.0756295,0.0193876,False
rs5752801,75,172,-0.0809569,0.0125403,False
rs5752801,75,173,-0.0811496,0.0127628,False
rs5752801,75,174,-0.0892502,0.00627397,False
rs5752801,75,175,-0.0821225,0.0122667,False
rs5752801,75,176,-0.0890759,0.00678796,False
rs5752801,75,177,-0.0922575,0.00518068,False
rs5752801,75,178,-0.0891878,0.00709019,False
rs5752801,75,179,-0.0813585,0.0143955,False
rs5752801,75,180,-0.0834926,0.0123733,False
rs5752801,75,181,-0.0840404,0.0120639,False
rs5752801,75,182,-0.0903699,0.00709872,False
rs5752801,75,183,-0.0932579,0.0055384,False
rs5752801,75,184,-0.0813982,0.0156294,False
rs5752801,75,185,-0.078296,0.0203817,False
rs5752801,75,186,-0.0861794,0.0109545,False
rs5752801,75,187,-0.0797748,0.0188227,False
rs5752801,75,188,-0.0916432,0.00701071,False
rs5752801,75,189,-0.0809669,0.0172112,False
rs5752801,75,190,-0.0783391,0.0212018,False
rs5752801,75,191,-0.077918,0.0221358,False
rs5752801,75,192,-0.079267,0.0199989,False
rs5752801,75,193,-0.0819914,0.0162589,False
rs5752801,75,194,-0.0715842,0.0359286,False
rs5752801,75,195,-0.0794969,0.019771,False
rs5752801,75,196,-0.0768131,0.0243353,False
rs5752801,75,197,-0.0833496,0.0144285,False
rs5752801,75,198,-0.0856612,0.0119572,False
rs5752801,75,199,-0.0777941,0.0222343,False
rs5752801,75,200,-0.0833964,0.0142304,False
rs5752801,75,201,-0.081142,0.0169825,False
rs5752801,75,202,-0.0858678,0.0114694,False
rs5752801,75,203,-0.0851339,0.0122023,False
rs5752801,75,204,-0.0894796,0.00835388,False
rs5752801,75,205,-0.0783302,0.020895,False
rs5752801,75,206,-0.0815183,0.0160038,False
rs5752801,75,207,-0.0809395,0.0167026,False
rs5752801,75,208,-0.0867366,0.0103367,False
rs5752801,75,209,-0.0896089,0.00796689,False
rs5752801,75,210,-0.0831169,0.0138036,False
rs5752801,75,211,-0.0774124,0.0216092,False
rs5752801,75,212,-0.0676013,0.0446991,False
rs5752801,75,213,-0.0773607,0.0214398,False
rs5752801,75,214,-0.0692587,0.0395114,False
rs5752801,75,215,-0.0664623,0.0480259,False
rs5752801,75,216,-0.0799597,0.0173207,False
rs5752801,75,217,-0.0887526,0.00829447,False
rs5752801,75,218,-0.0799305,0.0175401,False
rs5752801,75,219,-0.0761292,0.0236463,False
rs5752801,75,220,-0.0722383,0.0320216,False
rs5752801,75,221,-0.0766104,0.0230605,False
rs5752801,75,222,-0.0765177,0.0234826,False
rs5752801,75,223,-0.0864022,0.0108149,False
rs5752801,75,224,-0.0858013,0.0115059,False
rs5752801,75,225,-0.0763233,0.0251671,False
rs5752801,75,226,-0.0891489,0.00928305,False
rs5752801,75,227,-0.0858063,0.0126652,False
rs5752801,75,228,-0.0870244,0.0117372,False
rs5752801,75,229,-0.0889243,0.0104379,False
rs5752801,75,230,-0.0801315,0.0218307,False
rs5752801,75,231,-0.0846762,0.0164255,False
rs5752801,75,232,-0.0958597,0.00708386,False
rs5752801,75,233,-0.0929167,0.00964172,False
rs5752801,75,234,-0.0961812,0.00783935,False
rs5752801,75,235,-0.0911845,0.0126278,False
rs5752801,75,236,-0.10132,0.00615756,False
rs5752801,75,237,-0.0997248,0.00777436,False
rs5752801,75,238,-0.100732,0.00778316,False
rs5752801,75,239,-0.10049,0.0089005,False
rs5752801,75,240,-0.118898,0.00223801,False
rs5752801,75,241,-0.122566,0.00187716,False
rs5752801,75,242,-0.12394,0.00193969,False
rs5752801,75,243,-0.125576,0.00200414,False
rs5752801,75,244,-0.126741,0.00213217,False
rs5752801,75,245,-0.139742,0.000870325,False
rs5752801,75,246,-0.135139,0.0015707,False
rs5752801,75,247,-0.141284,0.00115205,False
rs5752801,75,248,-0.138245,0.00175924,False
rs5752801,75,249,-0.140659,0.00175271,False
rs5752801,75,250,-0.146055,0.00138566,False
rs5752801,75,251,-0.142757,0.00209502,False
rs5752801,76,6,0.00343724,0.900434,False
rs5752801,76,7,0.00667821,0.806429,False
rs5752801,76,8,-0.00924993,0.731863,False
rs5752801,76,9,-0.00839336,0.754352,False
rs5752801,76,10,-0.0240491,0.365989,False
rs5752801,76,11,-0.0173451,0.512735,False
rs5752801,76,12,-0.0135153,0.608658,False
rs5752801,76,13,-0.0242543,0.355759,False
rs5752801,76,14,-0.0300452,0.249945,False
rs5752801,76,15,-0.0323842,0.214417,False
rs5752801,76,16,-0.0326287,0.20918,False
rs5752801,76,17,-0.0330427,0.204336,False
rs5752801,76,18,-0.025543,0.325985,False
rs5752801,76,19,-0.0393385,0.13145,False
rs5752801,76,20,-0.0276325,0.290695,False
rs5752801,76,21,-0.0277938,0.288944,False
rs5752801,76,22,-0.0268898,0.305783,False
rs5752801,76,23,-0.0318198,0.226396,False
rs5752801,76,24,-0.0325579,0.217194,False
rs5752801,76,25,-0.033879,0.201568,False
rs5752801,76,26,-0.0388598,0.14386,False
rs5752801,76,27,-0.0323418,0.225738,False
rs5752801,76,28,-0.0331389,0.216221,False
rs5752801,76,29,-0.0402001,0.135,False
rs5752801,76,30,-0.0343413,0.202629,False
rs5752801,76,31,-0.0263572,0.331157,False
rs5752801,76,32,-0.0358306,0.189604,False
rs5752801,76,33,-0.0401351,0.143461,False
rs5752801,76,34,-0.0418239,0.128871,False
rs5752801,76,35,-0.0371567,0.179399,False
rs5752801,76,36,-0.0422467,0.128182,False
rs5752801,76,37,-0.0475895,0.0891834,False
rs5752801,76,38,-0.0346222,0.217885,False
rs5752801,76,39,-0.0372908,0.186965,False
rs5752801,76,40,-0.057094,0.0444453,False
rs5752801,76,41,-0.0437867,0.125473,False
rs5752801,76,42,-0.0432055,0.132639,False
rs5752801,76,43,-0.0480859,0.0954359,False
rs5752801,76,44,-0.046046,0.112746,False
rs5752801,76,45,-0.0398287,0.172267,False
rs5752801,76,46,-0.0456105,0.120139,False
rs5752801,76,47,-0.0508689,0.0845623,False
rs5752801,76,48,-0.0609255,0.0398573,False
rs5752801,76,49,-0.0507458,0.088114,False
rs5752801,76,50,-0.0507398,0.0904165,False
rs5752801,76,51,-0.0571418,0.0577438,False
rs5752801,76,52,-0.0609696,0.0438401,False
rs5752801,76,53,-0.072243,0.0174776,False
rs5752801,76,54,-0.0658784,0.0307842,False
rs5752801,76,55,-0.0576958,0.0591311,False
rs5752801,76,56,-0.0567354,0.0646558,False
rs5752801,76,57,-0.0631966,0.0402448,False
rs5752801,76,58,-0.0682131,0.0273803,False
rs5752801,76,59,-0.0698355,0.0242829,False
rs5752801,76,60,-0.0739831,0.0172585,False
rs5752801,76,61,-0.0675559,0.0301142,False
rs5752801,76,62,-0.0722415,0.0205776,False
rs5752801,76,63,-0.0719019,0.0215277,False
rs5752801,76,64,-0.0648323,0.0384502,False
rs5752801,76,65,-0.0675865,0.030972,False
rs5752801,76,66,-0.0712067,0.0229866,False
rs5752801,76,67,-0.0728284,0.020151,False
rs5752801,76,68,-0.0683391,0.0294139,False
rs5752801,76,69,-0.0656846,0.0362312,False
rs5752801,76,70,-0.0711275,0.0236465,False
rs5752801,76,71,-0.0663919,0.0347226,False
rs5752801,76,72,-0.0690572,0.0278788,False
rs5752801,76,73,-0.077797,0.0131369,False
rs5752801,76,74,-0.0682488,0.0294059,False
rs5752801,76,75,-0.069133,0.0275477,False
rs5752801,76,76,-0.0755252,0.0158323,False
rs5752801,76,77,-0.0774348,0.0135025,False
rs5752801,76,78,-0.0710586,0.0231444,False
rs5752801,76,79,-0.0801371,0.0102075,False
rs5752801,76,80,-0.0697688,0.0251635,False
rs5752801,76,81,-0.0708496,0.0224335,False
rs5752801,76,82,-0.0672035,0.0301201,False
rs5752801,76,83,-0.0639794,0.0386008,False
rs5752801,76,84,-0.0744134,0.0160282,False
rs5752801,76,85,-0.0782272,0.0111407,False
rs5752801,76,86,-0.0823487,0.00746746,False
rs5752801,76,87,-0.0781716,0.0109757,False
rs5752801,76,88,-0.0867456,0.00468081,False
rs5752801,76,89,-0.0836886,0.00634782,False
rs5752801,76,90,-0.0697132,0.0228304,False
rs5752801,76,91,-0.0747163,0.0144842,False
rs5752801,76,92,-0.073839,0.0155296,False
rs5752801,76,93,-0.0752691,0.0137165,False
rs5752801,76,94,-0.0669647,0.0282966,False
rs5752801,76,95,-0.0628263,0.0398468,False
rs5752801,76,96,-0.0750142,0.014147,False
rs5752801,76,97,-0.077318,0.0114507,False
rs5752801,76,98,-0.0693819,0.0237044,False
rs5752801,76,99,-0.074707,0.0150134,False
rs5752801,76,100,-0.0771526,0.0122122,False
rs5752801,76,101,-0.065076,0.0350806,False
rs5752801,76,102,-0.0751903,0.0153278,False
rs5752801,76,103,-0.0844256,0.00663899,False
rs5752801,76,104,-0.0817631,0.00880118,False
rs5752801,76,105,-0.0878481,0.00513237,False
rs5752801,76,106,-0.0894049,0.00456658,False
rs5752801,76,107,-0.0833913,0.00862838,False
rs5752801,76,108,-0.0874236,0.00625725,False
rs5752801,76,109,-0.083661,0.00933219,False
rs5752801,76,110,-0.094251,0.00368564,False
rs5752801,76,111,-0.0989119,0.00245271,False
rs5752801,76,112,-0.0958362,0.00362261,False
rs5752801,76,113,-0.094996,0.00423901,False
rs5752801,76,114,-0.0897451,0.00751115,False
rs5752801,76,115,-0.101992,0.00264307,False
rs5752801,76,116,-0.108856,0.00147355,False
rs5752801,76,117,-0.103224,0.00280222,False
rs5752801,76,118,-0.107077,0.00217862,False
rs5752801,76,119,-0.108468,0.00211892,False
rs5752801,76,120,-0.113217,0.00149935,False
rs5752801,76,121,-0.115709,0.00129183,False
rs5752801,76,122,-0.113488,0.00174534,False
rs5752801,76,123,-0.114,0.00180532,False
rs5752801,76,124,-0.107916,0.00340388,False
rs5752801,76,125,-0.118345,0.00140735,False
rs5752801,76,126,-0.118749,0.0014149,False
rs5752801,76,127,-0.115287,0.00204213,False
rs5752801,76,128,-0.103208,0.00594584,False
rs5752801,76,129,-0.110569,0.00325111,False
rs5752801,76,130,-0.116313,0.00196876,False
rs5752801,76,131,-0.106669,0.00446539,False
rs5752801,76,132,-0.107058,0.00425975,False
rs5752801,76,133,-0.109399,0.00334864,False
rs5752801,76,134,-0.101546,0.0061994,False
rs5752801,76,135,-0.100319,0.0065196,False
rs5752801,76,136,-0.101914,0.00547392,False
rs5752801,76,137,-0.111545,0.00222244,False
rs5752801,76,138,-0.108883,0.00259453,False
rs5752801,76,139,-0.105478,0.00328297,False
rs5752801,76,140,-0.104736,0.00323344,False
rs5752801,76,141,-0.0949986,0.00708466,False
rs5752801,76,142,-0.0896492,0.0104636,False
rs5752801,76,143,-0.0979506,0.00481702,False
rs5752801,76,144,-0.0946681,0.00594923,False
rs5752801,76,145,-0.0947885,0.00550095,False
rs5752801,76,146,-0.0945091,0.00530051,False
rs5752801,76,147,-0.0893255,0.00794216,False
rs5752801,76,148,-0.0962979,0.00394821,False
rs5752801,76,149,-0.0978409,0.00322418,False
rs5752801,76,150,-0.100389,0.00239659,False
rs5752801,76,151,-0.0968385,0.00320864,False
rs5752801,76,152,-0.0963077,0.00322795,False
rs5752801,76,153,-0.0922999,0.00457384,False
rs5752801,76,154,-0.104059,0.00133163,False
rs5752801,76,155,-0.0855071,0.00812141,False
rs5752801,76,156,-0.0819384,0.0109072,False
rs5752801,76,157,-0.0872675,0.00662644,False
rs5752801,76,158,-0.093572,0.00352486,False
rs5752801,76,159,-0.0855156,0.00757934,False
rs5752801,76,160,-0.0841901,0.00852853,False
rs5752801,76,161,-0.0784738,0.0142912,False
rs5752801,76,162,-0.0853642,0.00762153,False
rs5752801,76,163,-0.0970146,0.0024362,False
rs5752801,76,164,-0.0914133,0.00428585,False
rs5752801,76,165,-0.0891798,0.0053702,False
rs5752801,76,166,-0.084453,0.00854264,False
rs5752801,76,167,-0.093501,0.0036288,False
rs5752801,76,168,-0.0919803,0.00427872,False
rs5752801,76,169,-0.0925465,0.00421492,False
rs5752801,76,170,-0.0869322,0.00736498,False
rs5752801,76,171,-0.0857944,0.00840784,False
rs5752801,76,172,-0.0892444,0.00631971,False
rs5752801,76,173,-0.0753793,0.0214603,False
rs5752801,76,174,-0.0809241,0.0138702,False
rs5752801,76,175,-0.0842428,0.0107321,False
rs5752801,76,176,-0.0786424,0.0176155,False
rs5752801,76,177,-0.0806093,0.0154421,False
rs5752801,76,178,-0.0880798,0.00823386,False
rs5752801,76,179,-0.0858093,0.0102901,False
rs5752801,76,180,-0.0859973,0.0104491,False
rs5752801,76,181,-0.0876505,0.00922441,False
rs5752801,76,182,-0.0874347,0.00953648,False
rs5752801,76,183,-0.0835885,0.0135719,False
rs5752801,76,184,-0.0837933,0.0134521,False
rs5752801,76,185,-0.08993,0.00812013,False
rs5752801,76,186,-0.0919426,0.00682977,False
rs5752801,76,187,-0.0850438,0.0125913,False
rs5752801,76,188,-0.0832937,0.0145654,False
rs5752801,76,189,-0.0891563,0.009032,False
rs5752801,76,190,-0.0868286,0.0109044,False
rs5752801,76,191,-0.0817551,0.0165434,False
rs5752801,76,192,-0.0846886,0.0130425,False
rs5752801,76,193,-0.0814223,0.0171486,False
rs5752801,76,194,-0.0791428,0.0205723,False
rs5752801,76,195,-0.0761015,0.0259928,False
rs5752801,76,196,-0.0670528,0.0497208,False
rs5752801,76,197,-0.0714374,0.0366131,False
rs5752801,76,198,-0.0810257,0.01756,False
rs5752801,76,199,-0.0735364,0.031196,False
rs5752801,76,200,-0.0734404,0.0312498,False
rs5752801,76,201,-0.0710318,0.0371219,False
rs5752801,76,202,-0.0737971,0.0301443,False
rs5752801,76,203,-0.0749954,0.0274512,False
rs5752801,76,204,-0.0793536,0.0195019,False
rs5752801,76,205,-0.0788596,0.0201896,False
rs5752801,76,206,-0.0817775,0.0157846,False
rs5752801,76,207,-0.0889894,0.00860627,False
rs5752801,76,208,-0.0747065,0.0272661,False
rs5752801,76,209,-0.0688886,0.0414052,False
rs5752801,76,210,-0.0666705,0.048384,False
rs5752801,76,211,-0.06113,0.0697499,False
rs5752801,76,212,-0.0648987,0.054131,False
rs5752801,76,213,-0.0634914,0.0600308,False
rs5752801,76,214,-0.0603417,0.0737323,False
rs5752801,76,215,-0.0644407,0.0562905,False
rs5752801,76,216,-0.0575391,0.088004,False
rs5752801,76,217,-0.0665627,0.0482874,False
rs5752801,76,218,-0.072489,0.0316808,False
rs5752801,76,219,-0.0643726,0.0566987,False
rs5752801,76,220,-0.0738694,0.0289337,False
rs5752801,76,221,-0.073491,0.030017,False
rs5752801,76,222,-0.0720349,0.0338892,False
rs5752801,76,223,-0.0825063,0.015366,False
rs5752801,76,224,-0.0874318,0.0104899,False
rs5752801,76,225,-0.0826141,0.0160837,False
rs5752801,76,226,-0.0834282,0.0153587,False
rs5752801,76,227,-0.0887243,0.0103396,False
rs5752801,76,228,-0.0886601,0.0106936,False
rs5752801,76,229,-0.096421,0.0057926,False
rs5752801,76,230,-0.0947607,0.00702267,False
rs5752801,76,231,-0.0986015,0.00540692,False
rs5752801,76,232,-0.104551,0.00343589,False
rs5752801,76,233,-0.117153,0.0011598,False
rs5752801,76,234,-0.118144,0.00117787,False
rs5752801,76,235,-0.119735,0.00113469,False
rs5752801,76,236,-0.11773,0.00156978,False
rs5752801,76,237,-0.124474,0.000970166,False
rs5752801,76,238,-0.118365,0.00189963,False
rs5752801,76,239,-0.122309,0.00155042,False
rs5752801,76,240,-0.132528,0.000721049,False
rs5752801,76,241,-0.133733,0.000765053,False
rs5752801,76,242,-0.12961,0.00131463,False
rs5752801,76,243,-0.143271,0.000464652,False
rs5752801,76,244,-0.149795,0.000326805,False
rs5752801,76,245,-0.151906,0.000338307,False
rs5752801,76,246,-0.150687,0.000472072,False
rs5752801,76,247,-0.149205,0.000659795,False
rs5752801,76,248,-0.15691,0.000433472,False
rs5752801,76,249,-0.1529,0.000746958,False
rs5752801,76,250,-0.161316,0.000464234,False
rs5752801,76,251,-0.160702,0.000583543,False
rs5752801,77,6,-0.0127033,0.64283,False
rs5752801,77,7,-0.0120137,0.658192,False
rs5752801,77,8,-0.0187957,0.48463,False
rs5752801,77,9,-0.0295257,0.26887,False
rs5752801,77,10,-0.032276,0.224079,False
rs5752801,77,11,-0.031002,0.241008,False
rs5752801,77,12,-0.034213,0.191816,False
rs5752801,77,13,-0.0382938,0.142836,False
rs5752801,77,14,-0.0374394,0.151182,False
rs5752801,77,15,-0.0356171,0.172237,False
rs5752801,77,16,-0.0343787,0.187331,False
rs5752801,77,17,-0.0264334,0.310513,False
rs5752801,77,18,-0.0321536,0.217576,False
rs5752801,77,19,-0.0319495,0.219897,False
rs5752801,77,20,-0.0331594,0.203631,False
rs5752801,77,21,-0.0268931,0.303892,False
rs5752801,77,22,-0.0283889,0.279334,False
rs5752801,77,23,-0.0299255,0.255231,False
rs5752801,77,24,-0.0319232,0.226134,False
rs5752801,77,25,-0.0293942,0.267712,False
rs5752801,77,26,-0.0184152,0.489126,False
rs5752801,77,27,-0.0216387,0.418183,False
rs5752801,77,28,-0.0327723,0.221712,False
rs5752801,77,29,-0.028228,0.294372,False
rs5752801,77,30,-0.0375699,0.164538,False
rs5752801,77,31,-0.0337091,0.214195,False
rs5752801,77,32,-0.0374384,0.169879,False
rs5752801,77,33,-0.04121,0.132698,False
rs5752801,77,34,-0.0460246,0.0948256,False
rs5752801,77,35,-0.0408214,0.139503,False
rs5752801,77,36,-0.04639,0.0946355,False
rs5752801,77,37,-0.0485429,0.0814477,False
rs5752801,77,38,-0.0495523,0.0768526,False
rs5752801,77,39,-0.0474342,0.0920663,False
rs5752801,77,40,-0.0560059,0.0477114,False
rs5752801,77,41,-0.0511938,0.0719353,False
rs5752801,77,42,-0.0559001,0.0503641,False
rs5752801,77,43,-0.0563398,0.0500601,False
rs5752801,77,44,-0.0660513,0.0221232,False
rs5752801,77,45,-0.0658005,0.0235651,False
rs5752801,77,46,-0.0685592,0.0189352,False
rs5752801,77,47,-0.0575147,0.0502272,False
rs5752801,77,48,-0.0581566,0.0486128,False
rs5752801,77,49,-0.0625752,0.0349929,False
rs5752801,77,50,-0.0589763,0.0476202,False
rs5752801,77,51,-0.062821,0.0360967,False
rs5752801,77,52,-0.066259,0.027945,False
rs5752801,77,53,-0.0684515,0.0235058,False
rs5752801,77,54,-0.0645573,0.0334861,False
rs5752801,77,55,-0.0689925,0.0236319,False
rs5752801,77,56,-0.069148,0.0236456,False
rs5752801,77,57,-0.0609949,0.0470243,False
rs5752801,77,58,-0.0703145,0.022648,False
rs5752801,77,59,-0.069009,0.0255888,False
rs5752801,77,60,-0.0642736,0.0382375,False
rs5752801,77,61,-0.0699538,0.0243841,False
rs5752801,77,62,-0.0734925,0.0183434,False
rs5752801,77,63,-0.0744833,0.0169537,False
rs5752801,77,64,-0.0788079,0.0116857,False
rs5752801,77,65,-0.0789908,0.0117573,False
rs5752801,77,66,-0.0809078,0.00989305,False
rs5752801,77,67,-0.0843377,0.00727045,False
rs5752801,77,68,-0.0720225,0.022017,False
rs5752801,77,69,-0.0744438,0.0180129,False
rs5752801,77,70,-0.0713597,0.0233202,False
rs5752801,77,71,-0.0614319,0.0513139,False
rs5752801,77,72,-0.0661736,0.0358364,False
rs5752801,77,73,-0.0752314,0.0169035,False
rs5752801,77,74,-0.0727549,0.0209182,False
rs5752801,77,75,-0.0828482,0.00852093,False
rs5752801,77,76,-0.0806691,0.0103241,False
rs5752801,77,77,-0.0791558,0.0117309,False
rs5752801,77,78,-0.0693217,0.0271459,False
rs5752801,77,79,-0.0648238,0.0387672,False
rs5752801,77,80,-0.0705448,0.0241088,False
rs5752801,77,81,-0.0682357,0.0287721,False
rs5752801,77,82,-0.0672825,0.0309423,False
rs5752801,77,83,-0.0652484,0.0363181,False
rs5752801,77,84,-0.0703896,0.0235487,False
rs5752801,77,85,-0.0805208,0.00932921,False
rs5752801,77,86,-0.0722834,0.0192409,False
rs5752801,77,87,-0.0686172,0.0263031,False
rs5752801,77,88,-0.0645834,0.0361781,False
rs5752801,77,89,-0.0637001,0.038441,False
rs5752801,77,90,-0.0671741,0.0291271,False
rs5752801,77,91,-0.0769766,0.012245,False
rs5752801,77,92,-0.0758263,0.0133428,False
rs5752801,77,93,-0.0716743,0.019255,False
rs5752801,77,94,-0.0687127,0.0249073,False
rs5752801,77,95,-0.0665897,0.0298863,False
rs5752801,77,96,-0.0581027,0.0581079,False
rs5752801,77,97,-0.0622847,0.0421669,False
rs5752801,77,98,-0.0689049,0.0247457,False
rs5752801,77,99,-0.0641622,0.0367634,False
rs5752801,77,100,-0.0699559,0.0231151,False
rs5752801,77,101,-0.0597282,0.0531181,False
rs5752801,77,102,-0.0629552,0.0416392,False
rs5752801,77,103,-0.0694142,0.0252105,False
rs5752801,77,104,-0.0704744,0.0236963,False
rs5752801,77,105,-0.0696876,0.0257678,False
rs5752801,77,106,-0.0723731,0.0209835,False
rs5752801,77,107,-0.0738791,0.0191082,False
rs5752801,77,108,-0.0778615,0.0139904,False
rs5752801,77,109,-0.0764568,0.0164211,False
rs5752801,77,110,-0.0779668,0.015172,False
rs5752801,77,111,-0.0812053,0.0120061,False
rs5752801,77,112,-0.089213,0.0061273,False
rs5752801,77,113,-0.0879901,0.00728411,False
rs5752801,77,114,-0.0854548,0.00987684,False
rs5752801,77,115,-0.0903781,0.00680979,False
rs5752801,77,116,-0.0939985,0.00521859,False
rs5752801,77,117,-0.0906202,0.00766717,False
rs5752801,77,118,-0.0925908,0.00701813,False
rs5752801,77,119,-0.0951982,0.00594607,False
rs5752801,77,120,-0.102357,0.00338003,False
rs5752801,77,121,-0.102482,0.0035876,False
rs5752801,77,122,-0.108811,0.00214875,False
rs5752801,77,123,-0.108355,0.00245925,False
rs5752801,77,124,-0.100919,0.00499873,False
rs5752801,77,125,-0.0955007,0.00817427,False
rs5752801,77,126,-0.104341,0.00405702,False
rs5752801,77,127,-0.110776,0.00234735,False
rs5752801,77,128,-0.109867,0.00259147,False
rs5752801,77,129,-0.10751,0.00321855,False
rs5752801,77,130,-0.0969906,0.0079371,False
rs5752801,77,131,-0.0915123,0.0122084,False
rs5752801,77,132,-0.108849,0.00280292,False
rs5752801,77,133,-0.104829,0.00392706,False
rs5752801,77,134,-0.106117,0.00338422,False
rs5752801,77,135,-0.105351,0.00342186,False
rs5752801,77,136,-0.0998272,0.00527698,False
rs5752801,77,137,-0.100926,0.0045751,False
rs5752801,77,138,-0.0961291,0.00654399,False
rs5752801,77,139,-0.104564,0.00291535,False
rs5752801,77,140,-0.111046,0.0014342,False
rs5752801,77,141,-0.106767,0.00201769,False
rs5752801,77,142,-0.10718,0.00179587,False
rs5752801,77,143,-0.0987841,0.00373927,False
rs5752801,77,144,-0.101476,0.0027285,False
rs5752801,77,145,-0.0958811,0.00438201,False
rs5752801,77,146,-0.0909765,0.00653542,False
rs5752801,77,147,-0.0927359,0.00525845,False
rs5752801,77,148,-0.0852633,0.00998338,False
rs5752801,77,149,-0.0901793,0.00611295,False
rs5752801,77,150,-0.0860114,0.00856836,False
rs5752801,77,151,-0.0868016,0.00762264,False
rs5752801,77,152,-0.0812342,0.0123102,False
rs5752801,77,153,-0.0898682,0.0054222,False
rs5752801,77,154,-0.0838571,0.00925244,False
rs5752801,77,155,-0.0800463,0.0125937,False
rs5752801,77,156,-0.0814041,0.0110739,False
rs5752801,77,157,-0.0863616,0.00698575,False
rs5752801,77,158,-0.0793944,0.0131284,False
rs5752801,77,159,-0.0770999,0.0159059,False
rs5752801,77,160,-0.0846907,0.00805002,False
rs5752801,77,161,-0.0936794,0.00338307,False
rs5752801,77,162,-0.0841889,0.00851443,False
rs5752801,77,163,-0.087346,0.00647024,False
rs5752801,77,164,-0.0822616,0.0103729,False
rs5752801,77,165,-0.0857454,0.00778419,False
rs5752801,77,166,-0.0802096,0.01307,False
rs5752801,77,167,-0.0860654,0.00784531,False
rs5752801,77,168,-0.0855938,0.00832477,False
rs5752801,77,169,-0.0773879,0.0172536,False
rs5752801,77,170,-0.0832505,0.0108174,False
rs5752801,77,171,-0.078338,0.0168726,False
rs5752801,77,172,-0.0790444,0.016158,False
rs5752801,77,173,-0.0829521,0.0118949,False
rs5752801,77,174,-0.0821452,0.0130059,False
rs5752801,77,175,-0.0866405,0.00908456,False
rs5752801,77,176,-0.0794459,0.0170144,False
rs5752801,77,177,-0.0826464,0.0133718,False
rs5752801,77,178,-0.0850101,0.011201,False
rs5752801,77,179,-0.0849064,0.0116097,False
rs5752801,77,180,-0.088585,0.00864463,False
rs5752801,77,181,-0.0894868,0.00816603,False
rs5752801,77,182,-0.0865782,0.0106602,False
rs5752801,77,183,-0.0895316,0.00840544,False
rs5752801,77,184,-0.0920083,0.00692238,False
rs5752801,77,185,-0.0923442,0.00675153,False
rs5752801,77,186,-0.0881851,0.00968929,False
rs5752801,77,187,-0.0949014,0.00550028,False
rs5752801,77,188,-0.0926347,0.00676634,False
rs5752801,77,189,-0.0881488,0.00996501,False
rs5752801,77,190,-0.0853413,0.0126057,False
rs5752801,77,191,-0.0851169,0.0128404,False
rs5752801,77,192,-0.0872667,0.0107505,False
rs5752801,77,193,-0.0944936,0.00571867,False
rs5752801,77,194,-0.0868852,0.0111618,False
rs5752801,77,195,-0.0869125,0.0111319,False
rs5752801,77,196,-0.0803217,0.018805,False
rs5752801,77,197,-0.0948356,0.00556483,False
rs5752801,77,198,-0.0885438,0.00958889,False
rs5752801,77,199,-0.080601,0.018299,False
rs5752801,77,200,-0.0777793,0.0225703,False
rs5752801,77,201,-0.0824905,0.0155369,False
rs5752801,77,202,-0.0829275,0.0147861,False
rs5752801,77,203,-0.0787148,0.0206778,False
rs5752801,77,204,-0.0719796,0.0340045,False
rs5752801,77,205,-0.0727399,0.0319495,False
rs5752801,77,206,-0.0776515,0.0220628,False
rs5752801,77,207,-0.0693615,0.0405158,False
rs5752801,77,208,-0.0698871,0.0387425,False
rs5752801,77,209,-0.0727834,0.0311579,False
rs5752801,77,210,-0.0809372,0.016578,False
rs5752801,77,211,-0.0779293,0.0207586,False
rs5752801,77,212,-0.0684729,0.0422458,False
rs5752801,77,213,-0.0688748,0.0407111,False
rs5752801,77,214,-0.0822413,0.0146152,False
rs5752801,77,215,-0.0766627,0.0227169,False
rs5752801,77,216,-0.0736636,0.0285632,False
rs5752801,77,217,-0.070883,0.0354959,False
rs5752801,77,218,-0.0791126,0.0189816,False
rs5752801,77,219,-0.0745529,0.0273708,False
rs5752801,77,220,-0.0773454,0.0221142,False
rs5752801,77,221,-0.0767577,0.0233228,False
rs5752801,77,222,-0.0788513,0.0204454,False
rs5752801,77,223,-0.0864365,0.0111719,False
rs5752801,77,224,-0.0863616,0.0115445,False
rs5752801,77,225,-0.0882072,0.0101303,False
rs5752801,77,226,-0.0937741,0.0064529,False
rs5752801,77,227,-0.0865552,0.012483,False
rs5752801,77,228,-0.0866703,0.0128665,False
rs5752801,77,229,-0.0944864,0.00704973,False
rs5752801,77,230,-0.0942868,0.00763874,False
rs5752801,77,231,-0.0948277,0.00781542,False
rs5752801,77,232,-0.106372,0.00307874,False
rs5752801,77,233,-0.110657,0.00229612,False
rs5752801,77,234,-0.108831,0.00300034,False
rs5752801,77,235,-0.0999839,0.0070098,False
rs5752801,77,236,-0.106731,0.0043931,False
rs5752801,77,237,-0.109976,0.00373975,False
rs5752801,77,238,-0.116128,0.00251768,False
rs5752801,77,239,-0.116651,0.00275215,False
rs5752801,77,240,-0.12061,0.00225991,False
rs5752801,77,241,-0.1322,0.000968392,False
rs5752801,77,242,-0.126364,0.00190005,False
rs5752801,77,243,-0.135666,0.00101907,False
rs5752801,77,244,-0.134234,0.00137187,False
rs5752801,77,245,-0.142365,0.000835283,False
rs5752801,77,246,-0.144297,0.000878001,False
rs5752801,77,247,-0.152973,0.000525625,False
rs5752801,77,248,-0.14584,0.00114101,False
rs5752801,77,249,-0.161753,0.000390513,False
rs5752801,77,250,-0.156402,0.000739901,False
rs5752801,77,251,-0.161101,0.000613279,False
rs5752801,78,6,-0.0131074,0.632772,False
rs5752801,78,7,-0.021333,0.433003,False
rs5752801,78,8,-0.0263467,0.329136,False
rs5752801,78,9,-0.0246355,0.357418,False
rs5752801,78,10,-0.0269697,0.309466,False
rs5752801,78,11,-0.0269281,0.307919,False
rs5752801,78,12,-0.02796,0.28563,False
rs5752801,78,13,-0.0261462,0.316067,False
rs5752801,78,14,-0.02958,0.255247,False
rs5752801,78,15,-0.0361443,0.163077,False
rs5752801,78,16,-0.0321953,0.213584,False
rs5752801,78,17,-0.0270275,0.297224,False
rs5752801,78,18,-0.0344174,0.184322,False
rs5752801,78,19,-0.0322559,0.214209,False
rs5752801,78,20,-0.0334246,0.199182,False
rs5752801,78,21,-0.0270256,0.299449,False
rs5752801,78,22,-0.0336327,0.197769,False
rs5752801,78,23,-0.0298642,0.25459,False
rs5752801,78,24,-0.0360553,0.170132,False
rs5752801,78,25,-0.0329365,0.211419,False
rs5752801,78,26,-0.035256,0.182571,False
rs5752801,78,27,-0.0357923,0.176984,False
rs5752801,78,28,-0.0378413,0.154967,False
rs5752801,78,29,-0.0371397,0.164545,False
rs5752801,78,30,-0.0366098,0.172703,False
rs5752801,78,31,-0.0349754,0.194715,False
rs5752801,78,32,-0.0364347,0.179228,False
rs5752801,78,33,-0.0440145,0.106032,False
rs5752801,78,34,-0.044009,0.107644,False
rs5752801,78,35,-0.051113,0.0632163,False
rs5752801,78,36,-0.0564939,0.0407226,False
rs5752801,78,37,-0.0606971,0.0286472,False
rs5752801,78,38,-0.0652788,0.0193705,False
rs5752801,78,39,-0.0519795,0.0638973,False
rs5752801,78,40,-0.0628454,0.0257319,False
rs5752801,78,41,-0.0587662,0.037928,False
rs5752801,78,42,-0.0600303,0.0352408,False
rs5752801,78,43,-0.0613906,0.0321361,False
rs5752801,78,44,-0.0727183,0.0116092,False
rs5752801,78,45,-0.0635614,0.0280074,False
rs5752801,78,46,-0.0684513,0.0185411,False
rs5752801,78,47,-0.0818437,0.00508778,False
rs5752801,78,48,-0.075671,0.0100254,False
rs5752801,78,49,-0.070398,0.0172148,False
rs5752801,78,50,-0.0728145,0.0142793,False
rs5752801,78,51,-0.0778341,0.00926259,False
rs5752801,78,52,-0.0698424,0.0201111,False
rs5752801,78,53,-0.0718091,0.0173147,False
rs5752801,78,54,-0.0598897,0.0480591,False
rs5752801,78,55,-0.0647303,0.0332729,False
rs5752801,78,56,-0.0765854,0.0120826,False
rs5752801,78,57,-0.0697021,0.023018,False
rs5752801,78,58,-0.0731713,0.0172798,False
rs5752801,78,59,-0.0800958,0.00937476,False
rs5752801,78,60,-0.0822408,0.0077888,False
rs5752801,78,61,-0.0786016,0.0111848,False
rs5752801,78,62,-0.079784,0.0102567,False
rs5752801,78,63,-0.0680048,0.0292812,False
rs5752801,78,64,-0.0705357,0.0241219,False
rs5752801,78,65,-0.0733015,0.0192426,False
rs5752801,78,66,-0.0698883,0.02584,False
rs5752801,78,67,-0.0762075,0.0153737,False
rs5752801,78,68,-0.0646909,0.0398785,False
rs5752801,78,69,-0.0706159,0.0250285,False
rs5752801,78,70,-0.0674258,0.0325127,False
rs5752801,78,71,-0.0670834,0.0335949,False
rs5752801,78,72,-0.0677856,0.0317201,False
rs5752801,78,73,-0.0675288,0.0326296,False
rs5752801,78,74,-0.0697534,0.0272074,False
rs5752801,78,75,-0.0625172,0.0478359,False
rs5752801,78,76,-0.071165,0.0241808,False
rs5752801,78,77,-0.0670142,0.0335252,False
rs5752801,78,78,-0.0657661,0.0367799,False
rs5752801,78,79,-0.0776123,0.0136104,False
rs5752801,78,80,-0.0691603,0.0278318,False
rs5752801,78,81,-0.0721836,0.0216239,False
rs5752801,78,82,-0.0681492,0.0296106,False
rs5752801,78,83,-0.0662642,0.0340285,False
rs5752801,78,84,-0.0631221,0.0432571,False
rs5752801,78,85,-0.0623849,0.0450786,False
rs5752801,78,86,-0.078198,0.011912,False
rs5752801,78,87,-0.0718058,0.0206106,False
rs5752801,78,88,-0.0699319,0.0239905,False
rs5752801,78,89,-0.0687478,0.0264891,False
rs5752801,78,90,-0.0773183,0.0122884,False
rs5752801,78,91,-0.0794006,0.0100864,False
rs5752801,78,92,-0.0705999,0.0218858,False
rs5752801,78,93,-0.064219,0.036722,False
rs5752801,78,94,-0.0695597,0.0236926,False
rs5752801,78,95,-0.0707211,0.0214007,False
rs5752801,78,96,-0.0684607,0.0258165,False
rs5752801,78,97,-0.0618686,0.0443983,False
rs5752801,78,98,-0.0634862,0.0389812,False
rs5752801,78,99,-0.0625248,0.0421823,False
rs5752801,78,100,-0.068203,0.0267387,False
rs5752801,78,101,-0.0614472,0.046338,False
rs5752801,78,102,-0.0648639,0.0357946,False
rs5752801,78,103,-0.0604651,0.0509927,False
rs5752801,78,104,-0.0597012,0.0548977,False
rs5752801,78,105,-0.0665354,0.0328285,False
rs5752801,78,106,-0.0677536,0.0304525,False
rs5752801,78,107,-0.0754694,0.0162488,False
rs5752801,78,108,-0.0796018,0.0116473,False
rs5752801,78,109,-0.0668534,0.0350358,False
rs5752801,78,110,-0.0757786,0.0174568,False
rs5752801,78,111,-0.0722212,0.0243811,False
rs5752801,78,112,-0.0793525,0.0139791,False
rs5752801,78,113,-0.0816034,0.0120643,False
rs5752801,78,114,-0.0818389,0.0125133,False
rs5752801,78,115,-0.0788409,0.0168348,False
rs5752801,78,116,-0.08014,0.0160635,False
rs5752801,78,117,-0.0898849,0.00732559,False
rs5752801,78,118,-0.0852329,0.0117528,False
rs5752801,78,119,-0.0858113,0.0118753,False
rs5752801,78,120,-0.0941205,0.00616338,False
rs5752801,78,121,-0.101695,0.00334836,False
rs5752801,78,122,-0.0923674,0.00805585,False
rs5752801,78,123,-0.0938434,0.00743962,False
rs5752801,78,124,-0.0884561,0.0121436,False
rs5752801,78,125,-0.0912271,0.0100952,False
rs5752801,78,126,-0.0968235,0.00647117,False
rs5752801,78,127,-0.104217,0.00347401,False
rs5752801,78,128,-0.0993427,0.00548197,False
rs5752801,78,129,-0.0967865,0.00692532,False
rs5752801,78,130,-0.0950827,0.00792476,False
rs5752801,78,131,-0.0912227,0.0108347,False
rs5752801,78,132,-0.0890965,0.0126618,False
rs5752801,78,133,-0.0801826,0.0243893,False
rs5752801,78,134,-0.0892782,0.0118821,False
rs5752801,78,135,-0.0902239,0.0107173,False
rs5752801,78,136,-0.0914082,0.00930787,False
rs5752801,78,137,-0.092352,0.00836476,False
rs5752801,78,138,-0.0860846,0.0133438,False
rs5752801,78,139,-0.0903555,0.00899794,False
rs5752801,78,140,-0.0781079,0.0230888,False
rs5752801,78,141,-0.0822851,0.0158485,False
rs5752801,78,142,-0.0862433,0.0109281,False
rs5752801,78,143,-0.0919163,0.00636787,False
rs5752801,78,144,-0.0841892,0.0119008,False
rs5752801,78,145,-0.0890151,0.0074737,False
rs5752801,78,146,-0.0784625,0.0178033,False
rs5752801,78,147,-0.0746656,0.0233808,False
rs5752801,78,148,-0.0702186,0.0322636,False
rs5752801,78,149,-0.0837139,0.0103727,False
rs5752801,78,150,-0.0850151,0.00896754,False
rs5752801,78,151,-0.0804328,0.0130396,False
rs5752801,78,152,-0.081496,0.0117445,False
rs5752801,78,153,-0.0639348,0.0472223,False
rs5752801,78,154,-0.0674893,0.0354226,False
rs5752801,78,155,-0.0775466,0.0156614,False
rs5752801,78,156,-0.0794876,0.0130438,False
rs5752801,78,157,-0.0789965,0.0136136,False
rs5752801,78,158,-0.080987,0.0114552,False
rs5752801,78,159,-0.07224,0.0243294,False
rs5752801,78,160,-0.0750352,0.0194457,False
rs5752801,78,161,-0.0834787,0.00946034,False
rs5752801,78,162,-0.0808987,0.011923,False
rs5752801,78,163,-0.0742031,0.0212613,False
rs5752801,78,164,-0.0734974,0.0229587,False
rs5752801,78,165,-0.0733209,0.023767,False
rs5752801,78,166,-0.078124,0.0161994,False
rs5752801,78,167,-0.0842475,0.00968397,False
rs5752801,78,168,-0.0716989,0.028282,False
rs5752801,78,169,-0.0795308,0.0153908,False
rs5752801,78,170,-0.0839585,0.0108469,False
rs5752801,78,171,-0.0868547,0.00866652,False
rs5752801,78,172,-0.0779855,0.0187258,False
rs5752801,78,173,-0.0797155,0.0166279,False
rs5752801,78,174,-0.0784499,0.0189144,False
rs5752801,78,175,-0.0732253,0.0289747,False
rs5752801,78,176,-0.0743787,0.0269987,False
rs5752801,78,177,-0.0854565,0.0113475,False
rs5752801,78,178,-0.0897578,0.00801372,False
rs5752801,78,179,-0.0915683,0.00692384,False
rs5752801,78,180,-0.0860715,0.0113604,False
rs5752801,78,181,-0.0845572,0.013095,False
rs5752801,78,182,-0.0843604,0.0134883,False
rs5752801,78,183,-0.0759864,0.0263702,False
rs5752801,78,184,-0.0784669,0.0220204,False
rs5752801,78,185,-0.0837073,0.0147753,False
rs5752801,78,186,-0.0842964,0.0141795,False
rs5752801,78,187,-0.0844458,0.0139474,False
rs5752801,78,188,-0.081908,0.0171713,False
rs5752801,78,189,-0.0779273,0.0234061,False
rs5752801,78,190,-0.0761093,0.0267599,False
rs5752801,78,191,-0.0760134,0.0270872,False
rs5752801,78,192,-0.0819077,0.0172315,False
rs5752801,78,193,-0.0884628,0.0100596,False
rs5752801,78,194,-0.0865007,0.0117773,False
rs5752801,78,195,-0.0839657,0.0144422,False
rs5752801,78,196,-0.0801367,0.0195743,False
rs5752801,78,197,-0.0706625,0.039493,False
rs5752801,78,198,-0.0729583,0.0331621,False
rs5752801,78,199,-0.0717156,0.0359837,False
rs5752801,78,200,-0.0718838,0.0353128,False
rs5752801,78,201,-0.069752,0.0410356,False
rs5752801,78,202,-0.0766274,0.0245852,False
rs5752801,78,203,-0.0810983,0.017241,False
rs5752801,78,204,-0.0836687,0.0139227,False
rs5752801,78,205,-0.0816022,0.016221,False
rs5752801,78,206,-0.0739372,0.0292554,False
rs5752801,78,207,-0.0812555,0.0164862,False
rs5752801,78,208,-0.0827532,0.0144326,False
rs5752801,78,209,-0.0776806,0.0215092,False
rs5752801,78,210,-0.0915645,0.00671231,False
rs5752801,78,211,-0.095846,0.00452666,False
rs5752801,78,212,-0.0930652,0.00577288,False
rs5752801,78,213,-0.0961571,0.00437475,False
rs5752801,78,214,-0.0886282,0.00860998,False
rs5752801,78,215,-0.0870966,0.00975093,False
rs5752801,78,216,-0.0842968,0.0124078,False
rs5752801,78,217,-0.0876901,0.009404,False
rs5752801,78,218,-0.082135,0.0150432,False
rs5752801,78,219,-0.0909971,0.00717885,False
rs5752801,78,220,-0.0857832,0.0113689,False
rs5752801,78,221,-0.0887495,0.00891002,False
rs5752801,78,222,-0.101025,0.00299374,False
rs5752801,78,223,-0.0932416,0.00630765,False
rs5752801,78,224,-0.0924898,0.00694181,False
rs5752801,78,225,-0.106819,0.0019095,False
rs5752801,78,226,-0.103623,0.00273622,False
rs5752801,78,227,-0.100994,0.00365224,False
rs5752801,78,228,-0.0988798,0.00473291,False
rs5752801,78,229,-0.101965,0.00378383,False
rs5752801,78,230,-0.0961068,0.00683849,False
rs5752801,78,231,-0.104631,0.00352966,False
rs5752801,78,232,-0.107821,0.00289059,False
rs5752801,78,233,-0.103922,0.00444244,False
rs5752801,78,234,-0.10415,0.00477728,False
rs5752801,78,235,-0.109536,0.00335756,False
rs5752801,78,236,-0.114028,0.00254687,False
rs5752801,78,237,-0.118084,0.00201682,False
rs5752801,78,238,-0.117747,0.00239565,False
rs5752801,78,239,-0.128205,0.00109922,False
rs5752801,78,240,-0.138159,0.000527736,False
rs5752801,78,241,-0.135157,0.000831226,False
rs5752801,78,242,-0.147561,0.000325712,False
rs5752801,78,243,-0.139062,0.000856918,False
rs5752801,78,244,-0.149564,0.000419412,False
rs5752801,78,245,-0.148351,0.000569779,False
rs5752801,78,246,-0.15694,0.000338538,False
rs5752801,78,247,-0.163525,0.000245174,False
rs5752801,78,248,-0.166091,0.00024547,False
rs5752801,78,249,-0.169826,0.000229521,False
rs5752801,78,250,-0.178976,0.000131367,False
rs5752801,78,251,-0.181985,0.00012605,False
rs5752801,79,6,0.000904357,0.973666,False
rs5752801,79,7,0.00188535,0.944615,False
rs5752801,79,8,-0.00412729,0.878219,False
rs5752801,79,9,-0.00685566,0.797408,False
rs5752801,79,10,-0.0129036,0.626731,False
rs5752801,79,11,-0.0187435,0.476724,False
rs5752801,79,12,-0.01206,0.644253,False
rs5752801,79,13,-0.0231002,0.374304,False
rs5752801,79,14,-0.0249372,0.33745,False
rs5752801,79,15,-0.0258616,0.31795,False
rs5752801,79,16,-0.02848,0.270124,False
rs5752801,79,17,-0.0325982,0.207795,False
rs5752801,79,18,-0.022613,0.381639,False
rs5752801,79,19,-0.0255954,0.322915,False
rs5752801,79,20,-0.0246454,0.341612,False
rs5752801,79,21,-0.029218,0.261393,False
rs5752801,79,22,-0.025586,0.32624,False
rs5752801,79,23,-0.0300035,0.251526,False
rs5752801,79,24,-0.031556,0.228505,False
rs5752801,79,25,-0.027492,0.295196,False
rs5752801,79,26,-0.022686,0.390019,False
rs5752801,79,27,-0.0296157,0.263705,False
rs5752801,79,28,-0.0391222,0.140891,False
rs5752801,79,29,-0.0362323,0.173806,False
rs5752801,79,30,-0.0357245,0.181842,False
rs5752801,79,31,-0.0257354,0.338238,False
rs5752801,79,32,-0.0404904,0.133915,False
rs5752801,79,33,-0.0435902,0.10805,False
rs5752801,79,34,-0.0400307,0.141802,False
rs5752801,79,35,-0.0503017,0.0657158,False
rs5752801,79,36,-0.0475337,0.0845482,False
rs5752801,79,37,-0.0560454,0.0428258,False
rs5752801,79,38,-0.053509,0.0546793,False
rs5752801,79,39,-0.0529099,0.0581481,False
rs5752801,79,40,-0.0548752,0.0507601,False
rs5752801,79,41,-0.0627126,0.0263172,False
rs5752801,79,42,-0.0700003,0.0136967,False
rs5752801,79,43,-0.0653389,0.0219984,False
rs5752801,79,44,-0.0711818,0.0129477,False
rs5752801,79,45,-0.0699764,0.015333,False
rs5752801,79,46,-0.0719596,0.0130406,False
rs5752801,79,47,-0.0762748,0.00885201,False
rs5752801,79,48,-0.0730046,0.0128087,False
rs5752801,79,49,-0.0765219,0.00931421,False
rs5752801,79,50,-0.0732205,0.0133625,False
rs5752801,79,51,-0.0743007,0.0123925,False
rs5752801,79,52,-0.0685932,0.0216757,False
rs5752801,79,53,-0.0734096,0.0146048,False
rs5752801,79,54,-0.0762024,0.0115794,False
rs5752801,79,55,-0.0687546,0.0231542,False
rs5752801,79,56,-0.0673059,0.0269971,False
rs5752801,79,57,-0.0776562,0.010966,False
rs5752801,79,58,-0.0717635,0.0191354,False
rs5752801,79,59,-0.0753368,0.014376,False
rs5752801,79,60,-0.0731616,0.0178836,False
rs5752801,79,61,-0.0777764,0.0120973,False
rs5752801,79,62,-0.07671,0.0137789,False
rs5752801,79,63,-0.0661808,0.0337856,False
rs5752801,79,64,-0.0639931,0.0403094,False
rs5752801,79,65,-0.0763631,0.0148148,False
rs5752801,79,66,-0.071786,0.0222788,False
rs5752801,79,67,-0.0740936,0.018448,False
rs5752801,79,68,-0.0738497,0.0189308,False
rs5752801,79,69,-0.0718469,0.0227048,False
rs5752801,79,70,-0.0694325,0.0279636,False
rs5752801,79,71,-0.0681006,0.0310428,False
rs5752801,79,72,-0.0720801,0.0226211,False
rs5752801,79,73,-0.0709551,0.0252505,False
rs5752801,79,74,-0.0744881,0.0189335,False
rs5752801,79,75,-0.0772396,0.0149931,False
rs5752801,79,76,-0.0770409,0.0151515,False
rs5752801,79,77,-0.0749464,0.0180991,False
rs5752801,79,78,-0.070918,0.0252104,False
rs5752801,79,79,-0.0770518,0.0148149,False
rs5752801,79,80,-0.0755569,0.0168888,False
rs5752801,79,81,-0.083989,0.00773428,False
rs5752801,79,82,-0.084265,0.00742139,False
rs5752801,79,83,-0.0790532,0.0119358,False
rs5752801,79,84,-0.0775186,0.0135632,False
rs5752801,79,85,-0.0805833,0.0101086,False
rs5752801,79,86,-0.0769404,0.0139697,False
rs5752801,79,87,-0.0702127,0.0245965,False
rs5752801,79,88,-0.0732413,0.0187611,False
rs5752801,79,89,-0.0694822,0.0255214,False
rs5752801,79,90,-0.0729781,0.0187452,False
rs5752801,79,91,-0.0685483,0.0273324,False
rs5752801,79,92,-0.0801146,0.00983297,False
rs5752801,79,93,-0.0750071,0.0153971,False
rs5752801,79,94,-0.0748116,0.015411,False
rs5752801,79,95,-0.0737083,0.0170918,False
rs5752801,79,96,-0.070186,0.022958,False
rs5752801,79,97,-0.0717211,0.0202227,False
rs5752801,79,98,-0.0745165,0.0158837,False
rs5752801,79,99,-0.068847,0.0259632,False
rs5752801,79,100,-0.0757045,0.0142598,False
rs5752801,79,101,-0.0781172,0.0116717,False
rs5752801,79,102,-0.0667856,0.0312298,False
rs5752801,79,103,-0.068476,0.0273648,False
rs5752801,79,104,-0.0667215,0.0320458,False
rs5752801,79,105,-0.0709391,0.0228667,False
rs5752801,79,106,-0.0804477,0.0100834,False
rs5752801,79,107,-0.0739847,0.0185114,False
rs5752801,79,108,-0.0676186,0.0318477,False
rs5752801,79,109,-0.0698406,0.0276611,False
rs5752801,79,110,-0.0701484,0.0273335,False
rs5752801,79,111,-0.0685359,0.0319883,False
rs5752801,79,112,-0.0706329,0.0280268,False
rs5752801,79,113,-0.0661684,0.0405804,False
rs5752801,79,114,-0.0704779,0.0304071,False
rs5752801,79,115,-0.0743767,0.023273,False
rs5752801,79,116,-0.0731615,0.0266299,False
rs5752801,79,117,-0.0715789,0.0311553,False
rs5752801,79,118,-0.081344,0.0148065,False
rs5752801,79,119,-0.0799666,0.0174483,False
rs5752801,79,120,-0.0816965,0.0158264,False
rs5752801,79,121,-0.0822452,0.0157942,False
rs5752801,79,122,-0.0901775,0.00850881,False
rs5752801,79,123,-0.0982737,0.00431166,False
rs5752801,79,124,-0.0921552,0.00779222,False
rs5752801,79,125,-0.0878453,0.0115913,False
rs5752801,79,126,-0.0913522,0.00884659,False
rs5752801,79,127,-0.0951526,0.00646746,False
rs5752801,79,128,-0.0872505,0.0126571,False
rs5752801,79,129,-0.0921385,0.00854663,False
rs5752801,79,130,-0.0948941,0.00677966,False
rs5752801,79,131,-0.0894654,0.0106513,False
rs5752801,79,132,-0.0909812,0.00926975,False
rs5752801,79,133,-0.0913608,0.00874731,False
rs5752801,79,134,-0.0932468,0.0072825,False
rs5752801,79,135,-0.0924737,0.00759639,False
rs5752801,79,136,-0.0876717,0.0110948,False
rs5752801,79,137,-0.0957086,0.00530252,False
rs5752801,79,138,-0.0985218,0.00393772,False
rs5752801,79,139,-0.0976953,0.00404976,False
rs5752801,79,140,-0.0831375,0.0138258,False
rs5752801,79,141,-0.0896116,0.0077213,False
rs5752801,79,142,-0.0883848,0.00827937,False
rs5752801,79,143,-0.0867324,0.00924441,False
rs5752801,79,144,-0.0770917,0.0199204,False
rs5752801,79,145,-0.0853524,0.00962795,False
rs5752801,79,146,-0.0911994,0.00541361,False
rs5752801,79,147,-0.0891133,0.00637225,False
rs5752801,79,148,-0.084038,0.00972015,False
rs5752801,79,149,-0.0841218,0.00943171,False
rs5752801,79,150,-0.0840144,0.00928856,False
rs5752801,79,151,-0.0851926,0.00830079,False
rs5752801,79,152,-0.0817354,0.0110766,False
rs5752801,79,153,-0.0824054,0.0103087,False
rs5752801,79,154,-0.077276,0.0161063,False
rs5752801,79,155,-0.0786635,0.0143143,False
rs5752801,79,156,-0.0839777,0.00888712,False
rs5752801,79,157,-0.0830741,0.00960975,False
rs5752801,79,158,-0.077459,0.0159383,False
rs5752801,79,159,-0.0752233,0.019436,False
rs5752801,79,160,-0.0687065,0.0327929,False
rs5752801,79,161,-0.0747925,0.0205684,False
rs5752801,79,162,-0.0771964,0.0170822,False
rs5752801,79,163,-0.0741373,0.0222885,False
rs5752801,79,164,-0.0665067,0.0410513,False
rs5752801,79,165,-0.0771837,0.0177641,False
rs5752801,79,166,-0.0799755,0.0144835,False
rs5752801,79,167,-0.0711355,0.0302237,False
rs5752801,79,168,-0.0749963,0.0227916,False
rs5752801,79,169,-0.0874108,0.0082208,False
rs5752801,79,170,-0.0837701,0.0116185,False
rs5752801,79,171,-0.0883788,0.00799291,False
rs5752801,79,172,-0.0766075,0.0218303,False
rs5752801,79,173,-0.0817732,0.0148165,False
rs5752801,79,174,-0.0703292,0.0365629,False
rs5752801,79,175,-0.0852086,0.0115209,False
rs5752801,79,176,-0.0813759,0.0161988,False
rs5752801,79,177,-0.0695397,0.0405527,False
rs5752801,79,178,-0.0686164,0.0436117,False
rs5752801,79,179,-0.0766063,0.0248605,False
rs5752801,79,180,-0.0766048,0.0251862,False
rs5752801,79,181,-0.0745905,0.0295288,False
rs5752801,79,182,-0.0678615,0.0480902,False
rs5752801,79,183,-0.0713089,0.0381369,False
rs5752801,79,184,-0.0802024,0.0198948,False
rs5752801,79,185,-0.0725899,0.035059,False
rs5752801,79,186,-0.0827883,0.0164376,False
rs5752801,79,187,-0.0762717,0.0271415,False
rs5752801,79,188,-0.0792082,0.021843,False
rs5752801,79,189,-0.0726113,0.0354191,False
rs5752801,79,190,-0.0814612,0.0182268,False
rs5752801,79,191,-0.0844403,0.0142802,False
rs5752801,79,192,-0.0900991,0.00886602,False
rs5752801,79,193,-0.0809005,0.0190419,False
rs5752801,79,194,-0.0848059,0.0136735,False
rs5752801,79,195,-0.0868099,0.0115403,False
rs5752801,79,196,-0.0863087,0.0119128,False
rs5752801,79,197,-0.0834921,0.0149423,False
rs5752801,79,198,-0.0941512,0.00596623,False
rs5752801,79,199,-0.0872699,0.010694,False
rs5752801,79,200,-0.076931,0.0242651,False
rs5752801,79,201,-0.0705453,0.0384287,False
rs5752801,79,202,-0.0721511,0.0341641,False
rs5752801,79,203,-0.0736369,0.0304713,False
rs5752801,79,204,-0.0750151,0.0270348,False
rs5752801,79,205,-0.0813129,0.0164272,False
rs5752801,79,206,-0.0772184,0.0226777,False
rs5752801,79,207,-0.0807054,0.0171741,False
rs5752801,79,208,-0.0845642,0.0124619,False
rs5752801,79,209,-0.0947202,0.0050843,False
rs5752801,79,210,-0.0934261,0.00569665,False
rs5752801,79,211,-0.0883795,0.00885584,False
rs5752801,79,212,-0.079162,0.0191345,False
rs5752801,79,213,-0.0792436,0.0189912,False
rs5752801,79,214,-0.0859854,0.0110136,False
rs5752801,79,215,-0.0796059,0.0186273,False
rs5752801,79,216,-0.0774157,0.0221763,False
rs5752801,79,217,-0.0768459,0.0234622,False
rs5752801,79,218,-0.0806321,0.0174992,False
rs5752801,79,219,-0.0832641,0.0143079,False
rs5752801,79,220,-0.0866345,0.0109631,False
rs5752801,79,221,-0.0802575,0.018708,False
rs5752801,79,222,-0.0743764,0.0298155,False
rs5752801,79,223,-0.0852975,0.013044,False
rs5752801,79,224,-0.0902128,0.00884667,False
rs5752801,79,225,-0.093335,0.0070143,False
rs5752801,79,226,-0.0978712,0.00489977,False
rs5752801,79,227,-0.10059,0.00407645,False
rs5752801,79,228,-0.105166,0.00283964,False
rs5752801,79,229,-0.101875,0.0040757,False
rs5752801,79,230,-0.101711,0.00441335,False
rs5752801,79,231,-0.0978578,0.00668739,False
rs5752801,79,232,-0.116982,0.00130976,False
rs5752801,79,233,-0.112742,0.00217033,False
rs5752801,79,234,-0.121523,0.00108154,False
rs5752801,79,235,-0.124416,0.000926696,False
rs5752801,79,236,-0.122294,0.0013066,False
rs5752801,79,237,-0.124082,0.00128421,False
rs5752801,79,238,-0.123502,0.0015632,False
rs5752801,79,239,-0.127276,0.00130662,False
rs5752801,79,240,-0.13468,0.000807923,False
rs5752801,79,241,-0.146662,0.000324468,False
rs5752801,79,242,-0.145611,0.000440937,False
rs5752801,79,243,-0.162217,0.000117501,False
rs5752801,79,244,-0.15049,0.000435309,False
rs5752801,79,245,-0.15493,0.000377518,False
rs5752801,79,246,-0.162293,0.000252668,False
rs5752801,79,247,-0.168538,0.000184114,False
rs5752801,79,248,-0.173338,0.000154828,False
rs5752801,79,249,-0.184676,7.2703e-05,False
rs5752801,79,250,-0.18741,7.33098e-05,False
rs5752801,79,251,-0.179548,0.000179102,False
rs5752801,80,6,-0.0232312,0.395375,False
rs5752801,80,7,-0.0195655,0.471283,False
rs5752801,80,8,-0.0267202,0.31988,False
rs5752801,80,9,-0.0298373,0.262547,False
rs5752801,80,10,-0.0306812,0.245626,False
rs5752801,80,11,-0.031559,0.228818,False
rs5752801,80,12,-0.0248271,0.340964,False
rs5752801,80,13,-0.032936,0.203128,False
rs5752801,80,14,-0.0407486,0.114289,False
rs5752801,80,15,-0.0297287,0.250122,False
rs5752801,80,16,-0.0233075,0.366232,False
rs5752801,80,17,-0.028734,0.265491,False
rs5752801,80,18,-0.0306679,0.234368,False
rs5752801,80,19,-0.0257055,0.320162,False
rs5752801,80,20,-0.0252215,0.32988,False
rs5752801,80,21,-0.0300792,0.244745,False
rs5752801,80,22,-0.0227486,0.382198,False
rs5752801,80,23,-0.0329245,0.206674,False
rs5752801,80,24,-0.0364623,0.163046,False
rs5752801,80,25,-0.0377919,0.150003,False
rs5752801,80,26,-0.032575,0.215919,False
rs5752801,80,27,-0.0325724,0.218704,False
rs5752801,80,28,-0.027208,0.303875,False
rs5752801,80,29,-0.0464736,0.0805024,False
rs5752801,80,30,-0.0350377,0.189836,False
rs5752801,80,31,-0.0379195,0.1573,False
rs5752801,80,32,-0.0383337,0.154579,False
rs5752801,80,33,-0.0447761,0.0979654,False
rs5752801,80,34,-0.0492726,0.0701112,False
rs5752801,80,35,-0.042464,0.119732,False
rs5752801,80,36,-0.0495206,0.0706605,False
rs5752801,80,37,-0.0462977,0.0928324,False
rs5752801,80,38,-0.0543625,0.0497658,False
rs5752801,80,39,-0.0544418,0.0504399,False
rs5752801,80,40,-0.0548299,0.04994,False
rs5752801,80,41,-0.0537643,0.0556579,False
rs5752801,80,42,-0.0622655,0.0275223,False
rs5752801,80,43,-0.0691084,0.0148901,False
rs5752801,80,44,-0.0625201,0.0285799,False
rs5752801,80,45,-0.0543999,0.0581224,False
rs5752801,80,46,-0.0670237,0.0200203,False
rs5752801,80,47,-0.0638902,0.0274565,False
rs5752801,80,48,-0.061657,0.0342399,False
rs5752801,80,49,-0.0711097,0.0152754,False
rs5752801,80,50,-0.0576422,0.0504112,False
rs5752801,80,51,-0.0686506,0.0203932,False
rs5752801,80,52,-0.0675327,0.0231857,False
rs5752801,80,53,-0.0686215,0.0218178,False
rs5752801,80,54,-0.0696033,0.0206053,False
rs5752801,80,55,-0.0726044,0.01628,False
rs5752801,80,56,-0.0664278,0.0287217,False
rs5752801,80,57,-0.0726816,0.0169318,False
rs5752801,80,58,-0.0691493,0.0237292,False
rs5752801,80,59,-0.0670052,0.0290179,False
rs5752801,80,60,-0.0771192,0.0124028,False
rs5752801,80,61,-0.0667346,0.0309752,False
rs5752801,80,62,-0.0701739,0.0236385,False
rs5752801,80,63,-0.069339,0.0260026,False
rs5752801,80,64,-0.0746232,0.0168449,False
rs5752801,80,65,-0.0740964,0.0179775,False
rs5752801,80,66,-0.0700978,0.0254388,False
rs5752801,80,67,-0.0723093,0.0215221,False
rs5752801,80,68,-0.0709551,0.0246472,False
rs5752801,80,69,-0.0764657,0.0154787,False
rs5752801,80,70,-0.0809373,0.0105733,False
rs5752801,80,71,-0.0808469,0.0107446,False
rs5752801,80,72,-0.0706788,0.0259161,False
rs5752801,80,73,-0.0702855,0.0269628,False
rs5752801,80,74,-0.0706696,0.026168,False
rs5752801,80,75,-0.0774557,0.014844,False
rs5752801,80,76,-0.0805207,0.0113978,False
rs5752801,80,77,-0.0785881,0.0135548,False
rs5752801,80,78,-0.0720061,0.0233945,False
rs5752801,80,79,-0.0728803,0.0217055,False
rs5752801,80,80,-0.072175,0.0231065,False
rs5752801,80,81,-0.0798712,0.011816,False
rs5752801,80,82,-0.079839,0.0117641,False
rs5752801,80,83,-0.074059,0.0191898,False
rs5752801,80,84,-0.0682313,0.0307626,False
rs5752801,80,85,-0.0743386,0.0184722,False
rs5752801,80,86,-0.0751062,0.0170583,False
rs5752801,80,87,-0.0814741,0.00959206,False
rs5752801,80,88,-0.0719864,0.0220361,False
rs5752801,80,89,-0.0673837,0.0318564,False
rs5752801,80,90,-0.0720272,0.0215656,False
rs5752801,80,91,-0.0680191,0.0298596,False
rs5752801,80,92,-0.0811077,0.00953615,False
rs5752801,80,93,-0.0686687,0.0277398,False
rs5752801,80,94,-0.0607102,0.0511668,False
rs5752801,80,95,-0.0609814,0.0498497,False
rs5752801,80,96,-0.0635091,0.0410118,False
rs5752801,80,97,-0.062619,0.0437142,False
rs5752801,80,98,-0.0661701,0.0331383,False
rs5752801,80,99,-0.0707408,0.0225694,False
rs5752801,80,100,-0.0724704,0.0194702,False
rs5752801,80,101,-0.0661168,0.0331782,False
rs5752801,80,102,-0.0627852,0.0433188,False
rs5752801,80,103,-0.0637504,0.0403471,False
rs5752801,80,104,-0.0606953,0.0514102,False
rs5752801,80,105,-0.0561331,0.07232,False
rs5752801,80,106,-0.0604132,0.0532381,False
rs5752801,80,107,-0.0638933,0.041754,False
rs5752801,80,108,-0.0708379,0.024404,False
rs5752801,80,109,-0.0703099,0.0260674,False
rs5752801,80,110,-0.0746266,0.0187253,False
rs5752801,80,111,-0.0716402,0.0244983,False
rs5752801,80,112,-0.0645192,0.0438298,False
rs5752801,80,113,-0.0638816,0.0471099,False
rs5752801,80,114,-0.0666288,0.039473,False
rs5752801,80,115,-0.0685576,0.0350332,False
rs5752801,80,116,-0.0680925,0.0373266,False
rs5752801,80,117,-0.0707416,0.0313803,False
rs5752801,80,118,-0.0659701,0.0459228,False
rs5752801,80,119,-0.0762026,0.021973,False
rs5752801,80,120,-0.0747635,0.0254753,False
rs5752801,80,121,-0.0829343,0.0136881,False
rs5752801,80,122,-0.0871187,0.00991552,False
rs5752801,80,123,-0.0748132,0.0274539,False
rs5752801,80,124,-0.0802444,0.0185473,False
rs5752801,80,125,-0.0776359,0.0231692,False
rs5752801,80,126,-0.0849588,0.0133197,False
rs5752801,80,127,-0.0851894,0.0131869,False
rs5752801,80,128,-0.0907461,0.00833118,False
rs5752801,80,129,-0.0905756,0.00844839,False
rs5752801,80,130,-0.0788577,0.021931,False
rs5752801,80,131,-0.0823729,0.0164841,False
rs5752801,80,132,-0.0932806,0.00659657,False
rs5752801,80,133,-0.0944314,0.00582128,False
rs5752801,80,134,-0.0964998,0.00476079,False
rs5752801,80,135,-0.0929653,0.00639305,False
rs5752801,80,136,-0.0885646,0.00916832,False
rs5752801,80,137,-0.0821446,0.0151668,False
rs5752801,80,138,-0.0793126,0.0185429,False
rs5752801,80,139,-0.0818191,0.014799,False
rs5752801,80,140,-0.0843844,0.0116411,False
rs5752801,80,141,-0.0844819,0.0110555,False
rs5752801,80,142,-0.0809139,0.0144626,False
rs5752801,80,143,-0.0761816,0.0207941,False
rs5752801,80,144,-0.0749744,0.0224638,False
rs5752801,80,145,-0.073123,0.0256203,False
rs5752801,80,146,-0.0687692,0.0348425,False
rs5752801,80,147,-0.0768626,0.0177971,False
rs5752801,80,148,-0.0760894,0.0187198,False
rs5752801,80,149,-0.067128,0.0379882,False
rs5752801,80,150,-0.0738619,0.0220593,False
rs5752801,80,151,-0.0754212,0.0192623,False
rs5752801,80,152,-0.0801539,0.01282,False
rs5752801,80,153,-0.0745137,0.0204347,False
rs5752801,80,154,-0.0794441,0.0135686,False
rs5752801,80,155,-0.0749613,0.0200211,False
rs5752801,80,156,-0.071472,0.0266424,False
rs5752801,80,157,-0.0786902,0.0147331,False
rs5752801,80,158,-0.0703588,0.0295521,False
rs5752801,80,159,-0.0720871,0.0261947,False
rs5752801,80,160,-0.069216,0.0330382,False
rs5752801,80,161,-0.0720733,0.0268506,False
rs5752801,80,162,-0.0714307,0.0286361,False
rs5752801,80,163,-0.0648303,0.0477825,False
rs5752801,80,164,-0.0655893,0.0461076,False
rs5752801,80,165,-0.059556,0.07111,False
rs5752801,80,166,-0.0732337,0.0267975,False
rs5752801,80,167,-0.0771523,0.0198362,False
rs5752801,80,168,-0.0763182,0.0216168,False
rs5752801,80,169,-0.0684927,0.040365,False
rs5752801,80,170,-0.0700117,0.0364356,False
rs5752801,80,171,-0.0676771,0.0436459,False
rs5752801,80,172,-0.0675007,0.0450982,False
rs5752801,80,173,-0.0774605,0.0220141,False
rs5752801,80,174,-0.0785361,0.0205945,False
rs5752801,80,175,-0.0877371,0.00990368,False
rs5752801,80,176,-0.083945,0.0137959,False
rs5752801,80,177,-0.0911423,0.0076613,False
rs5752801,80,178,-0.0874839,0.0106476,False
rs5752801,80,179,-0.0761804,0.0265988,False
rs5752801,80,180,-0.0893122,0.00948599,False
rs5752801,80,181,-0.0974856,0.0046735,False
rs5752801,80,182,-0.0904507,0.00872987,False
rs5752801,80,183,-0.0801521,0.020485,False
rs5752801,80,184,-0.0788338,0.0226162,False
rs5752801,80,185,-0.0835317,0.015679,False
rs5752801,80,186,-0.0840747,0.0151197,False
rs5752801,80,187,-0.0825536,0.0170542,False
rs5752801,80,188,-0.0812903,0.0187149,False
rs5752801,80,189,-0.0928174,0.00723383,False
rs5752801,80,190,-0.0858298,0.0130195,False
rs5752801,80,191,-0.0832891,0.0159047,False
rs5752801,80,192,-0.0814311,0.0182963,False
rs5752801,80,193,-0.0757703,0.0280375,False
rs5752801,80,194,-0.0765576,0.0262064,False
rs5752801,80,195,-0.0747542,0.0297107,False
rs5752801,80,196,-0.0759311,0.0270559,False
rs5752801,80,197,-0.085568,0.0126425,False
rs5752801,80,198,-0.0853519,0.0127586,False
rs5752801,80,199,-0.075038,0.0284112,False
rs5752801,80,200,-0.0711541,0.0375857,False
rs5752801,80,201,-0.0743873,0.029198,False
rs5752801,80,202,-0.0852413,0.0125505,False
rs5752801,80,203,-0.0881781,0.00972035,False
rs5752801,80,204,-0.0786402,0.0208861,False
rs5752801,80,205,-0.0840146,0.0134014,False
rs5752801,80,206,-0.0891842,0.00855562,False
rs5752801,80,207,-0.0851469,0.012008,False
rs5752801,80,208,-0.0801319,0.0181307,False
rs5752801,80,209,-0.078283,0.0206246,False
rs5752801,80,210,-0.082285,0.014965,False
rs5752801,80,211,-0.0882994,0.00917562,False
rs5752801,80,212,-0.0869649,0.010211,False
rs5752801,80,213,-0.0916766,0.00675192,False
rs5752801,80,214,-0.0958242,0.00465562,False
rs5752801,80,215,-0.0863989,0.0108725,False
rs5752801,80,216,-0.0861907,0.0111,False
rs5752801,80,217,-0.0811771,0.0167799,False
rs5752801,80,218,-0.0837198,0.0137457,False
rs5752801,80,219,-0.0858586,0.011752,False
rs5752801,80,220,-0.0859748,0.011871,False
rs5752801,80,221,-0.0854834,0.0126138,False
rs5752801,80,222,-0.0880528,0.0103568,False
rs5752801,80,223,-0.0958281,0.00542805,False
rs5752801,80,224,-0.0983567,0.00449732,False
rs5752801,80,225,-0.0972041,0.00519876,False
rs5752801,80,226,-0.100981,0.00388693,False
rs5752801,80,227,-0.104676,0.00290646,False
rs5752801,80,228,-0.096487,0.00649932,False
rs5752801,80,229,-0.105621,0.00313739,False
rs5752801,80,230,-0.113575,0.00162167,False
rs5752801,80,231,-0.112581,0.00196724,False
rs5752801,80,232,-0.116966,0.00145456,False
rs5752801,80,233,-0.114621,0.00202176,False
rs5752801,80,234,-0.112735,0.00264272,False
rs5752801,80,235,-0.110011,0.0037462,False
rs5752801,80,236,-0.121822,0.00154138,False
rs5752801,80,237,-0.131541,0.000738224,False
rs5752801,80,238,-0.132987,0.000766511,False
rs5752801,80,239,-0.13086,0.00109136,False
rs5752801,80,240,-0.137002,0.000747521,False
rs5752801,80,241,-0.156827,0.000143781,False
rs5752801,80,242,-0.146496,0.000467515,False
rs5752801,80,243,-0.148342,0.000483916,False
rs5752801,80,244,-0.147042,0.000669556,False
rs5752801,80,245,-0.152233,0.000532416,False
rs5752801,80,246,-0.167639,0.000173134,False
rs5752801,80,247,-0.160862,0.00039522,False
rs5752801,80,248,-0.164757,0.000352005,False
rs5752801,80,249,-0.172381,0.000233936,False
rs5752801,80,250,-0.176968,0.000197683,False
rs5752801,80,251,-0.171123,0.000382454,False
rs5752801,81,6,-0.0295204,0.280066,False
rs5752801,81,7,-0.040667,0.133438,False
rs5752801,81,8,-0.0386237,0.151579,False
rs5752801,81,9,-0.0244414,0.360872,False
rs5752801,81,10,-0.0321601,0.225603,False
rs5752801,81,11,-0.0316362,0.230473,False
rs5752801,81,12,-0.0408043,0.120813,False
rs5752801,81,13,-0.0325357,0.21336,False
rs5752801,81,14,-0.0389467,0.134874,False
rs5752801,81,15,-0.0280519,0.279759,False
rs5752801,81,16,-0.0315874,0.223698,False
rs5752801,81,17,-0.0348115,0.179227,False
rs5752801,81,18,-0.0289168,0.264961,False
rs5752801,81,19,-0.0351373,0.176093,False
rs5752801,81,20,-0.0382053,0.14192,False
rs5752801,81,21,-0.0344308,0.185997,False
rs5752801,81,22,-0.0345882,0.185836,False
rs5752801,81,23,-0.0254272,0.331776,False
rs5752801,81,24,-0.0368419,0.161285,False
rs5752801,81,25,-0.0399778,0.128112,False
rs5752801,81,26,-0.0376205,0.153988,False
rs5752801,81,27,-0.0283974,0.283099,False
rs5752801,81,28,-0.0385135,0.146512,False
rs5752801,81,29,-0.032425,0.223021,False
rs5752801,81,30,-0.0250251,0.349097,False
rs5752801,81,31,-0.033789,0.207249,False
rs5752801,81,32,-0.0312474,0.245311,False
rs5752801,81,33,-0.0299857,0.267398,False
rs5752801,81,34,-0.0429461,0.113709,False
rs5752801,81,35,-0.0309723,0.256383,False
rs5752801,81,36,-0.0372613,0.173945,False
rs5752801,81,37,-0.0416775,0.129887,False
rs5752801,81,38,-0.0414621,0.133406,False
rs5752801,81,39,-0.0464987,0.0937689,False
rs5752801,81,40,-0.0552494,0.0474948,False
rs5752801,81,41,-0.0500461,0.0740559,False
rs5752801,81,42,-0.0542882,0.0537661,False
rs5752801,81,43,-0.0530567,0.0608892,False
rs5752801,81,44,-0.0528281,0.0635374,False
rs5752801,81,45,-0.0596211,0.0374464,False
rs5752801,81,46,-0.0589301,0.0406165,False
rs5752801,81,47,-0.0500809,0.0836122,False
rs5752801,81,48,-0.0606615,0.0369695,False
rs5752801,81,49,-0.0571252,0.0505575,False
rs5752801,81,50,-0.0602429,0.0402459,False
rs5752801,81,51,-0.0584231,0.0478666,False
rs5752801,81,52,-0.062894,0.0340832,False
rs5752801,81,53,-0.0701199,0.0184074,False
rs5752801,81,54,-0.0627531,0.0359804,False
rs5752801,81,55,-0.061456,0.0409587,False
rs5752801,81,56,-0.0637561,0.0347021,False
rs5752801,81,57,-0.0483319,0.111357,False
rs5752801,81,58,-0.0564356,0.0641628,False
rs5752801,81,59,-0.0570731,0.0622513,False
rs5752801,81,60,-0.0601878,0.050309,False
rs5752801,81,61,-0.0544995,0.07787,False
rs5752801,81,62,-0.0506334,0.1022,False
rs5752801,81,63,-0.0620085,0.0463148,False
rs5752801,81,64,-0.0590985,0.0583822,False
rs5752801,81,65,-0.0701706,0.0250207,False
rs5752801,81,66,-0.0674921,0.0317549,False
rs5752801,81,67,-0.0644799,0.0404863,False
rs5752801,81,68,-0.0776677,0.0140612,False
rs5752801,81,69,-0.0686805,0.0302014,False
rs5752801,81,70,-0.0631807,0.0465079,False
rs5752801,81,71,-0.0686567,0.0309475,False
rs5752801,81,72,-0.0680412,0.0328974,False
rs5752801,81,73,-0.0652333,0.041225,False
rs5752801,81,74,-0.0695378,0.029591,False
rs5752801,81,75,-0.0699211,0.0288271,False
rs5752801,81,76,-0.0706938,0.0273527,False
rs5752801,81,77,-0.0703194,0.028436,False
rs5752801,81,78,-0.0685477,0.0324963,False
rs5752801,81,79,-0.0698752,0.029038,False
rs5752801,81,80,-0.0680922,0.0332232,False
rs5752801,81,81,-0.0616437,0.0540594,False
rs5752801,81,82,-0.0673767,0.0352415,False
rs5752801,81,83,-0.0732011,0.0218744,False
rs5752801,81,84,-0.0723578,0.0231295,False
rs5752801,81,85,-0.0696106,0.0288661,False
rs5752801,81,86,-0.0678605,0.0328602,False
rs5752801,81,87,-0.0604322,0.0569276,False
rs5752801,81,88,-0.0653053,0.0393829,False
rs5752801,81,89,-0.0702848,0.0263007,False
rs5752801,81,90,-0.0653678,0.03819,False
rs5752801,81,91,-0.0668577,0.0339342,False
rs5752801,81,92,-0.0638805,0.0425349,False
rs5752801,81,93,-0.0559033,0.0750531,False
rs5752801,81,94,-0.05996,0.056477,False
rs5752801,81,95,-0.0626576,0.0459729,False
rs5752801,81,96,-0.0548324,0.0802568,False
rs5752801,81,97,-0.0500424,0.110222,False
rs5752801,81,98,-0.0443688,0.155582,False
rs5752801,81,99,-0.0590878,0.0588894,False
rs5752801,81,100,-0.0562467,0.0717778,False
rs5752801,81,101,-0.0681573,0.0290983,False
rs5752801,81,102,-0.0675168,0.0305812,False
rs5752801,81,103,-0.0662542,0.0342317,False
rs5752801,81,104,-0.0615768,0.0490795,False
rs5752801,81,105,-0.0513072,0.10171,False
rs5752801,81,106,-0.0676317,0.0313592,False
rs5752801,81,107,-0.0681487,0.0300962,False
rs5752801,81,108,-0.0608069,0.0538357,False
rs5752801,81,109,-0.0601944,0.057106,False
rs5752801,81,110,-0.0537499,0.090322,False
rs5752801,81,111,-0.0558936,0.0790129,False
rs5752801,81,112,-0.0652459,0.0412464,False
rs5752801,81,113,-0.0657901,0.0404172,False
rs5752801,81,114,-0.0709414,0.0277056,False
rs5752801,81,115,-0.0659315,0.0414616,False
rs5752801,81,116,-0.0664009,0.0409761,False
rs5752801,81,117,-0.0669455,0.0405589,False
rs5752801,81,118,-0.0733529,0.0255025,False
rs5752801,81,119,-0.0721371,0.0290007,False
rs5752801,81,120,-0.073658,0.0262161,False
rs5752801,81,121,-0.0731878,0.0279026,False
rs5752801,81,122,-0.0702656,0.0353651,False
rs5752801,81,123,-0.0743455,0.0267629,False
rs5752801,81,124,-0.0726268,0.0311663,False
rs5752801,81,125,-0.0682461,0.0433048,False
rs5752801,81,126,-0.0805227,0.0173756,False
rs5752801,81,127,-0.0840722,0.0132324,False
rs5752801,81,128,-0.0789297,0.0200989,False
rs5752801,81,129,-0.0726429,0.032547,False
rs5752801,81,130,-0.0818888,0.01591,False
rs5752801,81,131,-0.085252,0.012043,False
rs5752801,81,132,-0.0852238,0.0119022,False
rs5752801,81,133,-0.0859149,0.0110467,False
rs5752801,81,134,-0.0804396,0.0171642,False
rs5752801,81,135,-0.0853465,0.0112283,False
rs5752801,81,136,-0.0798136,0.017514,False
rs5752801,81,137,-0.083868,0.0120871,False
rs5752801,81,138,-0.0822247,0.0135827,False
rs5752801,81,139,-0.0697323,0.0357247,False
rs5752801,81,140,-0.0683176,0.0389331,False
rs5752801,81,141,-0.0741091,0.0245223,False
rs5752801,81,142,-0.0654618,0.0463088,False
rs5752801,81,143,-0.0637502,0.0516562,False
rs5752801,81,144,-0.0634564,0.0521956,False
rs5752801,81,145,-0.0750307,0.0213032,False
rs5752801,81,146,-0.071639,0.0273541,False
rs5752801,81,147,-0.0669645,0.0390527,False
rs5752801,81,148,-0.0651457,0.0441865,False
rs5752801,81,149,-0.06974,0.0311281,False
rs5752801,81,150,-0.0669642,0.038121,False
rs5752801,81,151,-0.0708398,0.0281252,False
rs5752801,81,152,-0.0658584,0.0412673,False
rs5752801,81,153,-0.0665766,0.0391139,False
rs5752801,81,154,-0.073228,0.0232841,False
rs5752801,81,155,-0.0699937,0.0304289,False
rs5752801,81,156,-0.063914,0.0485776,False
rs5752801,81,157,-0.0576601,0.0756839,False
rs5752801,81,158,-0.0686914,0.0348183,False
rs5752801,81,159,-0.0739759,0.0234367,False
rs5752801,81,160,-0.0792498,0.0154498,False
rs5752801,81,161,-0.0734122,0.0251794,False
rs5752801,81,162,-0.066724,0.0424609,False
rs5752801,81,163,-0.0730043,0.0270226,False
rs5752801,81,164,-0.0709674,0.0321466,False
rs5752801,81,165,-0.0603471,0.0693216,False
rs5752801,81,166,-0.0634849,0.0570309,False
rs5752801,81,167,-0.0604258,0.0706794,False
rs5752801,81,168,-0.0680409,0.0424919,False
rs5752801,81,169,-0.0700906,0.0371791,False
rs5752801,81,170,-0.0744933,0.0275997,False
rs5752801,81,171,-0.0729417,0.0313957,False
rs5752801,81,172,-0.0805596,0.0178215,False
rs5752801,81,173,-0.0817456,0.0165369,False
rs5752801,81,174,-0.0804988,0.0185982,False
rs5752801,81,175,-0.0701847,0.0405504,False
rs5752801,81,176,-0.0758924,0.0270854,False
rs5752801,81,177,-0.0737284,0.0321973,False
rs5752801,81,178,-0.0735339,0.0329633,False
rs5752801,81,179,-0.0796896,0.0211102,False
rs5752801,81,180,-0.0786158,0.0230543,False
rs5752801,81,181,-0.0802402,0.0205525,False
rs5752801,81,182,-0.0818224,0.0182367,False
rs5752801,81,183,-0.0803021,0.0205806,False
rs5752801,81,184,-0.0799666,0.0212078,False
rs5752801,81,185,-0.0822239,0.0178278,False
rs5752801,81,186,-0.0868093,0.0124559,False
rs5752801,81,187,-0.0793716,0.0223059,False
rs5752801,81,188,-0.0759013,0.0288582,False
rs5752801,81,189,-0.0743276,0.0322047,False
rs5752801,81,190,-0.0789275,0.0227824,False
rs5752801,81,191,-0.0838208,0.0153833,False
rs5752801,81,192,-0.0743696,0.0316146,False
rs5752801,81,193,-0.0767253,0.026271,False
rs5752801,81,194,-0.0761104,0.0274586,False
rs5752801,81,195,-0.0714105,0.0381973,False
rs5752801,81,196,-0.071156,0.0386159,False
rs5752801,81,197,-0.0713856,0.0376578,False
rs5752801,81,198,-0.0787813,0.0215713,False
rs5752801,81,199,-0.0723953,0.0344536,False
rs5752801,81,200,-0.0742297,0.0300262,False
rs5752801,81,201,-0.0856715,0.0120628,False
rs5752801,81,202,-0.0760233,0.0256111,False
rs5752801,81,203,-0.070606,0.0380419,False
rs5752801,81,204,-0.069602,0.0406152,False
rs5752801,81,205,-0.0755214,0.0261272,False
rs5752801,81,206,-0.0774775,0.0224045,False
rs5752801,81,207,-0.0815815,0.0160243,False
rs5752801,81,208,-0.0794269,0.0189154,False
rs5752801,81,209,-0.0791496,0.0193052,False
rs5752801,81,210,-0.0876331,0.00948676,False
rs5752801,81,211,-0.083085,0.0139512,False
rs5752801,81,212,-0.090923,0.00712695,False
rs5752801,81,213,-0.086784,0.0102378,False
rs5752801,81,214,-0.0902281,0.0076305,False
rs5752801,81,215,-0.0883591,0.00904437,False
rs5752801,81,216,-0.0780124,0.0211088,False
rs5752801,81,217,-0.0827214,0.0147993,False
rs5752801,81,218,-0.0934277,0.00607475,False
rs5752801,81,219,-0.0869276,0.0107757,False
rs5752801,81,220,-0.0904012,0.00822634,False
rs5752801,81,221,-0.088067,0.0102105,False
rs5752801,81,222,-0.0901932,0.00882319,False
rs5752801,81,223,-0.0894113,0.00975192,False
rs5752801,81,224,-0.0896628,0.00991337,False
rs5752801,81,225,-0.102358,0.00340715,False
rs5752801,81,226,-0.102825,0.00341566,False
rs5752801,81,227,-0.108537,0.00214546,False
rs5752801,81,228,-0.106568,0.00278453,False
rs5752801,81,229,-0.112674,0.00172253,False
rs5752801,81,230,-0.102279,0.00473728,False
rs5752801,81,231,-0.104902,0.00413737,False
rs5752801,81,232,-0.0980421,0.00793966,False
rs5752801,81,233,-0.108182,0.00377735,False
rs5752801,81,234,-0.105145,0.005391,False
rs5752801,81,235,-0.11521,0.0025663,False
rs5752801,81,236,-0.119701,0.00198586,False
rs5752801,81,237,-0.11839,0.00259399,False
rs5752801,81,238,-0.125597,0.00162025,False
rs5752801,81,239,-0.112708,0.00526255,False
rs5752801,81,240,-0.125299,0.00222357,False
rs5752801,81,241,-0.12212,0.00330149,False
rs5752801,81,242,-0.120945,0.00416356,False
rs5752801,81,243,-0.12214,0.00437942,False
rs5752801,81,244,-0.122346,0.00499066,False
rs5752801,81,245,-0.133465,0.0025712,False
rs5752801,81,246,-0.132057,0.00331219,False
rs5752801,81,247,-0.130169,0.00438275,False
rs5752801,81,248,-0.127046,0.00623818,False
rs5752801,81,249,-0.139491,0.00306388,False
rs5752801,81,250,-0.129263,0.00683071,False
rs5752801,81,251,-0.132714,0.00605182,False
rs5752801,82,6,-0.0158208,0.562174,False
rs5752801,82,7,-0.00924475,0.732681,False
rs5752801,82,8,-0.0161222,0.547225,False
rs5752801,82,9,-0.00906426,0.732563,False
rs5752801,82,10,-0.0160455,0.542374,False
rs5752801,82,11,-0.0241246,0.355987,False
rs5752801,82,12,-0.0191192,0.461941,False
rs5752801,82,13,-0.0183023,0.479903,False
rs5752801,82,14,-0.032566,0.206665,False
rs5752801,82,15,-0.0270158,0.2949,False
rs5752801,82,16,-0.0251542,0.328922,False
rs5752801,82,17,-0.0330641,0.198879,False
rs5752801,82,18,-0.0355752,0.166801,False
rs5752801,82,19,-0.0282756,0.273055,False
rs5752801,82,20,-0.017762,0.492213,False
rs5752801,82,21,-0.042258,0.102709,False
rs5752801,82,22,-0.0318328,0.220781,False
rs5752801,82,23,-0.0329567,0.206063,False
rs5752801,82,24,-0.0329518,0.206924,False
rs5752801,82,25,-0.0355475,0.174165,False
rs5752801,82,26,-0.0326053,0.21395,False
rs5752801,82,27,-0.0397666,0.131154,False
rs5752801,82,28,-0.0306626,0.245253,False
rs5752801,82,29,-0.0368827,0.163961,False
rs5752801,82,30,-0.0296749,0.264949,False
rs5752801,82,31,-0.0363991,0.172617,False
rs5752801,82,32,-0.0293897,0.272158,False
rs5752801,82,33,-0.0286681,0.286171,False
rs5752801,82,34,-0.0368431,0.17282,False
rs5752801,82,35,-0.0343388,0.205371,False
rs5752801,82,36,-0.0400511,0.142088,False
rs5752801,82,37,-0.045617,0.0959929,False
rs5752801,82,38,-0.0490215,0.0750115,False
rs5752801,82,39,-0.0486408,0.0774448,False
rs5752801,82,40,-0.0437633,0.11448,False
rs5752801,82,41,-0.0549559,0.0489714,False
rs5752801,82,42,-0.048527,0.0832923,False
rs5752801,82,43,-0.0604958,0.0316172,False
rs5752801,82,44,-0.0606368,0.0321028,False
rs5752801,82,45,-0.0614872,0.0306384,False
rs5752801,82,46,-0.066089,0.0206007,False
rs5752801,82,47,-0.0737843,0.0102069,False
rs5752801,82,48,-0.0712711,0.0135968,False
rs5752801,82,49,-0.0703149,0.0156117,False
rs5752801,82,50,-0.0722469,0.0133634,False
rs5752801,82,51,-0.0675445,0.0213456,False
rs5752801,82,52,-0.0710167,0.0160966,False
rs5752801,82,53,-0.0638622,0.0315038,False
rs5752801,82,54,-0.075766,0.0110095,False
rs5752801,82,55,-0.0780149,0.00914317,False
rs5752801,82,56,-0.0677006,0.0247857,False
rs5752801,82,57,-0.0687707,0.0231273,False
rs5752801,82,58,-0.0729705,0.0163383,False
rs5752801,82,59,-0.0729149,0.0169708,False
rs5752801,82,60,-0.0795028,0.00955604,False
rs5752801,82,61,-0.0674551,0.0283043,False
rs5752801,82,62,-0.0736934,0.0170694,False
rs5752801,82,63,-0.070709,0.0225169,False
rs5752801,82,64,-0.06754,0.0301411,False
rs5752801,82,65,-0.0714798,0.0222323,False
rs5752801,82,66,-0.068028,0.0300722,False
rs5752801,82,67,-0.0667411,0.0340231,False
rs5752801,82,68,-0.0691017,0.0285528,False
rs5752801,82,69,-0.0669838,0.0342287,False
rs5752801,82,70,-0.068568,0.0306921,False
rs5752801,82,71,-0.0658091,0.0384185,False
rs5752801,82,72,-0.0717647,0.0244766,False
rs5752801,82,73,-0.0608787,0.0567592,False
rs5752801,82,74,-0.0621298,0.0522138,False
rs5752801,82,75,-0.0699094,0.0291762,False
rs5752801,82,76,-0.0657599,0.0404571,False
rs5752801,82,77,-0.0693127,0.0310169,False
rs5752801,82,78,-0.0652144,0.0425456,False
rs5752801,82,79,-0.0739016,0.021602,False
rs5752801,82,80,-0.0793699,0.0135179,False
rs5752801,82,81,-0.0654362,0.0415681,False
rs5752801,82,82,-0.0689055,0.0321804,False
rs5752801,82,83,-0.0692655,0.0309393,False
rs5752801,82,84,-0.0607864,0.0579222,False
rs5752801,82,85,-0.0780137,0.0147735,False
rs5752801,82,86,-0.0674622,0.0345818,False
rs5752801,82,87,-0.0566011,0.075821,False
rs5752801,82,88,-0.0685356,0.031542,False
rs5752801,82,89,-0.0745502,0.0189859,False
rs5752801,82,90,-0.0739935,0.0199814,False
rs5752801,82,91,-0.0637733,0.0448399,False
rs5752801,82,92,-0.0627654,0.0479123,False
rs5752801,82,93,-0.0528031,0.0957467,False
rs5752801,82,94,-0.0734824,0.0201225,False
rs5752801,82,95,-0.0727328,0.0212027,False
rs5752801,82,96,-0.0793424,0.0118618,False
rs5752801,82,97,-0.0763915,0.0152763,False
rs5752801,82,98,-0.0666844,0.0342626,False
rs5752801,82,99,-0.0566031,0.0721209,False
rs5752801,82,100,-0.0656985,0.0367841,False
rs5752801,82,101,-0.0652425,0.0378245,False
rs5752801,82,102,-0.0608465,0.0527125,False
rs5752801,82,103,-0.0635442,0.0431236,False
rs5752801,82,104,-0.0701165,0.0257027,False
rs5752801,82,105,-0.0614866,0.0506285,False
rs5752801,82,106,-0.061465,0.0508297,False
rs5752801,82,107,-0.0569712,0.0707083,False
rs5752801,82,108,-0.0535991,0.0898036,False
rs5752801,82,109,-0.0677184,0.032425,False
rs5752801,82,110,-0.0678644,0.032288,False
rs5752801,82,111,-0.06427,0.0435711,False
rs5752801,82,112,-0.0627025,0.0497356,False
rs5752801,82,113,-0.0642405,0.0453014,False
rs5752801,82,114,-0.0559608,0.0819471,False
rs5752801,82,115,-0.0552414,0.0869602,False
rs5752801,82,116,-0.0647455,0.0455609,False
rs5752801,82,117,-0.0696177,0.0323181,False
rs5752801,82,118,-0.0570212,0.0807981,False
rs5752801,82,119,-0.0638217,0.0514625,False
rs5752801,82,120,-0.0628225,0.0562406,False
rs5752801,82,121,-0.0647522,0.0499693,False
rs5752801,82,122,-0.0672542,0.0427275,False
rs5752801,82,123,-0.0680202,0.0408589,False
rs5752801,82,124,-0.0683859,0.040381,False
rs5752801,82,125,-0.0743154,0.0262958,False
rs5752801,82,126,-0.0660911,0.0486876,False
rs5752801,82,127,-0.0678069,0.0431163,False
rs5752801,82,128,-0.0625388,0.0624426,False
rs5752801,82,129,-0.0691411,0.0397078,False
rs5752801,82,130,-0.0714539,0.0335921,False
rs5752801,82,131,-0.0709412,0.034786,False
rs5752801,82,132,-0.073087,0.0293368,False
rs5752801,82,133,-0.0794652,0.0177744,False
rs5752801,82,134,-0.0779644,0.0197766,False
rs5752801,82,135,-0.0785354,0.0185231,False
rs5752801,82,136,-0.0709262,0.0329148,False
rs5752801,82,137,-0.0702598,0.0341007,False
rs5752801,82,138,-0.0815995,0.0136583,False
rs5752801,82,139,-0.0739963,0.0250335,False
rs5752801,82,140,-0.0680363,0.0388431,False
rs5752801,82,141,-0.075451,0.0217661,False
rs5752801,82,142,-0.0743674,0.0232213,False
rs5752801,82,143,-0.0634433,0.0521679,False
rs5752801,82,144,-0.0712822,0.0288232,False
rs5752801,82,145,-0.0791879,0.0149853,False
rs5752801,82,146,-0.0772074,0.0176282,False
rs5752801,82,147,-0.0714277,0.0279781,False
rs5752801,82,148,-0.0721188,0.0262556,False
rs5752801,82,149,-0.0690791,0.0332474,False
rs5752801,82,150,-0.0717755,0.0268277,False
rs5752801,82,151,-0.074095,0.0224938,False
rs5752801,82,152,-0.0641316,0.0484485,False
rs5752801,82,153,-0.0673571,0.0384381,False
rs5752801,82,154,-0.061601,0.0587529,False
rs5752801,82,155,-0.059855,0.0665375,False
rs5752801,82,156,-0.0650634,0.0461482,False
rs5752801,82,157,-0.063772,0.0515879,False
rs5752801,82,158,-0.0664329,0.0429918,False
rs5752801,82,159,-0.0626411,0.0567391,False
rs5752801,82,160,-0.0553211,0.0935082,False
rs5752801,82,161,-0.0570878,0.0846352,False
rs5752801,82,162,-0.0684149,0.039262,False
rs5752801,82,163,-0.0683021,0.0402149,False
rs5752801,82,164,-0.0748127,0.0251099,False
rs5752801,82,165,-0.071406,0.0331102,False
rs5752801,82,166,-0.0808359,0.0162557,False
rs5752801,82,167,-0.0750806,0.0260839,False
rs5752801,82,168,-0.0766567,0.0235186,False
rs5752801,82,169,-0.077894,0.021839,False
rs5752801,82,170,-0.0672394,0.0483664,False
rs5752801,82,171,-0.0721945,0.0343056,False
rs5752801,82,172,-0.0736528,0.0313834,False
rs5752801,82,173,-0.0719207,0.0359705,False
rs5752801,82,174,-0.0771907,0.0247375,False
rs5752801,82,175,-0.0774613,0.024573,False
rs5752801,82,176,-0.0779218,0.0240962,False
rs5752801,82,177,-0.0851935,0.0139089,False
rs5752801,82,178,-0.0723414,0.0367044,False
rs5752801,82,179,-0.0776929,0.0252774,False
rs5752801,82,180,-0.0724929,0.0370906,False
rs5752801,82,181,-0.0813622,0.0194296,False
rs5752801,82,182,-0.0839273,0.0160328,False
rs5752801,82,183,-0.0768455,0.0275655,False
rs5752801,82,184,-0.074562,0.0325049,False
rs5752801,82,185,-0.0805167,0.0208411,False
rs5752801,82,186,-0.0824174,0.0180727,False
rs5752801,82,187,-0.0724968,0.0374423,False
rs5752801,82,188,-0.0655265,0.0597888,False
rs5752801,82,189,-0.0677385,0.0517296,False
rs5752801,82,190,-0.0673222,0.0525815,False
rs5752801,82,191,-0.0739129,0.0331963,False
rs5752801,82,192,-0.0686489,0.0476526,False
rs5752801,82,193,-0.07296,0.0349673,False
rs5752801,82,194,-0.0652236,0.0593209,False
rs5752801,82,195,-0.084022,0.0148951,False
rs5752801,82,196,-0.0772513,0.0248791,False
rs5752801,82,197,-0.0805573,0.0192059,False
rs5752801,82,198,-0.0841656,0.0141989,False
rs5752801,82,199,-0.0819781,0.0167592,False
rs5752801,82,200,-0.0773989,0.0235308,False
rs5752801,82,201,-0.0763469,0.0255418,False
rs5752801,82,202,-0.0829669,0.0150421,False
rs5752801,82,203,-0.0805849,0.0179329,False
rs5752801,82,204,-0.0739716,0.0295897,False
rs5752801,82,205,-0.0735663,0.0303118,False
rs5752801,82,206,-0.0739054,0.0294584,False
rs5752801,82,207,-0.0743905,0.0282013,False
rs5752801,82,208,-0.0808674,0.0168356,False
rs5752801,82,209,-0.0800221,0.0179659,False
rs5752801,82,210,-0.0808851,0.0168213,False
rs5752801,82,211,-0.0805258,0.0173452,False
rs5752801,82,212,-0.0858077,0.0111764,False
rs5752801,82,213,-0.0834429,0.0136872,False
rs5752801,82,214,-0.0882097,0.00918219,False
rs5752801,82,215,-0.0933782,0.00589098,False
rs5752801,82,216,-0.0989463,0.00357336,False
rs5752801,82,217,-0.0928718,0.00638055,False
rs5752801,82,218,-0.0902802,0.00813578,False
rs5752801,82,219,-0.0943089,0.00577404,False
rs5752801,82,220,-0.103599,0.00251805,False
rs5752801,82,221,-0.09394,0.00634748,False
rs5752801,82,222,-0.0984688,0.00435999,False
rs5752801,82,223,-0.0985583,0.0045495,False
rs5752801,82,224,-0.10209,0.00348434,False
rs5752801,82,225,-0.103221,0.00332463,False
rs5752801,82,226,-0.108771,0.00213351,False
rs5752801,82,227,-0.111005,0.00185637,False
rs5752801,82,228,-0.115204,0.0013723,False
rs5752801,82,229,-0.114244,0.00163268,False
rs5752801,82,230,-0.120857,0.000945035,False
rs5752801,82,231,-0.110544,0.0027802,False
rs5752801,82,232,-0.117867,0.00161434,False
rs5752801,82,233,-0.115753,0.00219513,False
rs5752801,82,234,-0.119475,0.00176566,False
rs5752801,82,235,-0.125815,0.00115069,False
rs5752801,82,236,-0.132343,0.000723648,False
rs5752801,82,237,-0.12756,0.00130478,False
rs5752801,82,238,-0.134442,0.000828962,False
rs5752801,82,239,-0.134014,0.00103092,False
rs5752801,82,240,-0.149431,0.000304744,False
rs5752801,82,241,-0.146346,0.000483628,False
rs5752801,82,242,-0.146104,0.00060845,False
rs5752801,82,243,-0.152833,0.000411146,False
rs5752801,82,244,-0.155623,0.000396698,False
rs5752801,82,245,-0.157944,0.000405766,False
rs5752801,82,246,-0.159276,0.000438032,False
rs5752801,82,247,-0.168908,0.000246297,False
rs5752801,82,248,-0.162939,0.000495053,False
rs5752801,82,249,-0.167889,0.000393368,False
rs5752801,82,250,-0.164407,0.000623177,False
rs5752801,82,251,-0.17106,0.000442942,False
rs5752801,83,6,-0.031882,0.239612,False
rs5752801,83,7,-0.0372915,0.165074,False
rs5752801,83,8,-0.037583,0.158399,False
rs5752801,83,9,-0.0298818,0.257748,False
rs5752801,83,10,-0.0354444,0.175554,False
rs5752801,83,11,-0.0359147,0.16789,False
rs5752801,83,12,-0.033924,0.19015,False
rs5752801,83,13,-0.038788,0.131625,False
rs5752801,83,14,-0.037392,0.145457,False
rs5752801,83,15,-0.0341924,0.183131,False
rs5752801,83,16,-0.0443227,0.0839574,False
rs5752801,83,17,-0.0319656,0.211533,False
rs5752801,83,18,-0.0355178,0.166066,False
rs5752801,83,19,-0.0490505,0.0556256,False
rs5752801,83,20,-0.0410967,0.110039,False
rs5752801,83,21,-0.0443214,0.0854675,False
rs5752801,83,22,-0.0397312,0.123819,False
rs5752801,83,23,-0.0468914,0.0700575,False
rs5752801,83,24,-0.0409621,0.114613,False
rs5752801,83,25,-0.0306946,0.238321,False
rs5752801,83,26,-0.0338234,0.195751,False
rs5752801,83,27,-0.0383302,0.143319,False
rs5752801,83,28,-0.0271956,0.299896,False
rs5752801,83,29,-0.0376228,0.153261,False
rs5752801,83,30,-0.0401586,0.128808,False
rs5752801,83,31,-0.0398942,0.133751,False
rs5752801,83,32,-0.0368642,0.167666,False
rs5752801,83,33,-0.030382,0.25701,False
rs5752801,83,34,-0.0403841,0.133345,False
rs5752801,83,35,-0.0439437,0.103485,False
rs5752801,83,36,-0.0457587,0.0919286,False
rs5752801,83,37,-0.0474291,0.0814927,False
rs5752801,83,38,-0.0490315,0.0734536,False
rs5752801,83,39,-0.0481223,0.0804819,False
rs5752801,83,40,-0.0504719,0.0671795,False
rs5752801,83,41,-0.0598955,0.030917,False
rs5752801,83,42,-0.0583015,0.0365804,False
rs5752801,83,43,-0.059606,0.0335457,False
rs5752801,83,44,-0.0669709,0.0174876,False
rs5752801,83,45,-0.0677741,0.0168542,False
rs5752801,83,46,-0.0626038,0.0280147,False
rs5752801,83,47,-0.0693037,0.0154932,False
rs5752801,83,48,-0.076038,0.00834744,False
rs5752801,83,49,-0.0660372,0.0227329,False
rs5752801,83,50,-0.0719407,0.0133904,False
rs5752801,83,51,-0.0627534,0.0321149,False
rs5752801,83,52,-0.0719775,0.0146202,False
rs5752801,83,53,-0.0621923,0.0357421,False
rs5752801,83,54,-0.0647158,0.0298867,False
rs5752801,83,55,-0.0758917,0.0112145,False
rs5752801,83,56,-0.065858,0.0282394,False
rs5752801,83,57,-0.0641122,0.0338965,False
rs5752801,83,58,-0.06627,0.0289908,False
rs5752801,83,59,-0.0678203,0.0259075,False
rs5752801,83,60,-0.0607933,0.0470071,False
rs5752801,83,61,-0.0616834,0.0447416,False
rs5752801,83,62,-0.0616697,0.0454909,False
rs5752801,83,63,-0.0590297,0.0567821,False
rs5752801,83,64,-0.0791951,0.0109558,False
rs5752801,83,65,-0.0799982,0.0104555,False
rs5752801,83,66,-0.0775662,0.013331,False
rs5752801,83,67,-0.0671449,0.0326706,False
rs5752801,83,68,-0.0656085,0.0375257,False
rs5752801,83,69,-0.063332,0.0455482,False
rs5752801,83,70,-0.0700379,0.0274434,False
rs5752801,83,71,-0.0628513,0.0484302,False
rs5752801,83,72,-0.0677129,0.0340927,False
rs5752801,83,73,-0.0686152,0.0321407,False
rs5752801,83,74,-0.0729372,0.022929,False
rs5752801,83,75,-0.0655199,0.0415339,False
rs5752801,83,76,-0.0692591,0.031439,False
rs5752801,83,77,-0.066224,0.0397764,False
rs5752801,83,78,-0.0643631,0.0460088,False
rs5752801,83,79,-0.0667955,0.0384959,False
rs5752801,83,80,-0.0681523,0.0350084,False
rs5752801,83,81,-0.0580928,0.072127,False
rs5752801,83,82,-0.0731289,0.0234933,False
rs5752801,83,83,-0.0658942,0.0413068,False
rs5752801,83,84,-0.0731859,0.0234359,False
rs5752801,83,85,-0.0696286,0.0309105,False
rs5752801,83,86,-0.0655091,0.0421713,False
rs5752801,83,87,-0.0588649,0.0672874,False
rs5752801,83,88,-0.0531458,0.0985052,False
rs5752801,83,89,-0.059122,0.0655732,False
rs5752801,83,90,-0.0588255,0.0666096,False
rs5752801,83,91,-0.0549229,0.086188,False
rs5752801,83,92,-0.0534556,0.0942825,False
rs5752801,83,93,-0.0509364,0.110869,False
rs5752801,83,94,-0.0561395,0.0785599,False
rs5752801,83,95,-0.0557336,0.0809602,False
rs5752801,83,96,-0.0567511,0.0745654,False
rs5752801,83,97,-0.0570076,0.0723833,False
rs5752801,83,98,-0.0524152,0.0985131,False
rs5752801,83,99,-0.0597227,0.0593984,False
rs5752801,83,100,-0.0598864,0.0585332,False
rs5752801,83,101,-0.0534926,0.0908931,False
rs5752801,83,102,-0.0560645,0.076323,False
rs5752801,83,103,-0.0560859,0.0762889,False
rs5752801,83,104,-0.0538726,0.0885106,False
rs5752801,83,105,-0.0516198,0.102821,False
rs5752801,83,106,-0.0519942,0.100525,False
rs5752801,83,107,-0.0548019,0.0838296,False
rs5752801,83,108,-0.0574915,0.0702813,False
rs5752801,83,109,-0.0553077,0.0821825,False
rs5752801,83,110,-0.0661634,0.0376632,False
rs5752801,83,111,-0.0554248,0.0819456,False
rs5752801,83,112,-0.0627951,0.0495072,False
rs5752801,83,113,-0.0576068,0.07235,False
rs5752801,83,114,-0.0462686,0.150123,False
rs5752801,83,115,-0.0519168,0.107688,False
rs5752801,83,116,-0.0596789,0.0652629,False
rs5752801,83,117,-0.0623351,0.0547313,False
rs5752801,83,118,-0.0634645,0.0512769,False
rs5752801,83,119,-0.0632764,0.0526828,False
rs5752801,83,120,-0.0706957,0.0311534,False
rs5752801,83,121,-0.0740451,0.0242877,False
rs5752801,83,122,-0.0641358,0.0518678,False
rs5752801,83,123,-0.075632,0.0221179,False
rs5752801,83,124,-0.0694732,0.0360664,False
rs5752801,83,125,-0.0664548,0.0454503,False
rs5752801,83,126,-0.0730965,0.0279058,False
rs5752801,83,127,-0.0752775,0.0238124,False
rs5752801,83,128,-0.069578,0.0369105,False
rs5752801,83,129,-0.0694808,0.0372066,False
rs5752801,83,130,-0.0716237,0.0317648,False
rs5752801,83,131,-0.0641385,0.0545182,False
rs5752801,83,132,-0.0696015,0.0370391,False
rs5752801,83,133,-0.0726726,0.0291437,False
rs5752801,83,134,-0.0709605,0.0328116,False
rs5752801,83,135,-0.0705586,0.033512,False
rs5752801,83,136,-0.0703893,0.0339835,False
rs5752801,83,137,-0.0788538,0.0171691,False
rs5752801,83,138,-0.0842675,0.0107449,False
rs5752801,83,139,-0.0679311,0.0391461,False
rs5752801,83,140,-0.0731021,0.0260054,False
rs5752801,83,141,-0.0769766,0.0190291,False
rs5752801,83,142,-0.0701081,0.0324727,False
rs5752801,83,143,-0.0766395,0.0192102,False
rs5752801,83,144,-0.0789935,0.0157408,False
rs5752801,83,145,-0.0776657,0.0173298,False
rs5752801,83,146,-0.0705623,0.0306457,False
rs5752801,83,147,-0.0671798,0.0397156,False
rs5752801,83,148,-0.0670585,0.0399553,False
rs5752801,83,149,-0.0654162,0.0454254,False
rs5752801,83,150,-0.0683156,0.0367855,False
rs5752801,83,151,-0.0660374,0.0436693,False
rs5752801,83,152,-0.0717971,0.0285431,False
rs5752801,83,153,-0.0634357,0.0532311,False
rs5752801,83,154,-0.0713778,0.0299401,False
rs5752801,83,155,-0.070098,0.0336592,False
rs5752801,83,156,-0.0655913,0.0470117,False
rs5752801,83,157,-0.0666926,0.0438067,False
rs5752801,83,158,-0.0710673,0.0321021,False
rs5752801,83,159,-0.0721771,0.0301062,False
rs5752801,83,160,-0.0718426,0.031389,False
rs5752801,83,161,-0.0720995,0.0311949,False
rs5752801,83,162,-0.0712794,0.0335446,False
rs5752801,83,163,-0.0644933,0.0551715,False
rs5752801,83,164,-0.0594418,0.0782874,False
rs5752801,83,165,-0.0601517,0.0759717,False
rs5752801,83,166,-0.0616229,0.0701794,False
rs5752801,83,167,-0.0636633,0.0621191,False
rs5752801,83,168,-0.0715993,0.0362754,False
rs5752801,83,169,-0.0759025,0.0266057,False
rs5752801,83,170,-0.0689645,0.0448365,False
rs5752801,83,171,-0.06436,0.0616466,False
rs5752801,83,172,-0.0672214,0.0515989,False
rs5752801,83,173,-0.0596382,0.0854042,False
rs5752801,83,174,-0.0720624,0.0378759,False
rs5752801,83,175,-0.0749512,0.0309388,False
rs5752801,83,176,-0.0708892,0.0417071,False
rs5752801,83,177,-0.0643692,0.0648434,False
rs5752801,83,178,-0.0742056,0.0335877,False
rs5752801,83,179,-0.076334,0.0285492,False
rs5752801,83,180,-0.0869057,0.0128687,False
rs5752801,83,181,-0.078638,0.024579,False
rs5752801,83,182,-0.0839519,0.0163785,False
rs5752801,83,183,-0.0806043,0.0212491,False
rs5752801,83,184,-0.0798657,0.0225522,False
rs5752801,83,185,-0.0761739,0.0292304,False
rs5752801,83,186,-0.0747464,0.0320635,False
rs5752801,83,187,-0.0855985,0.0140492,False
rs5752801,83,188,-0.079586,0.0224649,False
rs5752801,83,189,-0.0777658,0.0256083,False
rs5752801,83,190,-0.0735837,0.0342573,False
rs5752801,83,191,-0.0783094,0.0241294,False
rs5752801,83,192,-0.0791167,0.0223562,False
rs5752801,83,193,-0.0713654,0.0391476,False
rs5752801,83,194,-0.071241,0.0392231,False
rs5752801,83,195,-0.0832523,0.01573,False
rs5752801,83,196,-0.0935456,0.00656572,False
rs5752801,83,197,-0.0958801,0.00527534,False
rs5752801,83,198,-0.0848422,0.0134374,False
rs5752801,83,199,-0.0878457,0.0103124,False
rs5752801,83,200,-0.0885777,0.00958745,False
rs5752801,83,201,-0.0882802,0.00975445,False
rs5752801,83,202,-0.0928012,0.00649538,False
rs5752801,83,203,-0.0980042,0.0040164,False
rs5752801,83,204,-0.0908088,0.00753642,False
rs5752801,83,205,-0.0965737,0.00445932,False
rs5752801,83,206,-0.0927334,0.00625377,False
rs5752801,83,207,-0.095928,0.00460956,False
rs5752801,83,208,-0.0823747,0.0150415,False
rs5752801,83,209,-0.0896794,0.00811648,False
rs5752801,83,210,-0.0857385,0.0112992,False
rs5752801,83,211,-0.0935166,0.0057631,False
rs5752801,83,212,-0.0990615,0.00348292,False
rs5752801,83,213,-0.0960673,0.00461779,False
rs5752801,83,214,-0.093034,0.00613438,False
rs5752801,83,215,-0.0963403,0.00463675,False
rs5752801,83,216,-0.0965782,0.00462057,False
rs5752801,83,217,-0.0917319,0.00725265,False
rs5752801,83,218,-0.096337,0.00489883,False
rs5752801,83,219,-0.10635,0.00197203,False
rs5752801,83,220,-0.100671,0.00350729,False
rs5752801,83,221,-0.102228,0.00314593,False
rs5752801,83,222,-0.112427,0.00124365,False
rs5752801,83,223,-0.107789,0.00205908,False
rs5752801,83,224,-0.108681,0.00198431,False
rs5752801,83,225,-0.117128,0.000921198,False
rs5752801,83,226,-0.117772,0.000953281,False
rs5752801,83,227,-0.12092,0.000760743,False
rs5752801,83,228,-0.113466,0.00171599,False
rs5752801,83,229,-0.113553,0.00187464,False
rs5752801,83,230,-0.122993,0.000848926,False
rs5752801,83,231,-0.12078,0.00118038,False
rs5752801,83,232,-0.128758,0.00061388,False
rs5752801,83,233,-0.119145,0.00173791,False
rs5752801,83,234,-0.115845,0.00265866,False
rs5752801,83,235,-0.128141,0.00102151,False
rs5752801,83,236,-0.130747,0.000946538,False
rs5752801,83,237,-0.128837,0.00129993,False
rs5752801,83,238,-0.129717,0.00139836,False
rs5752801,83,239,-0.129804,0.00162221,False
rs5752801,83,240,-0.135396,0.0011811,False
rs5752801,83,241,-0.141066,0.000870913,False
rs5752801,83,242,-0.14796,0.000586297,False
rs5752801,83,243,-0.144187,0.000960444,False
rs5752801,83,244,-0.153883,0.000519424,False
rs5752801,83,245,-0.155355,0.000555434,False
rs5752801,83,246,-0.147683,0.00122085,False
rs5752801,83,247,-0.160517,0.000543208,False
rs5752801,83,248,-0.169436,0.000320311,False
rs5752801,83,249,-0.157575,0.000965328,False
rs5752801,83,250,-0.158347,0.00107704,False
rs5752801,83,251,-0.165835,0.000701404,False
rs5752801,84,7,-0.0338899,0.207839,False
rs5752801,84,8,-0.0349376,0.189942,False
rs5752801,84,9,-0.0318599,0.227835,False
rs5752801,84,10,-0.0314278,0.23055,False
rs5752801,84,11,-0.0221095,0.395338,False
rs5752801,84,12,-0.0287558,0.266845,False
rs5752801,84,13,-0.0243689,0.345608,False
rs5752801,84,14,-0.0242796,0.345736,False
rs5752801,84,15,-0.0286558,0.264545,False
rs5752801,84,16,-0.0365758,0.153311,False
rs5752801,84,17,-0.0219948,0.390185,False
rs5752801,84,18,-0.0319797,0.211928,False
rs5752801,84,19,-0.0431215,0.0925612,False
rs5752801,84,20,-0.0299133,0.243138,False
rs5752801,84,21,-0.0336535,0.190478,False
rs5752801,84,22,-0.0338636,0.188605,False
rs5752801,84,23,-0.0365901,0.155914,False
rs5752801,84,24,-0.0373943,0.148793,False
rs5752801,84,25,-0.0286334,0.269194,False
rs5752801,84,26,-0.0361396,0.164725,False
rs5752801,84,27,-0.0220012,0.399333,False
rs5752801,84,28,-0.0332906,0.204049,False
rs5752801,84,29,-0.0393861,0.133319,False
rs5752801,84,30,-0.0461632,0.0803434,False
rs5752801,84,31,-0.0438997,0.0972275,False
rs5752801,84,32,-0.0437801,0.0989918,False
rs5752801,84,33,-0.0377283,0.156247,False
rs5752801,84,34,-0.0398212,0.136963,False
rs5752801,84,35,-0.042526,0.114091,False
rs5752801,84,36,-0.0364071,0.177818,False
rs5752801,84,37,-0.0393028,0.147268,False
rs5752801,84,38,-0.0387094,0.155561,False
rs5752801,84,39,-0.0482433,0.078046,False
rs5752801,84,40,-0.0548653,0.0461002,False
rs5752801,84,41,-0.0519654,0.05978,False
rs5752801,84,42,-0.0455546,0.100707,False
rs5752801,84,43,-0.0482514,0.0836787,False
rs5752801,84,44,-0.0452287,0.107056,False
rs5752801,84,45,-0.0521882,0.0644588,False
rs5752801,84,46,-0.056583,0.045629,False
rs5752801,84,47,-0.0523638,0.0659837,False
rs5752801,84,48,-0.0565842,0.0476688,False
rs5752801,84,49,-0.0551311,0.0548643,False
rs5752801,84,50,-0.0627635,0.029835,False
rs5752801,84,51,-0.0588517,0.0429557,False
rs5752801,84,52,-0.0624771,0.0325451,False
rs5752801,84,53,-0.0649784,0.0269375,False
rs5752801,84,54,-0.0626696,0.0341945,False
rs5752801,84,55,-0.061986,0.0369538,False
rs5752801,84,56,-0.0617519,0.0382546,False
rs5752801,84,57,-0.0694064,0.0206519,False
rs5752801,84,58,-0.0644911,0.0325417,False
rs5752801,84,59,-0.0680752,0.0247741,False
rs5752801,84,60,-0.0612124,0.0446851,False
rs5752801,84,61,-0.0632323,0.0389263,False
rs5752801,84,62,-0.0618317,0.0441039,False
rs5752801,84,63,-0.0612223,0.0475668,False
rs5752801,84,64,-0.0635602,0.0405075,False
rs5752801,84,65,-0.0642691,0.0393004,False
rs5752801,84,66,-0.0651355,0.0376502,False
rs5752801,84,67,-0.0628319,0.0453764,False
rs5752801,84,68,-0.0685919,0.0292655,False
rs5752801,84,69,-0.0628467,0.0469518,False
rs5752801,84,70,-0.0657204,0.0384157,False
rs5752801,84,71,-0.0683749,0.0317131,False
rs5752801,84,72,-0.0628544,0.0492695,False
rs5752801,84,73,-0.0624328,0.0516602,False
rs5752801,84,74,-0.062025,0.0535924,False
rs5752801,84,75,-0.0613364,0.0569786,False
rs5752801,84,76,-0.0710715,0.0278057,False
rs5752801,84,77,-0.0680538,0.0349611,False
rs5752801,84,78,-0.0675097,0.0372892,False
rs5752801,84,79,-0.0666282,0.0401212,False
rs5752801,84,80,-0.0640441,0.0486635,False
rs5752801,84,81,-0.0626364,0.0536477,False
rs5752801,84,82,-0.0655485,0.0432529,False
rs5752801,84,83,-0.0582955,0.0726979,False
rs5752801,84,84,-0.0530872,0.101847,False
rs5752801,84,85,-0.0665724,0.0396119,False
rs5752801,84,86,-0.0660579,0.0414696,False
rs5752801,84,87,-0.0703833,0.0297289,False
rs5752801,84,88,-0.0624517,0.0533908,False
rs5752801,84,89,-0.0569639,0.0782695,False
rs5752801,84,90,-0.0611024,0.0583581,False
rs5752801,84,91,-0.0517324,0.108796,False
rs5752801,84,92,-0.0536505,0.09596,False
rs5752801,84,93,-0.067646,0.0358946,False
rs5752801,84,94,-0.0619597,0.054443,False
rs5752801,84,95,-0.0566518,0.0780069,False
rs5752801,84,96,-0.0511643,0.110836,False
rs5752801,84,97,-0.0551721,0.0848234,False
rs5752801,84,98,-0.0488268,0.127175,False
rs5752801,84,99,-0.0506171,0.114165,False
rs5752801,84,100,-0.0532779,0.0954906,False
rs5752801,84,101,-0.0617923,0.053423,False
rs5752801,84,102,-0.0529339,0.0974616,False
rs5752801,84,103,-0.0564193,0.0771876,False
rs5752801,84,104,-0.0494902,0.12109,False
rs5752801,84,105,-0.0461185,0.148581,False
rs5752801,84,106,-0.0449616,0.159195,False
rs5752801,84,107,-0.0482216,0.130757,False
rs5752801,84,108,-0.0454501,0.154553,False
rs5752801,84,109,-0.0428493,0.180281,False
rs5752801,84,110,-0.0454265,0.155401,False
rs5752801,84,111,-0.0522226,0.102603,False
rs5752801,84,112,-0.0586168,0.0675416,False
rs5752801,84,113,-0.0594397,0.0643747,False
rs5752801,84,114,-0.0569954,0.0766819,False
rs5752801,84,115,-0.0493261,0.126355,False
rs5752801,84,116,-0.0529996,0.101371,False
rs5752801,84,117,-0.0499453,0.123295,False
rs5752801,84,118,-0.0443273,0.172939,False
rs5752801,84,119,-0.0437527,0.179458,False
rs5752801,84,120,-0.0533079,0.102887,False
rs5752801,84,121,-0.0532302,0.104296,False
rs5752801,84,122,-0.0589335,0.0727214,False
rs5752801,84,123,-0.0482875,0.142297,False
rs5752801,84,124,-0.0536863,0.103514,False
rs5752801,84,125,-0.0615656,0.0624037,False
rs5752801,84,126,-0.0696215,0.0352429,False
rs5752801,84,127,-0.0746002,0.0242817,False
rs5752801,84,128,-0.0637677,0.0547703,False
rs5752801,84,129,-0.0734295,0.0270614,False
rs5752801,84,130,-0.0757253,0.0226616,False
rs5752801,84,131,-0.0686411,0.0387779,False
rs5752801,84,132,-0.0625684,0.0599199,False
rs5752801,84,133,-0.068136,0.0402232,False
rs5752801,84,134,-0.074081,0.025656,False
rs5752801,84,135,-0.0783294,0.0181731,False
rs5752801,84,136,-0.0700589,0.0346411,False
rs5752801,84,137,-0.0657166,0.0471286,False
rs5752801,84,138,-0.0637394,0.0537863,False
rs5752801,84,139,-0.0594651,0.0711482,False
rs5752801,84,140,-0.0626341,0.0569187,False
rs5752801,84,141,-0.056588,0.0850406,False
rs5752801,84,142,-0.0592571,0.0714334,False
rs5752801,84,143,-0.0607572,0.06449,False
rs5752801,84,144,-0.067641,0.0395764,False
rs5752801,84,145,-0.0676661,0.0393393,False
rs5752801,84,146,-0.0607066,0.0649467,False
rs5752801,84,147,-0.0626918,0.0564317,False
rs5752801,84,148,-0.0685385,0.037302,False
rs5752801,84,149,-0.0682294,0.0382025,False
rs5752801,84,150,-0.0709254,0.0313752,False
rs5752801,84,151,-0.0655837,0.0469564,False
rs5752801,84,152,-0.0558773,0.0909001,False
rs5752801,84,153,-0.0637379,0.0540286,False
rs5752801,84,154,-0.0573435,0.0838525,False
rs5752801,84,155,-0.0709799,0.0327552,False
rs5752801,84,156,-0.0565691,0.0898903,False
rs5752801,84,157,-0.0596725,0.0746877,False
rs5752801,84,158,-0.0540991,0.106389,False
rs5752801,84,159,-0.0651183,0.0525445,False
rs5752801,84,160,-0.0612471,0.0690371,False
rs5752801,84,161,-0.0595024,0.0782957,False
rs5752801,84,162,-0.0708454,0.0364805,False
rs5752801,84,163,-0.0645772,0.057316,False
rs5752801,84,164,-0.0697773,0.0406567,False
rs5752801,84,165,-0.0723808,0.0340764,False
rs5752801,84,166,-0.0829942,0.0154895,False
rs5752801,84,167,-0.085865,0.0124984,False
rs5752801,84,168,-0.0909852,0.00826621,False
rs5752801,84,169,-0.0834873,0.0156102,False
rs5752801,84,170,-0.0767069,0.0264876,False
rs5752801,84,171,-0.0764137,0.0274369,False
rs5752801,84,172,-0.0782461,0.024289,False
rs5752801,84,173,-0.0785355,0.0242287,False
rs5752801,84,174,-0.0718223,0.039786,False
rs5752801,84,175,-0.0780328,0.0257505,False
rs5752801,84,176,-0.0754293,0.0313191,False
rs5752801,84,177,-0.0754315,0.031431,False
rs5752801,84,178,-0.066923,0.0563181,False
rs5752801,84,179,-0.0761382,0.0301336,False
rs5752801,84,180,-0.0759857,0.0303285,False
rs5752801,84,181,-0.0780114,0.0262584,False
rs5752801,84,182,-0.0810743,0.02101,False
rs5752801,84,183,-0.0719937,0.0402391,False
rs5752801,84,184,-0.0735545,0.0361512,False
rs5752801,84,185,-0.0704357,0.0443552,False
rs5752801,84,186,-0.0630662,0.0714637,False
rs5752801,84,187,-0.0691322,0.0481819,False
rs5752801,84,188,-0.0704149,0.0438181,False
rs5752801,84,189,-0.0702932,0.0438173,False
rs5752801,84,190,-0.0680848,0.0505405,False
rs5752801,84,191,-0.075817,0.0292264,False
rs5752801,84,192,-0.0780534,0.0245687,False
rs5752801,84,193,-0.078957,0.0224851,False
rs5752801,84,194,-0.0663484,0.0545767,False
rs5752801,84,195,-0.0740274,0.0317337,False
rs5752801,84,196,-0.0816557,0.0177456,False
rs5752801,84,197,-0.0700465,0.0415775,False
rs5752801,84,198,-0.0768323,0.0250538,False
rs5752801,84,199,-0.0720912,0.035204,False
rs5752801,84,200,-0.0892992,0.00895754,False
rs5752801,84,201,-0.0847807,0.013024,False
rs5752801,84,202,-0.0830239,0.0149377,False
rs5752801,84,203,-0.0876112,0.0101751,False
rs5752801,84,204,-0.0874051,0.0102126,False
rs5752801,84,205,-0.0899007,0.00821035,False
rs5752801,84,206,-0.0936211,0.00585522,False
rs5752801,84,207,-0.0878201,0.00977262,False
rs5752801,84,208,-0.0862472,0.0111064,False
rs5752801,84,209,-0.0872645,0.0100866,False
rs5752801,84,210,-0.0876243,0.00984298,False
rs5752801,84,211,-0.0833466,0.0140857,False
rs5752801,84,212,-0.0855929,0.011928,False
rs5752801,84,213,-0.0969489,0.00439251,False
rs5752801,84,214,-0.0893481,0.00875923,False
rs5752801,84,215,-0.0904608,0.00807913,False
rs5752801,84,216,-0.092949,0.00654273,False
rs5752801,84,217,-0.0966625,0.00471121,False
rs5752801,84,218,-0.0952656,0.00551458,False
rs5752801,84,219,-0.0989248,0.00414501,False
rs5752801,84,220,-0.0956955,0.00572627,False
rs5752801,84,221,-0.10281,0.00311932,False
rs5752801,84,222,-0.101589,0.00363709,False
rs5752801,84,223,-0.0938926,0.00756873,False
rs5752801,84,224,-0.101106,0.00424166,False
rs5752801,84,225,-0.107301,0.00255351,False
rs5752801,84,226,-0.0975458,0.00647677,False
rs5752801,84,227,-0.103736,0.00404005,False
rs5752801,84,228,-0.100402,0.00584967,False
rs5752801,84,229,-0.0949382,0.00984582,False
rs5752801,84,230,-0.102917,0.00568552,False
rs5752801,84,231,-0.100741,0.00732732,False
rs5752801,84,232,-0.112858,0.00294146,False
rs5752801,84,233,-0.123174,0.00136655,False
rs5752801,84,234,-0.117434,0.00258819,False
rs5752801,84,235,-0.118614,0.00262121,False
rs5752801,84,236,-0.121918,0.00230592,False
rs5752801,84,237,-0.118859,0.00333868,False
rs5752801,84,238,-0.129193,0.0016657,False
rs5752801,84,239,-0.126631,0.00236789,False
rs5752801,84,240,-0.136983,0.00117902,False
rs5752801,84,241,-0.123403,0.00400316,False
rs5752801,84,242,-0.1286,0.00312758,False
rs5752801,84,243,-0.137141,0.00189097,False
rs5752801,84,244,-0.144016,0.0012934,False
rs5752801,84,245,-0.141269,0.00189974,False
rs5752801,84,246,-0.147124,0.00144007,False
rs5752801,84,247,-0.146382,0.00178325,False
rs5752801,84,248,-0.150291,0.00155355,False
rs5752801,84,249,-0.1524,0.00153357,False
rs5752801,84,250,-0.157579,0.00121561,False
rs5752801,84,251,-0.157759,0.00136277,False
rs5752801,85,6,-0.0346086,0.201227,False
rs5752801,85,7,-0.0238289,0.375323,False
rs5752801,85,8,-0.0321788,0.226833,False
rs5752801,85,9,-0.0361188,0.171359,False
rs5752801,85,10,-0.0405584,0.121866,False
rs5752801,85,11,-0.0348318,0.181234,False
rs5752801,85,12,-0.0430819,0.0962345,False
rs5752801,85,13,-0.0301962,0.241394,False
rs5752801,85,14,-0.040092,0.118661,False
rs5752801,85,15,-0.0320919,0.210846,False
rs5752801,85,16,-0.0354698,0.166054,False
rs5752801,85,17,-0.0312331,0.222745,False
rs5752801,85,18,-0.0357178,0.162884,False
rs5752801,85,19,-0.0313137,0.221049,False
rs5752801,85,20,-0.0506552,0.0484584,False
rs5752801,85,21,-0.0426761,0.0964552,False
rs5752801,85,22,-0.0353246,0.169338,False
rs5752801,85,23,-0.036289,0.160194,False
rs5752801,85,24,-0.031108,0.231058,False
rs5752801,85,25,-0.0234049,0.368305,False
rs5752801,85,26,-0.0299005,0.250193,False
rs5752801,85,27,-0.0212546,0.415089,False
rs5752801,85,28,-0.0349177,0.182522,False
rs5752801,85,29,-0.0356095,0.174118,False
rs5752801,85,30,-0.0367371,0.163053,False
rs5752801,85,31,-0.0349825,0.184758,False
rs5752801,85,32,-0.033312,0.208223,False
rs5752801,85,33,-0.0205121,0.439737,False
rs5752801,85,34,-0.0353619,0.184481,False
rs5752801,85,35,-0.0398321,0.137147,False
rs5752801,85,36,-0.0373976,0.164213,False
rs5752801,85,37,-0.0474508,0.0783686,False
rs5752801,85,38,-0.043158,0.11075,False
rs5752801,85,39,-0.0481446,0.0772967,False
rs5752801,85,40,-0.0560304,0.0407381,False
rs5752801,85,41,-0.0548473,0.0458958,False
rs5752801,85,42,-0.0593279,0.0316111,False
rs5752801,85,43,-0.0503405,0.0699747,False
rs5752801,85,44,-0.053798,0.0540935,False
rs5752801,85,45,-0.0628386,0.0251835,False
rs5752801,85,46,-0.0564485,0.0453974,False
rs5752801,85,47,-0.0646879,0.0224822,False
rs5752801,85,48,-0.0689757,0.0154726,False
rs5752801,85,49,-0.0602539,0.035429,False
rs5752801,85,50,-0.0560431,0.0515752,False
rs5752801,85,51,-0.0616674,0.0334166,False
rs5752801,85,52,-0.0524074,0.0719634,False
rs5752801,85,53,-0.0590473,0.0440575,False
rs5752801,85,54,-0.0614039,0.0372521,False
rs5752801,85,55,-0.0732428,0.0134189,False
rs5752801,85,56,-0.0606363,0.0416825,False
rs5752801,85,57,-0.0573547,0.0553387,False
rs5752801,85,58,-0.0645383,0.0319311,False
rs5752801,85,59,-0.0584834,0.0524696,False
rs5752801,85,60,-0.0534572,0.0782986,False
rs5752801,85,61,-0.0568888,0.0617366,False
rs5752801,85,62,-0.0637946,0.0371264,False
rs5752801,85,63,-0.0560949,0.068416,False
rs5752801,85,64,-0.0524257,0.0897279,False
rs5752801,85,65,-0.0539048,0.0825749,False
rs5752801,85,66,-0.0597091,0.0554746,False
rs5752801,85,67,-0.0624406,0.0459852,False
rs5752801,85,68,-0.056633,0.0714541,False
rs5752801,85,69,-0.0557354,0.0771929,False
rs5752801,85,70,-0.0582678,0.066094,False
rs5752801,85,71,-0.0584177,0.0664297,False
rs5752801,85,72,-0.0588736,0.065361,False
rs5752801,85,73,-0.0575287,0.0725554,False
rs5752801,85,74,-0.0504376,0.1165,False
rs5752801,85,75,-0.049415,0.125246,False
rs5752801,85,76,-0.048777,0.131356,False
rs5752801,85,77,-0.0600356,0.0640722,False
rs5752801,85,78,-0.0628018,0.0531128,False
rs5752801,85,79,-0.0594184,0.0676541,False
rs5752801,85,80,-0.0597474,0.0663087,False
rs5752801,85,81,-0.0500865,0.12438,False
rs5752801,85,82,-0.0636189,0.051238,False
rs5752801,85,83,-0.066371,0.0421473,False
rs5752801,85,84,-0.0641944,0.0496064,False
rs5752801,85,85,-0.0544474,0.0957598,False
rs5752801,85,86,-0.0547571,0.0938785,False
rs5752801,85,87,-0.054849,0.0930666,False
rs5752801,85,88,-0.0534545,0.101583,False
rs5752801,85,89,-0.0562877,0.0843764,False
rs5752801,85,90,-0.0491604,0.131299,False
rs5752801,85,91,-0.0505718,0.12079,False
rs5752801,85,92,-0.0565953,0.0821139,False
rs5752801,85,93,-0.0511921,0.115083,False
rs5752801,85,94,-0.0564709,0.0815646,False
rs5752801,85,95,-0.0596554,0.0654429,False
rs5752801,85,96,-0.0623142,0.054117,False
rs5752801,85,97,-0.0557079,0.0848733,False
rs5752801,85,98,-0.0556896,0.0852252,False
rs5752801,85,99,-0.0553867,0.08635,False
rs5752801,85,100,-0.0584248,0.070163,False
rs5752801,85,101,-0.0595244,0.0649174,False
rs5752801,85,102,-0.0629964,0.0502514,False
rs5752801,85,103,-0.0558549,0.0830877,False
rs5752801,85,104,-0.0569019,0.0771714,False
rs5752801,85,105,-0.0505892,0.115783,False
rs5752801,85,106,-0.0543232,0.0911832,False
rs5752801,85,107,-0.062793,0.0510463,False
rs5752801,85,108,-0.0615455,0.0558948,False
rs5752801,85,109,-0.0561584,0.0812663,False
rs5752801,85,110,-0.0544294,0.0911575,False
rs5752801,85,111,-0.048367,0.134087,False
rs5752801,85,112,-0.0624244,0.0537546,False
rs5752801,85,113,-0.0676178,0.036859,False
rs5752801,85,114,-0.0631986,0.0513961,False
rs5752801,85,115,-0.0608501,0.0610612,False
rs5752801,85,116,-0.0584089,0.0725266,False
rs5752801,85,117,-0.0552449,0.0899888,False
rs5752801,85,118,-0.0584078,0.0736573,False
rs5752801,85,119,-0.0536627,0.101083,False
rs5752801,85,120,-0.062951,0.0550585,False
rs5752801,85,121,-0.0644675,0.0497028,False
rs5752801,85,122,-0.0538229,0.10218,False
rs5752801,85,123,-0.0556283,0.0918214,False
rs5752801,85,124,-0.0554021,0.0934268,False
rs5752801,85,125,-0.0598294,0.0703977,False
rs5752801,85,126,-0.0594411,0.0726156,False
rs5752801,85,127,-0.0599923,0.0702693,False
rs5752801,85,128,-0.0598739,0.0713848,False
rs5752801,85,129,-0.0543005,0.102243,False
rs5752801,85,130,-0.0652138,0.0499979,False
rs5752801,85,131,-0.0628566,0.0588968,False
rs5752801,85,132,-0.0629224,0.0582623,False
rs5752801,85,133,-0.0621634,0.0614609,False
rs5752801,85,134,-0.0649422,0.0507167,False
rs5752801,85,135,-0.0649137,0.0505377,False
rs5752801,85,136,-0.0683516,0.0395555,False
rs5752801,85,137,-0.0681575,0.0398859,False
rs5752801,85,138,-0.070537,0.033539,False
rs5752801,85,139,-0.0628129,0.0582642,False
rs5752801,85,140,-0.0519194,0.117084,False
rs5752801,85,141,-0.0632221,0.056181,False
rs5752801,85,142,-0.0600386,0.0695392,False
rs5752801,85,143,-0.0544088,0.100475,False
rs5752801,85,144,-0.0660662,0.0460887,False
rs5752801,85,145,-0.061182,0.0645897,False
rs5752801,85,146,-0.067803,0.0408106,False
rs5752801,85,147,-0.0686729,0.038445,False
rs5752801,85,148,-0.0679434,0.0407191,False
rs5752801,85,149,-0.0633155,0.0570468,False
rs5752801,85,150,-0.0626185,0.0601499,False
rs5752801,85,151,-0.0623153,0.0615419,False
rs5752801,85,152,-0.0611511,0.0673486,False
rs5752801,85,153,-0.0642785,0.0550841,False
rs5752801,85,154,-0.0580309,0.0838222,False
rs5752801,85,155,-0.055447,0.0992127,False
rs5752801,85,156,-0.0594022,0.0776368,False
rs5752801,85,157,-0.0627177,0.0632747,False
rs5752801,85,158,-0.0614392,0.0697783,False
rs5752801,85,159,-0.0614676,0.0703432,False
rs5752801,85,160,-0.0553479,0.103703,False
rs5752801,85,161,-0.0554305,0.104325,False
rs5752801,85,162,-0.0546153,0.110339,False
rs5752801,85,163,-0.0597643,0.0816498,False
rs5752801,85,164,-0.0599548,0.0813771,False
rs5752801,85,165,-0.0641029,0.0627581,False
rs5752801,85,166,-0.0650879,0.0595719,False
rs5752801,85,167,-0.0591014,0.087739,False
rs5752801,85,168,-0.0529962,0.127034,False
rs5752801,85,169,-0.0578855,0.0961605,False
rs5752801,85,170,-0.0601919,0.084512,False
rs5752801,85,171,-0.0552315,0.113858,False
rs5752801,85,172,-0.0638225,0.0680095,False
rs5752801,85,173,-0.0625676,0.0738615,False
rs5752801,85,174,-0.066051,0.059643,False
rs5752801,85,175,-0.0681794,0.0519947,False
rs5752801,85,176,-0.0680714,0.0529396,False
rs5752801,85,177,-0.0687228,0.0506857,False
rs5752801,85,178,-0.0665042,0.0587787,False
rs5752801,85,179,-0.0640734,0.068863,False
rs5752801,85,180,-0.0706508,0.0450593,False
rs5752801,85,181,-0.0751646,0.0330689,False
rs5752801,85,182,-0.072204,0.0403174,False
rs5752801,85,183,-0.0736084,0.0367745,False
rs5752801,85,184,-0.0725793,0.039015,False
rs5752801,85,185,-0.0691477,0.0490312,False
rs5752801,85,186,-0.0684373,0.0510979,False
rs5752801,85,187,-0.0714006,0.0414589,False
rs5752801,85,188,-0.0720635,0.039434,False
rs5752801,85,189,-0.071201,0.0414763,False
rs5752801,85,190,-0.0745924,0.0321726,False
rs5752801,85,191,-0.0737094,0.0340241,False
rs5752801,85,192,-0.0661585,0.0568579,False
rs5752801,85,193,-0.0705605,0.0416404,False
rs5752801,85,194,-0.0770792,0.0257494,False
rs5752801,85,195,-0.0768539,0.0255834,False
rs5752801,85,196,-0.0746356,0.0300455,False
rs5752801,85,197,-0.0716055,0.0369858,False
rs5752801,85,198,-0.0725676,0.0342956,False
rs5752801,85,199,-0.0761161,0.0260423,False
rs5752801,85,200,-0.0764197,0.0251177,False
rs5752801,85,201,-0.0755099,0.0266766,False
rs5752801,85,202,-0.0751428,0.0270147,False
rs5752801,85,203,-0.074806,0.0276521,False
rs5752801,85,204,-0.0766056,0.024029,False
rs5752801,85,205,-0.0757038,0.0254936,False
rs5752801,85,206,-0.0793338,0.0190744,False
rs5752801,85,207,-0.0829536,0.014267,False
rs5752801,85,208,-0.0824665,0.0147703,False
rs5752801,85,209,-0.0860087,0.0108926,False
rs5752801,85,210,-0.0930348,0.00597859,False
rs5752801,85,211,-0.0890696,0.00859759,False
rs5752801,85,212,-0.0939836,0.00559257,False
rs5752801,85,213,-0.0927191,0.00632744,False
rs5752801,85,214,-0.0932098,0.00615542,False
rs5752801,85,215,-0.083181,0.0147743,False
rs5752801,85,216,-0.0867579,0.0112648,False
rs5752801,85,217,-0.0976453,0.00448458,False
rs5752801,85,218,-0.0986271,0.00423537,False
rs5752801,85,219,-0.0930144,0.00721654,False
rs5752801,85,220,-0.0940661,0.00683863,False
rs5752801,85,221,-0.0908498,0.00935899,False
rs5752801,85,222,-0.0984007,0.00514068,False
rs5752801,85,223,-0.108601,0.00214024,False
rs5752801,85,224,-0.0952656,0.00748748,False
rs5752801,85,225,-0.106219,0.0030835,False
rs5752801,85,226,-0.102683,0.0045695,False
rs5752801,85,227,-0.108027,0.00309462,False
rs5752801,85,228,-0.111573,0.00244827,False
rs5752801,85,229,-0.118506,0.00144853,False
rs5752801,85,230,-0.114818,0.00225499,False
rs5752801,85,231,-0.116186,0.00223508,False
rs5752801,85,232,-0.12141,0.00158657,False
rs5752801,85,233,-0.118585,0.0023175,False
rs5752801,85,234,-0.122306,0.00190465,False
rs5752801,85,235,-0.141271,0.000404552,False
rs5752801,85,236,-0.143552,0.000388174,False
rs5752801,85,237,-0.143534,0.000462845,False
rs5752801,85,238,-0.156578,0.000164198,False
rs5752801,85,239,-0.161452,0.000128373,False
rs5752801,85,240,-0.15612,0.000257907,False
rs5752801,85,241,-0.162793,0.000173952,False
rs5752801,85,242,-0.169368,0.00011643,False
rs5752801,85,243,-0.161485,0.000293157,False
rs5752801,85,244,-0.167233,0.000219862,False
rs5752801,85,245,-0.169571,0.000220446,False
rs5752801,85,246,-0.166325,0.000354594,False
rs5752801,85,247,-0.165224,0.000458768,False
rs5752801,85,248,-0.172076,0.000317315,False
rs5752801,85,249,-0.155032,0.00137217,False
rs5752801,85,250,-0.159177,0.00118381,False
rs5752801,85,251,-0.167238,0.000743648,False
rs5752801,86,7,0.00910806,0.733731,False
rs5752801,86,8,0.00351486,0.894682,False
rs5752801,86,9,0.00217041,0.934356,False
rs5752801,86,10,-0.00241583,0.926463,False
rs5752801,86,11,-0.0106776,0.681179,False
rs5752801,86,12,-0.00988671,0.70234,False
rs5752801,86,13,-0.0139542,0.58729,False
rs5752801,86,14,-0.0180664,0.48023,False
rs5752801,86,15,-0.00820089,0.748543,False
rs5752801,86,16,-0.00879987,0.730044,False
rs5752801,86,17,-0.0240422,0.346038,False
rs5752801,86,18,-0.0180755,0.478362,False
rs5752801,86,19,-0.0188817,0.458248,False
rs5752801,86,20,-0.0177633,0.48694,False
rs5752801,86,21,-0.0234528,0.359865,False
rs5752801,86,22,-0.0254671,0.32056,False
rs5752801,86,23,-0.0357748,0.163319,False
rs5752801,86,24,-0.0319958,0.213827,False
rs5752801,86,25,-0.0408076,0.11348,False
rs5752801,86,26,-0.0382154,0.139933,False
rs5752801,86,27,-0.0371989,0.151857,False
rs5752801,86,28,-0.0384768,0.139649,False
rs5752801,86,29,-0.0429574,0.100121,False
rs5752801,86,30,-0.0428586,0.102075,False
rs5752801,86,31,-0.0422281,0.107939,False
rs5752801,86,32,-0.0385037,0.143955,False
rs5752801,86,33,-0.0357209,0.176889,False
rs5752801,86,34,-0.0477215,0.0721909,False
rs5752801,86,35,-0.0408379,0.125703,False
rs5752801,86,36,-0.0501674,0.060971,False
rs5752801,86,37,-0.0550962,0.0405413,False
rs5752801,86,38,-0.0491303,0.0687335,False
rs5752801,86,39,-0.0533669,0.0487738,False
rs5752801,86,40,-0.0477415,0.0802155,False
rs5752801,86,41,-0.0573081,0.0364387,False
rs5752801,86,42,-0.0475775,0.0838391,False
rs5752801,86,43,-0.0529252,0.055558,False
rs5752801,86,44,-0.0596442,0.0318611,False
rs5752801,86,45,-0.0572819,0.0405677,False
rs5752801,86,46,-0.0528979,0.0598585,False
rs5752801,86,47,-0.0536274,0.057162,False
rs5752801,86,48,-0.0595662,0.0357225,False
rs5752801,86,49,-0.0520921,0.0675691,False
rs5752801,86,50,-0.0526202,0.0663667,False
rs5752801,86,51,-0.0546118,0.0580795,False
rs5752801,86,52,-0.0613352,0.0344533,False
rs5752801,86,53,-0.0574965,0.0484375,False
rs5752801,86,54,-0.0535643,0.0671845,False
rs5752801,86,55,-0.0626213,0.0332863,False
rs5752801,86,56,-0.0570114,0.053995,False
rs5752801,86,57,-0.0477299,0.108746,False
rs5752801,86,58,-0.0476257,0.111318,False
rs5752801,86,59,-0.0633952,0.0349352,False
rs5752801,86,60,-0.0566106,0.0609739,False
rs5752801,86,61,-0.0617811,0.0418679,False
rs5752801,86,62,-0.0532177,0.0813598,False
rs5752801,86,63,-0.0511206,0.0956488,False
rs5752801,86,64,-0.051082,0.0973579,False
rs5752801,86,65,-0.049081,0.112922,False
rs5752801,86,66,-0.0500459,0.107536,False
rs5752801,86,67,-0.045512,0.144961,False
rs5752801,86,68,-0.0589633,0.0599938,False
rs5752801,86,69,-0.0597649,0.0579148,False
rs5752801,86,70,-0.0501507,0.1128,False
rs5752801,86,71,-0.0451101,0.155147,False
rs5752801,86,72,-0.0514319,0.106631,False
rs5752801,86,73,-0.0494149,0.122116,False
rs5752801,86,74,-0.042387,0.186739,False
rs5752801,86,75,-0.0500266,0.120172,False
rs5752801,86,76,-0.0580663,0.071968,False
rs5752801,86,77,-0.053164,0.100533,False
rs5752801,86,78,-0.0563523,0.0825022,False
rs5752801,86,79,-0.0608722,0.0612194,False
rs5752801,86,80,-0.0604768,0.0633032,False
rs5752801,86,81,-0.0539063,0.0988957,False
rs5752801,86,82,-0.0607558,0.0632157,False
rs5752801,86,83,-0.065118,0.0463174,False
rs5752801,86,84,-0.0661454,0.0432164,False
rs5752801,86,85,-0.0587951,0.072811,False
rs5752801,86,86,-0.046933,0.152364,False
rs5752801,86,87,-0.0468611,0.152732,False
rs5752801,86,88,-0.0493084,0.132324,False
rs5752801,86,89,-0.0512401,0.118582,False
rs5752801,86,90,-0.0554772,0.0907427,False
rs5752801,86,91,-0.0469908,0.152171,False
rs5752801,86,92,-0.0431645,0.188681,False
rs5752801,86,93,-0.0496801,0.129576,False
rs5752801,86,94,-0.0454542,0.165378,False
rs5752801,86,95,-0.0514055,0.116321,False
rs5752801,86,96,-0.0387567,0.236773,False
rs5752801,86,97,-0.0486409,0.137152,False
rs5752801,86,98,-0.045574,0.162768,False
rs5752801,86,99,-0.0446854,0.170207,False
rs5752801,86,100,-0.0430906,0.185979,False
rs5752801,86,101,-0.0465322,0.153145,False
rs5752801,86,102,-0.042205,0.195514,False
rs5752801,86,103,-0.0417964,0.19896,False
rs5752801,86,104,-0.0394378,0.225437,False
rs5752801,86,105,-0.0359502,0.269056,False
rs5752801,86,106,-0.0484744,0.136293,False
rs5752801,86,107,-0.0496625,0.127207,False
rs5752801,86,108,-0.0442148,0.174122,False
rs5752801,86,109,-0.0475055,0.144299,False
rs5752801,86,110,-0.0464045,0.154328,False
rs5752801,86,111,-0.0531138,0.10332,False
rs5752801,86,112,-0.0483776,0.137772,False
rs5752801,86,113,-0.0490127,0.133513,False
rs5752801,86,114,-0.0447948,0.171065,False
rs5752801,86,115,-0.0494658,0.130697,False
rs5752801,86,116,-0.0579163,0.0777911,False
rs5752801,86,117,-0.0574929,0.0807392,False
rs5752801,86,118,-0.0497295,0.130855,False
rs5752801,86,119,-0.0431786,0.190589,False
rs5752801,86,120,-0.0408873,0.215468,False
rs5752801,86,121,-0.0499762,0.130949,False
rs5752801,86,122,-0.0427386,0.196806,False
rs5752801,86,123,-0.0521239,0.116184,False
rs5752801,86,124,-0.0501059,0.131781,False
rs5752801,86,125,-0.0489923,0.140873,False
rs5752801,86,126,-0.0416372,0.21132,False
rs5752801,86,127,-0.0451049,0.17597,False
rs5752801,86,128,-0.0469899,0.158518,False
rs5752801,86,129,-0.0414386,0.214588,False
rs5752801,86,130,-0.0450599,0.177093,False
rs5752801,86,131,-0.0443794,0.184188,False
rs5752801,86,132,-0.0478233,0.152724,False
rs5752801,86,133,-0.0445811,0.182511,False
rs5752801,86,134,-0.0420933,0.207944,False
rs5752801,86,135,-0.0469447,0.159917,False
rs5752801,86,136,-0.0530461,0.112208,False
rs5752801,86,137,-0.0534103,0.109444,False
rs5752801,86,138,-0.0532387,0.110782,False
rs5752801,86,139,-0.0454935,0.173063,False
rs5752801,86,140,-0.0490256,0.141665,False
rs5752801,86,141,-0.0573212,0.0860688,False
rs5752801,86,142,-0.0575603,0.0846495,False
rs5752801,86,143,-0.0614957,0.0653408,False
rs5752801,86,144,-0.0589279,0.0778336,False
rs5752801,86,145,-0.0500584,0.134399,False
rs5752801,86,146,-0.0510772,0.126573,False
rs5752801,86,147,-0.0582419,0.0819869,False
rs5752801,86,148,-0.0675289,0.0437579,False
rs5752801,86,149,-0.0604278,0.0717109,False
rs5752801,86,150,-0.0561005,0.0955518,False
rs5752801,86,151,-0.0619448,0.0660543,False
rs5752801,86,152,-0.0665694,0.0485051,False
rs5752801,86,153,-0.0650987,0.0543856,False
rs5752801,86,154,-0.0596869,0.0787204,False
rs5752801,86,155,-0.0631608,0.06346,False
rs5752801,86,156,-0.0616481,0.070084,False
rs5752801,86,157,-0.0588015,0.084715,False
rs5752801,86,158,-0.0585497,0.0866288,False
rs5752801,86,159,-0.061929,0.0707671,False
rs5752801,86,160,-0.0682775,0.0468232,False
rs5752801,86,161,-0.0691771,0.0444433,False
rs5752801,86,162,-0.0608262,0.0779059,False
rs5752801,86,163,-0.0638914,0.0649098,False
rs5752801,86,164,-0.0582171,0.0931651,False
rs5752801,86,165,-0.0601848,0.0830623,False
rs5752801,86,166,-0.0596973,0.0861965,False
rs5752801,86,167,-0.0659048,0.0587836,False
rs5752801,86,168,-0.0667482,0.0564236,False
rs5752801,86,169,-0.0660079,0.0597323,False
rs5752801,86,170,-0.0699971,0.0459987,False
rs5752801,86,171,-0.0593018,0.0912226,False
rs5752801,86,172,-0.0555649,0.114224,False
rs5752801,86,173,-0.0657347,0.0620692,False
rs5752801,86,174,-0.0731157,0.038052,False
rs5752801,86,175,-0.0696994,0.0483268,False
rs5752801,86,176,-0.0719642,0.0416192,False
rs5752801,86,177,-0.0735638,0.037499,False
rs5752801,86,178,-0.0732855,0.0383717,False
rs5752801,86,179,-0.0759636,0.0316569,False
rs5752801,86,180,-0.0701663,0.046887,False
rs5752801,86,181,-0.0815768,0.0209428,False
rs5752801,86,182,-0.0785546,0.0262088,False
rs5752801,86,183,-0.0795881,0.0243243,False
rs5752801,86,184,-0.0925158,0.0086914,False
rs5752801,86,185,-0.089353,0.0110687,False
rs5752801,86,186,-0.0838636,0.0171182,False
rs5752801,86,187,-0.0871726,0.0130146,False
rs5752801,86,188,-0.0873312,0.0125776,False
rs5752801,86,189,-0.084214,0.0158832,False
rs5752801,86,190,-0.0838492,0.0160452,False
rs5752801,86,191,-0.085311,0.0140553,False
rs5752801,86,192,-0.0852199,0.0138876,False
rs5752801,86,193,-0.0836518,0.015574,False
rs5752801,86,194,-0.0808845,0.0191423,False
rs5752801,86,195,-0.0812907,0.0182443,False
rs5752801,86,196,-0.0794431,0.0208474,False
rs5752801,86,197,-0.08681,0.01138,False
rs5752801,86,198,-0.0893555,0.00898151,False
rs5752801,86,199,-0.089596,0.00857495,False
rs5752801,86,200,-0.087941,0.00990566,False
rs5752801,86,201,-0.0954009,0.00498493,False
rs5752801,86,202,-0.0876591,0.00975848,False
rs5752801,86,203,-0.08276,0.0145317,False
rs5752801,86,204,-0.0862414,0.0108693,False
rs5752801,86,205,-0.0850192,0.0119394,False
rs5752801,86,206,-0.0849845,0.0118732,False
rs5752801,86,207,-0.0896856,0.00799448,False
rs5752801,86,208,-0.0810722,0.0164272,False
rs5752801,86,209,-0.0836737,0.0133446,False
rs5752801,86,210,-0.081293,0.0162733,False
rs5752801,86,211,-0.0854555,0.0115901,False
rs5752801,86,212,-0.0927728,0.00622793,False
rs5752801,86,213,-0.0915409,0.00703189,False
rs5752801,86,214,-0.0983332,0.00388933,False
rs5752801,86,215,-0.0948307,0.00546855,False
rs5752801,86,216,-0.0940387,0.00604972,False
rs5752801,86,217,-0.107511,0.00179449,False
rs5752801,86,218,-0.110266,0.00142168,False
rs5752801,86,219,-0.112196,0.00124355,False
rs5752801,86,220,-0.106201,0.00237166,False
rs5752801,86,221,-0.0988646,0.00488647,False
rs5752801,86,222,-0.0954632,0.00696123,False
rs5752801,86,223,-0.0968095,0.00658717,False
rs5752801,86,224,-0.0965982,0.00713643,False
rs5752801,86,225,-0.10843,0.0027161,False
rs5752801,86,226,-0.104662,0.00411282,False
rs5752801,86,227,-0.101975,0.00561892,False
rs5752801,86,228,-0.0955267,0.0100886,False
rs5752801,86,229,-0.1082,0.00394712,False
rs5752801,86,230,-0.106965,0.0048415,False
rs5752801,86,231,-0.111577,0.00366076,False
rs5752801,86,232,-0.115038,0.00304896,False
rs5752801,86,233,-0.1199,0.00228036,False
rs5752801,86,234,-0.12682,0.00145643,False
rs5752801,86,235,-0.13045,0.00121187,False
rs5752801,86,236,-0.135635,0.000904463,False
rs5752801,86,237,-0.144851,0.000473201,False
rs5752801,86,238,-0.147036,0.000469455,False
rs5752801,86,239,-0.145797,0.000614012,False
rs5752801,86,240,-0.157282,0.000266788,False
rs5752801,86,241,-0.169893,0.000102885,False
rs5752801,86,242,-0.158663,0.000349059,False
rs5752801,86,243,-0.16596,0.000225202,False
rs5752801,86,244,-0.179344,8.45166e-05,False
rs5752801,86,245,-0.170904,0.000218883,False
rs5752801,86,246,-0.171571,0.000251645,False
rs5752801,86,247,-0.168462,0.000387966,False
rs5752801,86,248,-0.17341,0.000312742,False
rs5752801,86,249,-0.184459,0.000151675,False
rs5752801,86,250,-0.181069,0.000236767,False
rs5752801,86,251,-0.178353,0.000336838,False
rs5752801,87,7,-0.0150832,0.57332,False
rs5752801,87,8,-0.0105541,0.691437,False
rs5752801,87,9,-0.00684317,0.794936,False
rs5752801,87,10,-0.0101621,0.697665,False
rs5752801,87,11,-0.02466,0.342345,False
rs5752801,87,12,-0.0118756,0.645567,False
rs5752801,87,13,-0.0148764,0.563275,False
rs5752801,87,14,-0.0203861,0.425065,False
rs5752801,87,15,-0.0144632,0.57052,False
rs5752801,87,16,-0.00679634,0.789378,False
rs5752801,87,17,-0.0192723,0.448787,False
rs5752801,87,18,-0.0226868,0.372032,False
rs5752801,87,19,-0.0284964,0.261382,False
rs5752801,87,20,-0.0246236,0.333338,False
rs5752801,87,21,-0.0293762,0.249479,False
rs5752801,87,22,-0.0297207,0.2451,False
rs5752801,87,23,-0.0319638,0.212527,False
rs5752801,87,24,-0.0396486,0.122525,False
rs5752801,87,25,-0.0236329,0.358026,False
rs5752801,87,26,-0.0365006,0.157472,False
rs5752801,87,27,-0.0465477,0.0719814,False
rs5752801,87,28,-0.0393105,0.130273,False
rs5752801,87,29,-0.0443327,0.088907,False
rs5752801,87,30,-0.0421478,0.107027,False
rs5752801,87,31,-0.0442547,0.0917124,False
rs5752801,87,32,-0.0493188,0.0609157,False
rs5752801,87,33,-0.0325158,0.217824,False
rs5752801,87,34,-0.041188,0.119665,False
rs5752801,87,35,-0.0498412,0.0605371,False
rs5752801,87,36,-0.0588514,0.0273866,False
rs5752801,87,37,-0.0532183,0.0470005,False
rs5752801,87,38,-0.0446623,0.0966474,False
rs5752801,87,39,-0.0582626,0.0312296,False
rs5752801,87,40,-0.0509154,0.0609494,False
rs5752801,87,41,-0.057579,0.0347166,False
rs5752801,87,42,-0.0494002,0.0710586,False
rs5752801,87,43,-0.047215,0.086644,False
rs5752801,87,44,-0.0508203,0.0662416,False
rs5752801,87,45,-0.0520227,0.0612167,False
rs5752801,87,46,-0.0404448,0.147951,False
rs5752801,87,47,-0.0531861,0.0587234,False
rs5752801,87,48,-0.0656365,0.0202401,False
rs5752801,87,49,-0.0563272,0.0470583,False
rs5752801,87,50,-0.0547499,0.0552424,False
rs5752801,87,51,-0.0559329,0.051673,False
rs5752801,87,52,-0.0697655,0.0156003,False
rs5752801,87,53,-0.0534721,0.0648755,False
rs5752801,87,54,-0.0434066,0.136343,False
rs5752801,87,55,-0.0584699,0.0459975,False
rs5752801,87,56,-0.0585696,0.0469365,False
rs5752801,87,57,-0.0602977,0.0419793,False
rs5752801,87,58,-0.0528791,0.0759204,False
rs5752801,87,59,-0.0637387,0.0332963,False
rs5752801,87,60,-0.0519259,0.0841135,False
rs5752801,87,61,-0.0603247,0.0458359,False
rs5752801,87,62,-0.0614186,0.0432005,False
rs5752801,87,63,-0.0528479,0.0838007,False
rs5752801,87,64,-0.0403295,0.189268,False
rs5752801,87,65,-0.0573501,0.0629932,False
rs5752801,87,66,-0.0563318,0.0693366,False
rs5752801,87,67,-0.0521506,0.0937966,False
rs5752801,87,68,-0.0604842,0.0533449,False
rs5752801,87,69,-0.0703554,0.0253265,False
rs5752801,87,70,-0.0589302,0.0623643,False
rs5752801,87,71,-0.0475652,0.13452,False
rs5752801,87,72,-0.0497655,0.118457,False
rs5752801,87,73,-0.0580138,0.06995,False
rs5752801,87,74,-0.0626702,0.0509367,False
rs5752801,87,75,-0.0522898,0.104455,False
rs5752801,87,76,-0.0498837,0.122364,False
rs5752801,87,77,-0.0597908,0.0649838,False
rs5752801,87,78,-0.0571082,0.0790121,False
rs5752801,87,79,-0.0650149,0.0460976,False
rs5752801,87,80,-0.0582749,0.0743748,False
rs5752801,87,81,-0.0542484,0.0977853,False
rs5752801,87,82,-0.0579473,0.0770111,False
rs5752801,87,83,-0.0498242,0.129483,False
rs5752801,87,84,-0.0583749,0.0756476,False
rs5752801,87,85,-0.0600965,0.0678379,False
rs5752801,87,86,-0.0601533,0.0676085,False
rs5752801,87,87,-0.0662845,0.0441578,False
rs5752801,87,88,-0.0707483,0.0318675,False
rs5752801,87,89,-0.0533912,0.105563,False
rs5752801,87,90,-0.0576938,0.0804751,False
rs5752801,87,91,-0.0628949,0.0564844,False
rs5752801,87,92,-0.0754542,0.022372,False
rs5752801,87,93,-0.0564292,0.0872488,False
rs5752801,87,94,-0.0605726,0.0661905,False
rs5752801,87,95,-0.0525542,0.111152,False
rs5752801,87,96,-0.056206,0.088538,False
rs5752801,87,97,-0.0492122,0.135372,False
rs5752801,87,98,-0.0488637,0.138003,False
rs5752801,87,99,-0.0545816,0.0975011,False
rs5752801,87,100,-0.0465794,0.15733,False
rs5752801,87,101,-0.0424228,0.197199,False
rs5752801,87,102,-0.0464643,0.158086,False
rs5752801,87,103,-0.0524531,0.111002,False
rs5752801,87,104,-0.0474111,0.149426,False
rs5752801,87,105,-0.0580976,0.0772282,False
rs5752801,87,106,-0.0540483,0.10039,False
rs5752801,87,107,-0.0520419,0.114051,False
rs5752801,87,108,-0.0480311,0.144435,False
rs5752801,87,109,-0.0502581,0.126492,False
rs5752801,87,110,-0.0493055,0.13393,False
rs5752801,87,111,-0.0487562,0.139266,False
rs5752801,87,112,-0.0548529,0.0960899,False
rs5752801,87,113,-0.0523554,0.112689,False
rs5752801,87,114,-0.0476301,0.149117,False
rs5752801,87,115,-0.0455451,0.168501,False
rs5752801,87,116,-0.0498741,0.132033,False
rs5752801,87,117,-0.0557424,0.0928837,False
rs5752801,87,118,-0.0486818,0.142347,False
rs5752801,87,119,-0.051277,0.122935,False
rs5752801,87,120,-0.0529815,0.111577,False
rs5752801,87,121,-0.0515534,0.121592,False
rs5752801,87,122,-0.0488968,0.142871,False
rs5752801,87,123,-0.0470731,0.158984,False
rs5752801,87,124,-0.0440349,0.18851,False
rs5752801,87,125,-0.0521625,0.119514,False
rs5752801,87,126,-0.0555077,0.0977556,False
rs5752801,87,127,-0.0506412,0.131255,False
rs5752801,87,128,-0.0496331,0.139348,False
rs5752801,87,129,-0.0514344,0.126173,False
rs5752801,87,130,-0.0508904,0.130294,False
rs5752801,87,131,-0.0529424,0.115879,False
rs5752801,87,132,-0.052556,0.118529,False
rs5752801,87,133,-0.0561585,0.0954764,False
rs5752801,87,134,-0.0561524,0.0952737,False
rs5752801,87,135,-0.0503379,0.135339,False
rs5752801,87,136,-0.0545683,0.105483,False
rs5752801,87,137,-0.0534674,0.112375,False
rs5752801,87,138,-0.0559537,0.0959068,False
rs5752801,87,139,-0.0544161,0.105858,False
rs5752801,87,140,-0.0539236,0.108864,False
rs5752801,87,141,-0.053232,0.113911,False
rs5752801,87,142,-0.0493388,0.142886,False
rs5752801,87,143,-0.0587323,0.0811932,False
rs5752801,87,144,-0.0581989,0.0842518,False
rs5752801,87,145,-0.056823,0.0923173,False
rs5752801,87,146,-0.0529351,0.117257,False
rs5752801,87,147,-0.058805,0.0823223,False
rs5752801,87,148,-0.0562879,0.0967209,False
rs5752801,87,149,-0.0558554,0.0995109,False
rs5752801,87,150,-0.0507839,0.134548,False
rs5752801,87,151,-0.0578205,0.0888885,False
rs5752801,87,152,-0.0574415,0.0914217,False
rs5752801,87,153,-0.052124,0.126845,False
rs5752801,87,154,-0.0545612,0.110533,False
rs5752801,87,155,-0.0585003,0.0880999,False
rs5752801,87,156,-0.0649258,0.0588578,False
rs5752801,87,157,-0.0672316,0.0510418,False
rs5752801,87,158,-0.0652636,0.0587371,False
rs5752801,87,159,-0.0624749,0.0706722,False
rs5752801,87,160,-0.0640482,0.0645542,False
rs5752801,87,161,-0.0676487,0.0513272,False
rs5752801,87,162,-0.0646976,0.0628608,False
rs5752801,87,163,-0.0605509,0.0825519,False
rs5752801,87,164,-0.059389,0.0893183,False
rs5752801,87,165,-0.0512395,0.143162,False
rs5752801,87,166,-0.056222,0.108736,False
rs5752801,87,167,-0.0565975,0.107291,False
rs5752801,87,168,-0.0533797,0.12896,False
rs5752801,87,169,-0.0498337,0.157478,False
rs5752801,87,170,-0.0561025,0.111866,False
rs5752801,87,171,-0.0627534,0.0754668,False
rs5752801,87,172,-0.0644846,0.0680724,False
rs5752801,87,173,-0.0606598,0.0863733,False
rs5752801,87,174,-0.0645934,0.0681456,False
rs5752801,87,175,-0.0596252,0.0922398,False
rs5752801,87,176,-0.0605445,0.0875575,False
rs5752801,87,177,-0.0588949,0.096287,False
rs5752801,87,178,-0.0680493,0.0546786,False
rs5752801,87,179,-0.0675942,0.0561194,False
rs5752801,87,180,-0.0618937,0.0800782,False
rs5752801,87,181,-0.0663598,0.0604763,False
rs5752801,87,182,-0.0649345,0.0662765,False
rs5752801,87,183,-0.072341,0.0402399,False
rs5752801,87,184,-0.0719454,0.041014,False
rs5752801,87,185,-0.0782405,0.0260292,False
rs5752801,87,186,-0.0704783,0.0443934,False
rs5752801,87,187,-0.0751893,0.0316827,False
rs5752801,87,188,-0.0764026,0.0283979,False
rs5752801,87,189,-0.0800961,0.0212921,False
rs5752801,87,190,-0.0677377,0.0508966,False
rs5752801,87,191,-0.07658,0.0269578,False
rs5752801,87,192,-0.0855521,0.0132417,False
rs5752801,87,193,-0.0785308,0.0228872,False
rs5752801,87,194,-0.0815051,0.0178478,False
rs5752801,87,195,-0.0917943,0.00752363,False
rs5752801,87,196,-0.0832328,0.015232,False
rs5752801,87,197,-0.0954861,0.00524194,False
rs5752801,87,198,-0.0903509,0.00806452,False
rs5752801,87,199,-0.0895641,0.00852894,False
rs5752801,87,200,-0.0920647,0.00671255,False
rs5752801,87,201,-0.09369,0.00577014,False
rs5752801,87,202,-0.0934011,0.00589713,False
rs5752801,87,203,-0.0997113,0.00325939,False
rs5752801,87,204,-0.0840994,0.0129635,False
rs5752801,87,205,-0.0841452,0.0128282,False
rs5752801,87,206,-0.0959019,0.00455178,False
rs5752801,87,207,-0.0878556,0.00942606,False
rs5752801,87,208,-0.0918521,0.00672698,False
rs5752801,87,209,-0.0911061,0.00715559,False
rs5752801,87,210,-0.0859276,0.0113404,False
rs5752801,87,211,-0.0885242,0.00919971,False
rs5752801,87,212,-0.0847661,0.012722,False
rs5752801,87,213,-0.0848165,0.0128716,False
rs5752801,87,214,-0.0950842,0.00543991,False
rs5752801,87,215,-0.101091,0.00323756,False
rs5752801,87,216,-0.0976968,0.00459038,False
rs5752801,87,217,-0.0976366,0.00475426,False
rs5752801,87,218,-0.0992625,0.00427335,False
rs5752801,87,219,-0.100349,0.00411462,False
rs5752801,87,220,-0.0977119,0.00551278,False
rs5752801,87,221,-0.100367,0.00461017,False
rs5752801,87,222,-0.110041,0.00209504,False
rs5752801,87,223,-0.106187,0.00311784,False
rs5752801,87,224,-0.114457,0.00158577,False
rs5752801,87,225,-0.123579,0.000717952,False
rs5752801,87,226,-0.122317,0.000926488,False
rs5752801,87,227,-0.120021,0.00129007,False
rs5752801,87,228,-0.125112,0.000882617,False
rs5752801,87,229,-0.138202,0.000279142,False
rs5752801,87,230,-0.133971,0.000497964,False
rs5752801,87,231,-0.130748,0.000777278,False
rs5752801,87,232,-0.135783,0.000564612,False
rs5752801,87,233,-0.145541,0.00025688,False
rs5752801,87,234,-0.152119,0.000166756,False
rs5752801,87,235,-0.152079,0.000200305,False
rs5752801,87,236,-0.1541,0.000199613,False
rs5752801,87,237,-0.155908,0.000202382,False
rs5752801,87,238,-0.162469,0.000133664,False
rs5752801,87,239,-0.162194,0.000165445,False
rs5752801,87,240,-0.162381,0.000200358,False
rs5752801,87,241,-0.168603,0.000137888,False
rs5752801,87,242,-0.174451,9.92926e-05,False
rs5752801,87,243,-0.182296,5.93387e-05,False
rs5752801,87,244,-0.183708,6.52675e-05,False
rs5752801,87,245,-0.185598,6.81145e-05,False
rs5752801,87,246,-0.190392,5.60685e-05,False
rs5752801,87,247,-0.185548,0.000106185,False
rs5752801,87,248,-0.194457,5.95484e-05,False
rs5752801,87,249,-0.198147,5.43494e-05,False
rs5752801,87,250,-0.205945,3.30888e-05,False
rs5752801,87,251,-0.206529,3.6604e-05,False
rs5752801,88,7,-0.0188452,0.484254,False
rs5752801,88,8,-0.0182923,0.493549,False
rs5752801,88,9,-0.0103808,0.694565,False
rs5752801,88,10,-0.0108823,0.677931,False
rs5752801,88,11,-0.0124222,0.633379,False
rs5752801,88,12,-0.0164016,0.525933,False
rs5752801,88,13,-0.0204517,0.42745,False
rs5752801,88,14,-0.0207978,0.417908,False
rs5752801,88,15,-0.0182663,0.47571,False
rs5752801,88,16,-0.0227071,0.373825,False
rs5752801,88,17,-0.0199117,0.435032,False
rs5752801,88,18,-0.0223466,0.381111,False
rs5752801,88,19,-0.0266092,0.296511,False
rs5752801,88,20,-0.0282034,0.268926,False
rs5752801,88,21,-0.0227639,0.371865,False
rs5752801,88,22,-0.033921,0.184483,False
rs5752801,88,23,-0.0327786,0.200985,False
rs5752801,88,24,-0.0336408,0.188563,False
rs5752801,88,25,-0.0302923,0.237954,False
rs5752801,88,26,-0.0399861,0.120534,False
rs5752801,88,27,-0.0391692,0.129203,False
rs5752801,88,28,-0.0440986,0.0879787,False
rs5752801,88,29,-0.0410193,0.113485,False
rs5752801,88,30,-0.0489962,0.0598816,False
rs5752801,88,31,-0.0375654,0.149882,False
rs5752801,88,32,-0.051024,0.0511572,False
rs5752801,88,33,-0.050971,0.0521675,False
rs5752801,88,34,-0.0588681,0.025316,False
rs5752801,88,35,-0.0557049,0.0352409,False
rs5752801,88,36,-0.0467968,0.0776617,False
rs5752801,88,37,-0.0476847,0.0731662,False
rs5752801,88,38,-0.054573,0.0413127,False
rs5752801,88,39,-0.0447367,0.0958105,False
rs5752801,88,40,-0.0498828,0.064194,False
rs5752801,88,41,-0.0541107,0.0459437,False
rs5752801,88,42,-0.0471202,0.0834894,False
rs5752801,88,43,-0.0533156,0.0513477,False
rs5752801,88,44,-0.0442135,0.107946,False
rs5752801,88,45,-0.0465077,0.0920666,False
rs5752801,88,46,-0.0485612,0.0797528,False
rs5752801,88,47,-0.0521413,0.0616032,False
rs5752801,88,48,-0.0577597,0.0397443,False
rs5752801,88,49,-0.0634718,0.0242805,False
rs5752801,88,50,-0.0507741,0.0732576,False
rs5752801,88,51,-0.0486895,0.0878506,False
rs5752801,88,52,-0.052479,0.0670395,False
rs5752801,88,53,-0.0599412,0.0375827,False
rs5752801,88,54,-0.0567804,0.0499148,False
rs5752801,88,55,-0.0609122,0.0367215,False
rs5752801,88,56,-0.0655996,0.0249916,False
rs5752801,88,57,-0.05538,0.0596223,False
rs5752801,88,58,-0.0516292,0.0810961,False
rs5752801,88,59,-0.0652895,0.0283469,False
rs5752801,88,60,-0.0552436,0.0646807,False
rs5752801,88,61,-0.0642182,0.0326561,False
rs5752801,88,62,-0.061937,0.0406433,False
rs5752801,88,63,-0.0623447,0.0404774,False
rs5752801,88,64,-0.0510009,0.0956497,False
rs5752801,88,65,-0.0593489,0.0536502,False
rs5752801,88,66,-0.0555729,0.0717777,False
rs5752801,88,67,-0.061231,0.0484956,False
rs5752801,88,68,-0.0609894,0.0504924,False
rs5752801,88,69,-0.0594319,0.0582837,False
rs5752801,88,70,-0.0493052,0.11765,False
rs5752801,88,71,-0.0584437,0.0648667,False
rs5752801,88,72,-0.0691072,0.0297789,False
rs5752801,88,73,-0.0608206,0.0569335,False
rs5752801,88,74,-0.0619722,0.0532387,False
rs5752801,88,75,-0.0472607,0.141455,False
rs5752801,88,76,-0.0622332,0.0539334,False
rs5752801,88,77,-0.0673314,0.0376856,False
rs5752801,88,78,-0.0651445,0.0449321,False
rs5752801,88,79,-0.0591815,0.0693118,False
rs5752801,88,80,-0.0546444,0.0947083,False
rs5752801,88,81,-0.0520385,0.112032,False
rs5752801,88,82,-0.0573672,0.0805242,False
rs5752801,88,83,-0.0539659,0.10066,False
rs5752801,88,84,-0.0450954,0.171088,False
rs5752801,88,85,-0.0590595,0.0735527,False
rs5752801,88,86,-0.0455035,0.168444,False
rs5752801,88,87,-0.0568607,0.0856137,False
rs5752801,88,88,-0.0526178,0.112194,False
rs5752801,88,89,-0.0490271,0.139557,False
rs5752801,88,90,-0.0576086,0.0822787,False
rs5752801,88,91,-0.0577333,0.0815456,False
rs5752801,88,92,-0.0491457,0.138595,False
rs5752801,88,93,-0.0534129,0.107885,False
rs5752801,88,94,-0.0495604,0.135321,False
rs5752801,88,95,-0.0497902,0.134049,False
rs5752801,88,96,-0.0442809,0.18219,False
rs5752801,88,97,-0.046138,0.164845,False
rs5752801,88,98,-0.0404048,0.223694,False
rs5752801,88,99,-0.0331376,0.31846,False
rs5752801,88,100,-0.0425925,0.200229,False
rs5752801,88,101,-0.0563604,0.0896257,False
rs5752801,88,102,-0.0462588,0.163757,False
rs5752801,88,103,-0.0435091,0.189978,False
rs5752801,88,104,-0.0361062,0.277465,False
rs5752801,88,105,-0.0387571,0.243303,False
rs5752801,88,106,-0.0484739,0.144794,False
rs5752801,88,107,-0.042382,0.202188,False
rs5752801,88,108,-0.0473882,0.153981,False
rs5752801,88,109,-0.0549232,0.0983681,False
rs5752801,88,110,-0.0478295,0.150298,False
rs5752801,88,111,-0.0429758,0.196695,False
rs5752801,88,112,-0.0389472,0.242215,False
rs5752801,88,113,-0.0396013,0.234693,False
rs5752801,88,114,-0.0403434,0.227055,False
rs5752801,88,115,-0.0424971,0.202999,False
rs5752801,88,116,-0.0433463,0.194552,False
rs5752801,88,117,-0.0332454,0.320504,False
rs5752801,88,118,-0.0368998,0.270509,False
rs5752801,88,119,-0.0391143,0.243444,False
rs5752801,88,120,-0.0443362,0.187397,False
rs5752801,88,121,-0.0373064,0.268188,False
rs5752801,88,122,-0.0392556,0.244555,False
rs5752801,88,123,-0.0340575,0.312697,False
rs5752801,88,124,-0.0381207,0.258665,False
rs5752801,88,125,-0.0370383,0.272538,False
rs5752801,88,126,-0.0400951,0.235731,False
rs5752801,88,127,-0.0350681,0.299825,False
rs5752801,88,128,-0.0321396,0.342418,False
rs5752801,88,129,-0.0346467,0.30635,False
rs5752801,88,130,-0.0420541,0.214668,False
rs5752801,88,131,-0.0506069,0.135533,False
rs5752801,88,132,-0.0452377,0.182493,False
rs5752801,88,133,-0.0484633,0.153087,False
rs5752801,88,134,-0.0419405,0.216754,False
rs5752801,88,135,-0.0419452,0.216801,False
rs5752801,88,136,-0.0415091,0.221425,False
rs5752801,88,137,-0.0487193,0.15149,False
rs5752801,88,138,-0.046138,0.174103,False
rs5752801,88,139,-0.0447274,0.188252,False
rs5752801,88,140,-0.0506433,0.13582,False
rs5752801,88,141,-0.0556413,0.10143,False
rs5752801,88,142,-0.0501139,0.140332,False
rs5752801,88,143,-0.0476695,0.161234,False
rs5752801,88,144,-0.0481418,0.157244,False
rs5752801,88,145,-0.0534784,0.116816,False
rs5752801,88,146,-0.0508499,0.135996,False
rs5752801,88,147,-0.0431593,0.206749,False
rs5752801,88,148,-0.0383469,0.262675,False
rs5752801,88,149,-0.04618,0.177163,False
rs5752801,88,150,-0.0532026,0.120435,False
rs5752801,88,151,-0.0497046,0.14801,False
rs5752801,88,152,-0.0466857,0.175413,False
rs5752801,88,153,-0.0462788,0.179642,False
rs5752801,88,154,-0.0510116,0.139278,False
rs5752801,88,155,-0.0523106,0.130615,False
rs5752801,88,156,-0.0514875,0.137769,False
rs5752801,88,157,-0.0525452,0.130461,False
rs5752801,88,158,-0.0504038,0.147841,False
rs5752801,88,159,-0.0527705,0.13052,False
rs5752801,88,160,-0.045899,0.188793,False
rs5752801,88,161,-0.0474978,0.175274,False
rs5752801,88,162,-0.0493581,0.159422,False
rs5752801,88,163,-0.0541879,0.122792,False
rs5752801,88,164,-0.0555267,0.114498,False
rs5752801,88,165,-0.0614079,0.0816868,False
rs5752801,88,166,-0.0571432,0.105506,False
rs5752801,88,167,-0.0598001,0.0905493,False
rs5752801,88,168,-0.0689174,0.0514385,False
rs5752801,88,169,-0.0686763,0.0526496,False
rs5752801,88,170,-0.0659465,0.0628149,False
rs5752801,88,171,-0.0684175,0.0536765,False
rs5752801,88,172,-0.0641193,0.0709085,False
rs5752801,88,173,-0.0670483,0.0588457,False
rs5752801,88,174,-0.0733209,0.0387347,False
rs5752801,88,175,-0.0750119,0.0343472,False
rs5752801,88,176,-0.077983,0.0278678,False
rs5752801,88,177,-0.0706472,0.0464512,False
rs5752801,88,178,-0.0660713,0.0622648,False
rs5752801,88,179,-0.0668946,0.0589769,False
rs5752801,88,180,-0.075622,0.0326092,False
rs5752801,88,181,-0.0738221,0.0368618,False
rs5752801,88,182,-0.076276,0.0308069,False
rs5752801,88,183,-0.0777351,0.0275561,False
rs5752801,88,184,-0.0695579,0.0480817,False
rs5752801,88,185,-0.0765701,0.029195,False
rs5752801,88,186,-0.0785492,0.0249788,False
rs5752801,88,187,-0.0764369,0.0288682,False
rs5752801,88,188,-0.0741463,0.0336048,False
rs5752801,88,189,-0.0751733,0.0306735,False
rs5752801,88,190,-0.0686486,0.0478278,False
rs5752801,88,191,-0.0773343,0.0254455,False
rs5752801,88,192,-0.0801418,0.0203944,False
rs5752801,88,193,-0.0777271,0.0242562,False
rs5752801,88,194,-0.0814671,0.0179111,False
rs5752801,88,195,-0.090529,0.00832527,False
rs5752801,88,196,-0.0907062,0.00804361,False
rs5752801,88,197,-0.0862564,0.0116196,False
rs5752801,88,198,-0.0976721,0.00416907,False
rs5752801,88,199,-0.0914435,0.00722856,False
rs5752801,88,200,-0.087928,0.00975019,False
rs5752801,88,201,-0.0915016,0.00708741,False
rs5752801,88,202,-0.0919394,0.00673945,False
rs5752801,88,203,-0.0908864,0.00729829,False
rs5752801,88,204,-0.0930889,0.00598595,False
rs5752801,88,205,-0.100172,0.00307342,False
rs5752801,88,206,-0.0943976,0.00531678,False
rs5752801,88,207,-0.0930256,0.00604277,False
rs5752801,88,208,-0.0890665,0.00866099,False
rs5752801,88,209,-0.0846721,0.0124697,False
rs5752801,88,210,-0.0889213,0.00887388,False
rs5752801,88,211,-0.0883537,0.00944954,False
rs5752801,88,212,-0.0897788,0.00851685,False
rs5752801,88,213,-0.0904362,0.00824434,False
rs5752801,88,214,-0.0878966,0.0105423,False
rs5752801,88,215,-0.0941419,0.00631706,False
rs5752801,88,216,-0.100977,0.00353725,False
rs5752801,88,217,-0.0983524,0.00472979,False
rs5752801,88,218,-0.0936022,0.00745302,False
rs5752801,88,219,-0.0960804,0.00636482,False
rs5752801,88,220,-0.103881,0.00340475,False
rs5752801,88,221,-0.100231,0.00500924,False
rs5752801,88,222,-0.111631,0.00191302,False
rs5752801,88,223,-0.109833,0.00247042,False
rs5752801,88,224,-0.102398,0.00513566,False
rs5752801,88,225,-0.111855,0.00243297,False
rs5752801,88,226,-0.115346,0.00198718,False
rs5752801,88,227,-0.12094,0.00130371,False
rs5752801,88,228,-0.117137,0.00208057,False
rs5752801,88,229,-0.133204,0.000533257,False
rs5752801,88,230,-0.133584,0.000601138,False
rs5752801,88,231,-0.130409,0.000923869,False
rs5752801,88,232,-0.138371,0.000512768,False
rs5752801,88,233,-0.147548,0.000257222,False
rs5752801,88,234,-0.143763,0.000432314,False
rs5752801,88,235,-0.148656,0.000331763,False
rs5752801,88,236,-0.1533,0.000253504,False
rs5752801,88,237,-0.160644,0.000156322,False
rs5752801,88,238,-0.157862,0.000237675,False
rs5752801,88,239,-0.163803,0.000168988,False
rs5752801,88,240,-0.168818,0.000131067,False
rs5752801,88,241,-0.177223,7.51107e-05,False
rs5752801,88,242,-0.18026,6.68115e-05,False
rs5752801,88,243,-0.179752,8.89696e-05,False
rs5752801,88,244,-0.188832,4.82031e-05,False
rs5752801,88,245,-0.187102,6.88914e-05,False
rs5752801,88,246,-0.190462,6.16054e-05,False
rs5752801,88,247,-0.191571,6.99718e-05,False
rs5752801,88,248,-0.204049,2.79842e-05,False
rs5752801,88,249,-0.194613,7.84224e-05,False
rs5752801,88,250,-0.202075,4.89319e-05,False
rs5752801,88,251,-0.210496,2.72924e-05,False
rs5752801,89,7,-0.00164822,0.95144,False
rs5752801,89,8,0.0136174,0.612146,False
rs5752801,89,9,0.00285723,0.914321,False
rs5752801,89,10,-0.00157307,0.952408,False
rs5752801,89,11,0.000608815,0.981377,False
rs5752801,89,12,-0.0142648,0.582171,False
rs5752801,89,13,-0.00478046,0.852798,False
rs5752801,89,14,-0.00621152,0.808995,False
rs5752801,89,15,-0.00841655,0.741937,False
rs5752801,89,16,-0.0129712,0.610018,False
rs5752801,89,17,-0.0179689,0.480918,False
rs5752801,89,18,-0.0205496,0.419717,False
rs5752801,89,19,-0.0333496,0.189581,False
rs5752801,89,20,-0.0312225,0.219913,False
rs5752801,89,21,-0.0286663,0.25897,False
rs5752801,89,22,-0.0247849,0.331408,False
rs5752801,89,23,-0.0330602,0.195217,False
rs5752801,89,24,-0.0248162,0.331542,False
rs5752801,89,25,-0.0319226,0.212361,False
rs5752801,89,26,-0.0388753,0.129962,False
rs5752801,89,27,-0.0367626,0.153429,False
rs5752801,89,28,-0.0411806,0.110513,False
rs5752801,89,29,-0.0428884,0.0974721,False
rs5752801,89,30,-0.0427969,0.0986918,False
rs5752801,89,31,-0.0513762,0.0483685,False
rs5752801,89,32,-0.0486893,0.0622859,False
rs5752801,89,33,-0.0537425,0.0406046,False
rs5752801,89,34,-0.0430462,0.102177,False
rs5752801,89,35,-0.0470719,0.0749758,False
rs5752801,89,36,-0.0469316,0.0768535,False
rs5752801,89,37,-0.044246,0.0970078,False
rs5752801,89,38,-0.0493719,0.0650629,False
rs5752801,89,39,-0.048762,0.0696855,False
rs5752801,89,40,-0.0481893,0.0734388,False
rs5752801,89,41,-0.0603872,0.0256891,False
rs5752801,89,42,-0.0544407,0.0452954,False
rs5752801,89,43,-0.0519381,0.0575192,False
rs5752801,89,44,-0.0462606,0.0918293,False
rs5752801,89,45,-0.0494812,0.0723515,False
rs5752801,89,46,-0.0469587,0.0896868,False
rs5752801,89,47,-0.0480852,0.0842318,False
rs5752801,89,48,-0.0555846,0.0469915,False
rs5752801,89,49,-0.0573078,0.041552,False
rs5752801,89,50,-0.0643208,0.0226942,False
rs5752801,89,51,-0.0618157,0.0294468,False
rs5752801,89,52,-0.0617199,0.0308319,False
rs5752801,89,53,-0.0690755,0.016125,False
rs5752801,89,54,-0.0686215,0.0175185,False
rs5752801,89,55,-0.0577474,0.0469731,False
rs5752801,89,56,-0.0517768,0.0761426,False
rs5752801,89,57,-0.0546072,0.0629809,False
rs5752801,89,58,-0.0639442,0.0305937,False
rs5752801,89,59,-0.0531943,0.0734325,False
rs5752801,89,60,-0.0581181,0.05171,False
rs5752801,89,61,-0.0673131,0.0250467,False
rs5752801,89,62,-0.0594449,0.0488008,False
rs5752801,89,63,-0.0591469,0.0513511,False
rs5752801,89,64,-0.0580062,0.0573731,False
rs5752801,89,65,-0.0540174,0.0783659,False
rs5752801,89,66,-0.0507131,0.100203,False
rs5752801,89,67,-0.0605337,0.0509802,False
rs5752801,89,68,-0.0529558,0.0889655,False
rs5752801,89,69,-0.052166,0.0955216,False
rs5752801,89,70,-0.0555044,0.0776943,False
rs5752801,89,71,-0.0535412,0.0904883,False
rs5752801,89,72,-0.0503761,0.112288,False
rs5752801,89,73,-0.0491336,0.122944,False
rs5752801,89,74,-0.0534527,0.0951985,False
rs5752801,89,75,-0.0641741,0.046283,False
rs5752801,89,76,-0.0612142,0.0581575,False
rs5752801,89,77,-0.0581854,0.0727246,False
rs5752801,89,78,-0.057894,0.074865,False
rs5752801,89,79,-0.050853,0.118893,False
rs5752801,89,80,-0.0446472,0.172466,False
rs5752801,89,81,-0.0487198,0.137563,False
rs5752801,89,82,-0.058205,0.076815,False
rs5752801,89,83,-0.0654808,0.0471101,False
rs5752801,89,84,-0.0612559,0.0631201,False
rs5752801,89,85,-0.052043,0.115318,False
rs5752801,89,86,-0.0487921,0.140498,False
rs5752801,89,87,-0.0588887,0.0756392,False
rs5752801,89,88,-0.065627,0.0481496,False
rs5752801,89,89,-0.0617701,0.0630511,False
rs5752801,89,90,-0.0632153,0.0574533,False
rs5752801,89,91,-0.0530908,0.110655,False
rs5752801,89,92,-0.0494756,0.137433,False
rs5752801,89,93,-0.0544076,0.102772,False
rs5752801,89,94,-0.0631672,0.0582459,False
rs5752801,89,95,-0.0452307,0.175094,False
rs5752801,89,96,-0.046907,0.159663,False
rs5752801,89,97,-0.0494717,0.138489,False
rs5752801,89,98,-0.0470408,0.159304,False
rs5752801,89,99,-0.0512965,0.124771,False
rs5752801,89,100,-0.0523255,0.117688,False
rs5752801,89,101,-0.0560584,0.0937726,False
rs5752801,89,102,-0.0568434,0.0888536,False
rs5752801,89,103,-0.0565868,0.0904976,False
rs5752801,89,104,-0.051202,0.12594,False
rs5752801,89,105,-0.0514358,0.124533,False
rs5752801,89,106,-0.0517854,0.122144,False
rs5752801,89,107,-0.0577239,0.0850865,False
rs5752801,89,108,-0.0560667,0.0941471,False
rs5752801,89,109,-0.0503545,0.132641,False
rs5752801,89,110,-0.0437412,0.191674,False
rs5752801,89,111,-0.0492534,0.141957,False
rs5752801,89,112,-0.0499836,0.136402,False
rs5752801,89,113,-0.0572593,0.088439,False
rs5752801,89,114,-0.0482649,0.151267,False
rs5752801,89,115,-0.0457053,0.174593,False
rs5752801,89,116,-0.0480902,0.153062,False
rs5752801,89,117,-0.0424173,0.208114,False
rs5752801,89,118,-0.0365999,0.277993,False
rs5752801,89,119,-0.0401863,0.234324,False
rs5752801,89,120,-0.0433701,0.19945,False
rs5752801,89,121,-0.045522,0.178819,False
rs5752801,89,122,-0.0476077,0.160191,False
rs5752801,89,123,-0.0403515,0.234439,False
rs5752801,89,124,-0.0370533,0.275625,False
rs5752801,89,125,-0.0348294,0.306338,False
rs5752801,89,126,-0.0453722,0.182703,False
rs5752801,89,127,-0.0470132,0.167484,False
rs5752801,89,128,-0.0423752,0.213906,False
rs5752801,89,129,-0.039301,0.24953,False
rs5752801,89,130,-0.0391232,0.252877,False
rs5752801,89,131,-0.0374972,0.27302,False
rs5752801,89,132,-0.0403257,0.238731,False
rs5752801,89,133,-0.0332715,0.330975,False
rs5752801,89,134,-0.0413112,0.227152,False
rs5752801,89,135,-0.0454505,0.183591,False
rs5752801,89,136,-0.048009,0.160782,False
rs5752801,89,137,-0.0464577,0.174761,False
rs5752801,89,138,-0.0527287,0.123823,False
rs5752801,89,139,-0.058611,0.0872563,False
rs5752801,89,140,-0.0536434,0.117546,False
rs5752801,89,141,-0.0446192,0.19272,False
rs5752801,89,142,-0.0504417,0.141279,False
rs5752801,89,143,-0.0513696,0.134516,False
rs5752801,89,144,-0.0557843,0.104461,False
rs5752801,89,145,-0.0553101,0.107811,False
rs5752801,89,146,-0.0491317,0.153782,False
rs5752801,89,147,-0.0477202,0.166102,False
rs5752801,89,148,-0.0511589,0.138582,False
rs5752801,89,149,-0.0494598,0.152267,False
rs5752801,89,150,-0.0481694,0.164399,False
rs5752801,89,151,-0.0329171,0.342142,False
rs5752801,89,152,-0.0383933,0.268566,False
rs5752801,89,153,-0.0425271,0.221339,False
rs5752801,89,154,-0.0474484,0.172841,False
rs5752801,89,155,-0.0478572,0.170247,False
rs5752801,89,156,-0.0453025,0.194778,False
rs5752801,89,157,-0.039528,0.258659,False
rs5752801,89,158,-0.0412111,0.239584,False
rs5752801,89,159,-0.0404114,0.249671,False
rs5752801,89,160,-0.0554411,0.114694,False
rs5752801,89,161,-0.052311,0.137396,False
rs5752801,89,162,-0.0511779,0.146722,False
rs5752801,89,163,-0.0410859,0.244529,False
rs5752801,89,164,-0.0456223,0.19716,False
rs5752801,89,165,-0.0487716,0.167688,False
rs5752801,89,166,-0.0477052,0.177752,False
rs5752801,89,167,-0.0466112,0.188171,False
rs5752801,89,168,-0.0384145,0.278285,False
rs5752801,89,169,-0.0473854,0.181463,False
rs5752801,89,170,-0.0513479,0.147946,False
rs5752801,89,171,-0.0523179,0.140235,False
rs5752801,89,172,-0.0586913,0.0982366,False
rs5752801,89,173,-0.0559655,0.114592,False
rs5752801,89,174,-0.055239,0.119191,False
rs5752801,89,175,-0.0602401,0.0893114,False
rs5752801,89,176,-0.0722827,0.0415751,False
rs5752801,89,177,-0.0738934,0.0369234,False
rs5752801,89,178,-0.0746157,0.0350963,False
rs5752801,89,179,-0.0646649,0.0674989,False
rs5752801,89,180,-0.0616779,0.0805169,False
rs5752801,89,181,-0.0635806,0.0714264,False
rs5752801,89,182,-0.0573358,0.103777,False
rs5752801,89,183,-0.0584459,0.0964869,False
rs5752801,89,184,-0.0623294,0.0758002,False
rs5752801,89,185,-0.0612936,0.0798724,False
rs5752801,89,186,-0.0709526,0.0423652,False
rs5752801,89,187,-0.070881,0.0419204,False
rs5752801,89,188,-0.0674101,0.0521674,False
rs5752801,89,189,-0.074226,0.0320975,False
rs5752801,89,190,-0.0752103,0.0296978,False
rs5752801,89,191,-0.0789973,0.0220455,False
rs5752801,89,192,-0.082408,0.0166266,False
rs5752801,89,193,-0.0838464,0.0144552,False
rs5752801,89,194,-0.0713265,0.0372808,False
rs5752801,89,195,-0.070155,0.0398864,False
rs5752801,89,196,-0.0694602,0.0414525,False
rs5752801,89,197,-0.0740976,0.0292397,False
rs5752801,89,198,-0.0766441,0.0239091,False
rs5752801,89,199,-0.0745127,0.0281232,False
rs5752801,89,200,-0.0785028,0.0203474,False
rs5752801,89,201,-0.081865,0.0154693,False
rs5752801,89,202,-0.0760156,0.0245257,False
rs5752801,89,203,-0.0791178,0.0192386,False
rs5752801,89,204,-0.0886541,0.00876633,False
rs5752801,89,205,-0.0911473,0.00702954,False
rs5752801,89,206,-0.0855516,0.0114476,False
rs5752801,89,207,-0.0810455,0.0166249,False
rs5752801,89,208,-0.0862857,0.0109102,False
rs5752801,89,209,-0.089678,0.00824499,False
rs5752801,89,210,-0.0968862,0.00441003,False
rs5752801,89,211,-0.0965149,0.00464434,False
rs5752801,89,212,-0.0989093,0.00382882,False
rs5752801,89,213,-0.102332,0.00292198,False
rs5752801,89,214,-0.0978003,0.00463294,False
rs5752801,89,215,-0.104256,0.00266873,False
rs5752801,89,216,-0.105835,0.00237297,False
rs5752801,89,217,-0.0983186,0.00498224,False
rs5752801,89,218,-0.0998215,0.00464834,False
rs5752801,89,219,-0.106919,0.00258903,False
rs5752801,89,220,-0.117357,0.00102543,False
rs5752801,89,221,-0.102065,0.00461814,False
rs5752801,89,222,-0.102659,0.00470883,False
rs5752801,89,223,-0.110613,0.00256178,False
rs5752801,89,224,-0.115993,0.0017255,False
rs5752801,89,225,-0.119533,0.00136816,False
rs5752801,89,226,-0.116142,0.00207978,False
rs5752801,89,227,-0.125039,0.00102628,False
rs5752801,89,228,-0.126612,0.00100347,False
rs5752801,89,229,-0.133912,0.000583877,False
rs5752801,89,230,-0.132583,0.000767959,False
rs5752801,89,231,-0.129837,0.00113703,False
rs5752801,89,232,-0.143866,0.000360932,False
rs5752801,89,233,-0.142258,0.000492936,False
rs5752801,89,234,-0.143056,0.000540519,False
rs5752801,89,235,-0.153423,0.000251344,False
rs5752801,89,236,-0.158999,0.000177874,False
rs5752801,89,237,-0.156753,0.000260756,False
rs5752801,89,238,-0.169252,9.93556e-05,False
rs5752801,89,239,-0.167984,0.000138456,False
rs5752801,89,240,-0.16863,0.000161051,False
rs5752801,89,241,-0.171508,0.000147514,False
rs5752801,89,242,-0.187194,4.36288e-05,False
rs5752801,89,243,-0.179389,0.000107276,False
rs5752801,89,244,-0.191812,4.26127e-05,False
rs5752801,89,245,-0.197254,3.20768e-05,False
rs5752801,89,246,-0.201835,2.54896e-05,False
rs5752801,89,247,-0.198531,4.23191e-05,False
rs5752801,89,248,-0.203054,3.36021e-05,False
rs5752801,89,249,-0.20288,4.13771e-05,False
rs5752801,89,250,-0.210309,2.58404e-05,False
rs5752801,89,251,-0.205265,4.56561e-05,False
rs5752801,90,7,-0.00373215,0.889188,False
rs5752801,90,8,0.00344741,0.896531,False
rs5752801,90,9,-0.00549747,0.834595,False
rs5752801,90,10,-0.00197884,0.93964,False
rs5752801,90,11,-0.00815417,0.75388,False
rs5752801,90,12,-0.00387264,0.880806,False
rs5752801,90,13,0.000964359,0.970009,False
rs5752801,90,14,-0.0100228,0.694801,False
rs5752801,90,15,-0.0138309,0.587829,False
rs5752801,90,16,-0.0138319,0.58742,False
rs5752801,90,17,-0.0195934,0.440355,False
rs5752801,90,18,-0.0223726,0.378685,False
rs5752801,90,19,-0.029143,0.251474,False
rs5752801,90,20,-0.0180295,0.478333,False
rs5752801,90,21,-0.0263516,0.301379,False
rs5752801,90,22,-0.028844,0.258485,False
rs5752801,90,23,-0.023632,0.35379,False
rs5752801,90,24,-0.0350637,0.169578,False
rs5752801,90,25,-0.0316367,0.215773,False
rs5752801,90,26,-0.0208091,0.415113,False
rs5752801,90,27,-0.0258829,0.313055,False
rs5752801,90,28,-0.0299097,0.244207,False
rs5752801,90,29,-0.0411163,0.110291,False
rs5752801,90,30,-0.0459596,0.0750811,False
rs5752801,90,31,-0.0437244,0.0909924,False
rs5752801,90,32,-0.038703,0.136075,False
rs5752801,90,33,-0.0389604,0.134473,False
rs5752801,90,34,-0.0387913,0.137805,False
rs5752801,90,35,-0.0428751,0.102141,False
rs5752801,90,36,-0.0337828,0.199468,False
rs5752801,90,37,-0.0328025,0.214381,False
rs5752801,90,38,-0.0346855,0.191147,False
rs5752801,90,39,-0.0478618,0.0723792,False
rs5752801,90,40,-0.0463353,0.0830885,False
rs5752801,90,41,-0.0521566,0.052501,False
rs5752801,90,42,-0.0626847,0.0202447,False
rs5752801,90,43,-0.0594532,0.0283616,False
rs5752801,90,44,-0.0597021,0.0284024,False
rs5752801,90,45,-0.0614244,0.0248724,False
rs5752801,90,46,-0.0686202,0.0126585,False
rs5752801,90,47,-0.0706049,0.0105964,False
rs5752801,90,48,-0.0624081,0.0247341,False
rs5752801,90,49,-0.0703967,0.0116699,False
rs5752801,90,50,-0.0774256,0.0058078,False
rs5752801,90,51,-0.0643046,0.0226495,False
rs5752801,90,52,-0.07455,0.00867215,False
rs5752801,90,53,-0.0672375,0.0186786,False
rs5752801,90,54,-0.0606176,0.0350121,False
rs5752801,90,55,-0.0629038,0.0293568,False
rs5752801,90,56,-0.0628027,0.0304991,False
rs5752801,90,57,-0.0640105,0.0283098,False
rs5752801,90,58,-0.0558587,0.0573151,False
rs5752801,90,59,-0.0620984,0.0356135,False
rs5752801,90,60,-0.0580637,0.050289,False
rs5752801,90,61,-0.0611897,0.0398954,False
rs5752801,90,62,-0.0553615,0.0646134,False
rs5752801,90,63,-0.0585995,0.0519248,False
rs5752801,90,64,-0.0530102,0.0806302,False
rs5752801,90,65,-0.0561466,0.065347,False
rs5752801,90,66,-0.0507045,0.0978324,False
rs5752801,90,67,-0.0563117,0.0675391,False
rs5752801,90,68,-0.0507775,0.101008,False
rs5752801,90,69,-0.0465518,0.134341,False
rs5752801,90,70,-0.0506091,0.105626,False
rs5752801,90,71,-0.0514452,0.101294,False
rs5752801,90,72,-0.0472638,0.134194,False
rs5752801,90,73,-0.0504151,0.112341,False
rs5752801,90,74,-0.0464746,0.145272,False
rs5752801,90,75,-0.0460104,0.151129,False
rs5752801,90,76,-0.0490249,0.127756,False
rs5752801,90,77,-0.0616999,0.0559965,False
rs5752801,90,78,-0.0517216,0.110165,False
rs5752801,90,79,-0.0572642,0.0783225,False
rs5752801,90,80,-0.0558407,0.0867023,False
rs5752801,90,81,-0.0487235,0.136714,False
rs5752801,90,82,-0.0508831,0.12123,False
rs5752801,90,83,-0.0556538,0.0911093,False
rs5752801,90,84,-0.0606375,0.0658591,False
rs5752801,90,85,-0.0505658,0.12602,False
rs5752801,90,86,-0.052773,0.111235,False
rs5752801,90,87,-0.0538028,0.105398,False
rs5752801,90,88,-0.05684,0.0875911,False
rs5752801,90,89,-0.0465918,0.161891,False
rs5752801,90,90,-0.0496851,0.136164,False
rs5752801,90,91,-0.0541908,0.104484,False
rs5752801,90,92,-0.0498364,0.136201,False
rs5752801,90,93,-0.0541335,0.105879,False
rs5752801,90,94,-0.0558489,0.0955816,False
rs5752801,90,95,-0.0642335,0.0552908,False
rs5752801,90,96,-0.0604262,0.0720893,False
rs5752801,90,97,-0.0520632,0.121395,False
rs5752801,90,98,-0.0513782,0.126522,False
rs5752801,90,99,-0.0520766,0.121026,False
rs5752801,90,100,-0.049493,0.141827,False
rs5752801,90,101,-0.0605069,0.0726314,False
rs5752801,90,102,-0.0683218,0.0426376,False
rs5752801,90,103,-0.068681,0.0415765,False
rs5752801,90,104,-0.0605093,0.0727798,False
rs5752801,90,105,-0.0646581,0.0554521,False
rs5752801,90,106,-0.0653573,0.0529075,False
rs5752801,90,107,-0.0611418,0.0701423,False
rs5752801,90,108,-0.0534159,0.113598,False
rs5752801,90,109,-0.0562713,0.0955565,False
rs5752801,90,110,-0.0624283,0.0645482,False
rs5752801,90,111,-0.0630994,0.06191,False
rs5752801,90,112,-0.0690555,0.0415382,False
rs5752801,90,113,-0.0661594,0.0508749,False
rs5752801,90,114,-0.0604737,0.0746548,False
rs5752801,90,115,-0.0603858,0.075223,False
rs5752801,90,116,-0.0596924,0.0790899,False
rs5752801,90,117,-0.048752,0.152369,False
rs5752801,90,118,-0.0556247,0.102743,False
rs5752801,90,119,-0.0621942,0.0684204,False
rs5752801,90,120,-0.0615455,0.0716137,False
rs5752801,90,121,-0.0575445,0.0922105,False
rs5752801,90,122,-0.0555982,0.103727,False
rs5752801,90,123,-0.0548797,0.108885,False
rs5752801,90,124,-0.0493987,0.148894,False
rs5752801,90,125,-0.057467,0.0934463,False
rs5752801,90,126,-0.0491022,0.152148,False
rs5752801,90,127,-0.059739,0.0821529,False
rs5752801,90,128,-0.0589809,0.0867867,False
rs5752801,90,129,-0.0560772,0.103166,False
rs5752801,90,130,-0.0529919,0.124151,False
rs5752801,90,131,-0.050772,0.140853,False
rs5752801,90,132,-0.058232,0.0909585,False
rs5752801,90,133,-0.0565579,0.100592,False
rs5752801,90,134,-0.0526705,0.126479,False
rs5752801,90,135,-0.059548,0.0837666,False
rs5752801,90,136,-0.0613384,0.0751306,False
rs5752801,90,137,-0.0547342,0.113214,False
rs5752801,90,138,-0.0558558,0.106254,False
rs5752801,90,139,-0.0494833,0.152415,False
rs5752801,90,140,-0.0541888,0.117187,False
rs5752801,90,141,-0.0559234,0.106231,False
rs5752801,90,142,-0.0556244,0.10804,False
rs5752801,90,143,-0.0543688,0.116407,False
rs5752801,90,144,-0.0564548,0.10331,False
rs5752801,90,145,-0.0464024,0.181338,False
rs5752801,90,146,-0.0457709,0.188146,False
rs5752801,90,147,-0.0556398,0.109854,False
rs5752801,90,148,-0.0487658,0.161365,False
rs5752801,90,149,-0.0544377,0.118713,False
rs5752801,90,150,-0.0477309,0.171785,False
rs5752801,90,151,-0.0488757,0.162324,False
rs5752801,90,152,-0.0540173,0.1229,False
rs5752801,90,153,-0.0617141,0.0783718,False
rs5752801,90,154,-0.0614591,0.0799758,False
rs5752801,90,155,-0.0600832,0.0872918,False
rs5752801,90,156,-0.056826,0.106049,False
rs5752801,90,157,-0.0508723,0.148568,False
rs5752801,90,158,-0.0493422,0.161604,False
rs5752801,90,159,-0.0529424,0.133581,False
rs5752801,90,160,-0.0541065,0.125968,False
rs5752801,90,161,-0.0503945,0.154316,False
rs5752801,90,162,-0.048617,0.170332,False
rs5752801,90,163,-0.0489941,0.167243,False
rs5752801,90,164,-0.0580323,0.102041,False
rs5752801,90,165,-0.0580863,0.10171,False
rs5752801,90,166,-0.0667797,0.0600861,False
rs5752801,90,167,-0.0704633,0.0475256,False
rs5752801,90,168,-0.0734256,0.0387482,False
rs5752801,90,169,-0.067374,0.0582856,False
rs5752801,90,170,-0.0719872,0.0430002,False
rs5752801,90,171,-0.0702017,0.0482709,False
rs5752801,90,172,-0.0674845,0.0579002,False
rs5752801,90,173,-0.0672493,0.0586102,False
rs5752801,90,174,-0.0708862,0.0460364,False
rs5752801,90,175,-0.0734353,0.0385605,False
rs5752801,90,176,-0.0720718,0.042115,False
rs5752801,90,177,-0.0669667,0.0588038,False
rs5752801,90,178,-0.0569134,0.108003,False
rs5752801,90,179,-0.0646379,0.0676086,False
rs5752801,90,180,-0.0611436,0.0831565,False
rs5752801,90,181,-0.0708986,0.0440765,False
rs5752801,90,182,-0.0770016,0.0284175,False
rs5752801,90,183,-0.0727467,0.0381686,False
rs5752801,90,184,-0.0694696,0.0475481,False
rs5752801,90,185,-0.0634262,0.0698323,False
rs5752801,90,186,-0.0594656,0.0875802,False
rs5752801,90,187,-0.0599876,0.0839845,False
rs5752801,90,188,-0.067147,0.0526439,False
rs5752801,90,189,-0.0679531,0.0492567,False
rs5752801,90,190,-0.068834,0.0457226,False
rs5752801,90,191,-0.0776927,0.0239828,False
rs5752801,90,192,-0.0773326,0.0240214,False
rs5752801,90,193,-0.0700103,0.0406026,False
rs5752801,90,194,-0.0672481,0.0486559,False
rs5752801,90,195,-0.0768324,0.0240929,False
rs5752801,90,196,-0.0759045,0.0256191,False
rs5752801,90,197,-0.0852525,0.0120951,False
rs5752801,90,198,-0.0793581,0.0192489,False
rs5752801,90,199,-0.0872755,0.00995529,False
rs5752801,90,200,-0.0902673,0.00767,False
rs5752801,90,201,-0.0923581,0.00634594,False
rs5752801,90,202,-0.0991045,0.00339668,False
rs5752801,90,203,-0.108228,0.0013706,False
rs5752801,90,204,-0.105857,0.00175998,False
rs5752801,90,205,-0.0968308,0.00422521,False
rs5752801,90,206,-0.0952398,0.00496471,False
rs5752801,90,207,-0.102959,0.0024207,False
rs5752801,90,208,-0.110963,0.00109603,False
rs5752801,90,209,-0.111655,0.00103214,False
rs5752801,90,210,-0.115076,0.000743264,False
rs5752801,90,211,-0.101432,0.00306011,False
rs5752801,90,212,-0.104863,0.00229643,False
rs5752801,90,213,-0.106764,0.00200443,False
rs5752801,90,214,-0.106089,0.00222714,False
rs5752801,90,215,-0.113369,0.00115199,False
rs5752801,90,216,-0.101296,0.00389489,False
rs5752801,90,217,-0.101841,0.00393289,False
rs5752801,90,218,-0.102527,0.0039314,False
rs5752801,90,219,-0.110645,0.00201172,False
rs5752801,90,220,-0.11431,0.00153546,False
rs5752801,90,221,-0.122058,0.000801369,False
rs5752801,90,222,-0.114176,0.00186722,False
rs5752801,90,223,-0.125248,0.000723254,False
rs5752801,90,224,-0.112079,0.00273576,False
rs5752801,90,225,-0.116954,0.00200247,False
rs5752801,90,226,-0.125256,0.00104498,False
rs5752801,90,227,-0.126887,0.00101331,False
rs5752801,90,228,-0.121666,0.00182437,False
rs5752801,90,229,-0.135609,0.000593767,False
rs5752801,90,230,-0.14149,0.0003986,False
rs5752801,90,231,-0.136844,0.000715191,False
rs5752801,90,232,-0.146063,0.000354915,False
rs5752801,90,233,-0.144504,0.000485652,False
rs5752801,90,234,-0.153759,0.000242454,False
rs5752801,90,235,-0.15648,0.000224709,False
rs5752801,90,236,-0.159179,0.000213261,False
rs5752801,90,237,-0.165023,0.000144607,False
rs5752801,90,238,-0.168173,0.000129839,False
rs5752801,90,239,-0.16755,0.000169132,False
rs5752801,90,240,-0.172718,0.000126128,False
rs5752801,90,241,-0.175529,0.000117437,False
rs5752801,90,242,-0.175568,0.000138724,False
rs5752801,90,243,-0.17388,0.000192107,False
rs5752801,90,244,-0.18446,9.13467e-05,False
rs5752801,90,245,-0.200886,2.49426e-05,False
rs5752801,90,246,-0.197633,4.06076e-05,False
rs5752801,90,247,-0.198364,4.53924e-05,False
rs5752801,90,248,-0.197835,5.59618e-05,False
rs5752801,90,249,-0.201066,4.97697e-05,False
rs5752801,90,250,-0.204625,4.25344e-05,False
rs5752801,90,251,-0.205658,4.48349e-05,False
rs5752801,91,7,0.00710187,0.791741,False
rs5752801,91,8,0.00022511,0.993254,False
rs5752801,91,9,0.00140671,0.957475,False
rs5752801,91,10,-0.00859758,0.742283,False
rs5752801,91,11,-0.0016434,0.949505,False
rs5752801,91,12,-0.00283939,0.912219,False
rs5752801,91,13,-0.0113543,0.657494,False
rs5752801,91,14,-0.00444917,0.861517,False
rs5752801,91,15,-0.0133864,0.598646,False
rs5752801,91,16,-0.0194441,0.443338,False
rs5752801,91,17,-0.0240046,0.34259,False
rs5752801,91,18,-0.0237238,0.348617,False
rs5752801,91,19,-0.0141365,0.576229,False
rs5752801,91,20,-0.0272405,0.282199,False
rs5752801,91,21,-0.0343632,0.175228,False
rs5752801,91,22,-0.0223592,0.377965,False
rs5752801,91,23,-0.0277768,0.272796,False
rs5752801,91,24,-0.0283179,0.265055,False
rs5752801,91,25,-0.0237852,0.350643,False
rs5752801,91,26,-0.0196429,0.441559,False
rs5752801,91,27,-0.0354817,0.165162,False
rs5752801,91,28,-0.0337379,0.188231,False
rs5752801,91,29,-0.0332751,0.19486,False
rs5752801,91,30,-0.0386059,0.133776,False
rs5752801,91,31,-0.0327572,0.20511,False
rs5752801,91,32,-0.0380749,0.141596,False
rs5752801,91,33,-0.0359512,0.166625,False
rs5752801,91,34,-0.0471937,0.0700927,False
rs5752801,91,35,-0.042593,0.10353,False
rs5752801,91,36,-0.0432756,0.0992488,False
rs5752801,91,37,-0.0385419,0.143844,False
rs5752801,91,38,-0.042173,0.111112,False
rs5752801,91,39,-0.0404373,0.127321,False
rs5752801,91,40,-0.0444986,0.0950222,False
rs5752801,91,41,-0.049458,0.0645364,False
rs5752801,91,42,-0.0430535,0.109572,False
rs5752801,91,43,-0.0457472,0.0905622,False
rs5752801,91,44,-0.0570445,0.0351261,False
rs5752801,91,45,-0.0522903,0.0550156,False
rs5752801,91,46,-0.0552883,0.0435873,False
rs5752801,91,47,-0.0517347,0.0598524,False
rs5752801,91,48,-0.0478903,0.083425,False
rs5752801,91,49,-0.0467636,0.0921188,False
rs5752801,91,50,-0.0489258,0.0798012,False
rs5752801,91,51,-0.0553858,0.0485589,False
rs5752801,91,52,-0.0508713,0.0717471,False
rs5752801,91,53,-0.0540176,0.0572876,False
rs5752801,91,54,-0.0497327,0.0815899,False
rs5752801,91,55,-0.0562337,0.0502096,False
rs5752801,91,56,-0.0487772,0.0910542,False
rs5752801,91,57,-0.0529722,0.0681651,False
rs5752801,91,58,-0.0536426,0.0660169,False
rs5752801,91,59,-0.0444568,0.129202,False
rs5752801,91,60,-0.054134,0.0661961,False
rs5752801,91,61,-0.0585358,0.0486555,False
rs5752801,91,62,-0.0510127,0.0869302,False
rs5752801,91,63,-0.0581931,0.0517126,False
rs5752801,91,64,-0.0540958,0.0725035,False
rs5752801,91,65,-0.0494275,0.102661,False
rs5752801,91,66,-0.0393902,0.196273,False
rs5752801,91,67,-0.0449129,0.142809,False
rs5752801,91,68,-0.0415405,0.177767,False
rs5752801,91,69,-0.0381463,0.218453,False
rs5752801,91,70,-0.044031,0.15717,False
rs5752801,91,71,-0.0327292,0.295845,False
rs5752801,91,72,-0.0373361,0.234941,False
rs5752801,91,73,-0.042161,0.181948,False
rs5752801,91,74,-0.040666,0.20012,False
rs5752801,91,75,-0.0457982,0.151197,False
rs5752801,91,76,-0.0360424,0.261115,False
rs5752801,91,77,-0.0464433,0.149441,False
rs5752801,91,78,-0.0412736,0.201705,False
rs5752801,91,79,-0.0483651,0.136636,False
rs5752801,91,80,-0.0484341,0.137305,False
rs5752801,91,81,-0.0635667,0.0516324,False
rs5752801,91,82,-0.0520694,0.112578,False
rs5752801,91,83,-0.0480078,0.144378,False
rs5752801,91,84,-0.0425775,0.19722,False
rs5752801,91,85,-0.0456364,0.167812,False
rs5752801,91,86,-0.0507949,0.125795,False
rs5752801,91,87,-0.0498701,0.133378,False
rs5752801,91,88,-0.0485358,0.144632,False
rs5752801,91,89,-0.0451057,0.175775,False
rs5752801,91,90,-0.0482715,0.148618,False
rs5752801,91,91,-0.0472714,0.157975,False
rs5752801,91,92,-0.0443517,0.185925,False
rs5752801,91,93,-0.0427174,0.203065,False
rs5752801,91,94,-0.0492156,0.142711,False
rs5752801,91,95,-0.0594417,0.0770178,False
rs5752801,91,96,-0.0602992,0.0733158,False
rs5752801,91,97,-0.0564541,0.0937786,False
rs5752801,91,98,-0.0502413,0.136511,False
rs5752801,91,99,-0.0472757,0.161207,False
rs5752801,91,100,-0.0436445,0.196678,False
rs5752801,91,101,-0.0493419,0.144844,False
rs5752801,91,102,-0.0447508,0.186139,False
rs5752801,91,103,-0.0481817,0.155175,False
rs5752801,91,104,-0.0596313,0.0788248,False
rs5752801,91,105,-0.0487619,0.151019,False
rs5752801,91,106,-0.0498514,0.142506,False
rs5752801,91,107,-0.0546342,0.108119,False
rs5752801,91,108,-0.0543134,0.11002,False
rs5752801,91,109,-0.0522784,0.124537,False
rs5752801,91,110,-0.045398,0.182861,False
rs5752801,91,111,-0.0471626,0.166824,False
rs5752801,91,112,-0.0527548,0.122252,False
rs5752801,91,113,-0.0472824,0.166306,False
rs5752801,91,114,-0.0474705,0.165143,False
rs5752801,91,115,-0.0567459,0.0978285,False
rs5752801,91,116,-0.0479965,0.161549,False
rs5752801,91,117,-0.0477564,0.164089,False
rs5752801,91,118,-0.0468419,0.172313,False
rs5752801,91,119,-0.0380339,0.268215,False
rs5752801,91,120,-0.0336472,0.328478,False
rs5752801,91,121,-0.0347854,0.313412,False
rs5752801,91,122,-0.0391057,0.257425,False
rs5752801,91,123,-0.0458049,0.185781,False
rs5752801,91,124,-0.0456175,0.187973,False
rs5752801,91,125,-0.0387106,0.264149,False
rs5752801,91,126,-0.0406536,0.240541,False
rs5752801,91,127,-0.0398342,0.250888,False
rs5752801,91,128,-0.0450454,0.194457,False
rs5752801,91,129,-0.0429374,0.216431,False
rs5752801,91,130,-0.0393211,0.257845,False
rs5752801,91,131,-0.0400443,0.250004,False
rs5752801,91,132,-0.0428242,0.218522,False
rs5752801,91,133,-0.0425038,0.221542,False
rs5752801,91,134,-0.0457146,0.188894,False
rs5752801,91,135,-0.0448659,0.197514,False
rs5752801,91,136,-0.0410788,0.238224,False
rs5752801,91,137,-0.0463844,0.183303,False
rs5752801,91,138,-0.0501708,0.150311,False
rs5752801,91,139,-0.0569885,0.102846,False
rs5752801,91,140,-0.0462329,0.185434,False
rs5752801,91,141,-0.0388465,0.266214,False
rs5752801,91,142,-0.0440746,0.207526,False
rs5752801,91,143,-0.0374968,0.28367,False
rs5752801,91,144,-0.0433662,0.215374,False
rs5752801,91,145,-0.0517293,0.139598,False
rs5752801,91,146,-0.0463422,0.18649,False
rs5752801,91,147,-0.0391013,0.264877,False
rs5752801,91,148,-0.0380721,0.277817,False
rs5752801,91,149,-0.0372661,0.288713,False
rs5752801,91,150,-0.0467583,0.18367,False
rs5752801,91,151,-0.0488432,0.16475,False
rs5752801,91,152,-0.0517264,0.14188,False
rs5752801,91,153,-0.0544225,0.122855,False
rs5752801,91,154,-0.0457511,0.194926,False
rs5752801,91,155,-0.0397678,0.26013,False
rs5752801,91,156,-0.0400801,0.257168,False
rs5752801,91,157,-0.0431062,0.22341,False
rs5752801,91,158,-0.0516311,0.145551,False
rs5752801,91,159,-0.0500899,0.157884,False
rs5752801,91,160,-0.0503175,0.156212,False
rs5752801,91,161,-0.0476893,0.179632,False
rs5752801,91,162,-0.0518567,0.144813,False
rs5752801,91,163,-0.054392,0.125955,False
rs5752801,91,164,-0.0587223,0.0986991,False
rs5752801,91,165,-0.0569496,0.109397,False
rs5752801,91,166,-0.0650936,0.0673474,False
rs5752801,91,167,-0.0663989,0.0623567,False
rs5752801,91,168,-0.0647326,0.0692756,False
rs5752801,91,169,-0.0534872,0.133394,False
rs5752801,91,170,-0.0567764,0.110658,False
rs5752801,91,171,-0.0601888,0.0907645,False
rs5752801,91,172,-0.0557154,0.11734,False
rs5752801,91,173,-0.0563788,0.1129,False
rs5752801,91,174,-0.0583492,0.100135,False
rs5752801,91,175,-0.0548888,0.121976,False
rs5752801,91,176,-0.049914,0.159069,False
rs5752801,91,177,-0.0598451,0.0909878,False
rs5752801,91,178,-0.057126,0.106275,False
rs5752801,91,179,-0.0534992,0.129949,False
rs5752801,91,180,-0.0554035,0.1155,False
rs5752801,91,181,-0.0530028,0.131844,False
rs5752801,91,182,-0.0449775,0.199797,False
rs5752801,91,183,-0.0430515,0.218273,False
rs5752801,91,184,-0.046776,0.180342,False
rs5752801,91,185,-0.0495142,0.154617,False
rs5752801,91,186,-0.0504884,0.145272,False
rs5752801,91,187,-0.0603457,0.0808958,False
rs5752801,91,188,-0.0606306,0.0794175,False
rs5752801,91,189,-0.0705202,0.0408194,False
rs5752801,91,190,-0.0575492,0.0944785,False
rs5752801,91,191,-0.0502503,0.142868,False
rs5752801,91,192,-0.0619344,0.0701461,False
rs5752801,91,193,-0.0665526,0.0508047,False
rs5752801,91,194,-0.0695812,0.0408633,False
rs5752801,91,195,-0.0712577,0.0360738,False
rs5752801,91,196,-0.0732126,0.0310575,False
rs5752801,91,197,-0.0633872,0.0620177,False
rs5752801,91,198,-0.0719606,0.0338677,False
rs5752801,91,199,-0.0712867,0.0353292,False
rs5752801,91,200,-0.0657982,0.051804,False
rs5752801,91,201,-0.0818002,0.0155787,False
rs5752801,91,202,-0.0830506,0.0141421,False
rs5752801,91,203,-0.0854341,0.0116584,False
rs5752801,91,204,-0.0862633,0.0110335,False
rs5752801,91,205,-0.0861765,0.0111472,False
rs5752801,91,206,-0.0909407,0.00744425,False
rs5752801,91,207,-0.098265,0.00388721,False
rs5752801,91,208,-0.094137,0.00584457,False
rs5752801,91,209,-0.085772,0.0121262,False
rs5752801,91,210,-0.0899759,0.00883001,False
rs5752801,91,211,-0.0940062,0.00645322,False
rs5752801,91,212,-0.0916342,0.00826285,False
rs5752801,91,213,-0.0886908,0.0108416,False
rs5752801,91,214,-0.0949191,0.00672242,False
rs5752801,91,215,-0.0944621,0.00737047,False
rs5752801,91,216,-0.100094,0.00471046,False
rs5752801,91,217,-0.101744,0.0044067,False
rs5752801,91,218,-0.0967308,0.00721573,False
rs5752801,91,219,-0.103255,0.00440545,False
rs5752801,91,220,-0.108604,0.00297003,False
rs5752801,91,221,-0.107955,0.00339797,False
rs5752801,91,222,-0.115244,0.00196232,False
rs5752801,91,223,-0.118288,0.00164039,False
rs5752801,91,224,-0.10916,0.00399838,False
rs5752801,91,225,-0.109696,0.00420892,False
rs5752801,91,226,-0.117972,0.002343,False
rs5752801,91,227,-0.130772,0.000833843,False
rs5752801,91,228,-0.129714,0.0010443,False
rs5752801,91,229,-0.129002,0.00126858,False
rs5752801,91,230,-0.139479,0.000574331,False
rs5752801,91,231,-0.149414,0.000263407,False
rs5752801,91,232,-0.160071,0.000114173,False
rs5752801,91,233,-0.163184,0.00010073,False
rs5752801,91,234,-0.161961,0.000135899,False
rs5752801,91,235,-0.16862,8.70962e-05,False
rs5752801,91,236,-0.163297,0.000171887,False
rs5752801,91,237,-0.165657,0.000163428,False
rs5752801,91,238,-0.181828,4.24965e-05,False
rs5752801,91,239,-0.177318,7.95729e-05,False
rs5752801,91,240,-0.182282,6.05057e-05,False
rs5752801,91,241,-0.188163,4.14535e-05,False
rs5752801,91,242,-0.192532,3.3764e-05,False
rs5752801,91,243,-0.192484,4.05723e-05,False
rs5752801,91,244,-0.189396,6.45973e-05,False
rs5752801,91,245,-0.195443,4.47419e-05,False
rs5752801,91,246,-0.196947,4.60677e-05,False
rs5752801,91,247,-0.192624,7.81501e-05,False
rs5752801,91,248,-0.194754,7.6489e-05,False
rs5752801,91,249,-0.199319,6.05236e-05,False
rs5752801,91,250,-0.202268,5.3958e-05,False
rs5752801,91,251,-0.195365,0.000108006,False
rs5752801,92,7,-0.00112463,0.966795,False
rs5752801,92,8,-0.00230758,0.931263,False
rs5752801,92,9,-0.00375195,0.887571,False
rs5752801,92,10,-0.00749608,0.775353,False
rs5752801,92,11,-0.013918,0.592529,False
rs5752801,92,12,-0.00670134,0.795431,False
rs5752801,92,13,-0.0180418,0.482823,False
rs5752801,92,14,-0.015344,0.547464,False
rs5752801,92,15,-0.0126082,0.619976,False
rs5752801,92,16,-0.0161248,0.525377,False
rs5752801,92,17,-0.0181278,0.473944,False
rs5752801,92,18,-0.0200159,0.428504,False
rs5752801,92,19,-0.0167177,0.50917,False
rs5752801,92,20,-0.0142273,0.572883,False
rs5752801,92,21,-0.0123432,0.62598,False
rs5752801,92,22,-0.0159556,0.528991,False
rs5752801,92,23,-0.0153849,0.543666,False
rs5752801,92,24,-0.024744,0.329361,False
rs5752801,92,25,-0.0195168,0.441588,False
rs5752801,92,26,-0.0118134,0.642161,False
rs5752801,92,27,-0.0194412,0.445602,False
rs5752801,92,28,-0.0240515,0.347183,False
rs5752801,92,29,-0.0151492,0.554916,False
rs5752801,92,30,-0.0239796,0.350251,False
rs5752801,92,31,-0.0295994,0.250442,False
rs5752801,92,32,-0.0273306,0.290209,False
rs5752801,92,33,-0.0309196,0.233855,False
rs5752801,92,34,-0.0354017,0.174316,False
rs5752801,92,35,-0.0373113,0.153335,False
rs5752801,92,36,-0.0467325,0.074732,False
rs5752801,92,37,-0.0373266,0.156114,False
rs5752801,92,38,-0.0477313,0.0703092,False
rs5752801,92,39,-0.0467523,0.0776954,False
rs5752801,92,40,-0.0509423,0.0558726,False
rs5752801,92,41,-0.0378613,0.156881,False
rs5752801,92,42,-0.0478895,0.0741606,False
rs5752801,92,43,-0.0535903,0.046984,False
rs5752801,92,44,-0.0536975,0.0474293,False
rs5752801,92,45,-0.0489364,0.0717411,False
rs5752801,92,46,-0.0555909,0.0421346,False
rs5752801,92,47,-0.0548092,0.046027,False
rs5752801,92,48,-0.0543611,0.0485984,False
rs5752801,92,49,-0.049126,0.076065,False
rs5752801,92,50,-0.0530735,0.0564731,False
rs5752801,92,51,-0.044705,0.109199,False
rs5752801,92,52,-0.0436246,0.120889,False
rs5752801,92,53,-0.0463288,0.101002,False
rs5752801,92,54,-0.0616168,0.0299238,False
rs5752801,92,55,-0.0503121,0.0774931,False
rs5752801,92,56,-0.0478942,0.0945051,False
rs5752801,92,57,-0.0479859,0.0955603,False
rs5752801,92,58,-0.0490481,0.0904724,False
rs5752801,92,59,-0.0634812,0.0294721,False
rs5752801,92,60,-0.051639,0.0779619,False
rs5752801,92,61,-0.0509055,0.0840523,False
rs5752801,92,62,-0.0562114,0.0577821,False
rs5752801,92,63,-0.0522952,0.0786769,False
rs5752801,92,64,-0.0487572,0.103337,False
rs5752801,92,65,-0.0543949,0.0708011,False
rs5752801,92,66,-0.0426627,0.158828,False
rs5752801,92,67,-0.0494826,0.104633,False
rs5752801,92,68,-0.0420405,0.169818,False
rs5752801,92,69,-0.0367212,0.233032,False
rs5752801,92,70,-0.0415232,0.179871,False
rs5752801,92,71,-0.0407586,0.190172,False
rs5752801,92,72,-0.0446905,0.152924,False
rs5752801,92,73,-0.0461188,0.14242,False
rs5752801,92,74,-0.0381818,0.226721,False
rs5752801,92,75,-0.0473082,0.136518,False
rs5752801,92,76,-0.0539784,0.0910944,False
rs5752801,92,77,-0.0476758,0.137447,False
rs5752801,92,78,-0.0399335,0.215188,False
rs5752801,92,79,-0.0441923,0.17188,False
rs5752801,92,80,-0.0525865,0.105292,False
rs5752801,92,81,-0.0531887,0.102633,False
rs5752801,92,82,-0.0501611,0.124989,False
rs5752801,92,83,-0.0393215,0.231742,False
rs5752801,92,84,-0.0488244,0.138335,False
rs5752801,92,85,-0.0467065,0.157486,False
rs5752801,92,86,-0.0439651,0.184165,False
rs5752801,92,87,-0.0471353,0.1559,False
rs5752801,92,88,-0.0433817,0.192707,False
rs5752801,92,89,-0.0498995,0.134836,False
rs5752801,92,90,-0.0474759,0.156073,False
rs5752801,92,91,-0.0461848,0.168077,False
rs5752801,92,92,-0.0454258,0.176254,False
rs5752801,92,93,-0.0458262,0.173221,False
rs5752801,92,94,-0.0457065,0.175083,False
rs5752801,92,95,-0.040476,0.230706,False
rs5752801,92,96,-0.0416537,0.217553,False
rs5752801,92,97,-0.0548509,0.104724,False
rs5752801,92,98,-0.0501939,0.138358,False
rs5752801,92,99,-0.0516933,0.127114,False
rs5752801,92,100,-0.0524843,0.121865,False
rs5752801,92,101,-0.0495697,0.144527,False
rs5752801,92,102,-0.047804,0.159228,False
rs5752801,92,103,-0.0502152,0.139356,False
rs5752801,92,104,-0.0494271,0.146575,False
rs5752801,92,105,-0.0431681,0.205538,False
rs5752801,92,106,-0.0462016,0.175442,False
rs5752801,92,107,-0.0463279,0.175195,False
rs5752801,92,108,-0.0382172,0.263892,False
rs5752801,92,109,-0.0424122,0.215334,False
rs5752801,92,110,-0.0405191,0.237361,False
rs5752801,92,111,-0.0450814,0.188697,False
rs5752801,92,112,-0.0425594,0.215122,False
rs5752801,92,113,-0.0537999,0.117276,False
rs5752801,92,114,-0.0465721,0.175843,False
rs5752801,92,115,-0.0486558,0.158077,False
rs5752801,92,116,-0.0460523,0.182179,False
rs5752801,92,117,-0.0522886,0.129875,False
rs5752801,92,118,-0.0504556,0.144481,False
rs5752801,92,119,-0.0427222,0.217265,False
rs5752801,92,120,-0.0381516,0.271149,False
rs5752801,92,121,-0.0454943,0.189964,False
rs5752801,92,122,-0.04743,0.171463,False
rs5752801,92,123,-0.0453008,0.192746,False
rs5752801,92,124,-0.0540087,0.120708,False
rs5752801,92,125,-0.0608173,0.0811094,False
rs5752801,92,126,-0.0525038,0.131989,False
rs5752801,92,127,-0.0549534,0.115246,False
rs5752801,92,128,-0.0617084,0.0771758,False
rs5752801,92,129,-0.052794,0.130466,False
rs5752801,92,130,-0.0478078,0.171637,False
rs5752801,92,131,-0.0498601,0.154301,False
rs5752801,92,132,-0.0514857,0.141403,False
rs5752801,92,133,-0.0576648,0.0998029,False
rs5752801,92,134,-0.0548725,0.117672,False
rs5752801,92,135,-0.0516347,0.140928,False
rs5752801,92,136,-0.0529026,0.131906,False
rs5752801,92,137,-0.0525638,0.134641,False
rs5752801,92,138,-0.0469888,0.181143,False
rs5752801,92,139,-0.0508543,0.148304,False
rs5752801,92,140,-0.049378,0.160124,False
rs5752801,92,141,-0.043746,0.213765,False
rs5752801,92,142,-0.0509388,0.147696,False
rs5752801,92,143,-0.0421559,0.231028,False
rs5752801,92,144,-0.0413767,0.239469,False
rs5752801,92,145,-0.0449208,0.20222,False
rs5752801,92,146,-0.0459752,0.191797,False
rs5752801,92,147,-0.0496462,0.159014,False
rs5752801,92,148,-0.0455711,0.196757,False
rs5752801,92,149,-0.0425363,0.228317,False
rs5752801,92,150,-0.0456131,0.196657,False
rs5752801,92,151,-0.0443115,0.21057,False
rs5752801,92,152,-0.0500015,0.15776,False
rs5752801,92,153,-0.0443841,0.210547,False
rs5752801,92,154,-0.0418899,0.237513,False
rs5752801,92,155,-0.0404263,0.253933,False
rs5752801,92,156,-0.046045,0.194375,False
rs5752801,92,157,-0.0526087,0.138629,False
rs5752801,92,158,-0.0550142,0.121551,False
rs5752801,92,159,-0.0547356,0.123872,False
rs5752801,92,160,-0.0558774,0.116134,False
rs5752801,92,161,-0.0596798,0.0933493,False
rs5752801,92,162,-0.0604684,0.0893258,False
rs5752801,92,163,-0.0601391,0.0914795,False
rs5752801,92,164,-0.0626687,0.0788121,False
rs5752801,92,165,-0.0610571,0.0865487,False
rs5752801,92,166,-0.0560888,0.115667,False
rs5752801,92,167,-0.0550235,0.122848,False
rs5752801,92,168,-0.052645,0.139748,False
rs5752801,92,169,-0.0557237,0.117542,False
rs5752801,92,170,-0.0514871,0.148177,False
rs5752801,92,171,-0.0521111,0.143008,False
rs5752801,92,172,-0.0487326,0.170759,False
rs5752801,92,173,-0.0461906,0.192924,False
rs5752801,92,174,-0.0503973,0.155543,False
rs5752801,92,175,-0.0393357,0.266508,False
rs5752801,92,176,-0.0481995,0.171963,False
rs5752801,92,177,-0.0482319,0.171347,False
rs5752801,92,178,-0.0446385,0.204369,False
rs5752801,92,179,-0.0496296,0.157411,False
rs5752801,92,180,-0.0498806,0.154752,False
rs5752801,92,181,-0.0517012,0.139308,False
rs5752801,92,182,-0.0540768,0.120667,False
rs5752801,92,183,-0.0577498,0.0971804,False
rs5752801,92,184,-0.0570212,0.100677,False
rs5752801,92,185,-0.066221,0.0559322,False
rs5752801,92,186,-0.0682477,0.0484162,False
rs5752801,92,187,-0.0593931,0.0848354,False
rs5752801,92,188,-0.0617201,0.0724902,False
rs5752801,92,189,-0.0631627,0.0651708,False
rs5752801,92,190,-0.0627568,0.066502,False
rs5752801,92,191,-0.0660528,0.0531551,False
rs5752801,92,192,-0.0573074,0.0928022,False
rs5752801,92,193,-0.0635348,0.0619831,False
rs5752801,92,194,-0.0622426,0.0668904,False
rs5752801,92,195,-0.0615122,0.0698518,False
rs5752801,92,196,-0.0746535,0.0276884,False
rs5752801,92,197,-0.0768545,0.0233921,False
rs5752801,92,198,-0.0821779,0.0151833,False
rs5752801,92,199,-0.0790876,0.0193948,False
rs5752801,92,200,-0.0838728,0.0130154,False
rs5752801,92,201,-0.0821631,0.0150688,False
rs5752801,92,202,-0.0818866,0.0154296,False
rs5752801,92,203,-0.0828719,0.0143688,False
rs5752801,92,204,-0.0964145,0.00442863,False
rs5752801,92,205,-0.0913218,0.00713814,False
rs5752801,92,206,-0.0928072,0.00638208,False
rs5752801,92,207,-0.0897204,0.00862973,False
rs5752801,92,208,-0.0934627,0.00635881,False
rs5752801,92,209,-0.0938679,0.00633039,False
rs5752801,92,210,-0.0980639,0.00449267,False
rs5752801,92,211,-0.105372,0.00238855,False
rs5752801,92,212,-0.114422,0.00103957,False
rs5752801,92,213,-0.101146,0.00390434,False
rs5752801,92,214,-0.105939,0.00263604,False
rs5752801,92,215,-0.10419,0.00331763,False
rs5752801,92,216,-0.11538,0.00125288,False
rs5752801,92,217,-0.111619,0.00197301,False
rs5752801,92,218,-0.115451,0.00148626,False
rs5752801,92,219,-0.117848,0.00129671,False
rs5752801,92,220,-0.112482,0.00231947,False
rs5752801,92,221,-0.111042,0.00292618,False
rs5752801,92,222,-0.132518,0.000435785,False
rs5752801,92,223,-0.129761,0.000643724,False
rs5752801,92,224,-0.137868,0.000337875,False
rs5752801,92,225,-0.13464,0.000527935,False
rs5752801,92,226,-0.138644,0.000415624,False
rs5752801,92,227,-0.132128,0.00087604,False
rs5752801,92,228,-0.143709,0.000343872,False
rs5752801,92,229,-0.147944,0.000270884,False
rs5752801,92,230,-0.148711,0.000292675,False
rs5752801,92,231,-0.152344,0.000248185,False
rs5752801,92,232,-0.157373,0.00018115,False
rs5752801,92,233,-0.164871,0.000106104,False
rs5752801,92,234,-0.164326,0.000131277,False
rs5752801,92,235,-0.17229,7.39998e-05,False
rs5752801,92,236,-0.173981,7.63038e-05,False
rs5752801,92,237,-0.172247,0.000106149,False
rs5752801,92,238,-0.178926,6.7243e-05,False
rs5752801,92,239,-0.178088,8.55591e-05,False
rs5752801,92,240,-0.178667,9.76558e-05,False
rs5752801,92,241,-0.185058,6.36701e-05,False
rs5752801,92,242,-0.177051,0.00015193,False
rs5752801,92,243,-0.19006,5.60055e-05,False
rs5752801,92,244,-0.187097,8.65563e-05,False
rs5752801,92,245,-0.198999,3.48146e-05,False
rs5752801,92,246,-0.191841,7.57495e-05,False
rs5752801,92,247,-0.202586,3.50742e-05,False
rs5752801,92,248,-0.193712,8.58013e-05,False
rs5752801,92,249,-0.203874,4.23056e-05,False
rs5752801,92,250,-0.207467,3.57252e-05,False
rs5752801,92,251,-0.191168,0.000153317,False
rs5752801,93,7,-0.00297635,0.911972,False
rs5752801,93,8,-0.0037789,0.887126,False
rs5752801,93,9,-0.00587621,0.823545,False
rs5752801,93,10,-0.0111465,0.669077,False
rs5752801,93,11,-0.0168172,0.515646,False
rs5752801,93,12,-0.0239623,0.350598,False
rs5752801,93,13,-0.0292881,0.250311,False
rs5752801,93,14,-0.0202271,0.426187,False
rs5752801,93,15,-0.0275211,0.27705,False
rs5752801,93,16,-0.0311598,0.216654,False
rs5752801,93,17,-0.0243972,0.332077,False
rs5752801,93,18,-0.0195405,0.437488,False
rs5752801,93,19,-0.0243324,0.334333,False
rs5752801,93,20,-0.0154839,0.538652,False
rs5752801,93,21,-0.0272026,0.28044,False
rs5752801,93,22,-0.0240801,0.339876,False
rs5752801,93,23,-0.0299358,0.234948,False
rs5752801,93,24,-0.0226766,0.36866,False
rs5752801,93,25,-0.0194043,0.442538,False
rs5752801,93,26,-0.0130662,0.605795,False
rs5752801,93,27,-0.0317749,0.210582,False
rs5752801,93,28,-0.0248272,0.328678,False
rs5752801,93,29,-0.0326455,0.199792,False
rs5752801,93,30,-0.0316188,0.215014,False
rs5752801,93,31,-0.0361679,0.157922,False
rs5752801,93,32,-0.036562,0.155131,False
rs5752801,93,33,-0.0365754,0.155737,False
rs5752801,93,34,-0.0357209,0.166723,False
rs5752801,93,35,-0.0344042,0.183908,False
rs5752801,93,36,-0.03766,0.148208,False
rs5752801,93,37,-0.0397776,0.127367,False
rs5752801,93,38,-0.0418514,0.110513,False
rs5752801,93,39,-0.0335001,0.203185,False
rs5752801,93,40,-0.0411734,0.119158,False
rs5752801,93,41,-0.0349091,0.187317,False
rs5752801,93,42,-0.0469159,0.077796,False
rs5752801,93,43,-0.0447319,0.094321,False
rs5752801,93,44,-0.0456251,0.0895839,False
rs5752801,93,45,-0.0491503,0.0683508,False
rs5752801,93,46,-0.0676859,0.0123627,False
rs5752801,93,47,-0.044061,0.104933,False
rs5752801,93,48,-0.0497832,0.0687421,False
rs5752801,93,49,-0.0609154,0.0265023,False
rs5752801,93,50,-0.0489739,0.0754878,False
rs5752801,93,51,-0.0586087,0.0345675,False
rs5752801,93,52,-0.0474511,0.0883081,False
rs5752801,93,53,-0.0490464,0.0795925,False
rs5752801,93,54,-0.0483634,0.0858377,False
rs5752801,93,55,-0.0539578,0.0560616,False
rs5752801,93,56,-0.0430613,0.129501,False
rs5752801,93,57,-0.0523223,0.0671954,False
rs5752801,93,58,-0.051672,0.0716653,False
rs5752801,93,59,-0.0526276,0.0682485,False
rs5752801,93,60,-0.0496738,0.0871086,False
rs5752801,93,61,-0.0676135,0.0204422,False
rs5752801,93,62,-0.054807,0.0617016,False
rs5752801,93,63,-0.0500495,0.0891606,False
rs5752801,93,64,-0.0567167,0.0556423,False
rs5752801,93,65,-0.0537312,0.0714478,False
rs5752801,93,66,-0.0585448,0.0511937,False
rs5752801,93,67,-0.0474941,0.115553,False
rs5752801,93,68,-0.0482371,0.112111,False
rs5752801,93,69,-0.0518669,0.0893219,False
rs5752801,93,70,-0.0496941,0.105411,False
rs5752801,93,71,-0.0536401,0.0824315,False
rs5752801,93,72,-0.051671,0.0963947,False
rs5752801,93,73,-0.0485199,0.119704,False
rs5752801,93,74,-0.0527626,0.0928317,False
rs5752801,93,75,-0.0439765,0.164017,False
rs5752801,93,76,-0.0505045,0.11127,False
rs5752801,93,77,-0.0526207,0.0991965,False
rs5752801,93,78,-0.0559078,0.0807342,False
rs5752801,93,79,-0.0585363,0.0685816,False
rs5752801,93,80,-0.0548057,0.0897774,False
rs5752801,93,81,-0.0477874,0.140568,False
rs5752801,93,82,-0.0565262,0.0823365,False
rs5752801,93,83,-0.0509238,0.118716,False
rs5752801,93,84,-0.0406368,0.214922,False
rs5752801,93,85,-0.0527229,0.109108,False
rs5752801,93,86,-0.0469376,0.154466,False
rs5752801,93,87,-0.0481435,0.144926,False
rs5752801,93,88,-0.051884,0.117269,False
rs5752801,93,89,-0.0422254,0.203969,False
rs5752801,93,90,-0.0351251,0.292085,False
rs5752801,93,91,-0.0457493,0.171366,False
rs5752801,93,92,-0.0348907,0.297607,False
rs5752801,93,93,-0.0316536,0.345652,False
rs5752801,93,94,-0.0450444,0.180752,False
rs5752801,93,95,-0.0542024,0.107708,False
rs5752801,93,96,-0.0484855,0.150823,False
rs5752801,93,97,-0.0447078,0.186055,False
rs5752801,93,98,-0.0437375,0.196548,False
rs5752801,93,99,-0.0486406,0.151593,False
rs5752801,93,100,-0.0512222,0.131517,False
rs5752801,93,101,-0.0448374,0.187394,False
rs5752801,93,102,-0.0480242,0.158347,False
rs5752801,93,103,-0.0528348,0.121587,False
rs5752801,93,104,-0.0525018,0.12376,False
rs5752801,93,105,-0.0504082,0.140607,False
rs5752801,93,106,-0.0544609,0.1117,False
rs5752801,93,107,-0.0563516,0.100028,False
rs5752801,93,108,-0.0561657,0.101608,False
rs5752801,93,109,-0.0672381,0.0504332,False
rs5752801,93,110,-0.0568803,0.0982746,False
rs5752801,93,111,-0.0552798,0.10816,False
rs5752801,93,112,-0.0544024,0.11425,False
rs5752801,93,113,-0.0539221,0.118496,False
rs5752801,93,114,-0.0406605,0.239743,False
rs5752801,93,115,-0.0372844,0.281671,False
rs5752801,93,116,-0.0500857,0.14858,False
rs5752801,93,117,-0.0492269,0.156052,False
rs5752801,93,118,-0.0476608,0.170014,False
rs5752801,93,119,-0.041623,0.231751,False
rs5752801,93,120,-0.045269,0.194292,False
rs5752801,93,121,-0.0487042,0.162952,False
rs5752801,93,122,-0.050651,0.14727,False
rs5752801,93,123,-0.0449005,0.19974,False
rs5752801,93,124,-0.0474072,0.175922,False
rs5752801,93,125,-0.0426311,0.224052,False
rs5752801,93,126,-0.0410538,0.241758,False
rs5752801,93,127,-0.0485867,0.166952,False
rs5752801,93,128,-0.0439483,0.212093,False
rs5752801,93,129,-0.0309687,0.379517,False
rs5752801,93,130,-0.0351575,0.318693,False
rs5752801,93,131,-0.0298295,0.397514,False
rs5752801,93,132,-0.0368433,0.29641,False
rs5752801,93,133,-0.0416817,0.237502,False
rs5752801,93,134,-0.0450615,0.201908,False
rs5752801,93,135,-0.0454139,0.198696,False
rs5752801,93,136,-0.047965,0.174456,False
rs5752801,93,137,-0.0472897,0.180926,False
rs5752801,93,138,-0.0424392,0.229738,False
rs5752801,93,139,-0.0432902,0.220546,False
rs5752801,93,140,-0.0440637,0.212333,False
rs5752801,93,141,-0.0430354,0.22329,False
rs5752801,93,142,-0.0503996,0.154189,False
rs5752801,93,143,-0.0461128,0.192053,False
rs5752801,93,144,-0.0495976,0.160946,False
rs5752801,93,145,-0.0548912,0.120795,False
rs5752801,93,146,-0.0527636,0.136644,False
rs5752801,93,147,-0.050414,0.155228,False
rs5752801,93,148,-0.0590072,0.0963064,False
rs5752801,93,149,-0.051665,0.14543,False
rs5752801,93,150,-0.0465954,0.18921,False
rs5752801,93,151,-0.0534977,0.131174,False
rs5752801,93,152,-0.0546967,0.123055,False
rs5752801,93,153,-0.044054,0.214924,False
rs5752801,93,154,-0.0495502,0.163052,False
rs5752801,93,155,-0.046288,0.193283,False
rs5752801,93,156,-0.0480834,0.176379,False
rs5752801,93,157,-0.0433658,0.222754,False
rs5752801,93,158,-0.0419923,0.237735,False
rs5752801,93,159,-0.0439716,0.216392,False
rs5752801,93,160,-0.0399669,0.26172,False
rs5752801,93,161,-0.0464955,0.191277,False
rs5752801,93,162,-0.0458375,0.197395,False
rs5752801,93,163,-0.0423325,0.233818,False
rs5752801,93,164,-0.048952,0.168985,False
rs5752801,93,165,-0.0512419,0.149752,False
rs5752801,93,166,-0.0406878,0.25263,False
rs5752801,93,167,-0.04834,0.173769,False
rs5752801,93,168,-0.0470796,0.185185,False
rs5752801,93,169,-0.0567712,0.109781,False
rs5752801,93,170,-0.0566291,0.10974,False
rs5752801,93,171,-0.0483044,0.172582,False
rs5752801,93,172,-0.0433198,0.22055,False
rs5752801,93,173,-0.0571528,0.105436,False
rs5752801,93,174,-0.0635367,0.0714039,False
rs5752801,93,175,-0.0676573,0.0544876,False
rs5752801,93,176,-0.0644168,0.0668213,False
rs5752801,93,177,-0.0635491,0.0697244,False
rs5752801,93,178,-0.0556881,0.111215,False
rs5752801,93,179,-0.0570367,0.10234,False
rs5752801,93,180,-0.0515372,0.139384,False
rs5752801,93,181,-0.0581117,0.0952286,False
rs5752801,93,182,-0.0555463,0.109802,False
rs5752801,93,183,-0.0632518,0.0675127,False
rs5752801,93,184,-0.0516784,0.134453,False
rs5752801,93,185,-0.0605424,0.0788691,False
rs5752801,93,186,-0.0616842,0.0728335,False
rs5752801,93,187,-0.0547428,0.110362,False
rs5752801,93,188,-0.0610048,0.0747258,False
rs5752801,93,189,-0.0606496,0.0754543,False
rs5752801,93,190,-0.0659738,0.0529746,False
rs5752801,93,191,-0.0667299,0.0499695,False
rs5752801,93,192,-0.0680235,0.0454768,False
rs5752801,93,193,-0.074144,0.0286141,False
rs5752801,93,194,-0.076266,0.0242269,False
rs5752801,93,195,-0.0832103,0.0137928,False
rs5752801,93,196,-0.092975,0.00594299,False
rs5752801,93,197,-0.0821273,0.0151402,False
rs5752801,93,198,-0.073057,0.0306585,False
rs5752801,93,199,-0.0802886,0.0174949,False
rs5752801,93,200,-0.0825352,0.014743,False
rs5752801,93,201,-0.0832199,0.0140327,False
rs5752801,93,202,-0.0769513,0.0232723,False
rs5752801,93,203,-0.0867152,0.0107811,False
rs5752801,93,204,-0.0901813,0.00805799,False
rs5752801,93,205,-0.104604,0.00218306,False
rs5752801,93,206,-0.103675,0.00245734,False
rs5752801,93,207,-0.108522,0.00157531,False
rs5752801,93,208,-0.110001,0.00140304,False
rs5752801,93,209,-0.104715,0.00248492,False
rs5752801,93,210,-0.107305,0.00205074,False
rs5752801,93,211,-0.101396,0.0037624,False
rs5752801,93,212,-0.103664,0.00322396,False
rs5752801,93,213,-0.115265,0.00112475,False
rs5752801,93,214,-0.113189,0.00149253,False
rs5752801,93,215,-0.119724,0.000851459,False
rs5752801,93,216,-0.122864,0.000689837,False
rs5752801,93,217,-0.119119,0.00107912,False
rs5752801,93,218,-0.126554,0.000581782,False
rs5752801,93,219,-0.119654,0.00127638,False
rs5752801,93,220,-0.128091,0.000620958,False
rs5752801,93,221,-0.122481,0.00119708,False
rs5752801,93,222,-0.126868,0.000895935,False
rs5752801,93,223,-0.123764,0.00133066,False
rs5752801,93,224,-0.140583,0.000308312,False
rs5752801,93,225,-0.1376,0.000474258,False
rs5752801,93,226,-0.145622,0.000251253,False
rs5752801,93,227,-0.148954,0.000212476,False
rs5752801,93,228,-0.165453,4.73717e-05,False
rs5752801,93,229,-0.1594,0.000104535,False
rs5752801,93,230,-0.167937,5.35905e-05,False
rs5752801,93,231,-0.176405,2.72033e-05,False
rs5752801,93,232,-0.172951,4.80011e-05,False
rs5752801,93,233,-0.183563,1.95351e-05,False
rs5752801,93,234,-0.182801,2.56364e-05,False
rs5752801,93,235,-0.190622,1.41843e-05,False
rs5752801,93,236,-0.194933,1.138e-05,False
rs5752801,93,237,-0.186632,3.14509e-05,False
rs5752801,93,238,-0.199835,1.01811e-05,False
rs5752801,93,239,-0.204171,7.96233e-06,False
rs5752801,93,240,-0.205604,8.24027e-06,False
rs5752801,93,241,-0.201584,1.46248e-05,False
rs5752801,93,242,-0.20502,1.26142e-05,False
rs5752801,93,243,-0.197969,2.89901e-05,False
rs5752801,93,244,-0.212043,8.93073e-06,False
rs5752801,93,245,-0.201997,2.69568e-05,False
rs5752801,93,246,-0.202078,3.13947e-05,False
rs5752801,93,247,-0.198863,4.87511e-05,False
rs5752801,93,248,-0.196864,6.52269e-05,False
rs5752801,93,249,-0.199878,5.71059e-05,False
rs5752801,93,250,-0.197704,7.75784e-05,False
rs5752801,93,251,-0.200588,6.71783e-05,False
rs5752801,94,7,-0.000322957,0.990392,False
rs5752801,94,8,0.0105156,0.692173,False
rs5752801,94,9,-0.000255478,0.992223,False
rs5752801,94,10,-0.0104979,0.686581,False
rs5752801,94,11,-0.00443144,0.863934,False
rs5752801,94,12,-0.00511412,0.841799,False
rs5752801,94,13,-0.00726523,0.77559,False
rs5752801,94,14,-0.0167239,0.509503,False
rs5752801,94,15,-0.0162078,0.52184,False
rs5752801,94,16,-0.0076318,0.762446,False
rs5752801,94,17,-0.0189554,0.452587,False
rs5752801,94,18,-0.0217565,0.388841,False
rs5752801,94,19,-0.0176514,0.483603,False
rs5752801,94,20,-0.0196592,0.434996,False
rs5752801,94,21,-0.0125797,0.617493,False
rs5752801,94,22,-0.0203614,0.419477,False
rs5752801,94,23,-0.0147455,0.558787,False
rs5752801,94,24,-0.0151743,0.547827,False
rs5752801,94,25,-0.0174178,0.490904,False
rs5752801,94,26,-0.0263283,0.29815,False
rs5752801,94,27,-0.0259999,0.305634,False
rs5752801,94,28,-0.0339424,0.181952,False
rs5752801,94,29,-0.0245873,0.333726,False
rs5752801,94,30,-0.0228372,0.371287,False
rs5752801,94,31,-0.042297,0.0987845,False
rs5752801,94,32,-0.0392117,0.12629,False
rs5752801,94,33,-0.0370475,0.149939,False
rs5752801,94,34,-0.0356019,0.16737,False
rs5752801,94,35,-0.0381151,0.140763,False
rs5752801,94,36,-0.0379729,0.14322,False
rs5752801,94,37,-0.0415366,0.110382,False
rs5752801,94,38,-0.0436128,0.0951875,False
rs5752801,94,39,-0.0432667,0.0987811,False
rs5752801,94,40,-0.0521206,0.0480485,False
rs5752801,94,41,-0.0469042,0.0760072,False
rs5752801,94,42,-0.0463541,0.0799716,False
rs5752801,94,43,-0.0646909,0.0151393,False
rs5752801,94,44,-0.0572892,0.0318432,False
rs5752801,94,45,-0.0540604,0.0440654,False
rs5752801,94,46,-0.0499702,0.0635177,False
rs5752801,94,47,-0.0542509,0.044965,False
rs5752801,94,48,-0.0600607,0.0270909,False
rs5752801,94,49,-0.0604519,0.0270475,False
rs5752801,94,50,-0.0519621,0.0581152,False
rs5752801,94,51,-0.0610323,0.0271638,False
rs5752801,94,52,-0.0690167,0.0128035,False
rs5752801,94,53,-0.0665279,0.0169707,False
rs5752801,94,54,-0.0648024,0.020579,False
rs5752801,94,55,-0.0714566,0.0112842,False
rs5752801,94,56,-0.0775517,0.00611789,False
rs5752801,94,57,-0.0612353,0.0315026,False
rs5752801,94,58,-0.0622689,0.0294802,False
rs5752801,94,59,-0.0654338,0.0229138,False
rs5752801,94,60,-0.0657531,0.0231585,False
rs5752801,94,61,-0.0534635,0.0660187,False
rs5752801,94,62,-0.0509429,0.0807238,False
rs5752801,94,63,-0.0555468,0.0587994,False
rs5752801,94,64,-0.0582757,0.0488186,False
rs5752801,94,65,-0.0502889,0.0907231,False
rs5752801,94,66,-0.0459908,0.123401,False
rs5752801,94,67,-0.0585074,0.0515418,False
rs5752801,94,68,-0.0542969,0.0723377,False
rs5752801,94,69,-0.0369688,0.224258,False
rs5752801,94,70,-0.0521467,0.0879938,False
rs5752801,94,71,-0.0493466,0.108184,False
rs5752801,94,72,-0.0519313,0.0929248,False
rs5752801,94,73,-0.0406672,0.190904,False
rs5752801,94,74,-0.0505947,0.105309,False
rs5752801,94,75,-0.0558937,0.0751223,False
rs5752801,94,76,-0.0532077,0.0911449,False
rs5752801,94,77,-0.0518834,0.101387,False
rs5752801,94,78,-0.0601414,0.0587455,False
rs5752801,94,79,-0.0449414,0.159852,False
rs5752801,94,80,-0.048006,0.135239,False
rs5752801,94,81,-0.058632,0.0687461,False
rs5752801,94,82,-0.0500632,0.121953,False
rs5752801,94,83,-0.0362259,0.265471,False
rs5752801,94,84,-0.0463175,0.15579,False
rs5752801,94,85,-0.046953,0.151718,False
rs5752801,94,86,-0.0423076,0.197966,False
rs5752801,94,87,-0.0483383,0.142272,False
rs5752801,94,88,-0.0475596,0.150533,False
rs5752801,94,89,-0.0437142,0.186977,False
rs5752801,94,90,-0.0470604,0.156563,False
rs5752801,94,91,-0.0463897,0.163722,False
rs5752801,94,92,-0.0380342,0.25505,False
rs5752801,94,93,-0.042798,0.201189,False
rs5752801,94,94,-0.0545214,0.10405,False
rs5752801,94,95,-0.057927,0.0847669,False
rs5752801,94,96,-0.0535756,0.112067,False
rs5752801,94,97,-0.046491,0.168865,False
rs5752801,94,98,-0.0414845,0.220406,False
rs5752801,94,99,-0.0433584,0.200722,False
rs5752801,94,100,-0.0569018,0.0941691,False
rs5752801,94,101,-0.0650338,0.0559156,False
rs5752801,94,102,-0.0632949,0.0632024,False
rs5752801,94,103,-0.0666262,0.0508544,False
rs5752801,94,104,-0.0664815,0.0517348,False
rs5752801,94,105,-0.0671828,0.0497605,False
rs5752801,94,106,-0.0586947,0.0872298,False
rs5752801,94,107,-0.0618349,0.0719965,False
rs5752801,94,108,-0.0582062,0.0910238,False
rs5752801,94,109,-0.0583282,0.0906759,False
rs5752801,94,110,-0.0604652,0.0801041,False
rs5752801,94,111,-0.0597489,0.0843777,False
rs5752801,94,112,-0.0619006,0.0738683,False
rs5752801,94,113,-0.0499463,0.149897,False
rs5752801,94,114,-0.0532759,0.125627,False
rs5752801,94,115,-0.0458292,0.188274,False
rs5752801,94,116,-0.048402,0.164696,False
rs5752801,94,117,-0.0398602,0.25309,False
rs5752801,94,118,-0.0512637,0.142285,False
rs5752801,94,119,-0.049115,0.160164,False
rs5752801,94,120,-0.0480371,0.170052,False
rs5752801,94,121,-0.0471926,0.178362,False
rs5752801,94,122,-0.0507198,0.148465,False
rs5752801,94,123,-0.0560261,0.111188,False
rs5752801,94,124,-0.0538461,0.126264,False
rs5752801,94,125,-0.049509,0.16003,False
rs5752801,94,126,-0.0517557,0.142068,False
rs5752801,94,127,-0.0475595,0.177683,False
rs5752801,94,128,-0.0475684,0.177811,False
rs5752801,94,129,-0.054005,0.125953,False
rs5752801,94,130,-0.0608194,0.0851425,False
rs5752801,94,131,-0.054106,0.12601,False
rs5752801,94,132,-0.0493823,0.163035,False
rs5752801,94,133,-0.0450508,0.20275,False
rs5752801,94,134,-0.0487886,0.168092,False
rs5752801,94,135,-0.0509315,0.150453,False
rs5752801,94,136,-0.0473874,0.181114,False
rs5752801,94,137,-0.0439853,0.214165,False
rs5752801,94,138,-0.054559,0.123812,False
rs5752801,94,139,-0.0493875,0.163483,False
rs5752801,94,140,-0.0475752,0.178801,False
rs5752801,94,141,-0.0506364,0.152428,False
rs5752801,94,142,-0.0468015,0.186675,False
rs5752801,94,143,-0.0501936,0.156727,False
rs5752801,94,144,-0.0486524,0.169955,False
rs5752801,94,145,-0.0462019,0.192886,False
rs5752801,94,146,-0.0409117,0.248876,False
rs5752801,94,147,-0.0506151,0.153881,False
rs5752801,94,148,-0.0480376,0.176182,False
rs5752801,94,149,-0.0492377,0.165642,False
rs5752801,94,150,-0.0448954,0.206562,False
rs5752801,94,151,-0.0445092,0.210398,False
rs5752801,94,152,-0.0478946,0.177352,False
rs5752801,94,153,-0.0455576,0.199461,False
rs5752801,94,154,-0.0432479,0.223368,False
rs5752801,94,155,-0.0490203,0.167539,False
rs5752801,94,156,-0.0488534,0.169144,False
rs5752801,94,157,-0.0433489,0.222356,False
rs5752801,94,158,-0.0405152,0.253473,False
rs5752801,94,159,-0.0434103,0.221458,False
rs5752801,94,160,-0.0397675,0.262955,False
rs5752801,94,161,-0.046117,0.194232,False
rs5752801,94,162,-0.0374361,0.291652,False
rs5752801,94,163,-0.0415724,0.241261,False
rs5752801,94,164,-0.0508009,0.15168,False
rs5752801,94,165,-0.0472994,0.182231,False
rs5752801,94,166,-0.0528945,0.135532,False
rs5752801,94,167,-0.0519966,0.142283,False
rs5752801,94,168,-0.0496962,0.159971,False
rs5752801,94,169,-0.0508499,0.149924,False
rs5752801,94,170,-0.0515039,0.144946,False
rs5752801,94,171,-0.054622,0.121274,False
rs5752801,94,172,-0.0549522,0.118298,False
rs5752801,94,173,-0.0528918,0.132314,False
rs5752801,94,174,-0.0651417,0.0634713,False
rs5752801,94,175,-0.062168,0.0760118,False
rs5752801,94,176,-0.0604648,0.083998,False
rs5752801,94,177,-0.0664224,0.0571554,False
rs5752801,94,178,-0.0643955,0.0643336,False
rs5752801,94,179,-0.0655413,0.0594355,False
rs5752801,94,180,-0.0730529,0.0354093,False
rs5752801,94,181,-0.0835616,0.0159234,False
rs5752801,94,182,-0.0729808,0.034514,False
rs5752801,94,183,-0.0754285,0.028502,False
rs5752801,94,184,-0.0732709,0.0328763,False
rs5752801,94,185,-0.0830464,0.0154784,False
rs5752801,94,186,-0.0792021,0.0204538,False
rs5752801,94,187,-0.0801002,0.0188697,False
rs5752801,94,188,-0.0827051,0.0152898,False
rs5752801,94,189,-0.0843876,0.0130772,False
rs5752801,94,190,-0.0858341,0.0114487,False
rs5752801,94,191,-0.0864687,0.0107831,False
rs5752801,94,192,-0.0817517,0.015905,False
rs5752801,94,193,-0.0950981,0.00494852,False
rs5752801,94,194,-0.0981074,0.0037008,False
rs5752801,94,195,-0.0943664,0.00518868,False
rs5752801,94,196,-0.0994633,0.00318683,False
rs5752801,94,197,-0.102588,0.00234676,False
rs5752801,94,198,-0.107616,0.00144294,False
rs5752801,94,199,-0.105896,0.00173141,False
rs5752801,94,200,-0.0953611,0.00482643,False
rs5752801,94,201,-0.0971437,0.00414472,False
rs5752801,94,202,-0.100559,0.00306612,False
rs5752801,94,203,-0.105418,0.00197558,False
rs5752801,94,204,-0.107588,0.00165634,False
rs5752801,94,205,-0.111503,0.00116196,False
rs5752801,94,206,-0.118536,0.000572977,False
rs5752801,94,207,-0.116384,0.000759689,False
rs5752801,94,208,-0.114695,0.000956551,False
rs5752801,94,209,-0.11635,0.000856233,False
rs5752801,94,210,-0.115473,0.000998323,False
rs5752801,94,211,-0.122255,0.000532256,False
rs5752801,94,212,-0.125188,0.000429343,False
rs5752801,94,213,-0.120544,0.000761616,False
rs5752801,94,214,-0.124292,0.000573216,False
rs5752801,94,215,-0.129984,0.000352523,False
rs5752801,94,216,-0.134738,0.000237002,False
rs5752801,94,217,-0.133738,0.00029417,False
rs5752801,94,218,-0.139633,0.000182578,False
rs5752801,94,219,-0.136318,0.000291249,False
rs5752801,94,220,-0.140581,0.000217478,False
rs5752801,94,221,-0.14191,0.0002184,False
rs5752801,94,222,-0.151458,9.35501e-05,False
rs5752801,94,223,-0.147278,0.000169281,False
rs5752801,94,224,-0.147893,0.000185855,False
rs5752801,94,225,-0.155711,0.000100158,False
rs5752801,94,226,-0.160921,6.78124e-05,False
rs5752801,94,227,-0.174695,1.8912e-05,False
rs5752801,94,228,-0.173138,2.76733e-05,False
rs5752801,94,229,-0.174109,2.99927e-05,False
rs5752801,94,230,-0.184333,1.22901e-05,False
rs5752801,94,231,-0.183033,1.74928e-05,False
rs5752801,94,232,-0.199826,3.53757e-06,False
rs5752801,94,233,-0.198531,5.20029e-06,False
rs5752801,94,234,-0.199112,5.998e-06,False
rs5752801,94,235,-0.195293,1.11709e-05,False
rs5752801,94,236,-0.211924,2.35581e-06,False
rs5752801,94,237,-0.214393,2.17252e-06,False
rs5752801,94,238,-0.217461,1.96515e-06,False
rs5752801,94,239,-0.216928,2.49092e-06,False
rs5752801,94,240,-0.230827,6.86331e-07,False
rs5752801,94,241,-0.227979,1.13293e-06,False
rs5752801,94,242,-0.218749,3.64846e-06,False
rs5752801,94,243,-0.217319,4.88785e-06,False
rs5752801,94,244,-0.218648,5.04101e-06,False
rs5752801,94,245,-0.220087,5.17043e-06,False
rs5752801,94,246,-0.217767,7.50479e-06,False
rs5752801,94,247,-0.218815,7.77982e-06,False
rs5752801,94,248,-0.212669,1.56308e-05,False
rs5752801,94,249,-0.209632,2.31213e-05,False
rs5752801,94,250,-0.206176,3.50105e-05,False
rs5752801,94,251,-0.199934,6.50417e-05,False
rs5752801,95,7,0.00794914,0.766042,False
rs5752801,95,8,0.00411448,0.876194,False
rs5752801,95,9,-0.00459254,0.860599,False
rs5752801,95,10,-0.00316108,0.902815,False
rs5752801,95,11,-0.00665569,0.795483,False
rs5752801,95,12,-0.0173439,0.497282,False
rs5752801,95,13,-0.0165604,0.514336,False
rs5752801,95,14,-0.01312,0.604363,False
rs5752801,95,15,-0.0199425,0.429861,False
rs5752801,95,16,-0.0193261,0.444173,False
rs5752801,95,17,-0.0260311,0.302294,False
rs5752801,95,18,-0.0134347,0.594391,False
rs5752801,95,19,-0.014334,0.569657,False
rs5752801,95,20,-0.0211282,0.400905,False
rs5752801,95,21,-0.0184363,0.466142,False
rs5752801,95,22,-0.0202437,0.423413,False
rs5752801,95,23,-0.0177168,0.483609,False
rs5752801,95,24,-0.0185497,0.4636,False
rs5752801,95,25,-0.0256496,0.311379,False
rs5752801,95,26,-0.0285116,0.260285,False
rs5752801,95,27,-0.0301724,0.234185,False
rs5752801,95,28,-0.023473,0.35567,False
rs5752801,95,29,-0.0251892,0.322297,False
rs5752801,95,30,-0.035357,0.165422,False
rs5752801,95,31,-0.0278234,0.276027,False
rs5752801,95,32,-0.0412217,0.107845,False
rs5752801,95,33,-0.037404,0.144983,False
rs5752801,95,34,-0.0378934,0.141377,False
rs5752801,95,35,-0.0498761,0.053352,False
rs5752801,95,36,-0.0421106,0.103421,False
rs5752801,95,37,-0.0416327,0.108825,False
rs5752801,95,38,-0.0593456,0.0226595,False
rs5752801,95,39,-0.0533714,0.0411323,False
rs5752801,95,40,-0.04624,0.077441,False
rs5752801,95,41,-0.0447273,0.0890282,False
rs5752801,95,42,-0.0459041,0.0817041,False
rs5752801,95,43,-0.05465,0.0389455,False
rs5752801,95,44,-0.0565833,0.0334777,False
rs5752801,95,45,-0.057638,0.0307871,False
rs5752801,95,46,-0.0585973,0.0288933,False
rs5752801,95,47,-0.0523403,0.0521416,False
rs5752801,95,48,-0.0506464,0.0611825,False
rs5752801,95,49,-0.0581028,0.0327364,False
rs5752801,95,50,-0.0492004,0.0715386,False
rs5752801,95,51,-0.0523444,0.0563357,False
rs5752801,95,52,-0.047439,0.0852943,False
rs5752801,95,53,-0.0547647,0.0479607,False
rs5752801,95,54,-0.0555665,0.046152,False
rs5752801,95,55,-0.050323,0.0727997,False
rs5752801,95,56,-0.052677,0.0611598,False
rs5752801,95,57,-0.0555705,0.0495262,False
rs5752801,95,58,-0.0467545,0.0999657,False
rs5752801,95,59,-0.0540963,0.058356,False
rs5752801,95,60,-0.0519324,0.0703904,False
rs5752801,95,61,-0.047193,0.102711,False
rs5752801,95,62,-0.0560466,0.0536098,False
rs5752801,95,63,-0.047703,0.102111,False
rs5752801,95,64,-0.053857,0.0664002,False
rs5752801,95,65,-0.0438235,0.13851,False
rs5752801,95,66,-0.0421845,0.155203,False
rs5752801,95,67,-0.0528339,0.0765523,False
rs5752801,95,68,-0.0428583,0.153467,False
rs5752801,95,69,-0.0521062,0.0840393,False
rs5752801,95,70,-0.0445482,0.141454,False
rs5752801,95,71,-0.0489817,0.108496,False
rs5752801,95,72,-0.0471923,0.12385,False
rs5752801,95,73,-0.0528199,0.0866241,False
rs5752801,95,74,-0.0460099,0.137339,False
rs5752801,95,75,-0.0404842,0.194302,False
rs5752801,95,76,-0.0365139,0.243178,False
rs5752801,95,77,-0.0359925,0.252477,False
rs5752801,95,78,-0.0452742,0.151937,False
rs5752801,95,79,-0.0485811,0.126738,False
rs5752801,95,80,-0.0453989,0.154598,False
rs5752801,95,81,-0.0466937,0.145153,False
rs5752801,95,82,-0.0469345,0.145019,False
rs5752801,95,83,-0.044718,0.167295,False
rs5752801,95,84,-0.0532019,0.101764,False
rs5752801,95,85,-0.0539381,0.0973787,False
rs5752801,95,86,-0.0417714,0.201238,False
rs5752801,95,87,-0.0405756,0.216526,False
rs5752801,95,88,-0.0500944,0.127674,False
rs5752801,95,89,-0.038808,0.239074,False
rs5752801,95,90,-0.0363768,0.270876,False
rs5752801,95,91,-0.0460497,0.164983,False
rs5752801,95,92,-0.0527937,0.112395,False
rs5752801,95,93,-0.0507078,0.12847,False
rs5752801,95,94,-0.0397846,0.23485,False
rs5752801,95,95,-0.0468486,0.162421,False
rs5752801,95,96,-0.0537708,0.109356,False
rs5752801,95,97,-0.0470009,0.162481,False
rs5752801,95,98,-0.0453438,0.178951,False
rs5752801,95,99,-0.0518,0.125903,False
rs5752801,95,100,-0.0479491,0.157133,False
rs5752801,95,101,-0.0470654,0.165601,False
rs5752801,95,102,-0.0604615,0.0753213,False
rs5752801,95,103,-0.0606405,0.0753525,False
rs5752801,95,104,-0.05406,0.113405,False
rs5752801,95,105,-0.0511952,0.134402,False
rs5752801,95,106,-0.0401297,0.241894,False
rs5752801,95,107,-0.0505005,0.141372,False
rs5752801,95,108,-0.0531484,0.122001,False
rs5752801,95,109,-0.049225,0.153648,False
rs5752801,95,110,-0.0484094,0.16126,False
rs5752801,95,111,-0.0512585,0.138839,False
rs5752801,95,112,-0.059908,0.0840085,False
rs5752801,95,113,-0.0534679,0.123672,False
rs5752801,95,114,-0.0478459,0.169162,False
rs5752801,95,115,-0.0513656,0.140801,False
rs5752801,95,116,-0.0522132,0.134695,False
rs5752801,95,117,-0.0473493,0.175613,False
rs5752801,95,118,-0.0459407,0.189257,False
rs5752801,95,119,-0.0386213,0.27044,False
rs5752801,95,120,-0.0399139,0.255223,False
rs5752801,95,121,-0.0501446,0.153315,False
rs5752801,95,122,-0.0398714,0.25709,False
rs5752801,95,123,-0.0332015,0.344838,False
rs5752801,95,124,-0.030277,0.390216,False
rs5752801,95,125,-0.0410456,0.244302,False
rs5752801,95,126,-0.0418385,0.236216,False
rs5752801,95,127,-0.0440527,0.212498,False
rs5752801,95,128,-0.0520284,0.140827,False
rs5752801,95,129,-0.0415514,0.240949,False
rs5752801,95,130,-0.0447591,0.206308,False
rs5752801,95,131,-0.0439896,0.214611,False
rs5752801,95,132,-0.0388555,0.272882,False
rs5752801,95,133,-0.0310676,0.380739,False
rs5752801,95,134,-0.0320357,0.365992,False
rs5752801,95,135,-0.0348463,0.325791,False
rs5752801,95,136,-0.0278421,0.432377,False
rs5752801,95,137,-0.0373627,0.292613,False
rs5752801,95,138,-0.0324228,0.360807,False
rs5752801,95,139,-0.032344,0.362038,False
rs5752801,95,140,-0.0376216,0.289147,False
rs5752801,95,141,-0.0266316,0.45366,False
rs5752801,95,142,-0.0347077,0.328652,False
rs5752801,95,143,-0.0367543,0.301122,False
rs5752801,95,144,-0.0361696,0.308666,False
rs5752801,95,145,-0.0399888,0.260161,False
rs5752801,95,146,-0.039077,0.271432,False
rs5752801,95,147,-0.0345548,0.330841,False
rs5752801,95,148,-0.0324929,0.360418,False
rs5752801,95,149,-0.0435448,0.22007,False
rs5752801,95,150,-0.0354311,0.318346,False
rs5752801,95,151,-0.0398918,0.261013,False
rs5752801,95,152,-0.0439626,0.215818,False
rs5752801,95,153,-0.0386318,0.276124,False
rs5752801,95,154,-0.0403158,0.255988,False
rs5752801,95,155,-0.0490443,0.16709,False
rs5752801,95,156,-0.0518721,0.143816,False
rs5752801,95,157,-0.0534555,0.132046,False
rs5752801,95,158,-0.049512,0.16291,False
rs5752801,95,159,-0.0547336,0.12277,False
rs5752801,95,160,-0.0548174,0.122178,False
rs5752801,95,161,-0.0527366,0.136846,False
rs5752801,95,162,-0.0539785,0.128002,False
rs5752801,95,163,-0.0468411,0.185941,False
rs5752801,95,164,-0.0522426,0.140022,False
rs5752801,95,165,-0.0522148,0.139842,False
rs5752801,95,166,-0.0608849,0.085081,False
rs5752801,95,167,-0.0546125,0.121614,False
rs5752801,95,168,-0.0463152,0.188747,False
rs5752801,95,169,-0.0481008,0.171226,False
rs5752801,95,170,-0.0482261,0.169856,False
rs5752801,95,171,-0.0578081,0.0993814,False
rs5752801,95,172,-0.053069,0.12935,False
rs5752801,95,173,-0.0526029,0.132446,False
rs5752801,95,174,-0.0613894,0.0784449,False
rs5752801,95,175,-0.0468242,0.178483,False
rs5752801,95,176,-0.055722,0.108325,False
rs5752801,95,177,-0.0547671,0.114041,False
rs5752801,95,178,-0.0574135,0.0971904,False
rs5752801,95,179,-0.0596843,0.083821,False
rs5752801,95,180,-0.0507458,0.140791,False
rs5752801,95,181,-0.0560779,0.103111,False
rs5752801,95,182,-0.0573392,0.0948335,False
rs5752801,95,183,-0.049883,0.146008,False
rs5752801,95,184,-0.0599574,0.080173,False
rs5752801,95,185,-0.0474959,0.165069,False
rs5752801,95,186,-0.0468705,0.169435,False
rs5752801,95,187,-0.0651108,0.0556453,False
rs5752801,95,188,-0.0665659,0.0499137,False
rs5752801,95,189,-0.0576673,0.0888169,False
rs5752801,95,190,-0.0630229,0.0630134,False
rs5752801,95,191,-0.0663833,0.0499562,False
rs5752801,95,192,-0.0705352,0.0370985,False
rs5752801,95,193,-0.0712892,0.0348508,False
rs5752801,95,194,-0.0654616,0.0523552,False
rs5752801,95,195,-0.0757941,0.0249798,False
rs5752801,95,196,-0.0812631,0.0162913,False
rs5752801,95,197,-0.08606,0.0109783,False
rs5752801,95,198,-0.0894827,0.00822157,False
rs5752801,95,199,-0.0885176,0.0091902,False
rs5752801,95,200,-0.0960912,0.00471224,False
rs5752801,95,201,-0.0971757,0.00435772,False
rs5752801,95,202,-0.100628,0.00322924,False
rs5752801,95,203,-0.10117,0.0031326,False
rs5752801,95,204,-0.0987927,0.00404577,False
rs5752801,95,205,-0.105744,0.00220007,False
rs5752801,95,206,-0.103802,0.0027642,False
rs5752801,95,207,-0.12048,0.000543045,False
rs5752801,95,208,-0.109937,0.00169985,False
rs5752801,95,209,-0.12026,0.000636741,False
rs5752801,95,210,-0.118607,0.000823275,False
rs5752801,95,211,-0.117352,0.00101674,False
rs5752801,95,212,-0.117754,0.00105773,False
rs5752801,95,213,-0.120556,0.000872054,False
rs5752801,95,214,-0.12358,0.000712697,False
rs5752801,95,215,-0.119277,0.00120028,False
rs5752801,95,216,-0.125952,0.000692932,False
rs5752801,95,217,-0.134003,0.000350964,False
rs5752801,95,218,-0.139535,0.000226934,False
rs5752801,95,219,-0.14058,0.00023278,False
rs5752801,95,220,-0.140902,0.000261865,False
rs5752801,95,221,-0.135463,0.000518303,False
rs5752801,95,222,-0.143271,0.000269028,False
rs5752801,95,223,-0.1415,0.000373772,False
rs5752801,95,224,-0.152574,0.000147566,False
rs5752801,95,225,-0.163546,5.70957e-05,False
rs5752801,95,226,-0.160409,9.36987e-05,False
rs5752801,95,227,-0.17738,1.91397e-05,False
rs5752801,95,228,-0.172422,3.89789e-05,False
rs5752801,95,229,-0.174296,3.87688e-05,False
rs5752801,95,230,-0.177886,3.21359e-05,False
rs5752801,95,231,-0.181481,2.67448e-05,False
rs5752801,95,232,-0.181387,3.11682e-05,False
rs5752801,95,233,-0.18349,3.04726e-05,False
rs5752801,95,234,-0.200925,6.17039e-06,False
rs5752801,95,235,-0.197421,1.03268e-05,False
rs5752801,95,236,-0.195403,1.51636e-05,False
rs5752801,95,237,-0.20199,9.24404e-06,False
rs5752801,95,238,-0.197004,1.76509e-05,False
rs5752801,95,239,-0.199017,1.72719e-05,False
rs5752801,95,240,-0.19501,2.82165e-05,False
rs5752801,95,241,-0.198308,2.3624e-05,False
rs5752801,95,242,-0.195294,3.48809e-05,False
rs5752801,95,243,-0.202759,1.98492e-05,False
rs5752801,95,244,-0.191899,5.95062e-05,False
rs5752801,95,245,-0.196755,4.30099e-05,False
rs5752801,95,246,-0.193561,6.35859e-05,False
rs5752801,95,247,-0.187173,0.000120508,False
rs5752801,95,248,-0.194,7.43631e-05,False
rs5752801,95,249,-0.196302,6.74716e-05,False
rs5752801,95,250,-0.197926,6.47655e-05,False
rs5752801,95,251,-0.194769,9.16101e-05,False
rs5752801,96,7,0.000846868,0.974902,False
rs5752801,96,8,6.0449e-05,0.998186,False
rs5752801,96,9,-0.00334046,0.899116,False
rs5752801,96,10,-0.00975312,0.708517,False
rs5752801,96,11,-0.0133642,0.605142,False
rs5752801,96,12,-0.011559,0.652969,False
rs5752801,96,13,-0.0271449,0.286982,False
rs5752801,96,14,-0.0162548,0.523032,False
rs5752801,96,15,-0.0207417,0.412954,False
rs5752801,96,16,-0.0164502,0.514332,False
rs5752801,96,17,-0.0237291,0.34595,False
rs5752801,96,18,-0.0217858,0.385907,False
rs5752801,96,19,-0.031666,0.207788,False
rs5752801,96,20,-0.0183651,0.464579,False
rs5752801,96,21,-0.0229904,0.360375,False
rs5752801,96,22,-0.0332809,0.185286,False
rs5752801,96,23,-0.0219064,0.383539,False
rs5752801,96,24,-0.0321774,0.200772,False
rs5752801,96,25,-0.0250894,0.319245,False
rs5752801,96,26,-0.0359321,0.154387,False
rs5752801,96,27,-0.031356,0.214273,False
rs5752801,96,28,-0.0329918,0.192354,False
rs5752801,96,29,-0.0375513,0.138494,False
rs5752801,96,30,-0.0413544,0.102754,False
rs5752801,96,31,-0.0288617,0.256404,False
rs5752801,96,32,-0.0460084,0.0702665,False
rs5752801,96,33,-0.0453723,0.0753588,False
rs5752801,96,34,-0.0532097,0.0377692,False
rs5752801,96,35,-0.0478093,0.062443,False
rs5752801,96,36,-0.0394045,0.125319,False
rs5752801,96,37,-0.0358896,0.163711,False
rs5752801,96,38,-0.0450014,0.0823184,False
rs5752801,96,39,-0.0460504,0.0760533,False
rs5752801,96,40,-0.0446519,0.0864761,False
rs5752801,96,41,-0.04645,0.0755143,False
rs5752801,96,42,-0.0444194,0.0895353,False
rs5752801,96,43,-0.0481838,0.0670992,False
rs5752801,96,44,-0.0460392,0.0818652,False
rs5752801,96,45,-0.0525629,0.0476727,False
rs5752801,96,46,-0.0526936,0.0477561,False
rs5752801,96,47,-0.0373302,0.162879,False
rs5752801,96,48,-0.053392,0.0469764,False
rs5752801,96,49,-0.0531836,0.0491269,False
rs5752801,96,50,-0.052195,0.0549926,False
rs5752801,96,51,-0.0513148,0.0600426,False
rs5752801,96,52,-0.0504042,0.0658022,False
rs5752801,96,53,-0.0505279,0.0665187,False
rs5752801,96,54,-0.0508803,0.0661096,False
rs5752801,96,55,-0.0455404,0.101891,False
rs5752801,96,56,-0.0586982,0.0357079,False
rs5752801,96,57,-0.0500992,0.0744514,False
rs5752801,96,58,-0.0510791,0.0701092,False
rs5752801,96,59,-0.0517275,0.0683819,False
rs5752801,96,60,-0.0489297,0.086296,False
rs5752801,96,61,-0.0582011,0.042423,False
rs5752801,96,62,-0.061022,0.0341622,False
rs5752801,96,63,-0.0648283,0.0251259,False
rs5752801,96,64,-0.0563351,0.0530727,False
rs5752801,96,65,-0.0534536,0.0678876,False
rs5752801,96,66,-0.0537362,0.0676446,False
rs5752801,96,67,-0.0567477,0.054954,False
rs5752801,96,68,-0.0584859,0.0491769,False
rs5752801,96,69,-0.0599818,0.0447571,False
rs5752801,96,70,-0.058016,0.0536911,False
rs5752801,96,71,-0.0547161,0.0703968,False
rs5752801,96,72,-0.0484609,0.111072,False
rs5752801,96,73,-0.0526737,0.0850606,False
rs5752801,96,74,-0.0519192,0.0910819,False
rs5752801,96,75,-0.0447623,0.147682,False
rs5752801,96,76,-0.0469037,0.131647,False
rs5752801,96,77,-0.0402426,0.198299,False
rs5752801,96,78,-0.0466831,0.136999,False
rs5752801,96,79,-0.0496124,0.116009,False
rs5752801,96,80,-0.0480415,0.129851,False
rs5752801,96,81,-0.0423441,0.184028,False
rs5752801,96,82,-0.0389623,0.222984,False
rs5752801,96,83,-0.035127,0.273869,False
rs5752801,96,84,-0.0414959,0.197798,False
rs5752801,96,85,-0.0499755,0.123135,False
rs5752801,96,86,-0.0477029,0.1423,False
rs5752801,96,87,-0.0441682,0.175282,False
rs5752801,96,88,-0.0471129,0.149795,False
rs5752801,96,89,-0.0461038,0.159402,False
rs5752801,96,90,-0.0391065,0.23473,False
rs5752801,96,91,-0.0405751,0.21914,False
rs5752801,96,92,-0.0430529,0.19347,False
rs5752801,96,93,-0.0482906,0.145816,False
rs5752801,96,94,-0.0458727,0.167808,False
rs5752801,96,95,-0.0479361,0.1504,False
rs5752801,96,96,-0.047802,0.153553,False
rs5752801,96,97,-0.0388973,0.245972,False
rs5752801,96,98,-0.037439,0.265287,False
rs5752801,96,99,-0.0432517,0.19959,False
rs5752801,96,100,-0.0412503,0.222995,False
rs5752801,96,101,-0.0366307,0.279865,False
rs5752801,96,102,-0.0372845,0.272155,False
rs5752801,96,103,-0.0402895,0.236304,False
rs5752801,96,104,-0.0505729,0.137813,False
rs5752801,96,105,-0.0496196,0.14667,False
rs5752801,96,106,-0.0421918,0.217815,False
rs5752801,96,107,-0.0413833,0.227826,False
rs5752801,96,108,-0.0394804,0.250527,False
rs5752801,96,109,-0.0421716,0.219806,False
rs5752801,96,110,-0.038585,0.262768,False
rs5752801,96,111,-0.0488364,0.157254,False
rs5752801,96,112,-0.0520055,0.133181,False
rs5752801,96,113,-0.0593327,0.087083,False
rs5752801,96,114,-0.0504008,0.146619,False
rs5752801,96,115,-0.0439643,0.206217,False
rs5752801,96,116,-0.0384244,0.269927,False
rs5752801,96,117,-0.0402296,0.248921,False
rs5752801,96,118,-0.0432316,0.216463,False
rs5752801,96,119,-0.0436677,0.212346,False
rs5752801,96,120,-0.0446576,0.202743,False
rs5752801,96,121,-0.0478052,0.173767,False
rs5752801,96,122,-0.0502682,0.152372,False
rs5752801,96,123,-0.0386411,0.271896,False
rs5752801,96,124,-0.0465623,0.186265,False
rs5752801,96,125,-0.0476121,0.176533,False
rs5752801,96,126,-0.0485038,0.168656,False
rs5752801,96,127,-0.0460861,0.191433,False
rs5752801,96,128,-0.0455354,0.197256,False
rs5752801,96,129,-0.0616142,0.0814045,False
rs5752801,96,130,-0.0505899,0.152907,False
rs5752801,96,131,-0.0433895,0.22032,False
rs5752801,96,132,-0.0463612,0.190268,False
rs5752801,96,133,-0.0465417,0.188582,False
rs5752801,96,134,-0.0499361,0.158504,False
rs5752801,96,135,-0.0504754,0.153839,False
rs5752801,96,136,-0.0547033,0.121894,False
rs5752801,96,137,-0.0342466,0.332984,False
rs5752801,96,138,-0.0410931,0.246206,False
rs5752801,96,139,-0.0384567,0.278177,False
rs5752801,96,140,-0.0359536,0.310788,False
rs5752801,96,141,-0.0348309,0.326137,False
rs5752801,96,142,-0.0315498,0.374027,False
rs5752801,96,143,-0.037856,0.285825,False
rs5752801,96,144,-0.0436656,0.217983,False
rs5752801,96,145,-0.0427358,0.227936,False
rs5752801,96,146,-0.0393596,0.266584,False
rs5752801,96,147,-0.0421277,0.234833,False
rs5752801,96,148,-0.0443627,0.21112,False
rs5752801,96,149,-0.045292,0.201176,False
rs5752801,96,150,-0.0455158,0.199122,False
rs5752801,96,151,-0.0501947,0.157023,False
rs5752801,96,152,-0.0535951,0.130557,False
rs5752801,96,153,-0.0477759,0.177735,False
rs5752801,96,154,-0.0453058,0.20166,False
rs5752801,96,155,-0.0463331,0.190998,False
rs5752801,96,156,-0.0539964,0.126985,False
rs5752801,96,157,-0.0586428,0.0977212,False
rs5752801,96,158,-0.0529898,0.134567,False
rs5752801,96,159,-0.0513584,0.146749,False
rs5752801,96,160,-0.0498163,0.159585,False
rs5752801,96,161,-0.0506956,0.15138,False
rs5752801,96,162,-0.0552031,0.117875,False
rs5752801,96,163,-0.0549751,0.119264,False
rs5752801,96,164,-0.0491855,0.162868,False
rs5752801,96,165,-0.0482844,0.169675,False
rs5752801,96,166,-0.0460274,0.190129,False
rs5752801,96,167,-0.0475641,0.175457,False
rs5752801,96,168,-0.0458144,0.191219,False
rs5752801,96,169,-0.0503448,0.149863,False
rs5752801,96,170,-0.0447978,0.199719,False
rs5752801,96,171,-0.0466606,0.181197,False
rs5752801,96,172,-0.0438231,0.208856,False
rs5752801,96,173,-0.0442432,0.203717,False
rs5752801,96,174,-0.0490239,0.158081,False
rs5752801,96,175,-0.0489706,0.157509,False
rs5752801,96,176,-0.0477389,0.167313,False
rs5752801,96,177,-0.0451171,0.191031,False
rs5752801,96,178,-0.0500278,0.146825,False
rs5752801,96,179,-0.0475438,0.166696,False
rs5752801,96,180,-0.0566174,0.0986765,False
rs5752801,96,181,-0.0608208,0.0759733,False
rs5752801,96,182,-0.059888,0.0797469,False
rs5752801,96,183,-0.0614075,0.0718968,False
rs5752801,96,184,-0.0595264,0.0805234,False
rs5752801,96,185,-0.0569092,0.0940847,False
rs5752801,96,186,-0.0620825,0.0674776,False
rs5752801,96,187,-0.0645578,0.0565692,False
rs5752801,96,188,-0.0668467,0.0482398,False
rs5752801,96,189,-0.073594,0.0294662,False
rs5752801,96,190,-0.0810741,0.0164188,False
rs5752801,96,191,-0.079751,0.0183164,False
rs5752801,96,192,-0.0815835,0.0157428,False
rs5752801,96,193,-0.0894794,0.00802714,False
rs5752801,96,194,-0.0903482,0.00744129,False
rs5752801,96,195,-0.0940894,0.00541204,False
rs5752801,96,196,-0.0865385,0.0105858,False
rs5752801,96,197,-0.097073,0.00423333,False
rs5752801,96,198,-0.0911639,0.00727309,False
rs5752801,96,199,-0.0954472,0.00507484,False
rs5752801,96,200,-0.107296,0.00166568,False
rs5752801,96,201,-0.114452,0.00083168,False
rs5752801,96,202,-0.111017,0.00124396,False
rs5752801,96,203,-0.106121,0.00208605,False
rs5752801,96,204,-0.111565,0.00127566,False
rs5752801,96,205,-0.10393,0.00280107,False
rs5752801,96,206,-0.11124,0.00148122,False
rs5752801,96,207,-0.109732,0.00180607,False
rs5752801,96,208,-0.111338,0.00164516,False
rs5752801,96,209,-0.115465,0.001161,False
rs5752801,96,210,-0.114503,0.00138306,False
rs5752801,96,211,-0.12147,0.000763287,False
rs5752801,96,212,-0.129885,0.000352504,False
rs5752801,96,213,-0.135621,0.000219938,False
rs5752801,96,214,-0.132905,0.00032766,False
rs5752801,96,215,-0.139167,0.000191262,False
rs5752801,96,216,-0.128537,0.000639832,False
rs5752801,96,217,-0.139958,0.000233526,False
rs5752801,96,218,-0.130796,0.000653927,False
rs5752801,96,219,-0.136362,0.000435156,False
rs5752801,96,220,-0.145323,0.000208549,False
rs5752801,96,221,-0.136809,0.000554256,False
rs5752801,96,222,-0.138394,0.000548173,False
rs5752801,96,223,-0.149759,0.000210051,False
rs5752801,96,224,-0.159699,9.27032e-05,False
rs5752801,96,225,-0.161192,9.41914e-05,False
rs5752801,96,226,-0.157371,0.000160676,False
rs5752801,96,227,-0.160687,0.00013624,False
rs5752801,96,228,-0.168312,7.75637e-05,False
rs5752801,96,229,-0.17013,7.48537e-05,False
rs5752801,96,230,-0.16625,0.000127834,False
rs5752801,96,231,-0.182633,3.01675e-05,False
rs5752801,96,232,-0.184978,2.79474e-05,False
rs5752801,96,233,-0.177235,6.87492e-05,False
rs5752801,96,234,-0.187332,3.01947e-05,False
rs5752801,96,235,-0.186025,3.95025e-05,False
rs5752801,96,236,-0.173634,0.000139006,False
rs5752801,96,237,-0.180427,8.4549e-05,False
rs5752801,96,238,-0.189363,4.10432e-05,False
rs5752801,96,239,-0.170524,0.000244216,False
rs5752801,96,240,-0.181963,9.92403e-05,False
rs5752801,96,241,-0.175552,0.000190523,False
rs5752801,96,242,-0.176648,0.00018811,False
rs5752801,96,243,-0.179869,0.000153824,False
rs5752801,96,244,-0.178396,0.000189188,False
rs5752801,96,245,-0.183578,0.000133614,False
rs5752801,96,246,-0.185637,0.000120456,False
rs5752801,96,247,-0.182152,0.000177916,False
rs5752801,96,248,-0.183631,0.000169809,False
rs5752801,96,249,-0.198248,5.47986e-05,False
rs5752801,96,250,-0.199542,5.2932e-05,False
rs5752801,96,251,-0.183841,0.000209737,False
rs5752801,97,7,-0.00328034,0.902588,False
rs5752801,97,8,0.00166786,0.949911,False
rs5752801,97,9,-0.00277988,0.915723,False
rs5752801,97,10,-0.0103337,0.691158,False
rs5752801,97,11,-0.0172548,0.503625,False
rs5752801,97,12,-0.0192836,0.452124,False
rs5752801,97,13,-0.0367222,0.148459,False
rs5752801,97,14,-0.0216777,0.391662,False
rs5752801,97,15,-0.0263645,0.295371,False
rs5752801,97,16,-0.0300657,0.232333,False
rs5752801,97,17,-0.035093,0.162909,False
rs5752801,97,18,-0.0344326,0.170342,False
rs5752801,97,19,-0.0418002,0.0950932,False
rs5752801,97,20,-0.035587,0.155147,False
rs5752801,97,21,-0.0331329,0.186539,False
rs5752801,97,22,-0.0430255,0.0865807,False
rs5752801,97,23,-0.0442669,0.0775264,False
rs5752801,97,24,-0.0504649,0.0441565,False
rs5752801,97,25,-0.0410667,0.102262,False
rs5752801,97,26,-0.0338205,0.179103,False
rs5752801,97,27,-0.0538207,0.0326502,False
rs5752801,97,28,-0.040126,0.111695,False
rs5752801,97,29,-0.0374739,0.13766,False
rs5752801,97,30,-0.0318622,0.208524,False
rs5752801,97,31,-0.0423308,0.0958217,False
rs5752801,97,32,-0.0418017,0.100125,False
rs5752801,97,33,-0.0437055,0.0861628,False
rs5752801,97,34,-0.0250973,0.326387,False
rs5752801,97,35,-0.0320742,0.210773,False
rs5752801,97,36,-0.0365005,0.154982,False
rs5752801,97,37,-0.0322939,0.21043,False
rs5752801,97,38,-0.0409463,0.113254,False
rs5752801,97,39,-0.0405268,0.118413,False
rs5752801,97,40,-0.0455955,0.0795276,False
rs5752801,97,41,-0.0501044,0.0548198,False
rs5752801,97,42,-0.0486225,0.0631011,False
rs5752801,97,43,-0.0369331,0.160405,False
rs5752801,97,44,-0.0543966,0.0392276,False
rs5752801,97,45,-0.0585234,0.0268744,False
rs5752801,97,46,-0.0589019,0.0267348,False
rs5752801,97,47,-0.0576449,0.030712,False
rs5752801,97,48,-0.0486668,0.0690033,False
rs5752801,97,49,-0.0435105,0.105875,False
rs5752801,97,50,-0.0460245,0.0889808,False
rs5752801,97,51,-0.0604604,0.026141,False
rs5752801,97,52,-0.0569591,0.0372028,False
rs5752801,97,53,-0.0505806,0.0651917,False
rs5752801,97,54,-0.0437016,0.113476,False
rs5752801,97,55,-0.057684,0.0371843,False
rs5752801,97,56,-0.0529731,0.0570309,False
rs5752801,97,57,-0.0468763,0.0940974,False
rs5752801,97,58,-0.0390089,0.165496,False
rs5752801,97,59,-0.0422253,0.135099,False
rs5752801,97,60,-0.0422233,0.136606,False
rs5752801,97,61,-0.0502005,0.0786192,False
rs5752801,97,62,-0.0481591,0.0930286,False
rs5752801,97,63,-0.0468399,0.104509,False
rs5752801,97,64,-0.0461557,0.111375,False
rs5752801,97,65,-0.0503119,0.0841378,False
rs5752801,97,66,-0.0427236,0.144288,False
rs5752801,97,67,-0.0476819,0.105154,False
rs5752801,97,68,-0.0390687,0.186298,False
rs5752801,97,69,-0.037608,0.205951,False
rs5752801,97,70,-0.0420456,0.159824,False
rs5752801,97,71,-0.0463545,0.123142,False
rs5752801,97,72,-0.0364417,0.227768,False
rs5752801,97,73,-0.043333,0.153813,False
rs5752801,97,74,-0.0423546,0.165512,False
rs5752801,97,75,-0.0397638,0.195966,False
rs5752801,97,76,-0.0386019,0.211744,False
rs5752801,97,77,-0.0369423,0.234242,False
rs5752801,97,78,-0.0271338,0.384896,False
rs5752801,97,79,-0.0379495,0.22652,False
rs5752801,97,80,-0.0426483,0.17623,False
rs5752801,97,81,-0.0353631,0.263995,False
rs5752801,97,82,-0.0451569,0.155883,False
rs5752801,97,83,-0.0482843,0.130975,False
rs5752801,97,84,-0.0514602,0.10891,False
rs5752801,97,85,-0.0438968,0.172801,False
rs5752801,97,86,-0.0417886,0.195777,False
rs5752801,97,87,-0.0378208,0.243101,False
rs5752801,97,88,-0.0373734,0.250214,False
rs5752801,97,89,-0.0445157,0.172502,False
rs5752801,97,90,-0.0442018,0.176908,False
rs5752801,97,91,-0.0323946,0.32405,False
rs5752801,97,92,-0.0401744,0.222465,False
rs5752801,97,93,-0.0364711,0.269515,False
rs5752801,97,94,-0.0441469,0.182186,False
rs5752801,97,95,-0.0465059,0.161759,False
rs5752801,97,96,-0.0530129,0.111588,False
rs5752801,97,97,-0.0463839,0.165078,False
rs5752801,97,98,-0.0437632,0.191322,False
rs5752801,97,99,-0.0412642,0.218695,False
rs5752801,97,100,-0.0442601,0.188473,False
rs5752801,97,101,-0.0505885,0.134155,False
rs5752801,97,102,-0.0541092,0.109552,False
rs5752801,97,103,-0.0437984,0.196234,False
rs5752801,97,104,-0.0424405,0.21211,False
rs5752801,97,105,-0.0441748,0.19475,False
rs5752801,97,106,-0.0378672,0.267244,False
rs5752801,97,107,-0.0386673,0.258011,False
rs5752801,97,108,-0.0422812,0.216648,False
rs5752801,97,109,-0.0439607,0.200685,False
rs5752801,97,110,-0.0472434,0.169885,False
rs5752801,97,111,-0.0518818,0.132763,False
rs5752801,97,112,-0.0486778,0.15885,False
rs5752801,97,113,-0.0458604,0.185638,False
rs5752801,97,114,-0.0484657,0.162325,False
rs5752801,97,115,-0.0465266,0.180332,False
rs5752801,97,116,-0.0586453,0.0918829,False
rs5752801,97,117,-0.0522729,0.133374,False
rs5752801,97,118,-0.0447279,0.199428,False
rs5752801,97,119,-0.0448447,0.199055,False
rs5752801,97,120,-0.0535127,0.125823,False
rs5752801,97,121,-0.0505215,0.149305,False
rs5752801,97,122,-0.0553385,0.11462,False
rs5752801,97,123,-0.0540598,0.123305,False
rs5752801,97,124,-0.0478933,0.172825,False
rs5752801,97,125,-0.042543,0.22567,False
rs5752801,97,126,-0.0424947,0.227175,False
rs5752801,97,127,-0.0406977,0.247686,False
rs5752801,97,128,-0.0388825,0.270145,False
rs5752801,97,129,-0.0394061,0.264093,False
rs5752801,97,130,-0.0360619,0.306939,False
rs5752801,97,131,-0.0421069,0.232568,False
rs5752801,97,132,-0.0349484,0.322108,False
rs5752801,97,133,-0.0369024,0.295817,False
rs5752801,97,134,-0.0433171,0.220008,False
rs5752801,97,135,-0.0493194,0.16286,False
rs5752801,97,136,-0.0463565,0.189976,False
rs5752801,97,137,-0.0455916,0.19732,False
rs5752801,97,138,-0.0429795,0.223958,False
rs5752801,97,139,-0.0414657,0.240765,False
rs5752801,97,140,-0.039127,0.268162,False
rs5752801,97,141,-0.0367799,0.298076,False
rs5752801,97,142,-0.0399713,0.257759,False
rs5752801,97,143,-0.0384966,0.276167,False
rs5752801,97,144,-0.0365955,0.300784,False
rs5752801,97,145,-0.0369704,0.295465,False
rs5752801,97,146,-0.0418274,0.236757,False
rs5752801,97,147,-0.0397071,0.261399,False
rs5752801,97,148,-0.0384572,0.276702,False
rs5752801,97,149,-0.0400626,0.25698,False
rs5752801,97,150,-0.0405747,0.250662,False
rs5752801,97,151,-0.046315,0.190356,False
rs5752801,97,152,-0.0453013,0.200015,False
rs5752801,97,153,-0.0462682,0.190562,False
rs5752801,97,154,-0.0526311,0.136211,False
rs5752801,97,155,-0.0516163,0.143629,False
rs5752801,97,156,-0.0540617,0.125368,False
rs5752801,97,157,-0.0517833,0.141529,False
rs5752801,97,158,-0.0477794,0.174543,False
rs5752801,97,159,-0.0496681,0.157923,False
rs5752801,97,160,-0.0524789,0.135325,False
rs5752801,97,161,-0.0492883,0.160547,False
rs5752801,97,162,-0.0518788,0.139263,False
rs5752801,97,163,-0.047028,0.179548,False
rs5752801,97,164,-0.0533451,0.127311,False
rs5752801,97,165,-0.051631,0.139975,False
rs5752801,97,166,-0.0504198,0.14891,False
rs5752801,97,167,-0.0545684,0.11779,False
rs5752801,97,168,-0.0544894,0.117835,False
rs5752801,97,169,-0.0540142,0.120235,False
rs5752801,97,170,-0.0405422,0.242785,False
rs5752801,97,171,-0.0481421,0.165243,False
rs5752801,97,172,-0.0587253,0.0903036,False
rs5752801,97,173,-0.041927,0.225127,False
rs5752801,97,174,-0.0514099,0.13617,False
rs5752801,97,175,-0.0543042,0.114646,False
rs5752801,97,176,-0.0454522,0.18541,False
rs5752801,97,177,-0.0455268,0.184583,False
rs5752801,97,178,-0.0460995,0.17788,False
rs5752801,97,179,-0.0574378,0.092389,False
rs5752801,97,180,-0.0700634,0.0399135,False
rs5752801,97,181,-0.0746994,0.0282714,False
rs5752801,97,182,-0.075475,0.0262148,False
rs5752801,97,183,-0.0816891,0.0159901,False
rs5752801,97,184,-0.0711731,0.0358742,False
rs5752801,97,185,-0.0649943,0.0545082,False
rs5752801,97,186,-0.0682075,0.0436574,False
rs5752801,97,187,-0.0700165,0.0382799,False
rs5752801,97,188,-0.0717683,0.033844,False
rs5752801,97,189,-0.0800622,0.0178694,False
rs5752801,97,190,-0.0753023,0.0259705,False
rs5752801,97,191,-0.0721167,0.0328782,False
rs5752801,97,192,-0.0837798,0.0131658,False
rs5752801,97,193,-0.0803729,0.017621,False
rs5752801,97,194,-0.0852791,0.0118165,False
rs5752801,97,195,-0.0906329,0.00753177,False
rs5752801,97,196,-0.093819,0.00580596,False
rs5752801,97,197,-0.0826435,0.0153375,False
rs5752801,97,198,-0.0974872,0.00431805,False
rs5752801,97,199,-0.0848909,0.013193,False
rs5752801,97,200,-0.0961926,0.00510736,False
rs5752801,97,201,-0.0944712,0.00616196,False
rs5752801,97,202,-0.0912156,0.00842891,False
rs5752801,97,203,-0.0997242,0.0041771,False
rs5752801,97,204,-0.106268,0.00236248,False
rs5752801,97,205,-0.115483,0.00102828,False
rs5752801,97,206,-0.109669,0.0019262,False
rs5752801,97,207,-0.109033,0.00218246,False
rs5752801,97,208,-0.107485,0.00269179,False
rs5752801,97,209,-0.111722,0.00196014,False
rs5752801,97,210,-0.112583,0.00195328,False
rs5752801,97,211,-0.121867,0.000876307,False
rs5752801,97,212,-0.129713,0.000435291,False
rs5752801,97,213,-0.124192,0.000855182,False
rs5752801,97,214,-0.121607,0.00121209,False
rs5752801,97,215,-0.131663,0.000517305,False
rs5752801,97,216,-0.129892,0.000681469,False
rs5752801,97,217,-0.12898,0.000824987,False
rs5752801,97,218,-0.140739,0.000306318,False
rs5752801,97,219,-0.143347,0.000268511,False
rs5752801,97,220,-0.135531,0.000651058,False
rs5752801,97,221,-0.14522,0.00029956,False
rs5752801,97,222,-0.153269,0.000158373,False
rs5752801,97,223,-0.152933,0.000189854,False
rs5752801,97,224,-0.154893,0.000183045,False
rs5752801,97,225,-0.157587,0.000161421,False
rs5752801,97,226,-0.152851,0.000287937,False
rs5752801,97,227,-0.165083,0.000106759,False
rs5752801,97,228,-0.168029,9.27796e-05,False
rs5752801,97,229,-0.174827,5.68701e-05,False
rs5752801,97,230,-0.170895,9.51227e-05,False
rs5752801,97,231,-0.170244,0.000113395,False
rs5752801,97,232,-0.185449,3.07734e-05,False
rs5752801,97,233,-0.184192,3.988e-05,False
rs5752801,97,234,-0.173703,0.000118178,False
rs5752801,97,235,-0.188374,3.35647e-05,False
rs5752801,97,236,-0.18359,5.96617e-05,False
rs5752801,97,237,-0.186235,5.15818e-05,False
rs5752801,97,238,-0.187906,4.92901e-05,False
rs5752801,97,239,-0.194941,2.75495e-05,False
rs5752801,97,240,-0.194137,3.32565e-05,False
rs5752801,97,241,-0.201024,1.89793e-05,False
rs5752801,97,242,-0.197171,3.01249e-05,False
rs5752801,97,243,-0.188848,6.80455e-05,False
rs5752801,97,244,-0.190325,6.38708e-05,False
rs5752801,97,245,-0.192771,5.75615e-05,False
rs5752801,97,246,-0.193308,5.84676e-05,False
rs5752801,97,247,-0.188176,9.88088e-05,False
rs5752801,97,248,-0.201363,3.38431e-05,False
rs5752801,97,249,-0.18962,0.000101788,False
rs5752801,97,250,-0.188315,0.000123499,False
rs5752801,97,251,-0.176769,0.000336694,False
rs5752801,98,7,0.00229288,0.93183,False
rs5752801,98,8,-0.00570653,0.829495,False
rs5752801,98,9,-0.000373074,0.988664,False
rs5752801,98,10,0.0011798,0.963789,False
rs5752801,98,11,-0.00721721,0.780095,False
rs5752801,98,12,-0.0157096,0.540022,False
rs5752801,98,13,-0.0200456,0.431854,False
rs5752801,98,14,-0.0309321,0.221323,False
rs5752801,98,15,-0.0269997,0.284712,False
rs5752801,98,16,-0.0281974,0.261993,False
rs5752801,98,17,-0.03147,0.210732,False
rs5752801,98,18,-0.0391291,0.119339,False
rs5752801,98,19,-0.0304053,0.22592,False
rs5752801,98,20,-0.0338283,0.177612,False
rs5752801,98,21,-0.0264291,0.291937,False
rs5752801,98,22,-0.0324496,0.196048,False
rs5752801,98,23,-0.034734,0.166206,False
rs5752801,98,24,-0.0381217,0.129454,False
rs5752801,98,25,-0.0354406,0.159056,False
rs5752801,98,26,-0.0331082,0.188293,False
rs5752801,98,27,-0.037788,0.133331,False
rs5752801,98,28,-0.036461,0.148569,False
rs5752801,98,29,-0.0378938,0.133255,False
rs5752801,98,30,-0.0298917,0.237881,False
rs5752801,98,31,-0.0410446,0.105807,False
rs5752801,98,32,-0.0408896,0.107573,False
rs5752801,98,33,-0.0440733,0.0834792,False
rs5752801,98,34,-0.0429222,0.0929548,False
rs5752801,98,35,-0.0464174,0.0701053,False
rs5752801,98,36,-0.0404364,0.115422,False
rs5752801,98,37,-0.0490625,0.0571362,False
rs5752801,98,38,-0.0473028,0.066616,False
rs5752801,98,39,-0.0521049,0.0442109,False
rs5752801,98,40,-0.0548003,0.0351427,False
rs5752801,98,41,-0.0486124,0.0619299,False
rs5752801,98,42,-0.0494917,0.0585468,False
rs5752801,98,43,-0.0629602,0.0162693,False
rs5752801,98,44,-0.0621148,0.0182679,False
rs5752801,98,45,-0.0638596,0.0155331,False
rs5752801,98,46,-0.0676967,0.010816,False
rs5752801,98,47,-0.063045,0.0179037,False
rs5752801,98,48,-0.0600715,0.0246974,False
rs5752801,98,49,-0.059319,0.0273602,False
rs5752801,98,50,-0.0593048,0.0278118,False
rs5752801,98,51,-0.064449,0.0174004,False
rs5752801,98,52,-0.0611064,0.0248509,False
rs5752801,98,53,-0.0585221,0.0320187,False
rs5752801,98,54,-0.0567432,0.0387421,False
rs5752801,98,55,-0.0578276,0.0363547,False
rs5752801,98,56,-0.053725,0.0527785,False
rs5752801,98,57,-0.0539934,0.052704,False
rs5752801,98,58,-0.0595562,0.0336093,False
rs5752801,98,59,-0.0565473,0.0443204,False
rs5752801,98,60,-0.0450535,0.111412,False
rs5752801,98,61,-0.0517077,0.06875,False
rs5752801,98,62,-0.0440592,0.122545,False
rs5752801,98,63,-0.0462228,0.106945,False
rs5752801,98,64,-0.0525697,0.068165,False
rs5752801,98,65,-0.0477291,0.0997405,False
rs5752801,98,66,-0.0443932,0.127515,False
rs5752801,98,67,-0.0399098,0.172559,False
rs5752801,98,68,-0.0460221,0.117939,False
rs5752801,98,69,-0.0438737,0.1379,False
rs5752801,98,70,-0.0436067,0.14313,False
rs5752801,98,71,-0.0424804,0.155454,False
rs5752801,98,72,-0.0360886,0.229947,False
rs5752801,98,73,-0.0378006,0.210696,False
rs5752801,98,74,-0.0399306,0.188337,False
rs5752801,98,75,-0.0390169,0.200706,False
rs5752801,98,76,-0.0498432,0.103571,False
rs5752801,98,77,-0.0462448,0.132912,False
rs5752801,98,78,-0.0420658,0.173525,False
rs5752801,98,79,-0.0497825,0.109561,False
rs5752801,98,80,-0.0491186,0.115512,False
rs5752801,98,81,-0.0374878,0.232813,False
rs5752801,98,82,-0.0370102,0.240208,False
rs5752801,98,83,-0.0414218,0.191026,False
rs5752801,98,84,-0.0330807,0.297749,False
rs5752801,98,85,-0.0438003,0.170429,False
rs5752801,98,86,-0.0401151,0.211174,False
rs5752801,98,87,-0.0484905,0.131804,False
rs5752801,98,88,-0.0498573,0.122713,False
rs5752801,98,89,-0.0522303,0.106986,False
rs5752801,98,90,-0.0464272,0.153523,False
rs5752801,98,91,-0.0548503,0.093026,False
rs5752801,98,92,-0.0488118,0.135808,False
rs5752801,98,93,-0.0364533,0.266961,False
rs5752801,98,94,-0.044301,0.179253,False
rs5752801,98,95,-0.0443169,0.179628,False
rs5752801,98,96,-0.0534252,0.106698,False
rs5752801,98,97,-0.0586968,0.077387,False
rs5752801,98,98,-0.0444591,0.181648,False
rs5752801,98,99,-0.0510298,0.126473,False
rs5752801,98,100,-0.0534599,0.109653,False
rs5752801,98,101,-0.0527432,0.11573,False
rs5752801,98,102,-0.0549731,0.10182,False
rs5752801,98,103,-0.0423367,0.208549,False
rs5752801,98,104,-0.0546923,0.105266,False
rs5752801,98,105,-0.059314,0.0796254,False
rs5752801,98,106,-0.045083,0.182924,False
rs5752801,98,107,-0.0572824,0.091556,False
rs5752801,98,108,-0.056833,0.0948239,False
rs5752801,98,109,-0.0516423,0.129763,False
rs5752801,98,110,-0.0555079,0.104559,False
rs5752801,98,111,-0.0535112,0.118416,False
rs5752801,98,112,-0.0544844,0.112135,False
rs5752801,98,113,-0.0584962,0.089126,False
rs5752801,98,114,-0.0571873,0.0971437,False
rs5752801,98,115,-0.0592293,0.0863668,False
rs5752801,98,116,-0.0630503,0.0689312,False
rs5752801,98,117,-0.0596157,0.0858438,False
rs5752801,98,118,-0.0606001,0.0814263,False
rs5752801,98,119,-0.0547914,0.115868,False
rs5752801,98,120,-0.056472,0.105509,False
rs5752801,98,121,-0.0591383,0.0902796,False
rs5752801,98,122,-0.0540958,0.121422,False
rs5752801,98,123,-0.0571866,0.10167,False
rs5752801,98,124,-0.0566069,0.105537,False
rs5752801,98,125,-0.0546376,0.118906,False
rs5752801,98,126,-0.0519899,0.137912,False
rs5752801,98,127,-0.0520506,0.137687,False
rs5752801,98,128,-0.0503827,0.15103,False
rs5752801,98,129,-0.0512972,0.143891,False
rs5752801,98,130,-0.0545106,0.120785,False
rs5752801,98,131,-0.0472972,0.178216,False
rs5752801,98,132,-0.0449678,0.20108,False
rs5752801,98,133,-0.0390128,0.267692,False
rs5752801,98,134,-0.0525378,0.135758,False
rs5752801,98,135,-0.047154,0.18051,False
rs5752801,98,136,-0.0465629,0.186038,False
rs5752801,98,137,-0.0445996,0.205245,False
rs5752801,98,138,-0.0477921,0.174626,False
rs5752801,98,139,-0.0345389,0.326806,False
rs5752801,98,140,-0.0333104,0.344323,False
rs5752801,98,141,-0.0271136,0.44117,False
rs5752801,98,142,-0.043875,0.213299,False
rs5752801,98,143,-0.044821,0.203067,False
rs5752801,98,144,-0.0446506,0.205043,False
rs5752801,98,145,-0.0461683,0.189889,False
rs5752801,98,146,-0.0277665,0.430592,False
rs5752801,98,147,-0.0377013,0.284696,False
rs5752801,98,148,-0.0499961,0.155441,False
rs5752801,98,149,-0.0472104,0.1793,False
rs5752801,98,150,-0.050435,0.15132,False
rs5752801,98,151,-0.0552794,0.116004,False
rs5752801,98,152,-0.0447333,0.203527,False
rs5752801,98,153,-0.0431451,0.219615,False
rs5752801,98,154,-0.048129,0.170506,False
rs5752801,98,155,-0.0410748,0.242635,False
rs5752801,98,156,-0.0366303,0.296264,False
rs5752801,98,157,-0.0381267,0.276597,False
rs5752801,98,158,-0.035424,0.31119,False
rs5752801,98,159,-0.0426605,0.222966,False
rs5752801,98,160,-0.0502414,0.150626,False
rs5752801,98,161,-0.0419892,0.228949,False
rs5752801,98,162,-0.0488517,0.161297,False
rs5752801,98,163,-0.0436188,0.210719,False
rs5752801,98,164,-0.0501353,0.149695,False
rs5752801,98,165,-0.0518739,0.13552,False
rs5752801,98,166,-0.047386,0.172139,False
rs5752801,98,167,-0.0496732,0.151896,False
rs5752801,98,168,-0.0482172,0.163887,False
rs5752801,98,169,-0.0428885,0.21475,False
rs5752801,98,170,-0.0432989,0.209564,False
rs5752801,98,171,-0.0513535,0.136015,False
rs5752801,98,172,-0.0561562,0.102717,False
rs5752801,98,173,-0.0482398,0.159944,False
rs5752801,98,174,-0.0465913,0.173809,False
rs5752801,98,175,-0.0475872,0.16385,False
rs5752801,98,176,-0.0441073,0.196456,False
rs5752801,98,177,-0.0551289,0.106227,False
rs5752801,98,178,-0.0561832,0.0985562,False
rs5752801,98,179,-0.0582987,0.0861823,False
rs5752801,98,180,-0.0635845,0.0607372,False
rs5752801,98,181,-0.0591585,0.0807652,False
rs5752801,98,182,-0.0601415,0.0754352,False
rs5752801,98,183,-0.0677402,0.0452555,False
rs5752801,98,184,-0.068774,0.0417202,False
rs5752801,98,185,-0.0764699,0.0235446,False
rs5752801,98,186,-0.0718315,0.03337,False
rs5752801,98,187,-0.0810817,0.0163849,False
rs5752801,98,188,-0.0810368,0.0162599,False
rs5752801,98,189,-0.0875274,0.00944124,False
rs5752801,98,190,-0.0789392,0.0193406,False
rs5752801,98,191,-0.0894331,0.0081663,False
rs5752801,98,192,-0.0898111,0.00789172,False
rs5752801,98,193,-0.082526,0.01474,False
rs5752801,98,194,-0.0777259,0.0217812,False
rs5752801,98,195,-0.0827323,0.014864,False
rs5752801,98,196,-0.0872865,0.0104139,False
rs5752801,98,197,-0.0892094,0.00902577,False
rs5752801,98,198,-0.0905796,0.00828989,False
rs5752801,98,199,-0.0918479,0.0076967,False
rs5752801,98,200,-0.100318,0.00376137,False
rs5752801,98,201,-0.099199,0.00435633,False
rs5752801,98,202,-0.0942585,0.00694168,False
rs5752801,98,203,-0.1073,0.00222064,False
rs5752801,98,204,-0.101924,0.00391625,False
rs5752801,98,205,-0.100384,0.00467255,False
rs5752801,98,206,-0.110074,0.00208619,False
rs5752801,98,207,-0.105927,0.00325946,False
rs5752801,98,208,-0.1042,0.00409265,False
rs5752801,98,209,-0.107546,0.00324963,False
rs5752801,98,210,-0.112775,0.00220387,False
rs5752801,98,211,-0.119518,0.00129588,False
rs5752801,98,212,-0.127645,0.000668086,False
rs5752801,98,213,-0.121806,0.00127451,False
rs5752801,98,214,-0.124836,0.00107511,False
rs5752801,98,215,-0.115698,0.0026576,False
rs5752801,98,216,-0.119244,0.00213934,False
rs5752801,98,217,-0.127764,0.0011341,False
rs5752801,98,218,-0.122112,0.0020851,False
rs5752801,98,219,-0.13537,0.00073417,False
rs5752801,98,220,-0.141572,0.000472912,False
rs5752801,98,221,-0.152831,0.000183959,False
rs5752801,98,222,-0.159291,0.000116002,False
rs5752801,98,223,-0.154761,0.000205213,False
rs5752801,98,224,-0.171102,4.80974e-05,False
rs5752801,98,225,-0.168875,6.98633e-05,False
rs5752801,98,226,-0.170588,6.73734e-05,False
rs5752801,98,227,-0.175195,5.02715e-05,False
rs5752801,98,228,-0.170177,9.27785e-05,False
rs5752801,98,229,-0.180827,3.84273e-05,False
rs5752801,98,230,-0.185616,2.7323e-05,False
rs5752801,98,231,-0.191817,1.70724e-05,False
rs5752801,98,232,-0.193758,1.602e-05,False
rs5752801,98,233,-0.193177,1.90533e-05,False
rs5752801,98,234,-0.193575,2.05071e-05,False
rs5752801,98,235,-0.196604,1.73882e-05,False
rs5752801,98,236,-0.199802,1.38621e-05,False
rs5752801,98,237,-0.204357,9.74224e-06,False
rs5752801,98,238,-0.205006,1.02912e-05,False
rs5752801,98,239,-0.197524,2.31665e-05,False
rs5752801,98,240,-0.197666,2.4573e-05,False
rs5752801,98,241,-0.202625,1.66015e-05,False
rs5752801,98,242,-0.190379,5.52209e-05,False
rs5752801,98,243,-0.197819,2.98616e-05,False
rs5752801,98,244,-0.200836,2.40208e-05,False
rs5752801,98,245,-0.192078,5.64693e-05,False
rs5752801,98,246,-0.199633,3.07784e-05,False
rs5752801,98,247,-0.181423,0.000162137,False
rs5752801,98,248,-0.185384,0.000124353,False
rs5752801,98,249,-0.183511,0.00015301,False
rs5752801,98,250,-0.176553,0.000289824,False
rs5752801,98,251,-0.168676,0.000558522,False
rs5752801,99,7,0.0157366,0.556841,False
rs5752801,99,8,0.00935611,0.72397,False
rs5752801,99,9,0.0141059,0.590567,False
rs5752801,99,10,0.00812374,0.75391,False
rs5752801,99,11,0.00242386,0.924945,False
rs5752801,99,12,-0.00211591,0.933992,False
rs5752801,99,13,-0.000225524,0.992911,False
rs5752801,99,14,-0.0126212,0.617365,False
rs5752801,99,15,-0.0108662,0.665669,False
rs5752801,99,16,-0.0130986,0.602011,False
rs5752801,99,17,-0.0104917,0.675757,False
rs5752801,99,18,-0.0127823,0.609752,False
rs5752801,99,19,-0.0192885,0.441624,False
rs5752801,99,20,-0.0215795,0.389477,False
rs5752801,99,21,-0.0128449,0.608292,False
rs5752801,99,22,-0.0176567,0.481473,False
rs5752801,99,23,-0.0182345,0.467516,False
rs5752801,99,24,-0.0218473,0.383942,False
rs5752801,99,25,-0.0222567,0.37534,False
rs5752801,99,26,-0.017842,0.477275,False
rs5752801,99,27,-0.0269068,0.284569,False
rs5752801,99,28,-0.0271307,0.282669,False
rs5752801,99,29,-0.0291189,0.248485,False
rs5752801,99,30,-0.0341975,0.17557,False
rs5752801,99,31,-0.0221813,0.379924,False
rs5752801,99,32,-0.0216305,0.393955,False
rs5752801,99,33,-0.0311556,0.220247,False
rs5752801,99,34,-0.0315384,0.21489,False
rs5752801,99,35,-0.0330396,0.195529,False
rs5752801,99,36,-0.03982,0.119892,False
rs5752801,99,37,-0.0248317,0.332814,False
rs5752801,99,38,-0.0409871,0.110562,False
rs5752801,99,39,-0.0348431,0.176761,False
rs5752801,99,40,-0.034555,0.182141,False
rs5752801,99,41,-0.0355023,0.171724,False
rs5752801,99,42,-0.0368282,0.156805,False
rs5752801,99,43,-0.0389337,0.136342,False
rs5752801,99,44,-0.0373765,0.15483,False
rs5752801,99,45,-0.0484178,0.065708,False
rs5752801,99,46,-0.052714,0.045979,False
rs5752801,99,47,-0.0491765,0.0637511,False
rs5752801,99,48,-0.0502604,0.0588911,False
rs5752801,99,49,-0.0446595,0.094352,False
rs5752801,99,50,-0.0391951,0.14422,False
rs5752801,99,51,-0.0478884,0.0759476,False
rs5752801,99,52,-0.0469421,0.082989,False
rs5752801,99,53,-0.0496949,0.0674176,False
rs5752801,99,54,-0.0396993,0.146187,False
rs5752801,99,55,-0.0447194,0.102692,False
rs5752801,99,56,-0.0438508,0.111421,False
rs5752801,99,57,-0.0459967,0.0960997,False
rs5752801,99,58,-0.0525715,0.0582917,False
rs5752801,99,59,-0.0504254,0.0703219,False
rs5752801,99,60,-0.0514177,0.0665276,False
rs5752801,99,61,-0.0452082,0.108271,False
rs5752801,99,62,-0.048302,0.0879345,False
rs5752801,99,63,-0.0470833,0.0978892,False
rs5752801,99,64,-0.0439723,0.124294,False
rs5752801,99,65,-0.0351491,0.220815,False
rs5752801,99,66,-0.0468201,0.105669,False
rs5752801,99,67,-0.0440305,0.129384,False
rs5752801,99,68,-0.0478319,0.101463,False
rs5752801,99,69,-0.0513016,0.0804732,False
rs5752801,99,70,-0.050115,0.0896194,False
rs5752801,99,71,-0.0444092,0.134524,False
rs5752801,99,72,-0.0412651,0.16666,False
rs5752801,99,73,-0.0354072,0.2376,False
rs5752801,99,74,-0.0464801,0.123074,False
rs5752801,99,75,-0.0429281,0.156295,False
rs5752801,99,76,-0.0428806,0.159133,False
rs5752801,99,77,-0.0378064,0.216487,False
rs5752801,99,78,-0.038447,0.211337,False
rs5752801,99,79,-0.0417258,0.176696,False
rs5752801,99,80,-0.041276,0.183077,False
rs5752801,99,81,-0.0334074,0.283571,False
rs5752801,99,82,-0.0492421,0.115494,False
rs5752801,99,83,-0.0472723,0.132216,False
rs5752801,99,84,-0.0523019,0.0971193,False
rs5752801,99,85,-0.0484049,0.126952,False
rs5752801,99,86,-0.0446667,0.160066,False
rs5752801,99,87,-0.0462272,0.147055,False
rs5752801,99,88,-0.0477642,0.134893,False
rs5752801,99,89,-0.0494747,0.123055,False
rs5752801,99,90,-0.0574058,0.0747909,False
rs5752801,99,91,-0.0540212,0.0947131,False
rs5752801,99,92,-0.0450564,0.164919,False
rs5752801,99,93,-0.0462321,0.155244,False
rs5752801,99,94,-0.047576,0.144275,False
rs5752801,99,95,-0.0558873,0.0871827,False
rs5752801,99,96,-0.0615761,0.0604113,False
rs5752801,99,97,-0.0592044,0.0722952,False
rs5752801,99,98,-0.0563172,0.087975,False
rs5752801,99,99,-0.0574112,0.0830628,False
rs5752801,99,100,-0.0509664,0.125045,False
rs5752801,99,101,-0.0454877,0.172064,False
rs5752801,99,102,-0.0470188,0.15852,False
rs5752801,99,103,-0.0497367,0.137116,False
rs5752801,99,104,-0.0508275,0.129738,False
rs5752801,99,105,-0.0474308,0.158458,False
rs5752801,99,106,-0.0571442,0.0899693,False
rs5752801,99,107,-0.0442784,0.19036,False
rs5752801,99,108,-0.0436089,0.198019,False
rs5752801,99,109,-0.0492658,0.146677,False
rs5752801,99,110,-0.0453526,0.182501,False
rs5752801,99,111,-0.0448628,0.188027,False
rs5752801,99,112,-0.0480081,0.159294,False
rs5752801,99,113,-0.0448635,0.189212,False
rs5752801,99,114,-0.0395583,0.247934,False
rs5752801,99,115,-0.051962,0.130105,False
rs5752801,99,116,-0.0431527,0.210237,False
rs5752801,99,117,-0.0382637,0.267215,False
rs5752801,99,118,-0.0468186,0.175121,False
rs5752801,99,119,-0.0544461,0.115708,False
rs5752801,99,120,-0.0542532,0.117503,False
rs5752801,99,121,-0.0524993,0.130189,False
rs5752801,99,122,-0.0542727,0.117756,False
rs5752801,99,123,-0.0474064,0.172138,False
rs5752801,99,124,-0.0492561,0.156834,False
rs5752801,99,125,-0.0564629,0.105442,False
rs5752801,99,126,-0.0631554,0.0700972,False
rs5752801,99,127,-0.0475189,0.173282,False
rs5752801,99,128,-0.0524878,0.132927,False
rs5752801,99,129,-0.0574049,0.100508,False
rs5752801,99,130,-0.0526971,0.132211,False
rs5752801,99,131,-0.0528074,0.131152,False
rs5752801,99,132,-0.0573397,0.101281,False
rs5752801,99,133,-0.061161,0.0806659,False
rs5752801,99,134,-0.0666303,0.0572069,False
rs5752801,99,135,-0.0554504,0.113264,False
rs5752801,99,136,-0.0590744,0.0914793,False
rs5752801,99,137,-0.0503308,0.150938,False
rs5752801,99,138,-0.0517724,0.139742,False
rs5752801,99,139,-0.0472112,0.178204,False
rs5752801,99,140,-0.0418352,0.232661,False
rs5752801,99,141,-0.0388207,0.268037,False
rs5752801,99,142,-0.0375221,0.284487,False
rs5752801,99,143,-0.0417395,0.233198,False
rs5752801,99,144,-0.0419362,0.230884,False
rs5752801,99,145,-0.0447954,0.200603,False
rs5752801,99,146,-0.041244,0.238497,False
rs5752801,99,147,-0.049702,0.155047,False
rs5752801,99,148,-0.0539423,0.122959,False
rs5752801,99,149,-0.0458914,0.189044,False
rs5752801,99,150,-0.0489287,0.160892,False
rs5752801,99,151,-0.0592332,0.0897405,False
rs5752801,99,152,-0.0586122,0.093148,False
rs5752801,99,153,-0.0569899,0.102308,False
rs5752801,99,154,-0.0529718,0.128607,False
rs5752801,99,155,-0.0566514,0.104005,False
rs5752801,99,156,-0.0564482,0.10496,False
rs5752801,99,157,-0.0601123,0.0839102,False
rs5752801,99,158,-0.0608369,0.079574,False
rs5752801,99,159,-0.059592,0.0860895,False
rs5752801,99,160,-0.0615524,0.076108,False
rs5752801,99,161,-0.0596431,0.0853813,False
rs5752801,99,162,-0.0612121,0.0774059,False
rs5752801,99,163,-0.0631069,0.0682712,False
rs5752801,99,164,-0.0633749,0.0668913,False
rs5752801,99,165,-0.0618256,0.073175,False
rs5752801,99,166,-0.0510212,0.138694,False
rs5752801,99,167,-0.0541426,0.115711,False
rs5752801,99,168,-0.0513749,0.13459,False
rs5752801,99,169,-0.0515698,0.132812,False
rs5752801,99,170,-0.0605146,0.0774957,False
rs5752801,99,171,-0.0613862,0.0727854,False
rs5752801,99,172,-0.0662809,0.0525971,False
rs5752801,99,173,-0.0633078,0.0634586,False
rs5752801,99,174,-0.0582489,0.0872185,False
rs5752801,99,175,-0.0644582,0.0581979,False
rs5752801,99,176,-0.0624131,0.0662716,False
rs5752801,99,177,-0.0639299,0.059785,False
rs5752801,99,178,-0.0605375,0.0743418,False
rs5752801,99,179,-0.0569724,0.092643,False
rs5752801,99,180,-0.0587915,0.0824684,False
rs5752801,99,181,-0.0655707,0.0526954,False
rs5752801,99,182,-0.0574557,0.0890437,False
rs5752801,99,183,-0.0569606,0.0916973,False
rs5752801,99,184,-0.0600857,0.0746078,False
rs5752801,99,185,-0.0580318,0.0849862,False
rs5752801,99,186,-0.0624752,0.0642002,False
rs5752801,99,187,-0.0643049,0.0564474,False
rs5752801,99,188,-0.0593445,0.078398,False
rs5752801,99,189,-0.0608327,0.0715636,False
rs5752801,99,190,-0.069866,0.0388416,False
rs5752801,99,191,-0.0754734,0.025713,False
rs5752801,99,192,-0.0710093,0.0365064,False
rs5752801,99,193,-0.0778243,0.0220795,False
rs5752801,99,194,-0.0761479,0.0255406,False
rs5752801,99,195,-0.0733664,0.0317985,False
rs5752801,99,196,-0.0857243,0.0124789,False
rs5752801,99,197,-0.0879283,0.0107217,False
rs5752801,99,198,-0.0907386,0.0087192,False
rs5752801,99,199,-0.0944661,0.00655963,False
rs5752801,99,200,-0.106811,0.00221147,False
rs5752801,99,201,-0.108986,0.00190053,False
rs5752801,99,202,-0.110832,0.0017137,False
rs5752801,99,203,-0.117881,0.000912306,False
rs5752801,99,204,-0.115916,0.00119385,False
rs5752801,99,205,-0.117846,0.00106301,False
rs5752801,99,206,-0.118917,0.00102408,False
rs5752801,99,207,-0.113841,0.0018018,False
rs5752801,99,208,-0.119278,0.0011806,False
rs5752801,99,209,-0.109059,0.00328717,False
rs5752801,99,210,-0.115576,0.00202708,False
rs5752801,99,211,-0.129861,0.000581759,False
rs5752801,99,212,-0.1259,0.000934437,False
rs5752801,99,213,-0.120706,0.00166318,False
rs5752801,99,214,-0.116542,0.00261777,False
rs5752801,99,215,-0.120432,0.00210155,False
rs5752801,99,216,-0.125392,0.0014974,False
rs5752801,99,217,-0.141891,0.000376567,False
rs5752801,99,218,-0.135122,0.000796125,False
rs5752801,99,219,-0.142127,0.000472902,False
rs5752801,99,220,-0.156606,0.000137213,False
rs5752801,99,221,-0.150007,0.00029686,False
rs5752801,99,222,-0.145819,0.000488042,False
rs5752801,99,223,-0.160761,0.000140405,False
rs5752801,99,224,-0.163754,0.000120822,False
rs5752801,99,225,-0.163135,0.000146858,False
rs5752801,99,226,-0.170555,8.29041e-05,False
rs5752801,99,227,-0.171196,8.81761e-05,False
rs5752801,99,228,-0.168546,0.000126202,False
rs5752801,99,229,-0.178868,5.35796e-05,False
rs5752801,99,230,-0.165232,0.000211943,False
rs5752801,99,231,-0.181381,5.41715e-05,False
rs5752801,99,232,-0.176766,9.25652e-05,False
rs5752801,99,233,-0.179949,7.39817e-05,False
rs5752801,99,234,-0.170551,0.000189801,False
rs5752801,99,235,-0.173075,0.000162719,False
rs5752801,99,236,-0.177263,0.000120415,False
rs5752801,99,237,-0.173437,0.000178235,False
rs5752801,99,238,-0.175478,0.000155826,False
rs5752801,99,239,-0.184274,7.73485e-05,False
rs5752801,99,240,-0.172267,0.00023166,False
rs5752801,99,241,-0.178808,0.000136709,False
rs5752801,99,242,-0.178687,0.000146881,False
rs5752801,99,243,-0.176833,0.00017932,False
rs5752801,99,244,-0.16396,0.000531892,False
rs5752801,99,245,-0.157649,0.000896624,False
rs5752801,99,246,-0.165064,0.000536078,False
rs5752801,99,247,-0.159583,0.000844059,False
rs5752801,99,248,-0.151231,0.0016422,False
rs5752801,99,249,-0.14807,0.00213123,False
rs5752801,99,250,-0.150017,0.00195179,False
rs5752801,99,251,-0.141596,0.00362181,False
rs5752801,100,7,0.0182735,0.493562,False
rs5752801,100,8,0.0155429,0.557196,False
rs5752801,100,9,0.0101667,0.698121,False
rs5752801,100,10,-0.00126137,0.961253,False
rs5752801,100,11,0.00560276,0.827469,False
rs5752801,100,12,0.00988283,0.698761,False
rs5752801,100,13,-0.00504341,0.842316,False
rs5752801,100,14,-0.0133107,0.597852,False
rs5752801,100,15,-0.00243157,0.922987,False
rs5752801,100,16,-0.0147023,0.558327,False
rs5752801,100,17,-0.0186591,0.45546,False
rs5752801,100,18,-0.021893,0.381768,False
rs5752801,100,19,-0.013932,0.577503,False
rs5752801,100,20,-0.0203896,0.415586,False
rs5752801,100,21,-0.0273679,0.274367,False
rs5752801,100,22,-0.0299894,0.230743,False
rs5752801,100,23,-0.0174249,0.486433,False
rs5752801,100,24,-0.0276577,0.269719,False
rs5752801,100,25,-0.0277944,0.268065,False
rs5752801,100,26,-0.0297432,0.236673,False
rs5752801,100,27,-0.0349796,0.1635,False
rs5752801,100,28,-0.0262708,0.295722,False
rs5752801,100,29,-0.0233217,0.354215,False
rs5752801,100,30,-0.0226373,0.368403,False
rs5752801,100,31,-0.0426569,0.0907839,False
rs5752801,100,32,-0.0349821,0.167007,False
rs5752801,100,33,-0.030115,0.234615,False
rs5752801,100,34,-0.0280039,0.269454,False
rs5752801,100,35,-0.0308154,0.225571,False
rs5752801,100,36,-0.0257581,0.312738,False
rs5752801,100,37,-0.0246348,0.335154,False
rs5752801,100,38,-0.0290662,0.257184,False
rs5752801,100,39,-0.0307741,0.231009,False
rs5752801,100,40,-0.0200701,0.436608,False
rs5752801,100,41,-0.0295352,0.253391,False
rs5752801,100,42,-0.0243907,0.347249,False
rs5752801,100,43,-0.0338006,0.194734,False
rs5752801,100,44,-0.0416154,0.111354,False
rs5752801,100,45,-0.0375129,0.15295,False
rs5752801,100,46,-0.0364409,0.16784,False
rs5752801,100,47,-0.0420566,0.111798,False
rs5752801,100,48,-0.0412367,0.120548,False
rs5752801,100,49,-0.044158,0.0976645,False
rs5752801,100,50,-0.049907,0.0621591,False
rs5752801,100,51,-0.0503819,0.0604996,False
rs5752801,100,52,-0.0510515,0.0583949,False
rs5752801,100,53,-0.0477709,0.0775929,False
rs5752801,100,54,-0.0527756,0.0522192,False
rs5752801,100,55,-0.0509568,0.0615262,False
rs5752801,100,56,-0.046091,0.092538,False
rs5752801,100,57,-0.0482455,0.080359,False
rs5752801,100,58,-0.0450097,0.103871,False
rs5752801,100,59,-0.0484394,0.0817616,False
rs5752801,100,60,-0.0511386,0.0668351,False
rs5752801,100,61,-0.0478124,0.0881938,False
rs5752801,100,62,-0.0474087,0.0924581,False
rs5752801,100,63,-0.0486969,0.0853541,False
rs5752801,100,64,-0.0423487,0.135959,False
rs5752801,100,65,-0.0435567,0.127392,False
rs5752801,100,66,-0.0497798,0.0830006,False
rs5752801,100,67,-0.0535794,0.0632863,False
rs5752801,100,68,-0.047146,0.104354,False
rs5752801,100,69,-0.0489973,0.0931241,False
rs5752801,100,70,-0.0529187,0.0710811,False
rs5752801,100,71,-0.0584866,0.0470698,False
rs5752801,100,72,-0.0518393,0.0804877,False
rs5752801,100,73,-0.0417347,0.161224,False
rs5752801,100,74,-0.039667,0.184656,False
rs5752801,100,75,-0.0437007,0.146471,False
rs5752801,100,76,-0.0501828,0.097327,False
rs5752801,100,77,-0.0446198,0.14188,False
rs5752801,100,78,-0.04885,0.109694,False
rs5752801,100,79,-0.0456181,0.137059,False
rs5752801,100,80,-0.0490762,0.111368,False
rs5752801,100,81,-0.0473712,0.125711,False
rs5752801,100,82,-0.0542943,0.0800916,False
rs5752801,100,83,-0.0512778,0.0999063,False
rs5752801,100,84,-0.053695,0.08658,False
rs5752801,100,85,-0.0525818,0.0944329,False
rs5752801,100,86,-0.0562502,0.0744822,False
rs5752801,100,87,-0.062141,0.0497491,False
rs5752801,100,88,-0.0586725,0.0649512,False
rs5752801,100,89,-0.0499627,0.117506,False
rs5752801,100,90,-0.0490253,0.125784,False
rs5752801,100,91,-0.0561997,0.0803917,False
rs5752801,100,92,-0.0541707,0.0928849,False
rs5752801,100,93,-0.045376,0.160547,False
rs5752801,100,94,-0.0408966,0.207596,False
rs5752801,100,95,-0.0525295,0.106585,False
rs5752801,100,96,-0.0534158,0.102003,False
rs5752801,100,97,-0.0484756,0.138334,False
rs5752801,100,98,-0.0465845,0.155541,False
rs5752801,100,99,-0.0526074,0.109976,False
rs5752801,100,100,-0.0523753,0.11254,False
rs5752801,100,101,-0.0537001,0.104512,False
rs5752801,100,102,-0.0543141,0.101265,False
rs5752801,100,103,-0.0536055,0.106477,False
rs5752801,100,104,-0.0511635,0.124483,False
rs5752801,100,105,-0.0571251,0.0870377,False
rs5752801,100,106,-0.0586568,0.0799991,False
rs5752801,100,107,-0.0572614,0.0883856,False
rs5752801,100,108,-0.052577,0.118788,False
rs5752801,100,109,-0.0562645,0.0955333,False
rs5752801,100,110,-0.0500721,0.13828,False
rs5752801,100,111,-0.0536686,0.113088,False
rs5752801,100,112,-0.0426053,0.209516,False
rs5752801,100,113,-0.0390036,0.251379,False
rs5752801,100,114,-0.0402751,0.237404,False
rs5752801,100,115,-0.0432946,0.204648,False
rs5752801,100,116,-0.0503317,0.140898,False
rs5752801,100,117,-0.0433667,0.206056,False
rs5752801,100,118,-0.0541038,0.115408,False
rs5752801,100,119,-0.0557932,0.104569,False
rs5752801,100,120,-0.0516109,0.133844,False
rs5752801,100,121,-0.0494896,0.151026,False
rs5752801,100,122,-0.0508987,0.140682,False
rs5752801,100,123,-0.0475899,0.168664,False
rs5752801,100,124,-0.0539741,0.11858,False
rs5752801,100,125,-0.0631291,0.0683255,False
rs5752801,100,126,-0.0571927,0.0987719,False
rs5752801,100,127,-0.0558628,0.107164,False
rs5752801,100,128,-0.0584927,0.0919944,False
rs5752801,100,129,-0.0486975,0.160612,False
rs5752801,100,130,-0.0532964,0.125546,False
rs5752801,100,131,-0.057266,0.0999784,False
rs5752801,100,132,-0.0559074,0.108126,False
rs5752801,100,133,-0.0543436,0.118385,False
rs5752801,100,134,-0.0524018,0.132211,False
rs5752801,100,135,-0.0580353,0.095633,False
rs5752801,100,136,-0.0607805,0.0809803,False
rs5752801,100,137,-0.0607629,0.0811329,False
rs5752801,100,138,-0.0587386,0.0913084,False
rs5752801,100,139,-0.0554558,0.110933,False
rs5752801,100,140,-0.0629199,0.0706367,False
rs5752801,100,141,-0.0582463,0.0943671,False
rs5752801,100,142,-0.0573124,0.100034,False
rs5752801,100,143,-0.0551607,0.113307,False
rs5752801,100,144,-0.0610694,0.0792708,False
rs5752801,100,145,-0.0634011,0.0686787,False
rs5752801,100,146,-0.0626223,0.0718494,False
rs5752801,100,147,-0.0660016,0.0576137,False
rs5752801,100,148,-0.0587215,0.0912888,False
rs5752801,100,149,-0.0605865,0.0809524,False
rs5752801,100,150,-0.0695169,0.0452992,False
rs5752801,100,151,-0.0717404,0.0386106,False
rs5752801,100,152,-0.0708008,0.0411442,False
rs5752801,100,153,-0.0745071,0.031813,False
rs5752801,100,154,-0.0779615,0.024468,False
rs5752801,100,155,-0.0710964,0.0400413,False
rs5752801,100,156,-0.0666331,0.0541112,False
rs5752801,100,157,-0.0640776,0.0636685,False
rs5752801,100,158,-0.0686527,0.0468515,False
rs5752801,100,159,-0.0634021,0.0660374,False
rs5752801,100,160,-0.0572341,0.0969208,False
rs5752801,100,161,-0.0465927,0.176278,False
rs5752801,100,162,-0.0497921,0.148085,False
rs5752801,100,163,-0.0632054,0.0657132,False
rs5752801,100,164,-0.052562,0.12568,False
rs5752801,100,165,-0.053474,0.118674,False
rs5752801,100,166,-0.052952,0.121518,False
rs5752801,100,167,-0.061614,0.0712173,False
rs5752801,100,168,-0.0608739,0.0744656,False
rs5752801,100,169,-0.063877,0.0606861,False
rs5752801,100,170,-0.0690449,0.0424163,False
rs5752801,100,171,-0.0687605,0.0432592,False
rs5752801,100,172,-0.0705176,0.0380498,False
rs5752801,100,173,-0.0631785,0.0629691,False
rs5752801,100,174,-0.0638202,0.0596186,False
rs5752801,100,175,-0.0615479,0.0692402,False
rs5752801,100,176,-0.0688037,0.0422128,False
rs5752801,100,177,-0.0756052,0.0253881,False
rs5752801,100,178,-0.0806904,0.0169775,False
rs5752801,100,179,-0.0741402,0.0281411,False
rs5752801,100,180,-0.0755456,0.0251604,False
rs5752801,100,181,-0.0749958,0.0260858,False
rs5752801,100,182,-0.0750236,0.0261797,False
rs5752801,100,183,-0.0689368,0.0408141,False
rs5752801,100,184,-0.0811589,0.0159364,False
rs5752801,100,185,-0.0768049,0.022689,False
rs5752801,100,186,-0.0769132,0.0227302,False
rs5752801,100,187,-0.0750567,0.0262037,False
rs5752801,100,188,-0.0824998,0.0146429,False
rs5752801,100,189,-0.0838523,0.0131856,False
rs5752801,100,190,-0.0927696,0.0062424,False
rs5752801,100,191,-0.0891614,0.00871377,False
rs5752801,100,192,-0.0929115,0.00641448,False
rs5752801,100,193,-0.10211,0.00281589,False
rs5752801,100,194,-0.106972,0.00182026,False
rs5752801,100,195,-0.100948,0.00334462,False
rs5752801,100,196,-0.089261,0.00983386,False
rs5752801,100,197,-0.100939,0.00364411,False
rs5752801,100,198,-0.100701,0.00390872,False
rs5752801,100,199,-0.114793,0.00106171,False
rs5752801,100,200,-0.106641,0.00252229,False
rs5752801,100,201,-0.102798,0.00383688,False
rs5752801,100,202,-0.101105,0.00470435,False
rs5752801,100,203,-0.11687,0.00117883,False
rs5752801,100,204,-0.115309,0.00145688,False
rs5752801,100,205,-0.115285,0.00157058,False
rs5752801,100,206,-0.10852,0.00317082,False
rs5752801,100,207,-0.106733,0.00399273,False
rs5752801,100,208,-0.12333,0.000955025,False
rs5752801,100,209,-0.124295,0.000980661,False
rs5752801,100,210,-0.122865,0.00122176,False
rs5752801,100,211,-0.131101,0.000633305,False
rs5752801,100,212,-0.132404,0.000618819,False
rs5752801,100,213,-0.13483,0.000550743,False
rs5752801,100,214,-0.126665,0.00129415,False
rs5752801,100,215,-0.146812,0.000220104,False
rs5752801,100,216,-0.133934,0.000840352,False
rs5752801,100,217,-0.13843,0.000626382,False
rs5752801,100,218,-0.151905,0.000204262,False
rs5752801,100,219,-0.14203,0.000572344,False
rs5752801,100,220,-0.160761,0.000112335,False
rs5752801,100,221,-0.157226,0.000183415,False
rs5752801,100,222,-0.160836,0.000146908,False
rs5752801,100,223,-0.168448,8.26435e-05,False
rs5752801,100,224,-0.170789,7.48758e-05,False
rs5752801,100,225,-0.164439,0.000153217,False
rs5752801,100,226,-0.163478,0.000187737,False
rs5752801,100,227,-0.182987,3.35431e-05,False
rs5752801,100,228,-0.170998,0.000117666,False
rs5752801,100,229,-0.17785,6.82639e-05,False
rs5752801,100,230,-0.173274,0.000117841,False
rs5752801,100,231,-0.187586,3.30181e-05,False
rs5752801,100,232,-0.180765,6.82248e-05,False
rs5752801,100,233,-0.181431,7.21118e-05,False
rs5752801,100,234,-0.183558,6.2529e-05,False
rs5752801,100,235,-0.178381,0.000106054,False
rs5752801,100,236,-0.194406,2.5648e-05,False
rs5752801,100,237,-0.193006,3.06041e-05,False
rs5752801,100,238,-0.190658,4.10609e-05,False
rs5752801,100,239,-0.185518,6.85146e-05,False
rs5752801,100,240,-0.192887,3.57508e-05,False
rs5752801,100,241,-0.196689,2.66106e-05,False
rs5752801,100,242,-0.188018,6.19513e-05,False
rs5752801,100,243,-0.190816,4.8823e-05,False
rs5752801,100,244,-0.186643,7.47707e-05,False
rs5752801,100,245,-0.183598,9.99434e-05,False
rs5752801,100,246,-0.18472,9.61526e-05,False
rs5752801,100,247,-0.169931,0.000351067,False
rs5752801,100,248,-0.169082,0.000392324,False
rs5752801,100,249,-0.167728,0.0004549,False
rs5752801,100,250,-0.158364,0.000987708,False
rs5752801,100,251,-0.151009,0.00174531,False
rs5752801,101,7,0.011879,0.654687,False
rs5752801,101,8,-0.00183792,0.944202,False
rs5752801,101,9,0.00868832,0.738193,False
rs5752801,101,10,-0.00724639,0.778312,False
rs5752801,101,11,0.00780156,0.759843,False
rs5752801,101,12,-0.00102382,0.967785,False
rs5752801,101,13,0.0124701,0.620947,False
rs5752801,101,14,0.00116151,0.963145,False
rs5752801,101,15,-0.0098281,0.694724,False
rs5752801,101,16,-0.00679288,0.785753,False
rs5752801,101,17,-0.00403261,0.87147,False
rs5752801,101,18,-0.00745318,0.765201,False
rs5752801,101,19,-0.0182962,0.462698,False
rs5752801,101,20,-0.0193749,0.437493,False
rs5752801,101,21,-0.0125773,0.613567,False
rs5752801,101,22,-0.0189446,0.448072,False
rs5752801,101,23,-0.019301,0.439452,False
rs5752801,101,24,-0.0120931,0.628486,False
rs5752801,101,25,-0.0112572,0.653227,False
rs5752801,101,26,-0.0259052,0.301443,False
rs5752801,101,27,-0.0020114,0.936148,False
rs5752801,101,28,-0.0198945,0.429099,False
rs5752801,101,29,-0.0136933,0.586201,False
rs5752801,101,30,-0.0163699,0.516686,False
rs5752801,101,31,-0.0161806,0.521805,False
rs5752801,101,32,-0.0204433,0.418326,False
rs5752801,101,33,-0.0177027,0.484601,False
rs5752801,101,34,-0.0175701,0.489186,False
rs5752801,101,35,-0.017342,0.495489,False
rs5752801,101,36,-0.0217933,0.392948,False
rs5752801,101,37,-0.0216793,0.396662,False
rs5752801,101,38,-0.0192587,0.452013,False
rs5752801,101,39,-0.0286403,0.264369,False
rs5752801,101,40,-0.0386047,0.133491,False
rs5752801,101,41,-0.0298602,0.247151,False
rs5752801,101,42,-0.033119,0.200586,False
rs5752801,101,43,-0.040285,0.12033,False
rs5752801,101,44,-0.0519011,0.0462717,False
rs5752801,101,45,-0.0437818,0.0938389,False
rs5752801,101,46,-0.0374074,0.153864,False
rs5752801,101,47,-0.0401905,0.127212,False
rs5752801,101,48,-0.0440215,0.095642,False
rs5752801,101,49,-0.043436,0.1015,False
rs5752801,101,50,-0.0381861,0.151979,False
rs5752801,101,51,-0.0429504,0.10912,False
rs5752801,101,52,-0.0419217,0.119537,False
rs5752801,101,53,-0.0506531,0.0609664,False
rs5752801,101,54,-0.0461936,0.088988,False
rs5752801,101,55,-0.0427523,0.116462,False
rs5752801,101,56,-0.0385686,0.158389,False
rs5752801,101,57,-0.0496303,0.0710981,False
rs5752801,101,58,-0.0565084,0.0406686,False
rs5752801,101,59,-0.0495258,0.0738744,False
rs5752801,101,60,-0.0478627,0.0856193,False
rs5752801,101,61,-0.0428219,0.126058,False
rs5752801,101,62,-0.0481919,0.0862855,False
rs5752801,101,63,-0.0504187,0.0743103,False
rs5752801,101,64,-0.0455114,0.107944,False
rs5752801,101,65,-0.0370344,0.192912,False
rs5752801,101,66,-0.0452158,0.11404,False
rs5752801,101,67,-0.040391,0.159164,False
rs5752801,101,68,-0.039524,0.171273,False
rs5752801,101,69,-0.0317427,0.274146,False
rs5752801,101,70,-0.0441962,0.129394,False
rs5752801,101,71,-0.039365,0.178911,False
rs5752801,101,72,-0.0384035,0.191961,False
rs5752801,101,73,-0.0299459,0.31138,False
rs5752801,101,74,-0.0359104,0.226379,False
rs5752801,101,75,-0.0342454,0.251282,False
rs5752801,101,76,-0.0426212,0.155494,False
rs5752801,101,77,-0.0392437,0.193214,False
rs5752801,101,78,-0.0341794,0.259109,False
rs5752801,101,79,-0.0277175,0.362484,False
rs5752801,101,80,-0.0285008,0.350598,False
rs5752801,101,81,-0.0429243,0.162084,False
rs5752801,101,82,-0.040141,0.192932,False
rs5752801,101,83,-0.0307361,0.320991,False
rs5752801,101,84,-0.0250044,0.421245,False
rs5752801,101,85,-0.03538,0.25696,False
rs5752801,101,86,-0.0359347,0.250979,False
rs5752801,101,87,-0.0398071,0.205121,False
rs5752801,101,88,-0.0433734,0.168537,False
rs5752801,101,89,-0.0473434,0.134538,False
rs5752801,101,90,-0.0447676,0.158654,False
rs5752801,101,91,-0.042684,0.180094,False
rs5752801,101,92,-0.0363991,0.254342,False
rs5752801,101,93,-0.0391946,0.221471,False
rs5752801,101,94,-0.0528892,0.100273,False
rs5752801,101,95,-0.0503256,0.118515,False
rs5752801,101,96,-0.0484701,0.133401,False
rs5752801,101,97,-0.0419538,0.19572,False
rs5752801,101,98,-0.0469573,0.14907,False
rs5752801,101,99,-0.043963,0.178001,False
rs5752801,101,100,-0.0357046,0.275679,False
rs5752801,101,101,-0.0482019,0.142258,False
rs5752801,101,102,-0.0597131,0.0697695,False
rs5752801,101,103,-0.0532195,0.106775,False
rs5752801,101,104,-0.0544657,0.0992051,False
rs5752801,101,105,-0.0485406,0.143255,False
rs5752801,101,106,-0.0481829,0.147293,False
rs5752801,101,107,-0.0485164,0.145805,False
rs5752801,101,108,-0.0429968,0.198729,False
rs5752801,101,109,-0.0495928,0.138914,False
rs5752801,101,110,-0.0432081,0.198052,False
rs5752801,101,111,-0.0485421,0.148155,False
rs5752801,101,112,-0.0403193,0.231062,False
rs5752801,101,113,-0.046635,0.166636,False
rs5752801,101,114,-0.0461119,0.172292,False
rs5752801,101,115,-0.0436425,0.197207,False
rs5752801,101,116,-0.0513965,0.129756,False
rs5752801,101,117,-0.0425042,0.210936,False
rs5752801,101,118,-0.0453893,0.182678,False
rs5752801,101,119,-0.0412444,0.226759,False
rs5752801,101,120,-0.0369671,0.278995,False
rs5752801,101,121,-0.0378723,0.267755,False
rs5752801,101,122,-0.0347127,0.310077,False
rs5752801,101,123,-0.0437682,0.201484,False
rs5752801,101,124,-0.0535441,0.118511,False
rs5752801,101,125,-0.0496366,0.148717,False
rs5752801,101,126,-0.0436179,0.204611,False
rs5752801,101,127,-0.0509033,0.1391,False
rs5752801,101,128,-0.0515498,0.134999,False
rs5752801,101,129,-0.0499599,0.147682,False
rs5752801,101,130,-0.0442167,0.200454,False
rs5752801,101,131,-0.0408219,0.236812,False
rs5752801,101,132,-0.0425011,0.218639,False
rs5752801,101,133,-0.0417286,0.228001,False
rs5752801,101,134,-0.0404973,0.241776,False
rs5752801,101,135,-0.040656,0.240061,False
rs5752801,101,136,-0.0464073,0.179984,False
rs5752801,101,137,-0.0392567,0.256868,False
rs5752801,101,138,-0.0401607,0.246172,False
rs5752801,101,139,-0.0435756,0.207884,False
rs5752801,101,140,-0.0417805,0.227012,False
rs5752801,101,141,-0.0516716,0.134827,False
rs5752801,101,142,-0.0482476,0.162886,False
rs5752801,101,143,-0.0466646,0.176935,False
rs5752801,101,144,-0.0395772,0.252013,False
rs5752801,101,145,-0.0438086,0.204806,False
rs5752801,101,146,-0.0469975,0.173746,False
rs5752801,101,147,-0.0585181,0.0900438,False
rs5752801,101,148,-0.0643527,0.0620081,False
rs5752801,101,149,-0.0624658,0.0701188,False
rs5752801,101,150,-0.0601458,0.0809475,False
rs5752801,101,151,-0.0658024,0.056485,False
rs5752801,101,152,-0.0605395,0.0790345,False
rs5752801,101,153,-0.0518031,0.13252,False
rs5752801,101,154,-0.0537581,0.118445,False
rs5752801,101,155,-0.0482048,0.160844,False
rs5752801,101,156,-0.0483559,0.159336,False
rs5752801,101,157,-0.0474643,0.166797,False
rs5752801,101,158,-0.047603,0.164459,False
rs5752801,101,159,-0.0459978,0.178856,False
rs5752801,101,160,-0.0496112,0.146701,False
rs5752801,101,161,-0.0524928,0.124277,False
rs5752801,101,162,-0.0534331,0.117622,False
rs5752801,101,163,-0.0523667,0.125016,False
rs5752801,101,164,-0.0480523,0.15852,False
rs5752801,101,165,-0.0434123,0.202293,False
rs5752801,101,166,-0.0478553,0.159546,False
rs5752801,101,167,-0.0568552,0.0944378,False
rs5752801,101,168,-0.0603219,0.075726,False
rs5752801,101,169,-0.0597832,0.0779233,False
rs5752801,101,170,-0.0580787,0.086139,False
rs5752801,101,171,-0.0604865,0.0736367,False
rs5752801,101,172,-0.0494064,0.143852,False
rs5752801,101,173,-0.0568041,0.0922732,False
rs5752801,101,174,-0.0677127,0.0445746,False
rs5752801,101,175,-0.0624731,0.0638613,False
rs5752801,101,176,-0.0657457,0.0506018,False
rs5752801,101,177,-0.0637783,0.0577542,False
rs5752801,101,178,-0.0709527,0.0348806,False
rs5752801,101,179,-0.0625917,0.0627991,False
rs5752801,101,180,-0.0695239,0.0386969,False
rs5752801,101,181,-0.07275,0.0305637,False
rs5752801,101,182,-0.0822035,0.0146857,False
rs5752801,101,183,-0.0825721,0.0143142,False
rs5752801,101,184,-0.0786931,0.0198124,False
rs5752801,101,185,-0.0780418,0.020886,False
rs5752801,101,186,-0.0786499,0.0200377,False
rs5752801,101,187,-0.0825473,0.0146542,False
rs5752801,101,188,-0.0821494,0.0153116,False
rs5752801,101,189,-0.0790197,0.0199335,False
rs5752801,101,190,-0.084967,0.0124959,False
rs5752801,101,191,-0.0979852,0.0041186,False
rs5752801,101,192,-0.0974935,0.00443491,False
rs5752801,101,193,-0.0928427,0.00692161,False
rs5752801,101,194,-0.0844767,0.0143962,False
rs5752801,101,195,-0.0883708,0.0108515,False
rs5752801,101,196,-0.0872733,0.0123166,False
rs5752801,101,197,-0.0981625,0.00515504,False
rs5752801,101,198,-0.102812,0.00355495,False
rs5752801,101,199,-0.100518,0.00462243,False
rs5752801,101,200,-0.101971,0.00428426,False
rs5752801,101,201,-0.104551,0.00362575,False
rs5752801,101,202,-0.104914,0.0037683,False
rs5752801,101,203,-0.101289,0.00547541,False
rs5752801,101,204,-0.111033,0.00254555,False
rs5752801,101,205,-0.115432,0.00184897,False
rs5752801,101,206,-0.116697,0.00176933,False
rs5752801,101,207,-0.11768,0.00177215,False
rs5752801,101,208,-0.117503,0.00193517,False
rs5752801,101,209,-0.117957,0.00204195,False
rs5752801,101,210,-0.126361,0.00106875,False
rs5752801,101,211,-0.135369,0.000511757,False
rs5752801,101,212,-0.13287,0.000726591,False
rs5752801,101,213,-0.126587,0.00141604,False
rs5752801,101,214,-0.138701,0.00052368,False
rs5752801,101,215,-0.133588,0.000940309,False
rs5752801,101,216,-0.132274,0.00117084,False
rs5752801,101,217,-0.12709,0.00198795,False
rs5752801,101,218,-0.131302,0.00155716,False
rs5752801,101,219,-0.138463,0.000931091,False
rs5752801,101,220,-0.138998,0.000992066,False
rs5752801,101,221,-0.149019,0.000467588,False
rs5752801,101,222,-0.14157,0.000959911,False
rs5752801,101,223,-0.151371,0.000463225,False
rs5752801,101,224,-0.157508,0.000300371,False
rs5752801,101,225,-0.156435,0.000361531,False
rs5752801,101,226,-0.1482,0.000792533,False
rs5752801,101,227,-0.153351,0.000565683,False
rs5752801,101,228,-0.167558,0.000179952,False
rs5752801,101,229,-0.152017,0.000722514,False
rs5752801,101,230,-0.161874,0.000343841,False
rs5752801,101,231,-0.167045,0.000235658,False
rs5752801,101,232,-0.167006,0.000250096,False
rs5752801,101,233,-0.167042,0.000266832,False
rs5752801,101,234,-0.158047,0.000585303,False
rs5752801,101,235,-0.162223,0.000429758,False
rs5752801,101,236,-0.171475,0.000208095,False
rs5752801,101,237,-0.172567,0.000193136,False
rs5752801,101,238,-0.162609,0.000461118,False
rs5752801,101,239,-0.165464,0.000373887,False
rs5752801,101,240,-0.173577,0.000194924,False
rs5752801,101,241,-0.168456,0.000302081,False
rs5752801,101,242,-0.171662,0.000237353,False
rs5752801,101,243,-0.164989,0.000419093,False
rs5752801,101,244,-0.172668,0.000226463,False
rs5752801,101,245,-0.155877,0.000903066,False
rs5752801,101,246,-0.151765,0.00126471,False
rs5752801,101,247,-0.158921,0.000767524,False
rs5752801,101,248,-0.147418,0.00187099,False
rs5752801,101,249,-0.142451,0.00275211,False
rs5752801,101,250,-0.14042,0.003307,False
rs5752801,101,251,-0.137871,0.00407368,False
rs5752801,102,7,0.00717846,0.789209,False
rs5752801,102,8,0.000957013,0.971256,False
rs5752801,102,9,0.00291603,0.911534,False
rs5752801,102,10,0.00598657,0.817914,False
rs5752801,102,11,-0.00352286,0.891224,False
rs5752801,102,12,-0.0205112,0.422169,False
rs5752801,102,13,-0.00950045,0.708421,False
rs5752801,102,14,-0.00246425,0.922311,False
rs5752801,102,15,-0.0161212,0.521239,False
rs5752801,102,16,-0.01637,0.512911,False
rs5752801,102,17,-0.0159449,0.52367,False
rs5752801,102,18,-0.0121346,0.626818,False
rs5752801,102,19,-0.0190768,0.444478,False
rs5752801,102,20,-0.0213021,0.392135,False
rs5752801,102,21,-0.0276229,0.267709,False
rs5752801,102,22,-0.0141165,0.57135,False
rs5752801,102,23,-0.0180799,0.468175,False
rs5752801,102,24,-0.0155664,0.532385,False
rs5752801,102,25,-0.0122931,0.622495,False
rs5752801,102,26,-0.0110193,0.65936,False
rs5752801,102,27,-0.0181207,0.468737,False
rs5752801,102,28,-0.0108331,0.665459,False
rs5752801,102,29,-0.0144698,0.56443,False
rs5752801,102,30,-0.0225651,0.369267,False
rs5752801,102,31,-0.0180621,0.472778,False
rs5752801,102,32,-0.0128054,0.610794,False
rs5752801,102,33,-0.0226626,0.368613,False
rs5752801,102,34,-0.0267388,0.28958,False
rs5752801,102,35,-0.0191433,0.450253,False
rs5752801,102,36,-0.0267554,0.292088,False
rs5752801,102,37,-0.0289301,0.255462,False
rs5752801,102,38,-0.0296279,0.245196,False
rs5752801,102,39,-0.0382628,0.134399,False
rs5752801,102,40,-0.0379312,0.139635,False
rs5752801,102,41,-0.0385206,0.134107,False
rs5752801,102,42,-0.0445746,0.0842622,False
rs5752801,102,43,-0.0421287,0.103713,False
rs5752801,102,44,-0.0403416,0.120742,False
rs5752801,102,45,-0.0493321,0.0588863,False
rs5752801,102,46,-0.0449748,0.0863699,False
rs5752801,102,47,-0.0408713,0.11952,False
rs5752801,102,48,-0.0445125,0.091603,False
rs5752801,102,49,-0.0504636,0.0565089,False
rs5752801,102,50,-0.062909,0.017783,False
rs5752801,102,51,-0.0540934,0.0423492,False
rs5752801,102,52,-0.0525943,0.0496685,False
rs5752801,102,53,-0.0507926,0.0587547,False
rs5752801,102,54,-0.0477819,0.0765447,False
rs5752801,102,55,-0.0433858,0.109504,False
rs5752801,102,56,-0.0485567,0.0744883,False
rs5752801,102,57,-0.0475403,0.0819765,False
rs5752801,102,58,-0.0500234,0.0679753,False
rs5752801,102,59,-0.0415805,0.130516,False
rs5752801,102,60,-0.0427591,0.121582,False
rs5752801,102,61,-0.0467699,0.0919776,False
rs5752801,102,62,-0.0465782,0.0945375,False
rs5752801,102,63,-0.0431803,0.122919,False
rs5752801,102,64,-0.0473847,0.0918134,False
rs5752801,102,65,-0.0405622,0.15078,False
rs5752801,102,66,-0.0498787,0.0792598,False
rs5752801,102,67,-0.0415798,0.145042,False
rs5752801,102,68,-0.0506427,0.077192,False
rs5752801,102,69,-0.0494464,0.0857993,False
rs5752801,102,70,-0.0508489,0.0788398,False
rs5752801,102,71,-0.0436882,0.133115,False
rs5752801,102,72,-0.0394524,0.176515,False
rs5752801,102,73,-0.034032,0.245557,False
rs5752801,102,74,-0.0364508,0.216388,False
rs5752801,102,75,-0.0444259,0.13308,False
rs5752801,102,76,-0.030608,0.303699,False
rs5752801,102,77,-0.0288281,0.334992,False
rs5752801,102,78,-0.0310541,0.301166,False
rs5752801,102,79,-0.0286221,0.342921,False
rs5752801,102,80,-0.0280455,0.354571,False
rs5752801,102,81,-0.036719,0.228124,False
rs5752801,102,82,-0.0280278,0.360007,False
rs5752801,102,83,-0.0181201,0.554934,False
rs5752801,102,84,-0.0304454,0.322748,False
rs5752801,102,85,-0.032582,0.291547,False
rs5752801,102,86,-0.0337456,0.276854,False
rs5752801,102,87,-0.0441887,0.155107,False
rs5752801,102,88,-0.0388985,0.212687,False
rs5752801,102,89,-0.0414291,0.186174,False
rs5752801,102,90,-0.0475164,0.130986,False
rs5752801,102,91,-0.0411439,0.192182,False
rs5752801,102,92,-0.0412308,0.192134,False
rs5752801,102,93,-0.0405687,0.201528,False
rs5752801,102,94,-0.0492518,0.122033,False
rs5752801,102,95,-0.0516478,0.105464,False
rs5752801,102,96,-0.0542653,0.0901798,False
rs5752801,102,97,-0.0502978,0.117981,False
rs5752801,102,98,-0.0537651,0.095443,False
rs5752801,102,99,-0.0394022,0.222787,False
rs5752801,102,100,-0.0415941,0.199253,False
rs5752801,102,101,-0.050593,0.119528,False
rs5752801,102,102,-0.036843,0.258322,False
rs5752801,102,103,-0.0435427,0.182412,False
rs5752801,102,104,-0.0474148,0.14736,False
rs5752801,102,105,-0.0481086,0.143107,False
rs5752801,102,106,-0.0479332,0.145448,False
rs5752801,102,107,-0.0396778,0.228947,False
rs5752801,102,108,-0.041392,0.210217,False
rs5752801,102,109,-0.0476799,0.149658,False
rs5752801,102,110,-0.0513926,0.121628,False
rs5752801,102,111,-0.0483988,0.145882,False
rs5752801,102,112,-0.04114,0.216965,False
rs5752801,102,113,-0.039062,0.242108,False
rs5752801,102,114,-0.045873,0.170113,False
rs5752801,102,115,-0.0455687,0.173555,False
rs5752801,102,116,-0.0461402,0.169573,False
rs5752801,102,117,-0.038545,0.25176,False
rs5752801,102,118,-0.0469107,0.16416,False
rs5752801,102,119,-0.0440009,0.192607,False
rs5752801,102,120,-0.0464438,0.170111,False
rs5752801,102,121,-0.0456264,0.177899,False
rs5752801,102,122,-0.0406406,0.230983,False
rs5752801,102,123,-0.0410556,0.227105,False
rs5752801,102,124,-0.0526473,0.122058,False
rs5752801,102,125,-0.0525866,0.123029,False
rs5752801,102,126,-0.0421335,0.216656,False
rs5752801,102,127,-0.048581,0.154428,False
rs5752801,102,128,-0.0476046,0.16313,False
rs5752801,102,129,-0.0446461,0.190886,False
rs5752801,102,130,-0.048215,0.158171,False
rs5752801,102,131,-0.050997,0.136053,False
rs5752801,102,132,-0.051187,0.135624,False
rs5752801,102,133,-0.0513802,0.133816,False
rs5752801,102,134,-0.0503165,0.142011,False
rs5752801,102,135,-0.045169,0.187196,False
rs5752801,102,136,-0.0517039,0.13149,False
rs5752801,102,137,-0.0542833,0.113342,False
rs5752801,102,138,-0.0420476,0.219924,False
rs5752801,102,139,-0.0410609,0.230669,False
rs5752801,102,140,-0.0544851,0.111612,False
rs5752801,102,141,-0.049821,0.145883,False
rs5752801,102,142,-0.0487172,0.155002,False
rs5752801,102,143,-0.0452931,0.185546,False
rs5752801,102,144,-0.0529896,0.121444,False
rs5752801,102,145,-0.0493749,0.149085,False
rs5752801,102,146,-0.0484374,0.156739,False
rs5752801,102,147,-0.0559015,0.102179,False
rs5752801,102,148,-0.0584124,0.0877311,False
rs5752801,102,149,-0.0552466,0.106027,False
rs5752801,102,150,-0.057582,0.0918876,False
rs5752801,102,151,-0.0599304,0.0794789,False
rs5752801,102,152,-0.0542875,0.111438,False
rs5752801,102,153,-0.0505465,0.138191,False
rs5752801,102,154,-0.0544639,0.110169,False
rs5752801,102,155,-0.046705,0.170548,False
rs5752801,102,156,-0.0411744,0.226337,False
rs5752801,102,157,-0.0352967,0.298805,False
rs5752801,102,158,-0.0455378,0.179996,False
rs5752801,102,159,-0.0503786,0.137844,False
rs5752801,102,160,-0.0462171,0.172612,False
rs5752801,102,161,-0.0465519,0.168628,False
rs5752801,102,162,-0.0490313,0.147518,False
rs5752801,102,163,-0.0462104,0.172087,False
rs5752801,102,164,-0.0498431,0.140407,False
rs5752801,102,165,-0.0391194,0.247031,False
rs5752801,102,166,-0.0511482,0.130269,False
rs5752801,102,167,-0.051658,0.125986,False
rs5752801,102,168,-0.049682,0.139954,False
rs5752801,102,169,-0.0507358,0.131364,False
rs5752801,102,170,-0.0546972,0.10385,False
rs5752801,102,171,-0.0545803,0.104697,False
rs5752801,102,172,-0.0489326,0.145279,False
rs5752801,102,173,-0.0548455,0.102432,False
rs5752801,102,174,-0.0572214,0.0882683,False
rs5752801,102,175,-0.0646451,0.0539159,False
rs5752801,102,176,-0.0684176,0.0415344,False
rs5752801,102,177,-0.0698255,0.0375538,False
rs5752801,102,178,-0.0715389,0.0333016,False
rs5752801,102,179,-0.062495,0.0628225,False
rs5752801,102,180,-0.0709296,0.0348844,False
rs5752801,102,181,-0.0742548,0.0274057,False
rs5752801,102,182,-0.0838566,0.0127545,False
rs5752801,102,183,-0.0839079,0.012899,False
rs5752801,102,184,-0.0841759,0.0127554,False
rs5752801,102,185,-0.0822455,0.015169,False
rs5752801,102,186,-0.0805654,0.017574,False
rs5752801,102,187,-0.080642,0.0176527,False
rs5752801,102,188,-0.0798438,0.0192212,False
rs5752801,102,189,-0.0896213,0.00877542,False
rs5752801,102,190,-0.0873669,0.010902,False
rs5752801,102,191,-0.0897143,0.00914669,False
rs5752801,102,192,-0.101685,0.00321531,False
rs5752801,102,193,-0.0935185,0.00699395,False
rs5752801,102,194,-0.0967182,0.00550892,False
rs5752801,102,195,-0.09727,0.00553196,False
rs5752801,102,196,-0.106566,0.0024902,False
rs5752801,102,197,-0.108789,0.00215412,False
rs5752801,102,198,-0.102211,0.00417611,False
rs5752801,102,199,-0.112106,0.00181068,False
rs5752801,102,200,-0.117577,0.0011472,False
rs5752801,102,201,-0.117215,0.00130613,False
rs5752801,102,202,-0.119005,0.00118913,False
rs5752801,102,203,-0.115964,0.00171979,False
rs5752801,102,204,-0.126117,0.000727557,False
rs5752801,102,205,-0.12518,0.000864304,False
rs5752801,102,206,-0.119782,0.00157649,False
rs5752801,102,207,-0.124078,0.00117008,False
rs5752801,102,208,-0.129247,0.000790871,False
rs5752801,102,209,-0.132293,0.000655419,False
rs5752801,102,210,-0.126721,0.00123141,False
rs5752801,102,211,-0.13478,0.000653708,False
rs5752801,102,212,-0.136884,0.00060525,False
rs5752801,102,213,-0.132942,0.000962508,False
rs5752801,102,214,-0.14378,0.000401635,False
rs5752801,102,215,-0.141749,0.000544637,False
rs5752801,102,216,-0.146545,0.000397482,False
rs5752801,102,217,-0.147947,0.000387974,False
rs5752801,102,218,-0.139129,0.000938929,False
rs5752801,102,219,-0.152577,0.000316425,False
rs5752801,102,220,-0.146749,0.000592781,False
rs5752801,102,221,-0.153852,0.000347628,False
rs5752801,102,222,-0.155511,0.000335095,False
rs5752801,102,223,-0.157446,0.000311815,False
rs5752801,102,224,-0.157185,0.000344312,False
rs5752801,102,225,-0.166766,0.000159843,False
rs5752801,102,226,-0.154625,0.00050413,False
rs5752801,102,227,-0.149832,0.000804872,False
rs5752801,102,228,-0.165428,0.00022971,False
rs5752801,102,229,-0.158058,0.000459111,False
rs5752801,102,230,-0.160632,0.000392437,False
rs5752801,102,231,-0.16314,0.000330455,False
rs5752801,102,232,-0.160745,0.000428755,False
rs5752801,102,233,-0.165597,0.00029465,False
rs5752801,102,234,-0.175187,0.000132923,False
rs5752801,102,235,-0.166392,0.000296371,False
rs5752801,102,236,-0.161362,0.000462393,False
rs5752801,102,237,-0.167658,0.000280872,False
rs5752801,102,238,-0.157067,0.000679319,False
rs5752801,102,239,-0.161077,0.000504591,False
rs5752801,102,240,-0.162052,0.000470305,False
rs5752801,102,241,-0.169469,0.000259274,False
rs5752801,102,242,-0.154317,0.000906822,False
rs5752801,102,243,-0.155464,0.000841982,False
rs5752801,102,244,-0.15481,0.00089567,False
rs5752801,102,245,-0.146099,0.00174954,False
rs5752801,102,246,-0.151898,0.00119652,False
rs5752801,102,247,-0.143508,0.00222539,False
rs5752801,102,248,-0.132458,0.00495377,False
rs5752801,102,249,-0.119477,0.0115935,False
rs5752801,102,250,-0.115662,0.014979,False
rs5752801,102,251,-0.12259,0.0102219,False
rs5752801,103,7,-0.00203756,0.939255,False
rs5752801,103,8,-0.00779223,0.76809,False
rs5752801,103,9,-0.00947793,0.717257,False
rs5752801,103,10,-0.00924427,0.721108,False
rs5752801,103,11,-0.00774681,0.76298,False
rs5752801,103,12,-0.00934152,0.714153,False
rs5752801,103,13,-0.0100107,0.692356,False
rs5752801,103,14,-0.00945027,0.707614,False
rs5752801,103,15,-0.0186225,0.457389,False
rs5752801,103,16,-0.0282426,0.258411,False
rs5752801,103,17,-0.023068,0.355575,False
rs5752801,103,18,-0.0168035,0.500466,False
rs5752801,103,19,-0.0241998,0.330667,False
rs5752801,103,20,-0.0220097,0.376228,False
rs5752801,103,21,-0.0251391,0.312388,False
rs5752801,103,22,-0.00822905,0.741377,False
rs5752801,103,23,-0.0193081,0.437947,False
rs5752801,103,24,-0.0248704,0.318985,False
rs5752801,103,25,-0.0130535,0.600748,False
rs5752801,103,26,-0.00666893,0.789431,False
rs5752801,103,27,-0.0230404,0.35663,False
rs5752801,103,28,-0.0178618,0.475082,False
rs5752801,103,29,-0.0140421,0.575624,False
rs5752801,103,30,-0.0117035,0.641665,False
rs5752801,103,31,-0.021104,0.40105,False
rs5752801,103,32,-0.0180267,0.47324,False
rs5752801,103,33,-0.00947785,0.706936,False
rs5752801,103,34,-0.0111975,0.658351,False
rs5752801,103,35,-0.020434,0.419575,False
rs5752801,103,36,-0.0220727,0.383497,False
rs5752801,103,37,-0.0215602,0.396114,False
rs5752801,103,38,-0.0188576,0.459299,False
rs5752801,103,39,-0.0211994,0.406121,False
rs5752801,103,40,-0.0215291,0.40019,False
rs5752801,103,41,-0.0219352,0.391632,False
rs5752801,103,42,-0.030365,0.23669,False
rs5752801,103,43,-0.0303995,0.238546,False
rs5752801,103,44,-0.0359416,0.165388,False
rs5752801,103,45,-0.0357688,0.167916,False
rs5752801,103,46,-0.0342082,0.188399,False
rs5752801,103,47,-0.0452072,0.083349,False
rs5752801,103,48,-0.0362758,0.166253,False
rs5752801,103,49,-0.0455602,0.082967,False
rs5752801,103,50,-0.0414695,0.11601,False
rs5752801,103,51,-0.0408487,0.123223,False
rs5752801,103,52,-0.0483151,0.0689517,False
rs5752801,103,53,-0.0507586,0.0572117,False
rs5752801,103,54,-0.0454036,0.0910948,False
rs5752801,103,55,-0.0415927,0.122773,False
rs5752801,103,56,-0.0541887,0.0451523,False
rs5752801,103,57,-0.0511974,0.0595926,False
rs5752801,103,58,-0.035663,0.191387,False
rs5752801,103,59,-0.0399393,0.145165,False
rs5752801,103,60,-0.0394867,0.151713,False
rs5752801,103,61,-0.0436461,0.114691,False
rs5752801,103,62,-0.0501197,0.0712963,False
rs5752801,103,63,-0.0414652,0.136348,False
rs5752801,103,64,-0.0390695,0.162937,False
rs5752801,103,65,-0.0416013,0.138742,False
rs5752801,103,66,-0.0445978,0.113846,False
rs5752801,103,67,-0.039503,0.163758,False
rs5752801,103,68,-0.0450649,0.114397,False
rs5752801,103,69,-0.0372444,0.193054,False
rs5752801,103,70,-0.0349327,0.224169,False
rs5752801,103,71,-0.0399454,0.166576,False
rs5752801,103,72,-0.04503,0.120643,False
rs5752801,103,73,-0.0496304,0.0889233,False
rs5752801,103,74,-0.0441239,0.131789,False
rs5752801,103,75,-0.0527957,0.0723116,False
rs5752801,103,76,-0.0425692,0.148981,False
rs5752801,103,77,-0.0526645,0.0766774,False
rs5752801,103,78,-0.0404363,0.175287,False
rs5752801,103,79,-0.0368897,0.217978,False
rs5752801,103,80,-0.0387749,0.197299,False
rs5752801,103,81,-0.0450471,0.135661,False
rs5752801,103,82,-0.0406775,0.179849,False
rs5752801,103,83,-0.03944,0.194951,False
rs5752801,103,84,-0.0344944,0.259245,False
rs5752801,103,85,-0.0404679,0.187736,False
rs5752801,103,86,-0.0318139,0.301643,False
rs5752801,103,87,-0.0414189,0.180343,False
rs5752801,103,88,-0.0426126,0.170158,False
rs5752801,103,89,-0.031481,0.311621,False
rs5752801,103,90,-0.040931,0.189625,False
rs5752801,103,91,-0.0443719,0.156779,False
rs5752801,103,92,-0.0456266,0.146846,False
rs5752801,103,93,-0.049887,0.113458,False
rs5752801,103,94,-0.0576787,0.0681988,False
rs5752801,103,95,-0.0450095,0.15586,False
rs5752801,103,96,-0.0444613,0.161826,False
rs5752801,103,97,-0.0508853,0.110397,False
rs5752801,103,98,-0.0457414,0.151614,False
rs5752801,103,99,-0.0434826,0.173715,False
rs5752801,103,100,-0.0456299,0.154745,False
rs5752801,103,101,-0.0426904,0.184994,False
rs5752801,103,102,-0.0424214,0.189103,False
rs5752801,103,103,-0.0541727,0.0944302,False
rs5752801,103,104,-0.0585648,0.0710791,False
rs5752801,103,105,-0.0499225,0.12454,False
rs5752801,103,106,-0.0519122,0.111085,False
rs5752801,103,107,-0.0608574,0.0624338,False
rs5752801,103,108,-0.0582554,0.0752497,False
rs5752801,103,109,-0.0663933,0.0429473,False
rs5752801,103,110,-0.0589121,0.0731557,False
rs5752801,103,111,-0.0549028,0.0958715,False
rs5752801,103,112,-0.0546219,0.0985424,False
rs5752801,103,113,-0.0565615,0.0876033,False
rs5752801,103,114,-0.0589008,0.0754288,False
rs5752801,103,115,-0.0564106,0.0894486,False
rs5752801,103,116,-0.0458752,0.167705,False
rs5752801,103,117,-0.045877,0.168661,False
rs5752801,103,118,-0.0470262,0.158938,False
rs5752801,103,119,-0.0575806,0.0851763,False
rs5752801,103,120,-0.0573064,0.0870526,False
rs5752801,103,121,-0.0502357,0.134517,False
rs5752801,103,122,-0.0451346,0.179268,False
rs5752801,103,123,-0.0496292,0.139814,False
rs5752801,103,124,-0.0484806,0.149813,False
rs5752801,103,125,-0.0514176,0.127159,False
rs5752801,103,126,-0.041796,0.215304,False
rs5752801,103,127,-0.046106,0.172241,False
rs5752801,103,128,-0.0513695,0.128814,False
rs5752801,103,129,-0.0466209,0.168338,False
rs5752801,103,130,-0.0486969,0.149638,False
rs5752801,103,131,-0.0447514,0.186692,False
rs5752801,103,132,-0.0488497,0.149158,False
rs5752801,103,133,-0.0451856,0.182577,False
rs5752801,103,134,-0.058161,0.0861653,False
rs5752801,103,135,-0.0499245,0.140698,False
rs5752801,103,136,-0.0397062,0.241698,False
rs5752801,103,137,-0.0470921,0.164919,False
rs5752801,103,138,-0.0433218,0.202012,False
rs5752801,103,139,-0.0426715,0.208668,False
rs5752801,103,140,-0.0478745,0.158223,False
rs5752801,103,141,-0.05531,0.10296,False
rs5752801,103,142,-0.056626,0.094675,False
rs5752801,103,143,-0.0671689,0.0473618,False
rs5752801,103,144,-0.0556768,0.100015,False
rs5752801,103,145,-0.0530087,0.117016,False
rs5752801,103,146,-0.0599718,0.0764846,False
rs5752801,103,147,-0.0623606,0.0652914,False
rs5752801,103,148,-0.0655324,0.0528705,False
rs5752801,103,149,-0.0675473,0.0459187,False
rs5752801,103,150,-0.0617025,0.0684257,False
rs5752801,103,151,-0.0521901,0.123327,False
rs5752801,103,152,-0.058382,0.0845451,False
rs5752801,103,153,-0.0512345,0.129699,False
rs5752801,103,154,-0.0565018,0.0939414,False
rs5752801,103,155,-0.0484911,0.150196,False
rs5752801,103,156,-0.0496228,0.140991,False
rs5752801,103,157,-0.0532624,0.114797,False
rs5752801,103,158,-0.0504056,0.135406,False
rs5752801,103,159,-0.053631,0.111469,False
rs5752801,103,160,-0.0587325,0.081138,False
rs5752801,103,161,-0.0533838,0.112343,False
rs5752801,103,162,-0.0500356,0.136524,False
rs5752801,103,163,-0.0530055,0.115005,False
rs5752801,103,164,-0.0475096,0.157698,False
rs5752801,103,165,-0.0473014,0.158742,False
rs5752801,103,166,-0.0549424,0.101205,False
rs5752801,103,167,-0.0545899,0.104102,False
rs5752801,103,168,-0.0500641,0.136079,False
rs5752801,103,169,-0.0493427,0.141629,False
rs5752801,103,170,-0.0594176,0.0765155,False
rs5752801,103,171,-0.0545908,0.103298,False
rs5752801,103,172,-0.0614011,0.0667778,False
rs5752801,103,173,-0.068746,0.040198,False
rs5752801,103,174,-0.0721549,0.0313698,False
rs5752801,103,175,-0.0669456,0.0460484,False
rs5752801,103,176,-0.0627367,0.0613585,False
rs5752801,103,177,-0.0609348,0.0694922,False
rs5752801,103,178,-0.0610391,0.0694155,False
rs5752801,103,179,-0.0763037,0.0232992,False
rs5752801,103,180,-0.0754192,0.0251427,False
rs5752801,103,181,-0.0817985,0.0152258,False
rs5752801,103,182,-0.0840326,0.012876,False
rs5752801,103,183,-0.0825739,0.0147313,False
rs5752801,103,184,-0.0853498,0.0118483,False
rs5752801,103,185,-0.0786276,0.0206578,False
rs5752801,103,186,-0.077915,0.0221005,False
rs5752801,103,187,-0.0834658,0.0145942,False
rs5752801,103,188,-0.0807173,0.0184677,False
rs5752801,103,189,-0.0858838,0.0125223,False
rs5752801,103,190,-0.0895142,0.00954835,False
rs5752801,103,191,-0.0904783,0.00909504,False
rs5752801,103,192,-0.092851,0.00762773,False
rs5752801,103,193,-0.10091,0.00395329,False
rs5752801,103,194,-0.101789,0.0038444,False
rs5752801,103,195,-0.102994,0.0036502,False
rs5752801,103,196,-0.100496,0.0048403,False
rs5752801,103,197,-0.1176,0.00104507,False
rs5752801,103,198,-0.112448,0.001871,False
rs5752801,103,199,-0.124935,0.00059993,False
rs5752801,103,200,-0.121355,0.000944041,False
rs5752801,103,201,-0.123633,0.000830667,False
rs5752801,103,202,-0.125509,0.000762301,False
rs5752801,103,203,-0.115657,0.00206158,False
rs5752801,103,204,-0.122337,0.00122838,False
rs5752801,103,205,-0.128532,0.000771502,False
rs5752801,103,206,-0.127326,0.000944245,False
rs5752801,103,207,-0.1236,0.00147359,False
rs5752801,103,208,-0.129988,0.000916517,False
rs5752801,103,209,-0.140192,0.000386894,False
rs5752801,103,210,-0.139461,0.000466931,False
rs5752801,103,211,-0.137428,0.000641662,False
rs5752801,103,212,-0.142568,0.000441905,False
rs5752801,103,213,-0.137357,0.00079262,False
rs5752801,103,214,-0.139632,0.000713872,False
rs5752801,103,215,-0.148098,0.000371091,False
rs5752801,103,216,-0.152756,0.000268219,False
rs5752801,103,217,-0.145376,0.000575564,False
rs5752801,103,218,-0.154678,0.000278578,False
rs5752801,103,219,-0.153154,0.000358335,False
rs5752801,103,220,-0.147426,0.000643547,False
rs5752801,103,221,-0.153724,0.000410621,False
rs5752801,103,222,-0.146178,0.000840133,False
rs5752801,103,223,-0.155078,0.000430424,False
rs5752801,103,224,-0.158183,0.00035463,False
rs5752801,103,225,-0.168996,0.000147035,False
rs5752801,103,226,-0.168162,0.000168685,False
rs5752801,103,227,-0.160845,0.000340789,False
rs5752801,103,228,-0.157197,0.000500529,False
rs5752801,103,229,-0.16197,0.000349302,False
rs5752801,103,230,-0.164906,0.000282861,False
rs5752801,103,231,-0.169142,0.000202913,False
rs5752801,103,232,-0.15797,0.000543119,False
rs5752801,103,233,-0.166387,0.000275978,False
rs5752801,103,234,-0.166695,0.000273804,False
rs5752801,103,235,-0.167668,0.00025641,False
rs5752801,103,236,-0.162948,0.000388622,False
rs5752801,103,237,-0.154936,0.000763231,False
rs5752801,103,238,-0.152009,0.000963289,False
rs5752801,103,239,-0.151428,0.00100192,False
rs5752801,103,240,-0.159812,0.000525679,False
rs5752801,103,241,-0.153123,0.00089666,False
rs5752801,103,242,-0.150317,0.00113421,False
rs5752801,103,243,-0.144187,0.00180963,False
rs5752801,103,244,-0.14086,0.00230558,False
rs5752801,103,245,-0.135722,0.00340895,False
rs5752801,103,246,-0.131671,0.00457806,False
rs5752801,103,247,-0.128247,0.00597832,False
rs5752801,103,248,-0.126187,0.00698763,False
rs5752801,103,249,-0.119152,0.0111974,False
rs5752801,103,250,-0.118881,0.0117515,False
rs5752801,103,251,-0.113988,0.0162815,False
rs5752801,104,7,0.0170604,0.523226,False
rs5752801,104,8,0.0102014,0.699557,False
rs5752801,104,9,0.00816581,0.754671,False
rs5752801,104,10,0.00635836,0.805632,False
rs5752801,104,11,0.0087554,0.732308,False
rs5752801,104,12,0.00524255,0.836887,False
rs5752801,104,13,0.00314725,0.901138,False
rs5752801,104,14,0.00172286,0.945416,False
rs5752801,104,15,-0.00190403,0.939427,False
rs5752801,104,16,-0.00192396,0.938629,False
rs5752801,104,17,-0.00221639,0.929294,False
rs5752801,104,18,-0.00745778,0.764276,False
rs5752801,104,19,-0.00276135,0.911708,False
rs5752801,104,20,-0.00838253,0.73635,False
rs5752801,104,21,-0.00246286,0.92108,False
rs5752801,104,22,-0.0123864,0.61799,False
rs5752801,104,23,-0.00217036,0.930487,False
rs5752801,104,24,-0.00697425,0.779024,False
rs5752801,104,25,0.00043064,0.986215,False
rs5752801,104,26,-0.00706564,0.776603,False
rs5752801,104,27,-0.00787652,0.752237,False
rs5752801,104,28,-0.0108434,0.663389,False
rs5752801,104,29,-0.0203441,0.414937,False
rs5752801,104,30,-0.0111789,0.655208,False
rs5752801,104,31,-0.0137015,0.584627,False
rs5752801,104,32,-0.0189133,0.450953,False
rs5752801,104,33,-0.0160245,0.523926,False
rs5752801,104,34,-0.0224009,0.373235,False
rs5752801,104,35,-0.0178805,0.478131,False
rs5752801,104,36,-0.0145108,0.56626,False
rs5752801,104,37,-0.0256177,0.311465,False
rs5752801,104,38,-0.0203705,0.42167,False
rs5752801,104,39,-0.0301466,0.236702,False
rs5752801,104,40,-0.0303736,0.233888,False
rs5752801,104,41,-0.0348187,0.173424,False
rs5752801,104,42,-0.0300383,0.241952,False
rs5752801,104,43,-0.0357054,0.165446,False
rs5752801,104,44,-0.0545594,0.034541,False
rs5752801,104,45,-0.0501575,0.05266,False
rs5752801,104,46,-0.0432975,0.0954284,False
rs5752801,104,47,-0.0509729,0.0504302,False
rs5752801,104,48,-0.047666,0.0682448,False
rs5752801,104,49,-0.0426987,0.103431,False
rs5752801,104,50,-0.0572134,0.0297535,False
rs5752801,104,51,-0.048526,0.0659379,False
rs5752801,104,52,-0.0439198,0.0974166,False
rs5752801,104,53,-0.0420251,0.113328,False
rs5752801,104,54,-0.0414264,0.120222,False
rs5752801,104,55,-0.0475687,0.0755679,False
rs5752801,104,56,-0.0429064,0.11049,False
rs5752801,104,57,-0.0458944,0.0892948,False
rs5752801,104,58,-0.038485,0.154787,False
rs5752801,104,59,-0.0403581,0.13721,False
rs5752801,104,60,-0.0353319,0.19582,False
rs5752801,104,61,-0.0461184,0.0924832,False
rs5752801,104,62,-0.0378474,0.16923,False
rs5752801,104,63,-0.0425411,0.123596,False
rs5752801,104,64,-0.034337,0.216195,False
rs5752801,104,65,-0.0276456,0.321074,False
rs5752801,104,66,-0.0361565,0.19645,False
rs5752801,104,67,-0.0335441,0.232819,False
rs5752801,104,68,-0.0255113,0.366694,False
rs5752801,104,69,-0.034478,0.224945,False
rs5752801,104,70,-0.0404161,0.156166,False
rs5752801,104,71,-0.0417115,0.144796,False
rs5752801,104,72,-0.0393724,0.17098,False
rs5752801,104,73,-0.0417531,0.148846,False
rs5752801,104,74,-0.0358556,0.217213,False
rs5752801,104,75,-0.0321531,0.270772,False
rs5752801,104,76,-0.0396001,0.176672,False
rs5752801,104,77,-0.0409949,0.163384,False
rs5752801,104,78,-0.0412023,0.163299,False
rs5752801,104,79,-0.037701,0.204456,False
rs5752801,104,80,-0.0459951,0.12312,False
rs5752801,104,81,-0.0436992,0.144755,False
rs5752801,104,82,-0.0416246,0.166877,False
rs5752801,104,83,-0.0408495,0.176123,False
rs5752801,104,84,-0.0439126,0.147302,False
rs5752801,104,85,-0.0447361,0.141347,False
rs5752801,104,86,-0.0399825,0.191189,False
rs5752801,104,87,-0.0352867,0.250147,False
rs5752801,104,88,-0.0377125,0.220453,False
rs5752801,104,89,-0.0482047,0.118765,False
rs5752801,104,90,-0.0460771,0.136575,False
rs5752801,104,91,-0.0416465,0.180347,False
rs5752801,104,92,-0.0438022,0.159762,False
rs5752801,104,93,-0.0486737,0.119746,False
rs5752801,104,94,-0.0514345,0.101108,False
rs5752801,104,95,-0.0582429,0.0640817,False
rs5752801,104,96,-0.0500022,0.112964,False
rs5752801,104,97,-0.0533489,0.0917385,False
rs5752801,104,98,-0.0539767,0.0888136,False
rs5752801,104,99,-0.0540236,0.0896139,False
rs5752801,104,100,-0.0627465,0.0493866,False
rs5752801,104,101,-0.0547645,0.0868746,False
rs5752801,104,102,-0.0571201,0.0746534,False
rs5752801,104,103,-0.0554171,0.0845094,False
rs5752801,104,104,-0.0554819,0.0847773,False
rs5752801,104,105,-0.0623493,0.0527852,False
rs5752801,104,106,-0.0634566,0.0494985,False
rs5752801,104,107,-0.0527008,0.1036,False
rs5752801,104,108,-0.0528277,0.103808,False
rs5752801,104,109,-0.0563217,0.0836732,False
rs5752801,104,110,-0.0554117,0.0890021,False
rs5752801,104,111,-0.0491176,0.13239,False
rs5752801,104,112,-0.0438882,0.179634,False
rs5752801,104,113,-0.0450246,0.169327,False
rs5752801,104,114,-0.0450584,0.170041,False
rs5752801,104,115,-0.0407651,0.214261,False
rs5752801,104,116,-0.041694,0.205076,False
rs5752801,104,117,-0.0404008,0.219489,False
rs5752801,104,118,-0.0365784,0.267509,False
rs5752801,104,119,-0.0412788,0.211217,False
rs5752801,104,120,-0.0392733,0.235005,False
rs5752801,104,121,-0.0412416,0.213267,False
rs5752801,104,122,-0.0434645,0.190543,False
rs5752801,104,123,-0.0453497,0.172824,False
rs5752801,104,124,-0.0565335,0.0890505,False
rs5752801,104,125,-0.0540356,0.104312,False
rs5752801,104,126,-0.0551885,0.0975704,False
rs5752801,104,127,-0.0533584,0.109681,False
rs5752801,104,128,-0.0504309,0.131143,False
rs5752801,104,129,-0.0431991,0.196672,False
rs5752801,104,130,-0.0388066,0.246895,False
rs5752801,104,131,-0.0363712,0.277761,False
rs5752801,104,132,-0.0348703,0.29861,False
rs5752801,104,133,-0.0410602,0.22095,False
rs5752801,104,134,-0.041811,0.212839,False
rs5752801,104,135,-0.04485,0.181564,False
rs5752801,104,136,-0.0445766,0.18434,False
rs5752801,104,137,-0.0515162,0.124976,False
rs5752801,104,138,-0.0512692,0.126918,False
rs5752801,104,139,-0.057144,0.0888417,False
rs5752801,104,140,-0.0548886,0.102237,False
rs5752801,104,141,-0.0464239,0.166954,False
rs5752801,104,142,-0.0505231,0.132664,False
rs5752801,104,143,-0.0531354,0.113562,False
rs5752801,104,144,-0.05935,0.0768142,False
rs5752801,104,145,-0.0598257,0.074228,False
rs5752801,104,146,-0.0488872,0.144764,False
rs5752801,104,147,-0.0418728,0.2123,False
rs5752801,104,148,-0.0407035,0.225037,False
rs5752801,104,149,-0.0439464,0.189621,False
rs5752801,104,150,-0.0480943,0.150898,False
rs5752801,104,151,-0.05087,0.128792,False
rs5752801,104,152,-0.0472117,0.158678,False
rs5752801,104,153,-0.0591904,0.0768273,False
rs5752801,104,154,-0.0502128,0.133189,False
rs5752801,104,155,-0.0555674,0.0970516,False
rs5752801,104,156,-0.0591487,0.0771318,False
rs5752801,104,157,-0.0625138,0.0614656,False
rs5752801,104,158,-0.0605781,0.070428,False
rs5752801,104,159,-0.0628945,0.0603276,False
rs5752801,104,160,-0.0631742,0.0590345,False
rs5752801,104,161,-0.065359,0.0508327,False
rs5752801,104,162,-0.07273,0.0297164,False
rs5752801,104,163,-0.0623834,0.0623917,False
rs5752801,104,164,-0.0604134,0.0710403,False
rs5752801,104,165,-0.0652161,0.0512729,False
rs5752801,104,166,-0.0694079,0.0380259,False
rs5752801,104,167,-0.0614703,0.0659549,False
rs5752801,104,168,-0.057526,0.085554,False
rs5752801,104,169,-0.0607728,0.068938,False
rs5752801,104,170,-0.0650016,0.0518657,False
rs5752801,104,171,-0.0655062,0.0502039,False
rs5752801,104,172,-0.0628208,0.0602439,False
rs5752801,104,173,-0.0673746,0.0439879,False
rs5752801,104,174,-0.0689224,0.0394466,False
rs5752801,104,175,-0.0709327,0.0340953,False
rs5752801,104,176,-0.0705294,0.035375,False
rs5752801,104,177,-0.0722683,0.0312259,False
rs5752801,104,178,-0.0711504,0.0339949,False
rs5752801,104,179,-0.0765601,0.0228504,False
rs5752801,104,180,-0.0819061,0.0150946,False
rs5752801,104,181,-0.0767383,0.0231049,False
rs5752801,104,182,-0.080622,0.0171249,False
rs5752801,104,183,-0.0761642,0.0247447,False
rs5752801,104,184,-0.0827408,0.015042,False
rs5752801,104,185,-0.0768789,0.0243463,False
rs5752801,104,186,-0.078025,0.0229,False
rs5752801,104,187,-0.0776368,0.0240991,False
rs5752801,104,188,-0.0856798,0.0131064,False
rs5752801,104,189,-0.0799722,0.0211902,False
rs5752801,104,190,-0.0890069,0.01058,False
rs5752801,104,191,-0.0833059,0.0173622,False
rs5752801,104,192,-0.0893518,0.0112262,False
rs5752801,104,193,-0.0965925,0.00645856,False
rs5752801,104,194,-0.099342,0.00535232,False
rs5752801,104,195,-0.0969788,0.00691289,False
rs5752801,104,196,-0.104604,0.00377447,False
rs5752801,104,197,-0.100882,0.00551564,False
rs5752801,104,198,-0.09886,0.00689245,False
rs5752801,104,199,-0.116488,0.00158871,False
rs5752801,104,200,-0.12649,0.000668656,False
rs5752801,104,201,-0.125519,0.000810662,False
rs5752801,104,202,-0.125486,0.000887653,False
rs5752801,104,203,-0.135307,0.000374566,False
rs5752801,104,204,-0.137038,0.000353782,False
rs5752801,104,205,-0.135016,0.000490046,False
rs5752801,104,206,-0.130777,0.000809776,False
rs5752801,104,207,-0.133855,0.000675939,False
rs5752801,104,208,-0.140299,0.000406729,False
rs5752801,104,209,-0.14546,0.000279556,False
rs5752801,104,210,-0.143302,0.000392932,False
rs5752801,104,211,-0.152025,0.000192084,False
rs5752801,104,212,-0.146289,0.000378892,False
rs5752801,104,213,-0.153284,0.000218604,False
rs5752801,104,214,-0.158382,0.000151784,False
rs5752801,104,215,-0.165617,8.46415e-05,False
rs5752801,104,216,-0.158672,0.00018368,False
rs5752801,104,217,-0.173875,4.60678e-05,False
rs5752801,104,218,-0.173544,5.42598e-05,False
rs5752801,104,219,-0.176136,4.72829e-05,False
rs5752801,104,220,-0.169851,9.54067e-05,False
rs5752801,104,221,-0.180722,3.69256e-05,False
rs5752801,104,222,-0.178467,5.13281e-05,False
rs5752801,104,223,-0.171258,0.000109893,False
rs5752801,104,224,-0.1775,6.68167e-05,False
rs5752801,104,225,-0.175985,8.28701e-05,False
rs5752801,104,226,-0.176926,8.09521e-05,False
rs5752801,104,227,-0.181857,5.26082e-05,False
rs5752801,104,228,-0.178359,7.89589e-05,False
rs5752801,104,229,-0.177712,8.76607e-05,False
rs5752801,104,230,-0.174749,0.000117397,False
rs5752801,104,231,-0.168123,0.000217677,False
rs5752801,104,232,-0.172527,0.000150163,False
rs5752801,104,233,-0.170689,0.000181447,False
rs5752801,104,234,-0.181584,6.82747e-05,False
rs5752801,104,235,-0.167263,0.000247136,False
rs5752801,104,236,-0.159708,0.000475519,False
rs5752801,104,237,-0.164699,0.00031601,False
rs5752801,104,238,-0.161991,0.00039939,False
rs5752801,104,239,-0.146147,0.00138514,False
rs5752801,104,240,-0.147573,0.00126045,False
rs5752801,104,241,-0.136658,0.00284599,False
rs5752801,104,242,-0.131917,0.00398122,False
rs5752801,104,243,-0.138197,0.00259082,False
rs5752801,104,244,-0.124796,0.00667467,False
rs5752801,104,245,-0.11219,0.0149592,False
rs5752801,104,246,-0.110919,0.0163597,False
rs5752801,104,247,-0.106388,0.0217365,False
rs5752801,104,248,-0.0964186,0.0383941,False
rs5752801,104,249,-0.0854179,0.0681411,False
rs5752801,104,250,-0.0792069,0.0923006,False
rs5752801,104,251,-0.0744178,0.115469,False
rs5752801,105,7,0.00306399,0.908983,False
rs5752801,105,8,-0.00272475,0.918049,False
rs5752801,105,9,-0.00592889,0.820948,False
rs5752801,105,10,-0.00595702,0.818442,False
rs5752801,105,11,-0.00694893,0.787752,False
rs5752801,105,12,-0.0112151,0.661149,False
rs5752801,105,13,-0.00698751,0.783047,False
rs5752801,105,14,-0.00771148,0.760294,False
rs5752801,105,15,-0.0163954,0.515389,False
rs5752801,105,16,-0.0109346,0.663452,False
rs5752801,105,17,-0.0094918,0.704474,False
rs5752801,105,18,-0.0204511,0.412817,False
rs5752801,105,19,-0.0104879,0.673534,False
rs5752801,105,20,-0.0156336,0.531103,False
rs5752801,105,21,-0.0136583,0.58411,False
rs5752801,105,22,-0.00615178,0.804753,False
rs5752801,105,23,-0.00919156,0.711241,False
rs5752801,105,24,-0.016173,0.515804,False
rs5752801,105,25,-0.0188436,0.448045,False
rs5752801,105,26,-0.0133235,0.592008,False
rs5752801,105,27,-0.00945933,0.703889,False
rs5752801,105,28,-0.0108513,0.662877,False
rs5752801,105,29,-0.0206812,0.406719,False
rs5752801,105,30,-0.0110251,0.65805,False
rs5752801,105,31,-0.0124479,0.618049,False
rs5752801,105,32,-0.0093885,0.70707,False
rs5752801,105,33,-0.0214832,0.389669,False
rs5752801,105,34,-0.0189045,0.450906,False
rs5752801,105,35,-0.0214287,0.393886,False
rs5752801,105,36,-0.0315165,0.209714,False
rs5752801,105,37,-0.0189817,0.451135,False
rs5752801,105,38,-0.026412,0.296092,False
rs5752801,105,39,-0.0270861,0.285,False
rs5752801,105,40,-0.0368573,0.146114,False
rs5752801,105,41,-0.0319561,0.209777,False
rs5752801,105,42,-0.0199958,0.433719,False
rs5752801,105,43,-0.0319734,0.211746,False
rs5752801,105,44,-0.0287185,0.262925,False
rs5752801,105,45,-0.0303523,0.239471,False
rs5752801,105,46,-0.0393961,0.127694,False
rs5752801,105,47,-0.0313639,0.227427,False
rs5752801,105,48,-0.0338854,0.193317,False
rs5752801,105,49,-0.0361604,0.166491,False
rs5752801,105,50,-0.0331576,0.205564,False
rs5752801,105,51,-0.0309902,0.23887,False
rs5752801,105,52,-0.0363363,0.168811,False
rs5752801,105,53,-0.0368864,0.163835,False
rs5752801,105,54,-0.020284,0.4459,False
rs5752801,105,55,-0.0426947,0.109859,False
rs5752801,105,56,-0.0350769,0.190379,False
rs5752801,105,57,-0.0268523,0.318266,False
rs5752801,105,58,-0.0259799,0.336755,False
rs5752801,105,59,-0.0225656,0.405215,False
rs5752801,105,60,-0.0249744,0.359151,False
rs5752801,105,61,-0.0103936,0.703285,False
rs5752801,105,62,-0.0331125,0.22692,False
rs5752801,105,63,-0.0270906,0.324944,False
rs5752801,105,64,-0.0319226,0.248371,False
rs5752801,105,65,-0.0305665,0.270025,False
rs5752801,105,66,-0.0316814,0.255329,False
rs5752801,105,67,-0.0281975,0.313188,False
rs5752801,105,68,-0.025963,0.356126,False
rs5752801,105,69,-0.0253002,0.370898,False
rs5752801,105,70,-0.0290612,0.304908,False
rs5752801,105,71,-0.032326,0.25609,False
rs5752801,105,72,-0.0295044,0.301426,False
rs5752801,105,73,-0.0326703,0.256207,False
rs5752801,105,74,-0.0391797,0.175361,False
rs5752801,105,75,-0.0335413,0.248413,False
rs5752801,105,76,-0.0267199,0.35945,False
rs5752801,105,77,-0.0365474,0.211958,False
rs5752801,105,78,-0.0330046,0.2618,False
rs5752801,105,79,-0.0353352,0.23225,False
rs5752801,105,80,-0.0315752,0.287329,False
rs5752801,105,81,-0.0308903,0.29974,False
rs5752801,105,82,-0.0365396,0.221581,False
rs5752801,105,83,-0.0405169,0.177115,False
rs5752801,105,84,-0.0395274,0.189114,False
rs5752801,105,85,-0.0362792,0.229595,False
rs5752801,105,86,-0.0365806,0.227839,False
rs5752801,105,87,-0.0359619,0.237438,False
rs5752801,105,88,-0.0334836,0.27279,False
rs5752801,105,89,-0.0302983,0.322602,False
rs5752801,105,90,-0.0352077,0.251894,False
rs5752801,105,91,-0.0457156,0.138196,False
rs5752801,105,92,-0.0385807,0.212312,False
rs5752801,105,93,-0.0390422,0.208709,False
rs5752801,105,94,-0.0356334,0.252722,False
rs5752801,105,95,-0.036701,0.240157,False
rs5752801,105,96,-0.0384802,0.219544,False
rs5752801,105,97,-0.0363285,0.247497,False
rs5752801,105,98,-0.0289369,0.358386,False
rs5752801,105,99,-0.0304618,0.334793,False
rs5752801,105,100,-0.0328512,0.299375,False
rs5752801,105,101,-0.0415298,0.190591,False
rs5752801,105,102,-0.0419969,0.186334,False
rs5752801,105,103,-0.0377722,0.235922,False
rs5752801,105,104,-0.0344413,0.280606,False
rs5752801,105,105,-0.0464494,0.146953,False
rs5752801,105,106,-0.0450789,0.159837,False
rs5752801,105,107,-0.0433659,0.177693,False
rs5752801,105,108,-0.0452999,0.159647,False
rs5752801,105,109,-0.0528125,0.101585,False
rs5752801,105,110,-0.0483266,0.134827,False
rs5752801,105,111,-0.0524386,0.10506,False
rs5752801,105,112,-0.0524891,0.105257,False
rs5752801,105,113,-0.0526833,0.104857,False
rs5752801,105,114,-0.0468691,0.149712,False
rs5752801,105,115,-0.0465482,0.15349,False
rs5752801,105,116,-0.0464576,0.155078,False
rs5752801,105,117,-0.0407753,0.213195,False
rs5752801,105,118,-0.045934,0.160343,False
rs5752801,105,119,-0.0470715,0.151346,False
rs5752801,105,120,-0.0424313,0.196191,False
rs5752801,105,121,-0.0520914,0.11367,False
rs5752801,105,122,-0.0453465,0.168587,False
rs5752801,105,123,-0.0407069,0.216654,False
rs5752801,105,124,-0.0425365,0.196946,False
rs5752801,105,125,-0.0523463,0.112637,False
rs5752801,105,126,-0.0469271,0.155604,False
rs5752801,105,127,-0.0535949,0.105606,False
rs5752801,105,128,-0.0426088,0.19837,False
rs5752801,105,129,-0.0452745,0.172172,False
rs5752801,105,130,-0.048571,0.143112,False
rs5752801,105,131,-0.0445499,0.179227,False
rs5752801,105,132,-0.0437154,0.187659,False
rs5752801,105,133,-0.0465901,0.161237,False
rs5752801,105,134,-0.0536289,0.10708,False
rs5752801,105,135,-0.0445873,0.179761,False
rs5752801,105,136,-0.0449359,0.176203,False
rs5752801,105,137,-0.0517272,0.119559,False
rs5752801,105,138,-0.0522126,0.116342,False
rs5752801,105,139,-0.0597581,0.0724022,False
rs5752801,105,140,-0.0561518,0.0911081,False
rs5752801,105,141,-0.0480074,0.148619,False
rs5752801,105,142,-0.052356,0.115412,False
rs5752801,105,143,-0.0487515,0.142407,False
rs5752801,105,144,-0.0441353,0.184393,False
rs5752801,105,145,-0.0452776,0.172795,False
rs5752801,105,146,-0.0549848,0.0980858,False
rs5752801,105,147,-0.0540185,0.104591,False
rs5752801,105,148,-0.0516168,0.120989,False
rs5752801,105,149,-0.0491599,0.1395,False
rs5752801,105,150,-0.0570109,0.086044,False
rs5752801,105,151,-0.0577011,0.0825947,False
rs5752801,105,152,-0.0586385,0.0780859,False
rs5752801,105,153,-0.0514931,0.121727,False
rs5752801,105,154,-0.0542001,0.103195,False
rs5752801,105,155,-0.0584922,0.0786258,False
rs5752801,105,156,-0.0609625,0.0666159,False
rs5752801,105,157,-0.0577303,0.0823177,False
rs5752801,105,158,-0.0565187,0.0885716,False
rs5752801,105,159,-0.059266,0.0743483,False
rs5752801,105,160,-0.0589357,0.0761223,False
rs5752801,105,161,-0.0699138,0.0354131,False
rs5752801,105,162,-0.0728032,0.0285085,False
rs5752801,105,163,-0.0703229,0.0345707,False
rs5752801,105,164,-0.0586156,0.0782684,False
rs5752801,105,165,-0.0645875,0.0524129,False
rs5752801,105,166,-0.0645717,0.0524402,False
rs5752801,105,167,-0.0631987,0.0577415,False
rs5752801,105,168,-0.0671168,0.0439913,False
rs5752801,105,169,-0.0669074,0.0448304,False
rs5752801,105,170,-0.0599847,0.0726441,False
rs5752801,105,171,-0.060994,0.0680424,False
rs5752801,105,172,-0.0623301,0.0624519,False
rs5752801,105,173,-0.0607959,0.069309,False
rs5752801,105,174,-0.0603348,0.0716583,False
rs5752801,105,175,-0.067466,0.0440775,False
rs5752801,105,176,-0.0661166,0.0489734,False
rs5752801,105,177,-0.0607086,0.0710545,False
rs5752801,105,178,-0.0632362,0.0601328,False
rs5752801,105,179,-0.0534846,0.113123,False
rs5752801,105,180,-0.0586886,0.0830211,False
rs5752801,105,181,-0.0694199,0.0405354,False
rs5752801,105,182,-0.0703725,0.0384014,False
rs5752801,105,183,-0.0698164,0.0405347,False
rs5752801,105,184,-0.0721548,0.0348389,False
rs5752801,105,185,-0.0746019,0.0298041,False
rs5752801,105,186,-0.0731714,0.0338204,False
rs5752801,105,187,-0.0735006,0.0337905,False
rs5752801,105,188,-0.0787834,0.0236252,False
rs5752801,105,189,-0.0781669,0.0254647,False
rs5752801,105,190,-0.0917806,0.00906426,False
rs5752801,105,191,-0.0998243,0.00476966,False
rs5752801,105,192,-0.0948994,0.00769597,False
rs5752801,105,193,-0.102826,0.00406562,False
rs5752801,105,194,-0.099849,0.00558175,False
rs5752801,105,195,-0.0965924,0.00779653,False
rs5752801,105,196,-0.105699,0.00383269,False
rs5752801,105,197,-0.109248,0.00304425,False
rs5752801,105,198,-0.111174,0.00275509,False
rs5752801,105,199,-0.114507,0.00223256,False
rs5752801,105,200,-0.119748,0.00151095,False
rs5752801,105,201,-0.134729,0.000401116,False
rs5752801,105,202,-0.138958,0.000297133,False
rs5752801,105,203,-0.136899,0.000406604,False
rs5752801,105,204,-0.138086,0.000399343,False
rs5752801,105,205,-0.132562,0.000753779,False
rs5752801,105,206,-0.135293,0.000651681,False
rs5752801,105,207,-0.140837,0.000431585,False
rs5752801,105,208,-0.134669,0.000846717,False
rs5752801,105,209,-0.135913,0.000835596,False
rs5752801,105,210,-0.144841,0.000414604,False
rs5752801,105,211,-0.146447,0.000396263,False
rs5752801,105,212,-0.158628,0.000139606,False
rs5752801,105,213,-0.145679,0.000511439,False
rs5752801,105,214,-0.155417,0.000234323,False
rs5752801,105,215,-0.161065,0.000153432,False
rs5752801,105,216,-0.158423,0.000215529,False
rs5752801,105,217,-0.159838,0.000206516,False
rs5752801,105,218,-0.17145,7.77747e-05,False
rs5752801,105,219,-0.167856,0.000119958,False
rs5752801,105,220,-0.16854,0.000122197,False
rs5752801,105,221,-0.162486,0.000227009,False
rs5752801,105,222,-0.170616,0.00011777,False
rs5752801,105,223,-0.167818,0.000158763,False
rs5752801,105,224,-0.161401,0.000294217,False
rs5752801,105,225,-0.161862,0.000305909,False
rs5752801,105,226,-0.168646,0.000175261,False
rs5752801,105,227,-0.173607,0.000116372,False
rs5752801,105,228,-0.173899,0.000116904,False
rs5752801,105,229,-0.176277,9.83784e-05,False
rs5752801,105,230,-0.168394,0.000204018,False
rs5752801,105,231,-0.17022,0.000176035,False
rs5752801,105,232,-0.171926,0.000154757,False
rs5752801,105,233,-0.155463,0.00062091,False
rs5752801,105,234,-0.172414,0.00014953,False
rs5752801,105,235,-0.161931,0.000368434,False
rs5752801,105,236,-0.148882,0.00107453,False
rs5752801,105,237,-0.14469,0.00147573,False
rs5752801,105,238,-0.145437,0.00138747,False
rs5752801,105,239,-0.14154,0.00185751,False
rs5752801,105,240,-0.120684,0.00804359,False
rs5752801,105,241,-0.122234,0.00724753,False
rs5752801,105,242,-0.125629,0.00587762,False
rs5752801,105,243,-0.110259,0.0157335,False
rs5752801,105,244,-0.100315,0.0282243,False
rs5752801,105,245,-0.10357,0.0239077,False
rs5752801,105,246,-0.101997,0.0265407,False
rs5752801,105,247,-0.0911767,0.0480414,False
rs5752801,105,248,-0.0802868,0.0833607,False
rs5752801,105,249,-0.0880649,0.058443,False
rs5752801,105,250,-0.0618521,0.186596,False
rs5752801,105,251,-0.0575178,0.222209,False
rs5752801,106,7,0.0148481,0.579061,False
rs5752801,106,8,0.00517662,0.844888,False
rs5752801,106,9,0.0102215,0.696693,False
rs5752801,106,10,0.00364587,0.888291,False
rs5752801,106,11,0.00157187,0.951303,False
rs5752801,106,12,-0.00223919,0.930164,False
rs5752801,106,13,0.012856,0.612622,False
rs5752801,106,14,-0.0024689,0.922099,False
rs5752801,106,15,-0.0118018,0.638955,False
rs5752801,106,16,-0.00825959,0.742314,False
rs5752801,106,17,-0.00173138,0.944749,False
rs5752801,106,18,-0.00528468,0.831894,False
rs5752801,106,19,-0.00316811,0.89896,False
rs5752801,106,20,-0.00232184,0.925661,False
rs5752801,106,21,-0.00424449,0.864539,False
rs5752801,106,22,-0.00785251,0.751856,False
rs5752801,106,23,-0.0115353,0.642804,False
rs5752801,106,24,-0.0199497,0.421843,False
rs5752801,106,25,-0.0151104,0.543463,False
rs5752801,106,26,-0.00937604,0.706432,False
rs5752801,106,27,-0.0133173,0.593167,False
rs5752801,106,28,-0.0169042,0.497913,False
rs5752801,106,29,-0.0180027,0.470288,False
rs5752801,106,30,-0.0160332,0.520834,False
rs5752801,106,31,-0.0231213,0.353869,False
rs5752801,106,32,-0.0230034,0.357514,False
rs5752801,106,33,-0.0233316,0.35117,False
rs5752801,106,34,-0.0180814,0.470516,False
rs5752801,106,35,-0.011198,0.655491,False
rs5752801,106,36,-0.0158169,0.529734,False
rs5752801,106,37,-0.0188362,0.454498,False
rs5752801,106,38,-0.0217792,0.388961,False
rs5752801,106,39,-0.0150488,0.551987,False
rs5752801,106,40,-0.0151798,0.550107,False
rs5752801,106,41,-0.0230268,0.366755,False
rs5752801,106,42,-0.0245258,0.337173,False
rs5752801,106,43,-0.0229995,0.369443,False
rs5752801,106,44,-0.0184374,0.473574,False
rs5752801,106,45,-0.0243061,0.345704,False
rs5752801,106,46,-0.0298607,0.246944,False
rs5752801,106,47,-0.0211402,0.414602,False
rs5752801,106,48,-0.0162593,0.532104,False
rs5752801,106,49,-0.0270151,0.300625,False
rs5752801,106,50,-0.0193756,0.459516,False
rs5752801,106,51,-0.0243687,0.353692,False
rs5752801,106,52,-0.0224278,0.394242,False
rs5752801,106,53,-0.0227353,0.388855,False
rs5752801,106,54,-0.0265672,0.316581,False
rs5752801,106,55,-0.0240157,0.366324,False
rs5752801,106,56,-0.0279032,0.295464,False
rs5752801,106,57,-0.0270394,0.312351,False
rs5752801,106,58,-0.021712,0.418752,False
rs5752801,106,59,-0.0287616,0.28565,False
rs5752801,106,60,-0.0260902,0.334701,False
rs5752801,106,61,-0.0313389,0.248216,False
rs5752801,106,62,-0.0239938,0.379542,False
rs5752801,106,63,-0.0311254,0.2561,False
rs5752801,106,64,-0.0241257,0.380034,False
rs5752801,106,65,-0.0279519,0.311082,False
rs5752801,106,66,-0.0296606,0.284935,False
rs5752801,106,67,-0.0380631,0.1721,False
rs5752801,106,68,-0.0278427,0.319013,False
rs5752801,106,69,-0.0373193,0.184006,False
rs5752801,106,70,-0.0189461,0.501854,False
rs5752801,106,71,-0.0209552,0.458884,False
rs5752801,106,72,-0.0189394,0.505364,False
rs5752801,106,73,-0.020383,0.47528,False
rs5752801,106,74,-0.019477,0.49762,False
rs5752801,106,75,-0.0125436,0.66385,False
rs5752801,106,76,-0.0163398,0.572741,False
rs5752801,106,77,-0.0141325,0.627543,False
rs5752801,106,78,-0.019709,0.50006,False
rs5752801,106,79,-0.0172588,0.55708,False
rs5752801,106,80,-0.0233417,0.428785,False
rs5752801,106,81,-0.0233151,0.430695,False
rs5752801,106,82,-0.026583,0.371047,False
rs5752801,106,83,-0.028534,0.338323,False
rs5752801,106,84,-0.0265876,0.374518,False
rs5752801,106,85,-0.0290685,0.333543,False
rs5752801,106,86,-0.0318934,0.290006,False
rs5752801,106,87,-0.0316656,0.295149,False
rs5752801,106,88,-0.0350382,0.247749,False
rs5752801,106,89,-0.0364639,0.230923,False
rs5752801,106,90,-0.0348422,0.253065,False
rs5752801,106,91,-0.0422699,0.167498,False
rs5752801,106,92,-0.0480092,0.117449,False
rs5752801,106,93,-0.0340796,0.268105,False
rs5752801,106,94,-0.0353636,0.251905,False
rs5752801,106,95,-0.0342376,0.268856,False
rs5752801,106,96,-0.0393382,0.204662,False
rs5752801,106,97,-0.0420941,0.175962,False
rs5752801,106,98,-0.0364775,0.242272,False
rs5752801,106,99,-0.0360455,0.248767,False
rs5752801,106,100,-0.0404734,0.196164,False
rs5752801,106,101,-0.0494444,0.115498,False
rs5752801,106,102,-0.0408867,0.193918,False
rs5752801,106,103,-0.0376603,0.232688,False
rs5752801,106,104,-0.036689,0.246218,False
rs5752801,106,105,-0.043026,0.174714,False
rs5752801,106,106,-0.043239,0.173145,False
rs5752801,106,107,-0.0279127,0.380621,False
rs5752801,106,108,-0.029238,0.358757,False
rs5752801,106,109,-0.0412738,0.196206,False
rs5752801,106,110,-0.0339198,0.2893,False
rs5752801,106,111,-0.0346447,0.279433,False
rs5752801,106,112,-0.03608,0.26108,False
rs5752801,106,113,-0.0395242,0.219013,False
rs5752801,106,114,-0.0377182,0.241522,False
rs5752801,106,115,-0.0331695,0.304513,False
rs5752801,106,116,-0.03556,0.271705,False
rs5752801,106,117,-0.0340189,0.293288,False
rs5752801,106,118,-0.0407634,0.208865,False
rs5752801,106,119,-0.0401589,0.216179,False
rs5752801,106,120,-0.0416261,0.200783,False
rs5752801,106,121,-0.0481727,0.139666,False
rs5752801,106,122,-0.0456699,0.161681,False
rs5752801,106,123,-0.0449081,0.168606,False
rs5752801,106,124,-0.0528764,0.105317,False
rs5752801,106,125,-0.0540631,0.0982215,False
rs5752801,106,126,-0.0558914,0.0874994,False
rs5752801,106,127,-0.0502504,0.124988,False
rs5752801,106,128,-0.0447017,0.1727,False
rs5752801,106,129,-0.0391546,0.232501,False
rs5752801,106,130,-0.0468921,0.153286,False
rs5752801,106,131,-0.0478015,0.146213,False
rs5752801,106,132,-0.0567092,0.084609,False
rs5752801,106,133,-0.0645346,0.049732,False
rs5752801,106,134,-0.0515324,0.1175,False
rs5752801,106,135,-0.045084,0.171505,False
rs5752801,106,136,-0.0476522,0.147937,False
rs5752801,106,137,-0.0522581,0.113141,False
rs5752801,106,138,-0.0570683,0.0833572,False
rs5752801,106,139,-0.0604121,0.066622,False
rs5752801,106,140,-0.0496287,0.132266,False
rs5752801,106,141,-0.0539457,0.10197,False
rs5752801,106,142,-0.0523469,0.112764,False
rs5752801,106,143,-0.0522849,0.112813,False
rs5752801,106,144,-0.0502915,0.127045,False
rs5752801,106,145,-0.0422563,0.200005,False
rs5752801,106,146,-0.0526244,0.110695,False
rs5752801,106,147,-0.0553586,0.0936459,False
rs5752801,106,148,-0.0609857,0.064277,False
rs5752801,106,149,-0.0523317,0.112939,False
rs5752801,106,150,-0.0546223,0.0976129,False
rs5752801,106,151,-0.0499693,0.129769,False
rs5752801,106,152,-0.0459866,0.163338,False
rs5752801,106,153,-0.0519005,0.115912,False
rs5752801,106,154,-0.0542741,0.100535,False
rs5752801,106,155,-0.0484757,0.1417,False
rs5752801,106,156,-0.0505399,0.125478,False
rs5752801,106,157,-0.0534417,0.10486,False
rs5752801,106,158,-0.0574826,0.081518,False
rs5752801,106,159,-0.0517226,0.117061,False
rs5752801,106,160,-0.0536279,0.104594,False
rs5752801,106,161,-0.0528798,0.109451,False
rs5752801,106,162,-0.0601686,0.0687312,False
rs5752801,106,163,-0.066829,0.0434301,False
rs5752801,106,164,-0.0524821,0.113038,False
rs5752801,106,165,-0.0598933,0.0707494,False
rs5752801,106,166,-0.0710555,0.0323249,False
rs5752801,106,167,-0.0692916,0.0368517,False
rs5752801,106,168,-0.0637944,0.0548833,False
rs5752801,106,169,-0.0683919,0.0396993,False
rs5752801,106,170,-0.0696291,0.0364903,False
rs5752801,106,171,-0.0636255,0.0566571,False
rs5752801,106,172,-0.0703257,0.0352479,False
rs5752801,106,173,-0.0607183,0.0696345,False
rs5752801,106,174,-0.0649273,0.0528126,False
rs5752801,106,175,-0.0670494,0.0459898,False
rs5752801,106,176,-0.0673206,0.0454784,False
rs5752801,106,177,-0.0611243,0.0701587,False
rs5752801,106,178,-0.0584795,0.083958,False
rs5752801,106,179,-0.0594852,0.0793228,False
rs5752801,106,180,-0.0597659,0.0790201,False
rs5752801,106,181,-0.070079,0.0402516,False
rs5752801,106,182,-0.0704917,0.0398081,False
rs5752801,106,183,-0.0692087,0.0445746,False
rs5752801,106,184,-0.0732506,0.0337846,False
rs5752801,106,185,-0.0763415,0.0276674,False
rs5752801,106,186,-0.074036,0.0334933,False
rs5752801,106,187,-0.0743859,0.0336305,False
rs5752801,106,188,-0.0837277,0.0172908,False
rs5752801,106,189,-0.0799791,0.0237425,False
rs5752801,106,190,-0.0994384,0.00515591,False
rs5752801,106,191,-0.0904353,0.0115037,False
rs5752801,106,192,-0.0970425,0.00706579,False
rs5752801,106,193,-0.105753,0.00355273,False
rs5752801,106,194,-0.108299,0.00304157,False
rs5752801,106,195,-0.110448,0.00270332,False
rs5752801,106,196,-0.120201,0.00118356,False
rs5752801,106,197,-0.119237,0.00141215,False
rs5752801,106,198,-0.123735,0.00101779,False
rs5752801,106,199,-0.122808,0.00122668,False
rs5752801,106,200,-0.134074,0.000468406,False
rs5752801,106,201,-0.140835,0.000263144,False
rs5752801,106,202,-0.140192,0.000316993,False
rs5752801,106,203,-0.144397,0.000239478,False
rs5752801,106,204,-0.134562,0.00067466,False
rs5752801,106,205,-0.138012,0.000549256,False
rs5752801,106,206,-0.148023,0.000240566,False
rs5752801,106,207,-0.152009,0.000179993,False
rs5752801,106,208,-0.150472,0.000234019,False
rs5752801,106,209,-0.149853,0.000274548,False
rs5752801,106,210,-0.152787,0.000229285,False
rs5752801,106,211,-0.160661,0.000120469,False
rs5752801,106,212,-0.162998,0.000106937,False
rs5752801,106,213,-0.162935,0.00011959,False
rs5752801,106,214,-0.168251,8.108e-05,False
rs5752801,106,215,-0.171945,6.14718e-05,False
rs5752801,106,216,-0.16947,8.58807e-05,False
rs5752801,106,217,-0.165178,0.000141893,False
rs5752801,106,218,-0.167436,0.000124074,False
rs5752801,106,219,-0.166256,0.00014766,False
rs5752801,106,220,-0.179057,4.75989e-05,False
rs5752801,106,221,-0.180239,4.61271e-05,False
rs5752801,106,222,-0.169146,0.000139743,False
rs5752801,106,223,-0.169326,0.000144906,False
rs5752801,106,224,-0.172061,0.000119334,False
rs5752801,106,225,-0.173235,0.000110268,False
rs5752801,106,226,-0.164717,0.000244825,False
rs5752801,106,227,-0.170647,0.000150339,False
rs5752801,106,228,-0.173891,0.000116831,False
rs5752801,106,229,-0.163599,0.000285817,False
rs5752801,106,230,-0.166955,0.000216844,False
rs5752801,106,231,-0.165791,0.00024375,False
rs5752801,106,232,-0.172526,0.000135881,False
rs5752801,106,233,-0.153723,0.000671366,False
rs5752801,106,234,-0.165084,0.000258876,False
rs5752801,106,235,-0.153496,0.000680671,False
rs5752801,106,236,-0.147629,0.00107399,False
rs5752801,106,237,-0.151226,0.000807733,False
rs5752801,106,238,-0.155007,0.000595598,False
rs5752801,106,239,-0.138591,0.00214734,False
rs5752801,106,240,-0.134825,0.00284074,False
rs5752801,106,241,-0.132821,0.00328312,False
rs5752801,106,242,-0.131317,0.00367021,False
rs5752801,106,243,-0.12225,0.00689602,False
rs5752801,106,244,-0.12454,0.00606131,False
rs5752801,106,245,-0.11868,0.00913508,False
rs5752801,106,246,-0.102568,0.0247028,False
rs5752801,106,247,-0.0964609,0.0357246,False
rs5752801,106,248,-0.093114,0.0435929,False
rs5752801,106,249,-0.085785,0.0647478,False
rs5752801,106,250,-0.0787401,0.0920446,False
rs5752801,106,251,-0.0659824,0.160662,False
rs5752801,107,8,-0.00426572,0.872422,False
rs5752801,107,9,0.0152094,0.562249,False
rs5752801,107,10,0.00958568,0.712406,False
rs5752801,107,11,-0.0042842,0.867995,False
rs5752801,107,12,-0.000654985,0.979577,False
rs5752801,107,13,-0.00120925,0.962027,False
rs5752801,107,14,-0.00442959,0.860852,False
rs5752801,107,15,-0.00191937,0.939272,False
rs5752801,107,16,0.00220621,0.929771,False
rs5752801,107,17,0.00202623,0.935418,False
rs5752801,107,18,-0.0128013,0.60814,False
rs5752801,107,19,-0.00356661,0.886264,False
rs5752801,107,20,-0.00422176,0.865263,False
rs5752801,107,21,-0.00201758,0.935412,False
rs5752801,107,22,-0.00138557,0.95552,False
rs5752801,107,23,-0.0145113,0.559931,False
rs5752801,107,24,-0.00870461,0.725505,False
rs5752801,107,25,-0.00681001,0.783946,False
rs5752801,107,26,-0.0154533,0.533828,False
rs5752801,107,27,-0.0145509,0.557963,False
rs5752801,107,28,-0.0225235,0.365617,False
rs5752801,107,29,-0.0278316,0.263503,False
rs5752801,107,30,-0.0190303,0.444866,False
rs5752801,107,31,-0.0165515,0.506525,False
rs5752801,107,32,-0.0163255,0.513316,False
rs5752801,107,33,-0.0206449,0.408597,False
rs5752801,107,34,-0.0150041,0.548417,False
rs5752801,107,35,-0.0239236,0.339193,False
rs5752801,107,36,-0.0200361,0.424091,False
rs5752801,107,37,-0.0259999,0.300929,False
rs5752801,107,38,-0.0180383,0.474291,False
rs5752801,107,39,-0.00876049,0.728591,False
rs5752801,107,40,-0.0268979,0.287499,False
rs5752801,107,41,-0.0195858,0.440938,False
rs5752801,107,42,-0.0242927,0.340676,False
rs5752801,107,43,-0.028542,0.263626,False
rs5752801,107,44,-0.0328811,0.199578,False
rs5752801,107,45,-0.0309957,0.227626,False
rs5752801,107,46,-0.0227755,0.376111,False
rs5752801,107,47,-0.0310993,0.227752,False
rs5752801,107,48,-0.0296874,0.252287,False
rs5752801,107,49,-0.0252976,0.330444,False
rs5752801,107,50,-0.0291854,0.262256,False
rs5752801,107,51,-0.027918,0.284607,False
rs5752801,107,52,-0.0246433,0.34715,False
rs5752801,107,53,-0.0296448,0.259311,False
rs5752801,107,54,-0.0227822,0.388303,False
rs5752801,107,55,-0.0252816,0.338838,False
rs5752801,107,56,-0.0320727,0.226085,False
rs5752801,107,57,-0.0318527,0.231882,False
rs5752801,107,58,-0.03312,0.215874,False
rs5752801,107,59,-0.0423041,0.115673,False
rs5752801,107,60,-0.0339372,0.208214,False
rs5752801,107,61,-0.0357396,0.187439,False
rs5752801,107,62,-0.0382419,0.159622,False
rs5752801,107,63,-0.0353724,0.195845,False
rs5752801,107,64,-0.0357884,0.192248,False
rs5752801,107,65,-0.0352618,0.199935,False
rs5752801,107,66,-0.0453951,0.100426,False
rs5752801,107,67,-0.0323157,0.244083,False
rs5752801,107,68,-0.0336077,0.228165,False
rs5752801,107,69,-0.0368977,0.186952,False
rs5752801,107,70,-0.0329831,0.239669,False
rs5752801,107,71,-0.0370126,0.188785,False
rs5752801,107,72,-0.0365041,0.197578,False
rs5752801,107,73,-0.0415906,0.143844,False
rs5752801,107,74,-0.0280205,0.326156,False
rs5752801,107,75,-0.031259,0.275386,False
rs5752801,107,76,-0.0361786,0.209432,False
rs5752801,107,77,-0.040297,0.164024,False
rs5752801,107,78,-0.0271611,0.350255,False
rs5752801,107,79,-0.03627,0.213797,False
rs5752801,107,80,-0.0328337,0.261887,False
rs5752801,107,81,-0.0376855,0.200014,False
rs5752801,107,82,-0.023017,0.436089,False
rs5752801,107,83,-0.0230163,0.437111,False
rs5752801,107,84,-0.0315006,0.288804,False
rs5752801,107,85,-0.0368175,0.216049,False
rs5752801,107,86,-0.0412559,0.167819,False
rs5752801,107,87,-0.0282005,0.347326,False
rs5752801,107,88,-0.0290991,0.333522,False
rs5752801,107,89,-0.0314303,0.297801,False
rs5752801,107,90,-0.0305492,0.313023,False
rs5752801,107,91,-0.039653,0.191835,False
rs5752801,107,92,-0.0383597,0.207742,False
rs5752801,107,93,-0.0368999,0.226337,False
rs5752801,107,94,-0.0397635,0.193516,False
rs5752801,107,95,-0.0385929,0.208048,False
rs5752801,107,96,-0.036346,0.236664,False
rs5752801,107,97,-0.0339474,0.270868,False
rs5752801,107,98,-0.0394637,0.200877,False
rs5752801,107,99,-0.0317004,0.305335,False
rs5752801,107,100,-0.0291882,0.345939,False
rs5752801,107,101,-0.0248727,0.423288,False
rs5752801,107,102,-0.0329993,0.289708,False
rs5752801,107,103,-0.0377028,0.227026,False
rs5752801,107,104,-0.0351256,0.261699,False
rs5752801,107,105,-0.0454994,0.147502,False
rs5752801,107,106,-0.041048,0.192196,False
rs5752801,107,107,-0.0437765,0.164818,False
rs5752801,107,108,-0.0365381,0.247762,False
rs5752801,107,109,-0.0401113,0.205304,False
rs5752801,107,110,-0.0338086,0.286875,False
rs5752801,107,111,-0.0380492,0.231427,False
rs5752801,107,112,-0.0360276,0.257673,False
rs5752801,107,113,-0.0458964,0.150318,False
rs5752801,107,114,-0.0443042,0.165723,False
rs5752801,107,115,-0.0449177,0.160255,False
rs5752801,107,116,-0.054605,0.0886857,False
rs5752801,107,117,-0.0506666,0.1147,False
rs5752801,107,118,-0.0558069,0.0829035,False
rs5752801,107,119,-0.0554872,0.0842637,False
rs5752801,107,120,-0.0550796,0.0869063,False
rs5752801,107,121,-0.0593736,0.0659081,False
rs5752801,107,122,-0.0647121,0.0450155,False
rs5752801,107,123,-0.0591125,0.0675004,False
rs5752801,107,124,-0.0498297,0.123952,False
rs5752801,107,125,-0.0466904,0.149856,False
rs5752801,107,126,-0.0497917,0.124625,False
rs5752801,107,127,-0.0517894,0.110355,False
rs5752801,107,128,-0.051327,0.113722,False
rs5752801,107,129,-0.0563733,0.0825811,False
rs5752801,107,130,-0.0447951,0.167791,False
rs5752801,107,131,-0.050913,0.11793,False
rs5752801,107,132,-0.0439118,0.177427,False
rs5752801,107,133,-0.0376287,0.248823,False
rs5752801,107,134,-0.0365381,0.262837,False
rs5752801,107,135,-0.0416404,0.202187,False
rs5752801,107,136,-0.0498774,0.126896,False
rs5752801,107,137,-0.0422225,0.196564,False
rs5752801,107,138,-0.0442867,0.175832,False
rs5752801,107,139,-0.0403033,0.217919,False
rs5752801,107,140,-0.0410495,0.209612,False
rs5752801,107,141,-0.0419244,0.200362,False
rs5752801,107,142,-0.0415357,0.205111,False
rs5752801,107,143,-0.0433971,0.185409,False
rs5752801,107,144,-0.0509413,0.120223,False
rs5752801,107,145,-0.0477958,0.144252,False
rs5752801,107,146,-0.0549704,0.0933762,False
rs5752801,107,147,-0.0513712,0.117005,False
rs5752801,107,148,-0.0530686,0.105163,False
rs5752801,107,149,-0.0508437,0.120483,False
rs5752801,107,150,-0.0471309,0.150592,False
rs5752801,107,151,-0.0553414,0.0910715,False
rs5752801,107,152,-0.0543633,0.0974675,False
rs5752801,107,153,-0.0615637,0.0607416,False
rs5752801,107,154,-0.0517181,0.115077,False
rs5752801,107,155,-0.0563736,0.0859346,False
rs5752801,107,156,-0.0563325,0.0861444,False
rs5752801,107,157,-0.0559336,0.0885987,False
rs5752801,107,158,-0.0541477,0.0997109,False
rs5752801,107,159,-0.060118,0.0678301,False
rs5752801,107,160,-0.0601784,0.0678343,False
rs5752801,107,161,-0.0552263,0.0941301,False
rs5752801,107,162,-0.0587142,0.0754548,False
rs5752801,107,163,-0.0638106,0.0534093,False
rs5752801,107,164,-0.0620455,0.0609041,False
rs5752801,107,165,-0.0735216,0.0263856,False
rs5752801,107,166,-0.0755642,0.0226673,False
rs5752801,107,167,-0.07882,0.0176209,False
rs5752801,107,168,-0.0759157,0.0224233,False
rs5752801,107,169,-0.0791277,0.0175247,False
rs5752801,107,170,-0.0745606,0.0254611,False
rs5752801,107,171,-0.0761885,0.0226062,False
rs5752801,107,172,-0.0738381,0.027428,False
rs5752801,107,173,-0.0764443,0.0226204,False
rs5752801,107,174,-0.0799827,0.0174276,False
rs5752801,107,175,-0.0723305,0.0317391,False
rs5752801,107,176,-0.0611806,0.0700118,False
rs5752801,107,177,-0.062853,0.0633964,False
rs5752801,107,178,-0.0670864,0.0483595,False
rs5752801,107,179,-0.067504,0.0476947,False
rs5752801,107,180,-0.0689908,0.0438586,False
rs5752801,107,181,-0.0801774,0.0196164,False
rs5752801,107,182,-0.0816454,0.0179539,False
rs5752801,107,183,-0.082987,0.0166065,False
rs5752801,107,184,-0.0799779,0.0215705,False
rs5752801,107,185,-0.0766523,0.0285577,False
rs5752801,107,186,-0.0814739,0.0206605,False
rs5752801,107,187,-0.0880724,0.0128233,False
rs5752801,107,188,-0.0905831,0.0108948,False
rs5752801,107,189,-0.0930317,0.00939018,False
rs5752801,107,190,-0.0985323,0.00632169,False
rs5752801,107,191,-0.101071,0.00538182,False
rs5752801,107,192,-0.101786,0.00541098,False
rs5752801,107,193,-0.102009,0.00567166,False
rs5752801,107,194,-0.112798,0.00238086,False
rs5752801,107,195,-0.105287,0.00488776,False
rs5752801,107,196,-0.109543,0.00363866,False
rs5752801,107,197,-0.110062,0.00377622,False
rs5752801,107,198,-0.11041,0.00396653,False
rs5752801,107,199,-0.118352,0.00218905,False
rs5752801,107,200,-0.116005,0.00287715,False
rs5752801,107,201,-0.127304,0.00117551,False
rs5752801,107,202,-0.127441,0.00126205,False
rs5752801,107,203,-0.126637,0.00150059,False
rs5752801,107,204,-0.130985,0.00111071,False
rs5752801,107,205,-0.130271,0.00129328,False
rs5752801,107,206,-0.141322,0.000536052,False
rs5752801,107,207,-0.142086,0.000550094,False
rs5752801,107,208,-0.142479,0.0005727,False
rs5752801,107,209,-0.151335,0.000281278,False
rs5752801,107,210,-0.144334,0.000578303,False
rs5752801,107,211,-0.157167,0.000196125,False
rs5752801,107,212,-0.161117,0.000147452,False
rs5752801,107,213,-0.163988,0.000124792,False
rs5752801,107,214,-0.159856,0.000202066,False
rs5752801,107,215,-0.164876,0.000137247,False
rs5752801,107,216,-0.170353,8.80462e-05,False
rs5752801,107,217,-0.167258,0.000126079,False
rs5752801,107,218,-0.154063,0.000436171,False
rs5752801,107,219,-0.174712,7.30123e-05,False
rs5752801,107,220,-0.16402,0.0002066,False
rs5752801,107,221,-0.174858,8.04775e-05,False
rs5752801,107,222,-0.168453,0.000152301,False
rs5752801,107,223,-0.168392,0.000159216,False
rs5752801,107,224,-0.166138,0.00019838,False
rs5752801,107,225,-0.152651,0.000644629,False
rs5752801,107,226,-0.166039,0.000210577,False
rs5752801,107,227,-0.169128,0.000165033,False
rs5752801,107,228,-0.155277,0.000539831,False
rs5752801,107,229,-0.163589,0.000267266,False
rs5752801,107,230,-0.158253,0.000423298,False
rs5752801,107,231,-0.168101,0.000179767,False
rs5752801,107,232,-0.159108,0.000392865,False
rs5752801,107,233,-0.148745,0.000912164,False
rs5752801,107,234,-0.150287,0.00079987,False
rs5752801,107,235,-0.143462,0.00137569,False
rs5752801,107,236,-0.141584,0.00159027,False
rs5752801,107,237,-0.1222,0.00635754,False
rs5752801,107,238,-0.126207,0.00487095,False
rs5752801,107,239,-0.129524,0.00382925,False
rs5752801,107,240,-0.107826,0.0160547,False
rs5752801,107,241,-0.0951479,0.0338984,False
rs5752801,107,242,-0.102262,0.0227571,False
rs5752801,107,243,-0.101157,0.024633,False
rs5752801,107,244,-0.103725,0.0213191,False
rs5752801,107,245,-0.0889746,0.0493244,False
rs5752801,107,246,-0.0843159,0.0632205,False
rs5752801,107,247,-0.0881088,0.0535164,False
rs5752801,107,248,-0.0759198,0.0983087,False
rs5752801,107,249,-0.0711614,0.123721,False
rs5752801,107,250,-0.0598891,0.198216,False
rs5752801,107,251,-0.0483133,0.302933,False
rs5752801,108,8,0.0148503,0.575751,False
rs5752801,108,9,0.0105772,0.687449,False
rs5752801,108,10,0.013359,0.607659,False
rs5752801,108,11,0.0254181,0.323201,False
rs5752801,108,12,0.0131465,0.607801,False
rs5752801,108,13,0.0178989,0.481518,False
rs5752801,108,14,0.00898021,0.722558,False
rs5752801,108,15,0.00974148,0.699293,False
rs5752801,108,16,0.0114946,0.64679,False
rs5752801,108,17,-0.00141748,0.954887,False
rs5752801,108,18,0.00497639,0.84192,False
rs5752801,108,19,0.000696503,0.977699,False
rs5752801,108,20,-0.00622345,0.802869,False
rs5752801,108,21,0.00796461,0.749155,False
rs5752801,108,22,-0.00614478,0.80485,False
rs5752801,108,23,-0.00747986,0.763557,False
rs5752801,108,24,-0.00212672,0.931804,False
rs5752801,108,25,-0.0170389,0.493419,False
rs5752801,108,26,-0.0123569,0.618973,False
rs5752801,108,27,-0.0016298,0.947703,False
rs5752801,108,28,-0.0099529,0.689163,False
rs5752801,108,29,-0.00777334,0.755099,False
rs5752801,108,30,-0.00872055,0.726709,False
rs5752801,108,31,-0.00154038,0.950826,False
rs5752801,108,32,-0.0100449,0.687711,False
rs5752801,108,33,-0.00515914,0.836359,False
rs5752801,108,34,-0.00318746,0.898877,False
rs5752801,108,35,-0.00299078,0.905137,False
rs5752801,108,36,-0.0150287,0.549326,False
rs5752801,108,37,-0.00937951,0.709663,False
rs5752801,108,38,-0.013739,0.58485,False
rs5752801,108,39,-0.012019,0.634596,False
rs5752801,108,40,-0.0155628,0.538371,False
rs5752801,108,41,-0.0219235,0.387497,False
rs5752801,108,42,-0.0199608,0.431966,False
rs5752801,108,43,-0.0185482,0.467159,False
rs5752801,108,44,-0.016475,0.518549,False
rs5752801,108,45,-0.0178179,0.486795,False
rs5752801,108,46,-0.0232142,0.365989,False
rs5752801,108,47,-0.0206567,0.422723,False
rs5752801,108,48,-0.0100125,0.697931,False
rs5752801,108,49,-0.0221207,0.392536,False
rs5752801,108,50,-0.0153786,0.552362,False
rs5752801,108,51,-0.0135598,0.60189,False
rs5752801,108,52,-0.0282659,0.278221,False
rs5752801,108,53,-0.0231618,0.375829,False
rs5752801,108,54,-0.0150274,0.566762,False
rs5752801,108,55,-0.0158248,0.54825,False
rs5752801,108,56,-0.0156033,0.555531,False
rs5752801,108,57,-0.0216748,0.413395,False
rs5752801,108,58,-0.0249617,0.348384,False
rs5752801,108,59,-0.0206038,0.440021,False
rs5752801,108,60,-0.0226775,0.397479,False
rs5752801,108,61,-0.0364551,0.175484,False
rs5752801,108,62,-0.0276853,0.304711,False
rs5752801,108,63,-0.0178485,0.509841,False
rs5752801,108,64,-0.0239299,0.379691,False
rs5752801,108,65,-0.0234581,0.391097,False
rs5752801,108,66,-0.0173278,0.528073,False
rs5752801,108,67,-0.0169126,0.538894,False
rs5752801,108,68,-0.0241346,0.382971,False
rs5752801,108,69,-0.023169,0.404565,False
rs5752801,108,70,-0.0239515,0.390807,False
rs5752801,108,71,-0.0255797,0.361191,False
rs5752801,108,72,-0.0292642,0.298385,False
rs5752801,108,73,-0.0337237,0.233156,False
rs5752801,108,74,-0.0362749,0.201826,False
rs5752801,108,75,-0.0327302,0.251017,False
rs5752801,108,76,-0.0253859,0.375729,False
rs5752801,108,77,-0.026271,0.361115,False
rs5752801,108,78,-0.0409817,0.155279,False
rs5752801,108,79,-0.0397833,0.169646,False
rs5752801,108,80,-0.0401856,0.166568,False
rs5752801,108,81,-0.0354097,0.224914,False
rs5752801,108,82,-0.0436146,0.136245,False
rs5752801,108,83,-0.0353991,0.228768,False
rs5752801,108,84,-0.0310229,0.293221,False
rs5752801,108,85,-0.0331411,0.262802,False
rs5752801,108,86,-0.0260112,0.381568,False
rs5752801,108,87,-0.030387,0.30839,False
rs5752801,108,88,-0.0361182,0.227585,False
rs5752801,108,89,-0.0290906,0.330975,False
rs5752801,108,90,-0.02818,0.348019,False
rs5752801,108,91,-0.0267305,0.375459,False
rs5752801,108,92,-0.029223,0.333818,False
rs5752801,108,93,-0.0370781,0.221021,False
rs5752801,108,94,-0.0394843,0.193868,False
rs5752801,108,95,-0.0348582,0.252385,False
rs5752801,108,96,-0.0355109,0.244426,False
rs5752801,108,97,-0.0353947,0.247611,False
rs5752801,108,98,-0.0386859,0.206982,False
rs5752801,108,99,-0.0368611,0.230113,False
rs5752801,108,100,-0.0375699,0.222439,False
rs5752801,108,101,-0.0398358,0.197081,False
rs5752801,108,102,-0.0439444,0.155353,False
rs5752801,108,103,-0.0446136,0.15082,False
rs5752801,108,104,-0.0477987,0.124287,False
rs5752801,108,105,-0.0444404,0.153343,False
rs5752801,108,106,-0.0395924,0.203549,False
rs5752801,108,107,-0.0430573,0.168005,False
rs5752801,108,108,-0.0285815,0.360748,False
rs5752801,108,109,-0.0351594,0.261972,False
rs5752801,108,110,-0.0368755,0.240402,False
rs5752801,108,111,-0.0364202,0.247676,False
rs5752801,108,112,-0.0365425,0.246843,False
rs5752801,108,113,-0.0430098,0.173065,False
rs5752801,108,114,-0.0423564,0.180618,False
rs5752801,108,115,-0.0386661,0.222033,False
rs5752801,108,116,-0.0396287,0.211895,False
rs5752801,108,117,-0.0343195,0.280191,False
rs5752801,108,118,-0.0395048,0.214484,False
rs5752801,108,119,-0.0376769,0.237555,False
rs5752801,108,120,-0.0465952,0.145193,False
rs5752801,108,121,-0.0441503,0.167374,False
rs5752801,108,122,-0.0372867,0.243981,False
rs5752801,108,123,-0.0353828,0.269455,False
rs5752801,108,124,-0.0325707,0.310457,False
rs5752801,108,125,-0.0391604,0.222929,False
rs5752801,108,126,-0.0422673,0.188192,False
rs5752801,108,127,-0.0504213,0.11703,False
rs5752801,108,128,-0.0389799,0.2257,False
rs5752801,108,129,-0.0316448,0.325723,False
rs5752801,108,130,-0.0405609,0.208612,False
rs5752801,108,131,-0.0444222,0.16903,False
rs5752801,108,132,-0.0441361,0.171631,False
rs5752801,108,133,-0.0480977,0.136903,False
rs5752801,108,134,-0.0551539,0.0883849,False
rs5752801,108,135,-0.0550446,0.0892253,False
rs5752801,108,136,-0.0481218,0.137509,False
rs5752801,108,137,-0.0597444,0.0653583,False
rs5752801,108,138,-0.0626425,0.0529496,False
rs5752801,108,139,-0.0501124,0.122337,False
rs5752801,108,140,-0.0529095,0.102916,False
rs5752801,108,141,-0.0581519,0.0727353,False
rs5752801,108,142,-0.0565444,0.0810852,False
rs5752801,108,143,-0.0650219,0.0450037,False
rs5752801,108,144,-0.0617325,0.0568708,False
rs5752801,108,145,-0.0589425,0.0694587,False
rs5752801,108,146,-0.0567127,0.0811897,False
rs5752801,108,147,-0.063054,0.0526157,False
rs5752801,108,148,-0.0616821,0.0582012,False
rs5752801,108,149,-0.0591798,0.0690211,False
rs5752801,108,150,-0.0529644,0.104308,False
rs5752801,108,151,-0.0518932,0.111612,False
rs5752801,108,152,-0.0584343,0.0729373,False
rs5752801,108,153,-0.055379,0.08968,False
rs5752801,108,154,-0.0690822,0.0342715,False
rs5752801,108,155,-0.0574881,0.0789742,False
rs5752801,108,156,-0.0541726,0.0981496,False
rs5752801,108,157,-0.062779,0.0554756,False
rs5752801,108,158,-0.0616261,0.0605147,False
rs5752801,108,159,-0.0501121,0.127202,False
rs5752801,108,160,-0.0566862,0.0845549,False
rs5752801,108,161,-0.0512925,0.118968,False
rs5752801,108,162,-0.0571508,0.082769,False
rs5752801,108,163,-0.0615882,0.0619509,False
rs5752801,108,164,-0.057783,0.0800222,False
rs5752801,108,165,-0.061415,0.0634295,False
rs5752801,108,166,-0.0610237,0.0651703,False
rs5752801,108,167,-0.0668624,0.0436536,False
rs5752801,108,168,-0.0611369,0.0653799,False
rs5752801,108,169,-0.0575077,0.084027,False
rs5752801,108,170,-0.0571337,0.086293,False
rs5752801,108,171,-0.0580796,0.0820421,False
rs5752801,108,172,-0.0634974,0.057992,False
rs5752801,108,173,-0.0676725,0.0437543,False
rs5752801,108,174,-0.0670969,0.0462723,False
rs5752801,108,175,-0.0677448,0.0450485,False
rs5752801,108,176,-0.0706276,0.0373049,False
rs5752801,108,177,-0.0663494,0.0511426,False
rs5752801,108,178,-0.0679949,0.0466855,False
rs5752801,108,179,-0.0712793,0.0375466,False
rs5752801,108,180,-0.0711248,0.0388807,False
rs5752801,108,181,-0.0700518,0.0431013,False
rs5752801,108,182,-0.0759996,0.0289842,False
rs5752801,108,183,-0.083613,0.0168254,False
rs5752801,108,184,-0.0769503,0.028548,False
rs5752801,108,185,-0.0788575,0.0258555,False
rs5752801,108,186,-0.085508,0.0162347,False
rs5752801,108,187,-0.0936333,0.00897219,False
rs5752801,108,188,-0.0920496,0.0106609,False
rs5752801,108,189,-0.0974877,0.00726195,False
rs5752801,108,190,-0.0950702,0.00924066,False
rs5752801,108,191,-0.102119,0.0055164,False
rs5752801,108,192,-0.103723,0.00510599,False
rs5752801,108,193,-0.104646,0.00503374,False
rs5752801,108,194,-0.103399,0.00597443,False
rs5752801,108,195,-0.116762,0.00207024,False
rs5752801,108,196,-0.115825,0.00244114,False
rs5752801,108,197,-0.123855,0.00131516,False
rs5752801,108,198,-0.12191,0.00170724,False
rs5752801,108,199,-0.120222,0.00214314,False
rs5752801,108,200,-0.129759,0.00100568,False
rs5752801,108,201,-0.133369,0.000793703,False
rs5752801,108,202,-0.137684,0.00059201,False
rs5752801,108,203,-0.147316,0.000264606,False
rs5752801,108,204,-0.139757,0.00058665,False
rs5752801,108,205,-0.151319,0.000221348,False
rs5752801,108,206,-0.148542,0.000316431,False
rs5752801,108,207,-0.158548,0.0001361,False
rs5752801,108,208,-0.160854,0.000120978,False
rs5752801,108,209,-0.160187,0.000140095,False
rs5752801,108,210,-0.157909,0.000192053,False
rs5752801,108,211,-0.169421,6.80377e-05,False
rs5752801,108,212,-0.165275,0.000113127,False
rs5752801,108,213,-0.156944,0.000263847,False
rs5752801,108,214,-0.158792,0.000235913,False
rs5752801,108,215,-0.166798,0.00012187,False
rs5752801,108,216,-0.174997,6.008e-05,False
rs5752801,108,217,-0.172276,8.40312e-05,False
rs5752801,108,218,-0.16073,0.000253061,False
rs5752801,108,219,-0.166065,0.000165466,False
rs5752801,108,220,-0.166948,0.000159161,False
rs5752801,108,221,-0.165132,0.000193332,False
rs5752801,108,222,-0.170009,0.000128758,False
rs5752801,108,223,-0.172642,0.0001044,False
rs5752801,108,224,-0.163803,0.00023402,False
rs5752801,108,225,-0.159023,0.000358836,False
rs5752801,108,226,-0.169859,0.000140253,False
rs5752801,108,227,-0.163986,0.000241703,False
rs5752801,108,228,-0.165294,0.000215451,False
rs5752801,108,229,-0.159152,0.000369723,False
rs5752801,108,230,-0.15775,0.000411442,False
rs5752801,108,231,-0.159109,0.0003682,False
rs5752801,108,232,-0.150066,0.00077571,False
rs5752801,108,233,-0.139168,0.00180289,False
rs5752801,108,234,-0.140104,0.00165678,False
rs5752801,108,235,-0.148628,0.000851042,False
rs5752801,108,236,-0.122119,0.00613438,False
rs5752801,108,237,-0.122331,0.00596944,False
rs5752801,108,238,-0.120982,0.00658777,False
rs5752801,108,239,-0.128533,0.00391197,False
rs5752801,108,240,-0.111445,0.0123992,False
rs5752801,108,241,-0.0990651,0.026454,False
rs5752801,108,242,-0.100115,0.0251771,False
rs5752801,108,243,-0.0839135,0.060856,False
rs5752801,108,244,-0.085257,0.0579136,False
rs5752801,108,245,-0.076557,0.0896886,False
rs5752801,108,246,-0.0664688,0.142699,False
rs5752801,108,247,-0.0619713,0.173904,False
rs5752801,108,248,-0.0567332,0.216485,False
rs5752801,108,249,-0.0531941,0.249956,False
rs5752801,108,250,-0.0526548,0.258414,False
rs5752801,109,8,0.0160633,0.545857,False
rs5752801,109,9,0.0151084,0.565624,False
rs5752801,109,10,0.0188993,0.467763,False
rs5752801,109,11,0.00370962,0.885806,False
rs5752801,109,12,0.0111679,0.662767,False
rs5752801,109,13,0.00421931,0.868103,False
rs5752801,109,14,0.00757429,0.764194,False
rs5752801,109,15,0.0131666,0.601339,False
rs5752801,109,16,0.010729,0.668549,False
rs5752801,109,17,0.00317886,0.898656,False
rs5752801,109,18,0.00372151,0.881378,False
rs5752801,109,19,0.00479335,0.84755,False
rs5752801,109,20,0.00544825,0.826471,False
rs5752801,109,21,0.00707432,0.776215,False
rs5752801,109,22,0.00786913,0.751929,False
rs5752801,109,23,0.0176699,0.476884,False
rs5752801,109,24,-0.00330171,0.894391,False
rs5752801,109,25,-0.00712242,0.774485,False
rs5752801,109,26,0.0013147,0.957844,False
rs5752801,109,27,-0.00503697,0.839351,False
rs5752801,109,28,6.36845e-05,0.997957,False
rs5752801,109,29,-0.00547536,0.82555,False
rs5752801,109,30,-0.0084778,0.733269,False
rs5752801,109,31,-0.00632816,0.800002,False
rs5752801,109,32,-0.0123733,0.620633,False
rs5752801,109,33,-0.0166006,0.50602,False
rs5752801,109,34,-0.0132347,0.596576,False
rs5752801,109,35,-0.00727249,0.771442,False
rs5752801,109,36,-0.00716993,0.774612,False
rs5752801,109,37,-0.0258273,0.303457,False
rs5752801,109,38,-0.0194793,0.438982,False
rs5752801,109,39,-0.00897032,0.722027,False
rs5752801,109,40,-0.00388788,0.877603,False
rs5752801,109,41,-0.00887882,0.725097,False
rs5752801,109,42,-0.0234492,0.355686,False
rs5752801,109,43,-0.0259655,0.307273,False
rs5752801,109,44,-0.0235684,0.354537,False
rs5752801,109,45,-0.0245773,0.335386,False
rs5752801,109,46,-0.01909,0.456385,False
rs5752801,109,47,-0.0251992,0.325732,False
rs5752801,109,48,-0.0259319,0.314267,False
rs5752801,109,49,-0.0162513,0.528881,False
rs5752801,109,50,-0.0172462,0.504913,False
rs5752801,109,51,-0.0249095,0.336321,False
rs5752801,109,52,-0.02422,0.352187,False
rs5752801,109,53,-0.0258964,0.320784,False
rs5752801,109,54,-0.0186666,0.476007,False
rs5752801,109,55,-0.0232166,0.376431,False
rs5752801,109,56,-0.01361,0.605287,False
rs5752801,109,57,-0.0176904,0.503138,False
rs5752801,109,58,-0.0193624,0.465541,False
rs5752801,109,59,-0.0227535,0.393122,False
rs5752801,109,60,-0.0185331,0.487625,False
rs5752801,109,61,-0.0316427,0.237586,False
rs5752801,109,62,-0.0273686,0.309024,False
rs5752801,109,63,-0.0215062,0.425606,False
rs5752801,109,64,-0.0238048,0.380156,False
rs5752801,109,65,-0.0262697,0.334593,False
rs5752801,109,66,-0.0350809,0.199631,False
rs5752801,109,67,-0.0332554,0.226437,False
rs5752801,109,68,-0.0330214,0.231867,False
rs5752801,109,69,-0.0249496,0.367471,False
rs5752801,109,70,-0.0343628,0.21623,False
rs5752801,109,71,-0.0288782,0.300071,False
rs5752801,109,72,-0.0275952,0.32435,False
rs5752801,109,73,-0.0278423,0.322527,False
rs5752801,109,74,-0.0315305,0.26407,False
rs5752801,109,75,-0.0260595,0.357433,False
rs5752801,109,76,-0.0361368,0.203564,False
rs5752801,109,77,-0.0308268,0.280086,False
rs5752801,109,78,-0.0242855,0.396443,False
rs5752801,109,79,-0.0215744,0.453218,False
rs5752801,109,80,-0.0336424,0.243301,False
rs5752801,109,81,-0.0252315,0.382692,False
rs5752801,109,82,-0.0209204,0.470838,False
rs5752801,109,83,-0.0219647,0.450044,False
rs5752801,109,84,-0.0245636,0.399898,False
rs5752801,109,85,-0.0267684,0.360403,False
rs5752801,109,86,-0.0277658,0.34466,False
rs5752801,109,87,-0.0257042,0.38351,False
rs5752801,109,88,-0.0280029,0.342655,False
rs5752801,109,89,-0.0269028,0.363039,False
rs5752801,109,90,-0.0231882,0.434998,False
rs5752801,109,91,-0.0235565,0.429525,False
rs5752801,109,92,-0.0310153,0.29966,False
rs5752801,109,93,-0.0438627,0.143639,False
rs5752801,109,94,-0.0312347,0.299013,False
rs5752801,109,95,-0.0367656,0.222024,False
rs5752801,109,96,-0.0292477,0.333483,False
rs5752801,109,97,-0.0349347,0.249165,False
rs5752801,109,98,-0.0468508,0.123234,False
rs5752801,109,99,-0.0499547,0.101037,False
rs5752801,109,100,-0.0376494,0.217617,False
rs5752801,109,101,-0.0389294,0.203642,False
rs5752801,109,102,-0.0291847,0.340963,False
rs5752801,109,103,-0.028949,0.345918,False
rs5752801,109,104,-0.0366353,0.233948,False
rs5752801,109,105,-0.0322924,0.294738,False
rs5752801,109,106,-0.034602,0.262355,False
rs5752801,109,107,-0.0342206,0.268902,False
rs5752801,109,108,-0.0320501,0.301199,False
rs5752801,109,109,-0.0214109,0.490677,False
rs5752801,109,110,-0.0276251,0.374786,False
rs5752801,109,111,-0.0224758,0.470683,False
rs5752801,109,112,-0.0297352,0.340762,False
rs5752801,109,113,-0.031938,0.307021,False
rs5752801,109,114,-0.0335591,0.283938,False
rs5752801,109,115,-0.0299436,0.339033,False
rs5752801,109,116,-0.0293894,0.349341,False
rs5752801,109,117,-0.0362499,0.249836,False
rs5752801,109,118,-0.0311927,0.322511,False
rs5752801,109,119,-0.0297199,0.346936,False
rs5752801,109,120,-0.0312775,0.322755,False
rs5752801,109,121,-0.0333163,0.293034,False
rs5752801,109,122,-0.0376601,0.23529,False
rs5752801,109,123,-0.0382519,0.229142,False
rs5752801,109,124,-0.0329775,0.300555,False
rs5752801,109,125,-0.03936,0.217117,False
rs5752801,109,126,-0.047,0.140536,False
rs5752801,109,127,-0.0420956,0.186979,False
rs5752801,109,128,-0.042952,0.178833,False
rs5752801,109,129,-0.0377265,0.238348,False
rs5752801,109,130,-0.0437043,0.171711,False
rs5752801,109,131,-0.0461604,0.149149,False
rs5752801,109,132,-0.0381894,0.233597,False
rs5752801,109,133,-0.042348,0.186649,False
rs5752801,109,134,-0.0500398,0.119364,False
rs5752801,109,135,-0.0516545,0.108068,False
rs5752801,109,136,-0.0531025,0.0985931,False
rs5752801,109,137,-0.0511647,0.111947,False
rs5752801,109,138,-0.0487816,0.130118,False
rs5752801,109,139,-0.0581505,0.0713773,False
rs5752801,109,140,-0.0583928,0.0702464,False
rs5752801,109,141,-0.0510993,0.112861,False
rs5752801,109,142,-0.0515483,0.110099,False
rs5752801,109,143,-0.0415845,0.197466,False
rs5752801,109,144,-0.0508707,0.11499,False
rs5752801,109,145,-0.0555911,0.0857269,False
rs5752801,109,146,-0.0525566,0.104302,False
rs5752801,109,147,-0.0624404,0.0539006,False
rs5752801,109,148,-0.0512945,0.113865,False
rs5752801,109,149,-0.054104,0.0954747,False
rs5752801,109,150,-0.0587756,0.0706418,False
rs5752801,109,151,-0.0574649,0.0774351,False
rs5752801,109,152,-0.0495009,0.128509,False
rs5752801,109,153,-0.0456455,0.161213,False
rs5752801,109,154,-0.0576866,0.0770555,False
rs5752801,109,155,-0.0541946,0.0968918,False
rs5752801,109,156,-0.0544249,0.09562,False
rs5752801,109,157,-0.0538219,0.099445,False
rs5752801,109,158,-0.0497652,0.128286,False
rs5752801,109,159,-0.0479605,0.142434,False
rs5752801,109,160,-0.0511591,0.118121,False
rs5752801,109,161,-0.0484582,0.13989,False
rs5752801,109,162,-0.0563622,0.086343,False
rs5752801,109,163,-0.0572419,0.081439,False
rs5752801,109,164,-0.0595774,0.0700157,False
rs5752801,109,165,-0.0665462,0.0436102,False
rs5752801,109,166,-0.0649583,0.0493657,False
rs5752801,109,167,-0.062236,0.0603581,False
rs5752801,109,168,-0.0665448,0.0450174,False
rs5752801,109,169,-0.0708438,0.0334405,False
rs5752801,109,170,-0.0718502,0.0313341,False
rs5752801,109,171,-0.0816755,0.0147694,False
rs5752801,109,172,-0.080881,0.0162699,False
rs5752801,109,173,-0.0788538,0.0194929,False
rs5752801,109,174,-0.0792357,0.0191443,False
rs5752801,109,175,-0.0786538,0.0205926,False
rs5752801,109,176,-0.0767983,0.0243085,False
rs5752801,109,177,-0.0814104,0.0173445,False
rs5752801,109,178,-0.0798853,0.0201419,False
rs5752801,109,179,-0.0890766,0.00989376,False
rs5752801,109,180,-0.0817014,0.0186439,False
rs5752801,109,181,-0.0769719,0.0274287,False
rs5752801,109,182,-0.0744507,0.0336753,False
rs5752801,109,183,-0.0839416,0.0172801,False
rs5752801,109,184,-0.0815038,0.021623,False
rs5752801,109,185,-0.0857692,0.0162161,False
rs5752801,109,186,-0.0927512,0.00985182,False
rs5752801,109,187,-0.0875422,0.0155591,False
rs5752801,109,188,-0.090356,0.0131431,False
rs5752801,109,189,-0.0861082,0.0189572,False
rs5752801,109,190,-0.08814,0.0171931,False
rs5752801,109,191,-0.0873571,0.0191362,False
rs5752801,109,192,-0.0939842,0.0122689,False
rs5752801,109,193,-0.0949023,0.0120513,False
rs5752801,109,194,-0.0929508,0.0147263,False
rs5752801,109,195,-0.101153,0.00852478,False
rs5752801,109,196,-0.111448,0.00401772,False
rs5752801,109,197,-0.116702,0.00276915,False
rs5752801,109,198,-0.129017,0.00103459,False
rs5752801,109,199,-0.134606,0.000698687,False
rs5752801,109,200,-0.138831,0.000523267,False
rs5752801,109,201,-0.147818,0.000246834,False
rs5752801,109,202,-0.149514,0.000233333,False
rs5752801,109,203,-0.145013,0.000392121,False
rs5752801,109,204,-0.146791,0.000369948,False
rs5752801,109,205,-0.153075,0.00022653,False
rs5752801,109,206,-0.162279,0.000101394,False
rs5752801,109,207,-0.164702,8.78609e-05,False
rs5752801,109,208,-0.159175,0.000164472,False
rs5752801,109,209,-0.169571,6.44133e-05,False
rs5752801,109,210,-0.17766,3.2265e-05,False
rs5752801,109,211,-0.17642,4.02649e-05,False
rs5752801,109,212,-0.180597,2.86076e-05,False
rs5752801,109,213,-0.174831,5.44549e-05,False
rs5752801,109,214,-0.178125,4.21131e-05,False
rs5752801,109,215,-0.18532,2.1975e-05,False
rs5752801,109,216,-0.17755,5.10115e-05,False
rs5752801,109,217,-0.179734,4.28774e-05,False
rs5752801,109,218,-0.184164,2.91131e-05,False
rs5752801,109,219,-0.180714,4.38248e-05,False
rs5752801,109,220,-0.179651,4.93553e-05,False
rs5752801,109,221,-0.185771,2.84095e-05,False
rs5752801,109,222,-0.191974,1.52931e-05,False
rs5752801,109,223,-0.180417,4.83123e-05,False
rs5752801,109,224,-0.182735,4.01698e-05,False
rs5752801,109,225,-0.171091,0.000121333,False
rs5752801,109,226,-0.180162,5.16989e-05,False
rs5752801,109,227,-0.181828,4.35972e-05,False
rs5752801,109,228,-0.175637,7.8979e-05,False
rs5752801,109,229,-0.163669,0.000234371,False
rs5752801,109,230,-0.168563,0.000149216,False
rs5752801,109,231,-0.15658,0.000421397,False
rs5752801,109,232,-0.15136,0.000648882,False
rs5752801,109,233,-0.146219,0.000974515,False
rs5752801,109,234,-0.148848,0.000787041,False
rs5752801,109,235,-0.142604,0.00129811,False
rs5752801,109,236,-0.134075,0.00247895,False
rs5752801,109,237,-0.120596,0.00648487,False
rs5752801,109,238,-0.118161,0.00769696,False
rs5752801,109,239,-0.112314,0.0113034,False
rs5752801,109,240,-0.0987849,0.0262096,False
rs5752801,109,241,-0.097542,0.0282072,False
rs5752801,109,242,-0.089724,0.0440899,False
rs5752801,109,243,-0.0792117,0.0762301,False
rs5752801,109,244,-0.0813879,0.0694902,False
rs5752801,109,245,-0.0739547,0.100638,False
rs5752801,109,246,-0.0674017,0.136314,False
rs5752801,109,247,-0.0556641,0.221818,False
rs5752801,109,248,-0.0595248,0.193967,False
rs5752801,109,249,-0.0454339,0.324747,False
rs5752801,109,250,-0.0457549,0.325414,False
rs5752801,110,8,0.0125779,0.638054,False
rs5752801,110,9,0.00764577,0.772159,False
rs5752801,110,10,0.0105288,0.687508,False
rs5752801,110,11,-0.00310237,0.904529,False
rs5752801,110,12,0.0107432,0.67499,False
rs5752801,110,13,-0.0075462,0.767002,False
rs5752801,110,14,-0.00841008,0.739578,False
rs5752801,110,15,-0.0105239,0.676368,False
rs5752801,110,16,0.000869573,0.97242,False
rs5752801,110,17,-0.00207054,0.934246,False
rs5752801,110,18,-0.0131026,0.600032,False
rs5752801,110,19,-0.00231653,0.926152,False
rs5752801,110,20,-0.00312696,0.90008,False
rs5752801,110,21,-0.0112316,0.652559,False
rs5752801,110,22,0.00624573,0.802183,False
rs5752801,110,23,0.00166023,0.946814,False
rs5752801,110,24,-0.00686635,0.782776,False
rs5752801,110,25,-0.0075558,0.761668,False
rs5752801,110,26,-0.00439326,0.859982,False
rs5752801,110,27,-0.00497446,0.841613,False
rs5752801,110,28,-0.00857626,0.730836,False
rs5752801,110,29,-0.010045,0.686725,False
rs5752801,110,30,-0.0033531,0.893084,False
rs5752801,110,31,-0.00717608,0.773719,False
rs5752801,110,32,-0.00844376,0.735162,False
rs5752801,110,33,-0.00812667,0.745277,False
rs5752801,110,34,-0.0138822,0.579199,False
rs5752801,110,35,-0.0125404,0.616429,False
rs5752801,110,36,-0.0109514,0.662136,False
rs5752801,110,37,-0.0127305,0.612984,False
rs5752801,110,38,-0.0157374,0.532211,False
rs5752801,110,39,-0.0233333,0.354546,False
rs5752801,110,40,-0.0136872,0.588204,False
rs5752801,110,41,-0.0285206,0.259993,False
rs5752801,110,42,-0.0255919,0.314045,False
rs5752801,110,43,-0.0155008,0.542091,False
rs5752801,110,44,-0.0249408,0.327658,False
rs5752801,110,45,-0.0247909,0.330796,False
rs5752801,110,46,-0.024687,0.33466,False
rs5752801,110,47,-0.0233231,0.362931,False
rs5752801,110,48,-0.0226964,0.377964,False
rs5752801,110,49,-0.0384053,0.136193,False
rs5752801,110,50,-0.0269171,0.298293,False
rs5752801,110,51,-0.025224,0.330109,False
rs5752801,110,52,-0.0342908,0.187074,False
rs5752801,110,53,-0.0285837,0.272475,False
rs5752801,110,54,-0.0226634,0.386418,False
rs5752801,110,55,-0.0293548,0.264295,False
rs5752801,110,56,-0.0183386,0.486562,False
rs5752801,110,57,-0.0324861,0.219095,False
rs5752801,110,58,-0.0250051,0.345144,False
rs5752801,110,59,-0.0239659,0.366911,False
rs5752801,110,60,-0.0290477,0.275784,False
rs5752801,110,61,-0.0334082,0.211788,False
rs5752801,110,62,-0.0268612,0.317426,False
rs5752801,110,63,-0.0251984,0.350179,False
rs5752801,110,64,-0.0208161,0.442147,False
rs5752801,110,65,-0.0281328,0.300223,False
rs5752801,110,66,-0.0328505,0.227789,False
rs5752801,110,67,-0.0320287,0.241303,False
rs5752801,110,68,-0.0410095,0.134903,False
rs5752801,110,69,-0.0336317,0.222316,False
rs5752801,110,70,-0.0385369,0.16391,False
rs5752801,110,71,-0.0438634,0.114814,False
rs5752801,110,72,-0.0353052,0.204768,False
rs5752801,110,73,-0.0389485,0.164268,False
rs5752801,110,74,-0.0383647,0.172351,False
rs5752801,110,75,-0.0410908,0.145892,False
rs5752801,110,76,-0.039957,0.15834,False
rs5752801,110,77,-0.0300213,0.290773,False
rs5752801,110,78,-0.0459612,0.107082,False
rs5752801,110,79,-0.0384131,0.179164,False
rs5752801,110,80,-0.0389166,0.175239,False
rs5752801,110,81,-0.0414728,0.149977,False
rs5752801,110,82,-0.0347789,0.229404,False
rs5752801,110,83,-0.0323294,0.265356,False
rs5752801,110,84,-0.0344356,0.236814,False
rs5752801,110,85,-0.0222407,0.445635,False
rs5752801,110,86,-0.0221203,0.449569,False
rs5752801,110,87,-0.031032,0.290102,False
rs5752801,110,88,-0.0254662,0.385942,False
rs5752801,110,89,-0.0333502,0.256672,False
rs5752801,110,90,-0.0346406,0.239776,False
rs5752801,110,91,-0.0304074,0.304366,False
rs5752801,110,92,-0.0288763,0.330182,False
rs5752801,110,93,-0.0245379,0.409439,False
rs5752801,110,94,-0.029496,0.322799,False
rs5752801,110,95,-0.0285238,0.340115,False
rs5752801,110,96,-0.0300509,0.315356,False
rs5752801,110,97,-0.0358085,0.233265,False
rs5752801,110,98,-0.0378164,0.209451,False
rs5752801,110,99,-0.0384129,0.202791,False
rs5752801,110,100,-0.0315141,0.297827,False
rs5752801,110,101,-0.0249304,0.411146,False
rs5752801,110,102,-0.0336522,0.268049,False
rs5752801,110,103,-0.0309019,0.31007,False
rs5752801,110,104,-0.0328023,0.28241,False
rs5752801,110,105,-0.0244357,0.423899,False
rs5752801,110,106,-0.0304005,0.320438,False
rs5752801,110,107,-0.0268557,0.38148,False
rs5752801,110,108,-0.0336363,0.27391,False
rs5752801,110,109,-0.0296818,0.334557,False
rs5752801,110,110,-0.0342529,0.266346,False
rs5752801,110,111,-0.0420003,0.1735,False
rs5752801,110,112,-0.0396803,0.199608,False
rs5752801,110,113,-0.0417598,0.178129,False
rs5752801,110,114,-0.0315351,0.310029,False
rs5752801,110,115,-0.0364866,0.241355,False
rs5752801,110,116,-0.0401859,0.19748,False
rs5752801,110,117,-0.0365057,0.242509,False
rs5752801,110,118,-0.03962,0.205437,False
rs5752801,110,119,-0.0407402,0.193453,False
rs5752801,110,120,-0.0416877,0.184414,False
rs5752801,110,121,-0.036476,0.245775,False
rs5752801,110,122,-0.0436027,0.166037,False
rs5752801,110,123,-0.041233,0.190656,False
rs5752801,110,124,-0.0462847,0.143024,False
rs5752801,110,125,-0.0348152,0.270745,False
rs5752801,110,126,-0.034712,0.273376,False
rs5752801,110,127,-0.0364996,0.250277,False
rs5752801,110,128,-0.0349778,0.271401,False
rs5752801,110,129,-0.0436013,0.170882,False
rs5752801,110,130,-0.0442674,0.16436,False
rs5752801,110,131,-0.0407956,0.200508,False
rs5752801,110,132,-0.0373843,0.241288,False
rs5752801,110,133,-0.0336462,0.291802,False
rs5752801,110,134,-0.0408559,0.201298,False
rs5752801,110,135,-0.0433244,0.175907,False
rs5752801,110,136,-0.0378231,0.237392,False
rs5752801,110,137,-0.0500208,0.118777,False
rs5752801,110,138,-0.045571,0.155789,False
rs5752801,110,139,-0.0574742,0.0735006,False
rs5752801,110,140,-0.0516631,0.108246,False
rs5752801,110,141,-0.0597643,0.0630307,False
rs5752801,110,142,-0.0677538,0.0349687,False
rs5752801,110,143,-0.0715019,0.0261983,False
rs5752801,110,144,-0.0735653,0.0221501,False
rs5752801,110,145,-0.0731015,0.0230724,False
rs5752801,110,146,-0.0693934,0.0313688,False
rs5752801,110,147,-0.0611485,0.0584412,False
rs5752801,110,148,-0.0589202,0.0683143,False
rs5752801,110,149,-0.0561444,0.0828346,False
rs5752801,110,150,-0.0556191,0.0856167,False
rs5752801,110,151,-0.0639224,0.0487678,False
rs5752801,110,152,-0.0580056,0.0746036,False
rs5752801,110,153,-0.0528186,0.104278,False
rs5752801,110,154,-0.0553763,0.0889059,False
rs5752801,110,155,-0.0585191,0.0724982,False
rs5752801,110,156,-0.0528006,0.105289,False
rs5752801,110,157,-0.051407,0.115239,False
rs5752801,110,158,-0.0496954,0.128339,False
rs5752801,110,159,-0.05201,0.112273,False
rs5752801,110,160,-0.0563561,0.0856113,False
rs5752801,110,161,-0.0557693,0.0891301,False
rs5752801,110,162,-0.0604089,0.0658753,False
rs5752801,110,163,-0.065455,0.0465961,False
rs5752801,110,164,-0.0697982,0.0344889,False
rs5752801,110,165,-0.0751828,0.0229737,False
rs5752801,110,166,-0.0815853,0.0138521,False
rs5752801,110,167,-0.0740557,0.0259863,False
rs5752801,110,168,-0.0801736,0.0161822,False
rs5752801,110,169,-0.0850559,0.0109758,False
rs5752801,110,170,-0.080323,0.0166263,False
rs5752801,110,171,-0.0773002,0.0217571,False
rs5752801,110,172,-0.0789484,0.0195166,False
rs5752801,110,173,-0.0811898,0.0167423,False
rs5752801,110,174,-0.0818519,0.0163206,False
rs5752801,110,175,-0.087934,0.0101594,False
rs5752801,110,176,-0.0889932,0.00950066,False
rs5752801,110,177,-0.080418,0.0198399,False
rs5752801,110,178,-0.0957348,0.00574873,False
rs5752801,110,179,-0.0801624,0.0215948,False
rs5752801,110,180,-0.0893369,0.0109182,False
rs5752801,110,181,-0.0841111,0.0172018,False
rs5752801,110,182,-0.0815443,0.021717,False
rs5752801,110,183,-0.0826786,0.0206179,False
rs5752801,110,184,-0.0813643,0.0236341,False
rs5752801,110,185,-0.0823641,0.0228378,False
rs5752801,110,186,-0.0854667,0.0190619,False
rs5752801,110,187,-0.0912975,0.0128597,False
rs5752801,110,188,-0.0912254,0.0136709,False
rs5752801,110,189,-0.100157,0.00718374,False
rs5752801,110,190,-0.0972703,0.00963893,False
rs5752801,110,191,-0.0930921,0.0139701,False
rs5752801,110,192,-0.104517,0.00622868,False
rs5752801,110,193,-0.103307,0.0072718,False
rs5752801,110,194,-0.10234,0.00834282,False
rs5752801,110,195,-0.111697,0.00430131,False
rs5752801,110,196,-0.115604,0.00336185,False
rs5752801,110,197,-0.110996,0.00519635,False
rs5752801,110,198,-0.119934,0.00271466,False
rs5752801,110,199,-0.126582,0.00168794,False
rs5752801,110,200,-0.125677,0.00197992,False
rs5752801,110,201,-0.130179,0.00146717,False
rs5752801,110,202,-0.147728,0.000333313,False
rs5752801,110,203,-0.147822,0.000365927,False
rs5752801,110,204,-0.149207,0.000356199,False
rs5752801,110,205,-0.155901,0.000204932,False
rs5752801,110,206,-0.157894,0.000184273,False
rs5752801,110,207,-0.152647,0.000318514,False
rs5752801,110,208,-0.161032,0.000163058,False
rs5752801,110,209,-0.163022,0.000142714,False
rs5752801,110,210,-0.165551,0.000123314,False
rs5752801,110,211,-0.163401,0.000159053,False
rs5752801,110,212,-0.168672,0.000103899,False
rs5752801,110,213,-0.182515,2.80453e-05,False
rs5752801,110,214,-0.179485,4.03024e-05,False
rs5752801,110,215,-0.182001,3.26679e-05,False
rs5752801,110,216,-0.179413,4.37765e-05,False
rs5752801,110,217,-0.181727,3.62567e-05,False
rs5752801,110,218,-0.187516,2.10809e-05,False
rs5752801,110,219,-0.182872,3.45716e-05,False
rs5752801,110,220,-0.179973,4.736e-05,False
rs5752801,110,221,-0.173339,8.88899e-05,False
rs5752801,110,222,-0.169637,0.00012862,False
rs5752801,110,223,-0.171451,0.000108968,False
rs5752801,110,224,-0.172618,9.61941e-05,False
rs5752801,110,225,-0.172891,9.41371e-05,False
rs5752801,110,226,-0.169041,0.000133573,False
rs5752801,110,227,-0.173037,9.10094e-05,False
rs5752801,110,228,-0.17086,0.000111122,False
rs5752801,110,229,-0.165288,0.000180424,False
rs5752801,110,230,-0.154384,0.000472682,False
rs5752801,110,231,-0.161418,0.000254117,False
rs5752801,110,232,-0.152068,0.000561038,False
rs5752801,110,233,-0.147749,0.00079158,False
rs5752801,110,234,-0.141139,0.00134299,False
rs5752801,110,235,-0.140892,0.0013738,False
rs5752801,110,236,-0.136931,0.00185351,False
rs5752801,110,237,-0.124683,0.00463909,False
rs5752801,110,238,-0.119548,0.00662403,False
rs5752801,110,239,-0.123425,0.00517471,False
rs5752801,110,240,-0.110222,0.0125051,False
rs5752801,110,241,-0.0987162,0.0257456,False
rs5752801,110,242,-0.0920844,0.0381473,False
rs5752801,110,243,-0.0903333,0.0426053,False
rs5752801,110,244,-0.0753056,0.092352,False
rs5752801,110,245,-0.0663378,0.139886,False
rs5752801,110,246,-0.0657385,0.145918,False
rs5752801,110,247,-0.0624973,0.169886,False
rs5752801,110,248,-0.0547445,0.23285,False
rs5752801,110,249,-0.0469048,0.311072,False
rs5752801,110,250,-0.0327807,0.482476,False
rs5752801,111,9,0.024659,0.354801,False
rs5752801,111,10,0.0241631,0.358971,False
rs5752801,111,11,0.0280008,0.282101,False
rs5752801,111,12,0.0263683,0.306186,False
rs5752801,111,13,0.0161558,0.527799,False
rs5752801,111,14,0.0281979,0.26718,False
rs5752801,111,15,0.0294965,0.243447,False
rs5752801,111,16,0.0199221,0.427756,False
rs5752801,111,17,0.0199726,0.425497,False
rs5752801,111,18,0.0125782,0.615201,False
rs5752801,111,19,0.0083128,0.739048,False
rs5752801,111,20,0.0063955,0.797501,False
rs5752801,111,21,0.00566741,0.820052,False
rs5752801,111,22,0.00543483,0.826985,False
rs5752801,111,23,0.000841953,0.972989,False
rs5752801,111,24,0.00945304,0.703631,False
rs5752801,111,25,0.0106513,0.66875,False
rs5752801,111,26,-0.00412129,0.868075,False
rs5752801,111,27,0.000441073,0.985817,False
rs5752801,111,28,-0.00838377,0.736348,False
rs5752801,111,29,-0.00954344,0.701115,False
rs5752801,111,30,-0.000517756,0.983398,False
rs5752801,111,31,-0.0198535,0.424482,False
rs5752801,111,32,-0.00465193,0.851804,False
rs5752801,111,33,-0.0143855,0.564088,False
rs5752801,111,34,-0.0101659,0.683569,False
rs5752801,111,35,-0.0180676,0.469576,False
rs5752801,111,36,-0.0176851,0.479903,False
rs5752801,111,37,-0.0141497,0.571828,False
rs5752801,111,38,-0.0123854,0.621131,False
rs5752801,111,39,-0.0177628,0.479679,False
rs5752801,111,40,-0.0184139,0.465523,False
rs5752801,111,41,-0.0100827,0.689419,False
rs5752801,111,42,-0.0168052,0.505982,False
rs5752801,111,43,-0.0153045,0.545755,False
rs5752801,111,44,-0.0180492,0.477281,False
rs5752801,111,45,-0.00544712,0.830664,False
rs5752801,111,46,-0.0183817,0.471331,False
rs5752801,111,47,-0.0123862,0.627735,False
rs5752801,111,48,-0.00942921,0.712856,False
rs5752801,111,49,-0.0187551,0.465504,False
rs5752801,111,50,0.00240417,0.925423,False
rs5752801,111,51,-0.00834732,0.745916,False
rs5752801,111,52,-0.0161823,0.530956,False
rs5752801,111,53,-0.0180822,0.485914,False
rs5752801,111,54,-0.0234232,0.367789,False
rs5752801,111,55,-0.0158722,0.542827,False
rs5752801,111,56,-0.00509268,0.845738,False
rs5752801,111,57,-0.0154659,0.555528,False
rs5752801,111,58,-0.0234423,0.372601,False
rs5752801,111,59,-0.0182672,0.489266,False
rs5752801,111,60,-0.00615064,0.816745,False
rs5752801,111,61,-0.0200045,0.453153,False
rs5752801,111,62,-0.0153058,0.567328,False
rs5752801,111,63,-0.0243351,0.363778,False
rs5752801,111,64,-0.0142633,0.596015,False
rs5752801,111,65,-0.0190167,0.482193,False
rs5752801,111,66,-0.01984,0.464779,False
rs5752801,111,67,-0.0150127,0.581153,False
rs5752801,111,68,-0.0226527,0.406884,False
rs5752801,111,69,-0.0169534,0.536544,False
rs5752801,111,70,-0.0237812,0.387426,False
rs5752801,111,71,-0.0240257,0.383626,False
rs5752801,111,72,-0.0177145,0.522518,False
rs5752801,111,73,-0.0201618,0.468003,False
rs5752801,111,74,-0.0225835,0.41839,False
rs5752801,111,75,-0.0185694,0.507423,False
rs5752801,111,76,-0.0165455,0.555581,False
rs5752801,111,77,-0.0158122,0.574122,False
rs5752801,111,78,-0.0181567,0.520377,False
rs5752801,111,79,-0.0150765,0.595899,False
rs5752801,111,80,-0.00741521,0.794816,False
rs5752801,111,81,-0.0233159,0.414561,False
rs5752801,111,82,-0.00912535,0.750326,False
rs5752801,111,83,-0.0105417,0.713933,False
rs5752801,111,84,-0.0121711,0.673462,False
rs5752801,111,85,-0.0138543,0.631988,False
rs5752801,111,86,-0.0166319,0.565847,False
rs5752801,111,87,-0.00995195,0.732361,False
rs5752801,111,88,-0.00325296,0.911276,False
rs5752801,111,89,-0.0111783,0.702684,False
rs5752801,111,90,-0.0182804,0.533339,False
rs5752801,111,91,-0.0211369,0.472303,False
rs5752801,111,92,-0.0170767,0.562596,False
rs5752801,111,93,-0.0193254,0.513179,False
rs5752801,111,94,-0.0161486,0.585478,False
rs5752801,111,95,-0.0169503,0.567753,False
rs5752801,111,96,-0.0227709,0.443812,False
rs5752801,111,97,-0.0111462,0.708727,False
rs5752801,111,98,-0.0158664,0.595546,False
rs5752801,111,99,-0.0114093,0.702823,False
rs5752801,111,100,-0.0226787,0.450025,False
rs5752801,111,101,-0.0202331,0.501134,False
rs5752801,111,102,-0.0290911,0.333862,False
rs5752801,111,103,-0.0316852,0.293511,False
rs5752801,111,104,-0.0216371,0.474048,False
rs5752801,111,105,-0.0147834,0.626131,False
rs5752801,111,106,-0.0018444,0.951602,False
rs5752801,111,107,-0.00624071,0.837633,False
rs5752801,111,108,-0.0142665,0.639666,False
rs5752801,111,109,-0.0152113,0.618463,False
rs5752801,111,110,-0.0143042,0.640617,False
rs5752801,111,111,-0.0182654,0.551887,False
rs5752801,111,112,-0.0200133,0.515233,False
rs5752801,111,113,-0.00884761,0.774113,False
rs5752801,111,114,-0.0165765,0.590917,False
rs5752801,111,115,-0.0134611,0.663163,False
rs5752801,111,116,-0.016148,0.601904,False
rs5752801,111,117,-0.0164187,0.596489,False
rs5752801,111,118,-0.0274041,0.37748,False
rs5752801,111,119,-0.0241862,0.436528,False
rs5752801,111,120,-0.0291243,0.349591,False
rs5752801,111,121,-0.0278554,0.371264,False
rs5752801,111,122,-0.0347921,0.265117,False
rs5752801,111,123,-0.0382837,0.22067,False
rs5752801,111,124,-0.0372123,0.233957,False
rs5752801,111,125,-0.0301071,0.336676,False
rs5752801,111,126,-0.0373007,0.234744,False
rs5752801,111,127,-0.0306379,0.330002,False
rs5752801,111,128,-0.0330841,0.293271,False
rs5752801,111,129,-0.0389432,0.216512,False
rs5752801,111,130,-0.0360523,0.253256,False
rs5752801,111,131,-0.0250925,0.426967,False
rs5752801,111,132,-0.0334623,0.289323,False
rs5752801,111,133,-0.0386285,0.221659,False
rs5752801,111,134,-0.044145,0.163293,False
rs5752801,111,135,-0.050564,0.110618,False
rs5752801,111,136,-0.0484751,0.126613,False
rs5752801,111,137,-0.043594,0.17041,False
rs5752801,111,138,-0.0459926,0.148251,False
rs5752801,111,139,-0.0472061,0.138217,False
rs5752801,111,140,-0.0407352,0.200874,False
rs5752801,111,141,-0.0358345,0.261441,False
rs5752801,111,142,-0.0441134,0.167019,False
rs5752801,111,143,-0.049888,0.118735,False
rs5752801,111,144,-0.0513151,0.108657,False
rs5752801,111,145,-0.0510259,0.111781,False
rs5752801,111,146,-0.051193,0.11084,False
rs5752801,111,147,-0.0550449,0.0865723,False
rs5752801,111,148,-0.0628886,0.0506259,False
rs5752801,111,149,-0.0650334,0.0436744,False
rs5752801,111,150,-0.0572182,0.076031,False
rs5752801,111,151,-0.0596002,0.06505,False
rs5752801,111,152,-0.0573387,0.0764039,False
rs5752801,111,153,-0.0589396,0.0691097,False
rs5752801,111,154,-0.0581633,0.072902,False
rs5752801,111,155,-0.0556902,0.086555,False
rs5752801,111,156,-0.0606424,0.0624745,False
rs5752801,111,157,-0.0560465,0.0850166,False
rs5752801,111,158,-0.0519959,0.111127,False
rs5752801,111,159,-0.0549465,0.0930083,False
rs5752801,111,160,-0.0483261,0.140043,False
rs5752801,111,161,-0.046129,0.159788,False
rs5752801,111,162,-0.0533593,0.104575,False
rs5752801,111,163,-0.0509479,0.122165,False
rs5752801,111,164,-0.0538075,0.103435,False
rs5752801,111,165,-0.0649128,0.0501749,False
rs5752801,111,166,-0.0686091,0.0390066,False
rs5752801,111,167,-0.0653241,0.0499292,False
rs5752801,111,168,-0.0738822,0.0273118,False
rs5752801,111,169,-0.0789333,0.0187463,False
rs5752801,111,170,-0.0704764,0.0363756,False
rs5752801,111,171,-0.0693093,0.0404529,False
rs5752801,111,172,-0.0664737,0.0503809,False
rs5752801,111,173,-0.063005,0.0650861,False
rs5752801,111,174,-0.0717411,0.0367893,False
rs5752801,111,175,-0.0728251,0.0348004,False
rs5752801,111,176,-0.0799854,0.0212861,False
rs5752801,111,177,-0.0698334,0.045402,False
rs5752801,111,178,-0.0625947,0.0745261,False
rs5752801,111,179,-0.0701275,0.0464334,False
rs5752801,111,180,-0.0656379,0.064277,False
rs5752801,111,181,-0.0716785,0.0447994,False
rs5752801,111,182,-0.0784597,0.0289744,False
rs5752801,111,183,-0.074254,0.0399621,False
rs5752801,111,184,-0.0729468,0.0454551,False
rs5752801,111,185,-0.0667178,0.0691757,False
rs5752801,111,186,-0.0841395,0.0229143,False
rs5752801,111,187,-0.0944688,0.0112236,False
rs5752801,111,188,-0.098355,0.00885876,False
rs5752801,111,189,-0.0968277,0.0104999,False
rs5752801,111,190,-0.105693,0.00556569,False
rs5752801,111,191,-0.105919,0.00583211,False
rs5752801,111,192,-0.107881,0.00532201,False
rs5752801,111,193,-0.113331,0.00366645,False
rs5752801,111,194,-0.110071,0.00516603,False
rs5752801,111,195,-0.121723,0.00210522,False
rs5752801,111,196,-0.116756,0.00345758,False
rs5752801,111,197,-0.125889,0.00175959,False
rs5752801,111,198,-0.133873,0.000958228,False
rs5752801,111,199,-0.139227,0.00065922,False
rs5752801,111,200,-0.137958,0.000781461,False
rs5752801,111,201,-0.143602,0.000522591,False
rs5752801,111,202,-0.146557,0.000438511,False
rs5752801,111,203,-0.14828,0.000406795,False
rs5752801,111,204,-0.150858,0.000348788,False
rs5752801,111,205,-0.158545,0.000182948,False
rs5752801,111,206,-0.146529,0.000585164,False
rs5752801,111,207,-0.152263,0.000375661,False
rs5752801,111,208,-0.158393,0.000231224,False
rs5752801,111,209,-0.162258,0.000170373,False
rs5752801,111,210,-0.170496,8.16015e-05,False
rs5752801,111,211,-0.160671,0.000215815,False
rs5752801,111,212,-0.159835,0.000248037,False
rs5752801,111,213,-0.162716,0.000196032,False
rs5752801,111,214,-0.163453,0.000189188,False
rs5752801,111,215,-0.169578,0.000110753,False
rs5752801,111,216,-0.174122,7.44882e-05,False
rs5752801,111,217,-0.171385,9.95492e-05,False
rs5752801,111,218,-0.160949,0.000258945,False
rs5752801,111,219,-0.169493,0.000121823,False
rs5752801,111,220,-0.164754,0.000188203,False
rs5752801,111,221,-0.165822,0.000172142,False
rs5752801,111,222,-0.171324,0.000105224,False
rs5752801,111,223,-0.161722,0.000247359,False
rs5752801,111,224,-0.152927,0.000521166,False
rs5752801,111,225,-0.156241,0.000390601,False
rs5752801,111,226,-0.153781,0.00047608,False
rs5752801,111,227,-0.146936,0.000845264,False
rs5752801,111,228,-0.131375,0.00277333,False
rs5752801,111,229,-0.141112,0.00128613,False
rs5752801,111,230,-0.133096,0.00241186,False
rs5752801,111,231,-0.139952,0.00139407,False
rs5752801,111,232,-0.122379,0.00521838,False
rs5752801,111,233,-0.123088,0.00499346,False
rs5752801,111,234,-0.109289,0.0125481,False
rs5752801,111,235,-0.110497,0.01165,False
rs5752801,111,236,-0.112656,0.0101004,False
rs5752801,111,237,-0.108107,0.0138292,False
rs5752801,111,238,-0.085684,0.0512068,False
rs5752801,111,239,-0.084779,0.0539344,False
rs5752801,111,240,-0.0844656,0.0552898,False
rs5752801,111,241,-0.075757,0.086496,False
rs5752801,111,242,-0.0666489,0.132552,False
rs5752801,111,243,-0.0586273,0.188043,False
rs5752801,111,244,-0.0480751,0.282518,False
rs5752801,111,245,-0.0486301,0.279869,False
rs5752801,111,246,-0.0406391,0.369926,False
rs5752801,111,247,-0.0448883,0.325197,False
rs5752801,111,248,-0.0334748,0.466384,False
rs5752801,111,249,-0.0368403,0.426808,False
rs5752801,111,250,-0.0334022,0.475513,False
rs5752801,112,9,0.020918,0.4337,False
rs5752801,112,10,0.0287972,0.276151,False
rs5752801,112,11,0.0260591,0.319196,False
rs5752801,112,12,0.0340059,0.189329,False
rs5752801,112,13,0.0195705,0.445921,False
rs5752801,112,14,0.0232244,0.363153,False
rs5752801,112,15,0.020614,0.417429,False
rs5752801,112,16,0.022271,0.37875,False
rs5752801,112,17,0.0177998,0.478947,False
rs5752801,112,18,0.0213675,0.394351,False
rs5752801,112,19,0.0198665,0.427379,False
rs5752801,112,20,0.0224873,0.367196,False
rs5752801,112,21,0.014904,0.550302,False
rs5752801,112,22,0.0160439,0.520249,False
rs5752801,112,23,0.0215133,0.388188,False
rs5752801,112,24,0.0111977,0.652996,False
rs5752801,112,25,0.00582197,0.814539,False
rs5752801,112,26,0.00953394,0.70155,False
rs5752801,112,27,0.00409059,0.868973,False
rs5752801,112,28,-0.00724716,0.770457,False
rs5752801,112,29,-5.48998e-05,0.998237,False
rs5752801,112,30,-0.00912782,0.712728,False
rs5752801,112,31,-0.00589473,0.812253,False
rs5752801,112,32,-0.00704072,0.776781,False
rs5752801,112,33,-0.00715248,0.773925,False
rs5752801,112,34,-0.0100894,0.685102,False
rs5752801,112,35,-0.00868646,0.727168,False
rs5752801,112,36,-0.0150544,0.546158,False
rs5752801,112,37,-0.0151043,0.544673,False
rs5752801,112,38,-0.0122246,0.624564,False
rs5752801,112,39,-0.0119168,0.633632,False
rs5752801,112,40,-0.0160453,0.522825,False
rs5752801,112,41,-0.0167841,0.503862,False
rs5752801,112,42,-0.0231339,0.358382,False
rs5752801,112,43,-0.0171228,0.497627,False
rs5752801,112,44,-0.0227941,0.367637,False
rs5752801,112,45,-0.00288849,0.909272,False
rs5752801,112,46,-0.0216544,0.394375,False
rs5752801,112,47,-0.0144703,0.570526,False
rs5752801,112,48,-0.020134,0.431114,False
rs5752801,112,49,-0.0211491,0.408727,False
rs5752801,112,50,-0.00826826,0.747779,False
rs5752801,112,51,-0.00980605,0.703297,False
rs5752801,112,52,-0.026803,0.299161,False
rs5752801,112,53,-0.0214234,0.406259,False
rs5752801,112,54,-0.0168581,0.515614,False
rs5752801,112,55,-0.0111895,0.667213,False
rs5752801,112,56,-0.0257026,0.324975,False
rs5752801,112,57,-0.0213967,0.413732,False
rs5752801,112,58,-0.024677,0.347736,False
rs5752801,112,59,-0.0244259,0.354559,False
rs5752801,112,60,-0.0237689,0.368729,False
rs5752801,112,61,-0.0198823,0.453355,False
rs5752801,112,62,-0.0306502,0.249893,False
rs5752801,112,63,-0.0232922,0.383614,False
rs5752801,112,64,-0.0181463,0.499216,False
rs5752801,112,65,-0.01826,0.497485,False
rs5752801,112,66,-0.0266219,0.323705,False
rs5752801,112,67,-0.0276874,0.30653,False
rs5752801,112,68,-0.0297984,0.272932,False
rs5752801,112,69,-0.0269392,0.323138,False
rs5752801,112,70,-0.0214886,0.431723,False
rs5752801,112,71,-0.0134037,0.625096,False
rs5752801,112,72,-0.0272271,0.322837,False
rs5752801,112,73,-0.0329448,0.233193,False
rs5752801,112,74,-0.0270517,0.328643,False
rs5752801,112,75,-0.0211736,0.446288,False
rs5752801,112,76,-0.0269409,0.334175,False
rs5752801,112,77,-0.0158725,0.57059,False
rs5752801,112,78,-0.0273218,0.330248,False
rs5752801,112,79,-0.0281033,0.318684,False
rs5752801,112,80,-0.0132568,0.639273,False
rs5752801,112,81,-0.0146281,0.607547,False
rs5752801,112,82,-0.0163598,0.566927,False
rs5752801,112,83,-0.0268544,0.348091,False
rs5752801,112,84,-0.017609,0.539376,False
rs5752801,112,85,-0.0113306,0.693733,False
rs5752801,112,86,-0.00633731,0.826256,False
rs5752801,112,87,-0.0080153,0.781668,False
rs5752801,112,88,-0.0138094,0.634008,False
rs5752801,112,89,-0.0126055,0.664595,False
rs5752801,112,90,-0.0129446,0.657585,False
rs5752801,112,91,-0.0177064,0.544507,False
rs5752801,112,92,-0.0158187,0.589323,False
rs5752801,112,93,-0.0117964,0.688333,False
rs5752801,112,94,-0.0159141,0.589123,False
rs5752801,112,95,-0.0191875,0.516845,False
rs5752801,112,96,-0.00943547,0.750038,False
rs5752801,112,97,-0.00868302,0.769822,False
rs5752801,112,98,-0.0167362,0.573724,False
rs5752801,112,99,-0.0128417,0.666394,False
rs5752801,112,100,-0.0219338,0.462411,False
rs5752801,112,101,-0.016987,0.569896,False
rs5752801,112,102,-0.0174823,0.560073,False
rs5752801,112,103,-0.019679,0.512343,False
rs5752801,112,104,-0.0126925,0.673018,False
rs5752801,112,105,-0.0253221,0.400805,False
rs5752801,112,106,-0.0142115,0.637934,False
rs5752801,112,107,-0.0159872,0.596988,False
rs5752801,112,108,-0.0071811,0.812498,False
rs5752801,112,109,-0.0213577,0.481787,False
rs5752801,112,110,-0.0245919,0.419212,False
rs5752801,112,111,-0.0306403,0.314961,False
rs5752801,112,112,-0.0238943,0.434275,False
rs5752801,112,113,-0.0323832,0.290247,False
rs5752801,112,114,-0.0327004,0.28638,False
rs5752801,112,115,-0.0283787,0.356121,False
rs5752801,112,116,-0.0328765,0.285388,False
rs5752801,112,117,-0.0329498,0.284757,False
rs5752801,112,118,-0.0271879,0.378081,False
rs5752801,112,119,-0.0287241,0.352197,False
rs5752801,112,120,-0.0219141,0.478714,False
rs5752801,112,121,-0.0278614,0.367823,False
rs5752801,112,122,-0.0330661,0.285813,False
rs5752801,112,123,-0.0304904,0.325816,False
rs5752801,112,124,-0.0354872,0.254171,False
rs5752801,112,125,-0.0321986,0.301689,False
rs5752801,112,126,-0.0324068,0.298885,False
rs5752801,112,127,-0.0314876,0.313608,False
rs5752801,112,128,-0.0333619,0.286412,False
rs5752801,112,129,-0.0359827,0.250478,False
rs5752801,112,130,-0.0305975,0.329536,False
rs5752801,112,131,-0.0278505,0.375723,False
rs5752801,112,132,-0.026844,0.393417,False
rs5752801,112,133,-0.0294899,0.348779,False
rs5752801,112,134,-0.0340655,0.279753,False
rs5752801,112,135,-0.0401883,0.202705,False
rs5752801,112,136,-0.0354078,0.262756,False
rs5752801,112,137,-0.0327578,0.300318,False
rs5752801,112,138,-0.0401295,0.204393,False
rs5752801,112,139,-0.0450848,0.154307,False
rs5752801,112,140,-0.0495652,0.118066,False
rs5752801,112,141,-0.0513456,0.105986,False
rs5752801,112,142,-0.0541595,0.0883753,False
rs5752801,112,143,-0.0517496,0.103695,False
rs5752801,112,144,-0.0609291,0.0557397,False
rs5752801,112,145,-0.0608561,0.0560818,False
rs5752801,112,146,-0.0658673,0.0388497,False
rs5752801,112,147,-0.0646688,0.0428657,False
rs5752801,112,148,-0.0730256,0.0226861,False
rs5752801,112,149,-0.0790552,0.0137402,False
rs5752801,112,150,-0.0696364,0.0301344,False
rs5752801,112,151,-0.0725154,0.0241928,False
rs5752801,112,152,-0.0665763,0.0388864,False
rs5752801,112,153,-0.0636853,0.0485714,False
rs5752801,112,154,-0.0683221,0.0347848,False
rs5752801,112,155,-0.0711051,0.0284795,False
rs5752801,112,156,-0.0683358,0.0357099,False
rs5752801,112,157,-0.0745601,0.0220114,False
rs5752801,112,158,-0.0666557,0.04108,False
rs5752801,112,159,-0.0597349,0.0677416,False
rs5752801,112,160,-0.0610081,0.0631658,False
rs5752801,112,161,-0.060922,0.0639765,False
rs5752801,112,162,-0.069636,0.0347319,False
rs5752801,112,163,-0.0779691,0.0183206,False
rs5752801,112,164,-0.0680451,0.0401218,False
rs5752801,112,165,-0.0653034,0.0495346,False
rs5752801,112,166,-0.0640515,0.0552426,False
rs5752801,112,167,-0.0739099,0.027343,False
rs5752801,112,168,-0.069922,0.0375814,False
rs5752801,112,169,-0.0822668,0.0147675,False
rs5752801,112,170,-0.0786191,0.0204315,False
rs5752801,112,171,-0.0750678,0.0275443,False
rs5752801,112,172,-0.0640382,0.061443,False
rs5752801,112,173,-0.0700235,0.0419825,False
rs5752801,112,174,-0.0767696,0.0263531,False
rs5752801,112,175,-0.0715536,0.0398681,False
rs5752801,112,176,-0.07399,0.0345924,False
rs5752801,112,177,-0.0810401,0.0211951,False
rs5752801,112,178,-0.0852347,0.0160617,False
rs5752801,112,179,-0.0922832,0.00966032,False
rs5752801,112,180,-0.0823248,0.0221397,False
rs5752801,112,181,-0.0818717,0.023794,False
rs5752801,112,182,-0.082448,0.0237237,False
rs5752801,112,183,-0.0728888,0.0471024,False
rs5752801,112,184,-0.0824784,0.025554,False
rs5752801,112,185,-0.0897519,0.015872,False
rs5752801,112,186,-0.0918322,0.0144328,False
rs5752801,112,187,-0.0959276,0.0111061,False
rs5752801,112,188,-0.0909798,0.0168024,False
rs5752801,112,189,-0.106883,0.00533001,False
rs5752801,112,190,-0.107901,0.00527717,False
rs5752801,112,191,-0.114305,0.00332747,False
rs5752801,112,192,-0.117346,0.00281917,False
rs5752801,112,193,-0.122499,0.00196972,False
rs5752801,112,194,-0.134037,0.00076855,False
rs5752801,112,195,-0.128693,0.00134646,False
rs5752801,112,196,-0.140808,0.000495839,False
rs5752801,112,197,-0.145033,0.000372337,False
rs5752801,112,198,-0.143476,0.000473591,False
rs5752801,112,199,-0.139965,0.000705515,False
rs5752801,112,200,-0.154203,0.000205767,False
rs5752801,112,201,-0.154511,0.000215861,False
rs5752801,112,202,-0.158913,0.000154607,False
rs5752801,112,203,-0.154813,0.000249212,False
rs5752801,112,204,-0.151841,0.000357176,False
rs5752801,112,205,-0.15041,0.000430984,False
rs5752801,112,206,-0.157912,0.000231076,False
rs5752801,112,207,-0.162311,0.000161969,False
rs5752801,112,208,-0.17046,8.05773e-05,False
rs5752801,112,209,-0.163412,0.000164333,False
rs5752801,112,210,-0.168394,0.000106193,False
rs5752801,112,211,-0.169492,9.86062e-05,False
rs5752801,112,212,-0.171074,8.7398e-05,False
rs5752801,112,213,-0.170484,9.56407e-05,False
rs5752801,112,214,-0.167916,0.000123252,False
rs5752801,112,215,-0.178641,4.56267e-05,False
rs5752801,112,216,-0.173697,7.36572e-05,False
rs5752801,112,217,-0.177037,5.42488e-05,False
rs5752801,112,218,-0.162689,0.000208055,False
rs5752801,112,219,-0.170334,0.00010384,False
rs5752801,112,220,-0.168913,0.00011866,False
rs5752801,112,221,-0.173233,7.79997e-05,False
rs5752801,112,222,-0.165386,0.000162215,False
rs5752801,112,223,-0.156739,0.00034692,False
rs5752801,112,224,-0.154004,0.000435764,False
rs5752801,112,225,-0.149033,0.000659717,False
rs5752801,112,226,-0.150536,0.000567585,False
rs5752801,112,227,-0.153077,0.000451943,False
rs5752801,112,228,-0.139901,0.00133312,False
rs5752801,112,229,-0.132281,0.00239607,False
rs5752801,112,230,-0.1291,0.00302455,False
rs5752801,112,231,-0.14028,0.00127498,False
rs5752801,112,232,-0.132174,0.00241277,False
rs5752801,112,233,-0.126852,0.00355807,False
rs5752801,112,234,-0.119712,0.00593223,False
rs5752801,112,235,-0.121025,0.00548266,False
rs5752801,112,236,-0.113731,0.00918191,False
rs5752801,112,237,-0.106914,0.0145008,False
rs5752801,112,238,-0.105766,0.0156926,False
rs5752801,112,239,-0.0903128,0.0395858,False
rs5752801,112,240,-0.102588,0.0198224,False
rs5752801,112,241,-0.0820893,0.0632136,False
rs5752801,112,242,-0.0802421,0.0702328,False
rs5752801,112,243,-0.0691263,0.121377,False
rs5752801,112,244,-0.0573805,0.200592,False
rs5752801,112,245,-0.0546963,0.224791,False
rs5752801,112,246,-0.0431295,0.342882,False
rs5752801,112,247,-0.026979,0.556304,False
rs5752801,112,248,-0.0349089,0.449908,False
rs5752801,112,249,-0.0268679,0.565276,False
rs5752801,112,250,-0.0155974,0.740996,False
rs5752801,113,9,0.0183453,0.49593,False
rs5752801,113,10,0.0131027,0.623536,False
rs5752801,113,11,0.0295579,0.263052,False
rs5752801,113,12,0.0254413,0.330062,False
rs5752801,113,13,0.0215655,0.405111,False
rs5752801,113,14,0.0133608,0.603352,False
rs5752801,113,15,0.0268177,0.29332,False
rs5752801,113,16,0.0188836,0.458088,False
rs5752801,113,17,0.0110506,0.662291,False
rs5752801,113,18,0.0119811,0.634305,False
rs5752801,113,19,0.00680085,0.787466,False
rs5752801,113,20,0.018694,0.456738,False
rs5752801,113,21,0.00991423,0.692855,False
rs5752801,113,22,-0.00133259,0.95765,False
rs5752801,113,23,-0.00619219,0.804307,False
rs5752801,113,24,0.00341823,0.891231,False
rs5752801,113,25,-0.00826577,0.74052,False
rs5752801,113,26,0.000766832,0.975494,False
rs5752801,113,27,-0.000384797,0.987691,False
rs5752801,113,28,-0.00527957,0.832073,False
rs5752801,113,29,-0.00230399,0.926281,False
rs5752801,113,30,-0.0101726,0.683086,False
rs5752801,113,31,-0.0143946,0.562898,False
rs5752801,113,32,-0.0143621,0.56396,False
rs5752801,113,33,-0.0158489,0.524401,False
rs5752801,113,34,-0.0181316,0.466224,False
rs5752801,113,35,-0.0104179,0.676342,False
rs5752801,113,36,-0.0142741,0.567151,False
rs5752801,113,37,-0.00448893,0.857269,False
rs5752801,113,38,-0.0152873,0.540754,False
rs5752801,113,39,-0.0123526,0.621582,False
rs5752801,113,40,-0.018506,0.461549,False
rs5752801,113,41,-0.00992919,0.693468,False
rs5752801,113,42,-0.00744954,0.767401,False
rs5752801,113,43,-0.0217094,0.390193,False
rs5752801,113,44,-0.0105586,0.676305,False
rs5752801,113,45,-0.00464161,0.854911,False
rs5752801,113,46,-0.0044704,0.860646,False
rs5752801,113,47,-0.0160241,0.529444,False
rs5752801,113,48,-0.00863239,0.735653,False
rs5752801,113,49,-0.00861503,0.736808,False
rs5752801,113,50,-0.00874151,0.733561,False
rs5752801,113,51,-0.0104215,0.685475,False
rs5752801,113,52,-0.0133372,0.605719,False
rs5752801,113,53,-0.0128974,0.618689,False
rs5752801,113,54,-0.0100031,0.700233,False
rs5752801,113,55,-0.00300036,0.908197,False
rs5752801,113,56,-0.000265356,0.991888,False
rs5752801,113,57,-0.0134534,0.607262,False
rs5752801,113,58,-0.0209177,0.425387,False
rs5752801,113,59,-0.0163938,0.534178,False
rs5752801,113,60,-0.0196935,0.455619,False
rs5752801,113,61,-0.0209942,0.429153,False
rs5752801,113,62,-0.0191264,0.472312,False
rs5752801,113,63,-0.0155433,0.560242,False
rs5752801,113,64,-0.010617,0.691921,False
rs5752801,113,65,-0.0127389,0.635577,False
rs5752801,113,66,-0.0173124,0.520154,False
rs5752801,113,67,-0.0251399,0.351332,False
rs5752801,113,68,-0.0219297,0.418693,False
rs5752801,113,69,-0.0180055,0.508003,False
rs5752801,113,70,-0.0153298,0.574737,False
rs5752801,113,71,-0.0223097,0.415408,False
rs5752801,113,72,-0.0179829,0.512734,False
rs5752801,113,73,-0.0118292,0.66734,False
rs5752801,113,74,-0.00997461,0.718564,False
rs5752801,113,75,-0.00533538,0.847761,False
rs5752801,113,76,-0.00790472,0.77678,False
rs5752801,113,77,-0.0167813,0.548357,False
rs5752801,113,78,-0.01193,0.671174,False
rs5752801,113,79,-0.00635708,0.821403,False
rs5752801,113,80,-0.00851008,0.763396,False
rs5752801,113,81,-0.00881598,0.755667,False
rs5752801,113,82,7.77668e-05,0.997819,False
rs5752801,113,83,-0.00130168,0.963598,False
rs5752801,113,84,-0.0155375,0.587351,False
rs5752801,113,85,-0.00970706,0.734871,False
rs5752801,113,86,-0.0188386,0.51164,False
rs5752801,113,87,-0.0124367,0.666106,False
rs5752801,113,88,-0.00427791,0.88234,False
rs5752801,113,89,-0.0103283,0.721371,False
rs5752801,113,90,-0.021521,0.458632,False
rs5752801,113,91,-0.0261313,0.369862,False
rs5752801,113,92,-0.024376,0.403552,False
rs5752801,113,93,-0.0109012,0.70934,False
rs5752801,113,94,-0.00615486,0.833536,False
rs5752801,113,95,-0.0129663,0.658478,False
rs5752801,113,96,-0.0134222,0.648006,False
rs5752801,113,97,-0.0104027,0.724483,False
rs5752801,113,98,-0.0139492,0.637447,False
rs5752801,113,99,-0.0124882,0.674135,False
rs5752801,113,100,-0.0125627,0.672596,False
rs5752801,113,101,-0.0188847,0.525713,False
rs5752801,113,102,-0.00871114,0.770531,False
rs5752801,113,103,-0.00774235,0.796296,False
rs5752801,113,104,-0.00104192,0.972283,False
rs5752801,113,105,-0.00450314,0.880644,False
rs5752801,113,106,-0.015037,0.617222,False
rs5752801,113,107,-0.0159907,0.595708,False
rs5752801,113,108,-0.0112708,0.708994,False
rs5752801,113,109,-0.0117159,0.698582,False
rs5752801,113,110,-0.00990921,0.744111,False
rs5752801,113,111,-0.0160009,0.59818,False
rs5752801,113,112,-0.0101549,0.738631,False
rs5752801,113,113,-0.0221327,0.467908,False
rs5752801,113,114,-0.0195137,0.522537,False
rs5752801,113,115,-0.0135831,0.656837,False
rs5752801,113,116,-0.0170711,0.577127,False
rs5752801,113,117,-0.0143399,0.640217,False
rs5752801,113,118,-0.0225779,0.462937,False
rs5752801,113,119,-0.0148192,0.630303,False
rs5752801,113,120,-0.0216731,0.482393,False
rs5752801,113,121,-0.0196453,0.524437,False
rs5752801,113,122,-0.0186012,0.547705,False
rs5752801,113,123,-0.028231,0.361592,False
rs5752801,113,124,-0.0251798,0.415969,False
rs5752801,113,125,-0.0328605,0.289732,False
rs5752801,113,126,-0.0285649,0.358153,False
rs5752801,113,127,-0.0318744,0.305872,False
rs5752801,113,128,-0.034408,0.269781,False
rs5752801,113,129,-0.0315051,0.312884,False
rs5752801,113,130,-0.0406253,0.193996,False
rs5752801,113,131,-0.0351285,0.263056,False
rs5752801,113,132,-0.031814,0.311207,False
rs5752801,113,133,-0.0356951,0.25607,False
rs5752801,113,134,-0.0303203,0.334978,False
rs5752801,113,135,-0.0292874,0.353086,False
rs5752801,113,136,-0.0353057,0.263493,False
rs5752801,113,137,-0.0403854,0.200664,False
rs5752801,113,138,-0.0423198,0.180777,False
rs5752801,113,139,-0.0445252,0.159472,False
rs5752801,113,140,-0.0381131,0.22962,False
rs5752801,113,141,-0.0371852,0.241666,False
rs5752801,113,142,-0.0414818,0.192148,False
rs5752801,113,143,-0.0454112,0.153555,False
rs5752801,113,144,-0.044101,0.166258,False
rs5752801,113,145,-0.0452773,0.155675,False
rs5752801,113,146,-0.0486718,0.127932,False
rs5752801,113,147,-0.0451508,0.159011,False
rs5752801,113,148,-0.0373031,0.245963,False
rs5752801,113,149,-0.0442672,0.16844,False
rs5752801,113,150,-0.0529166,0.100113,False
rs5752801,113,151,-0.0577499,0.0733814,False
rs5752801,113,152,-0.0517007,0.109692,False
rs5752801,113,153,-0.0570468,0.0782887,False
rs5752801,113,154,-0.055518,0.0876383,False
rs5752801,113,155,-0.0467535,0.151346,False
rs5752801,113,156,-0.0460951,0.157687,False
rs5752801,113,157,-0.0481871,0.140463,False
rs5752801,113,158,-0.0455006,0.165201,False
rs5752801,113,159,-0.0502019,0.127325,False
rs5752801,113,160,-0.0588423,0.0746976,False
rs5752801,113,161,-0.054757,0.0977514,False
rs5752801,113,162,-0.0538686,0.104384,False
rs5752801,113,163,-0.0449737,0.176353,False
rs5752801,113,164,-0.0552475,0.09855,False
rs5752801,113,165,-0.0641863,0.0559825,False
rs5752801,113,166,-0.0607918,0.0713238,False
rs5752801,113,167,-0.0601924,0.0753083,False
rs5752801,113,168,-0.0680415,0.0453571,False
rs5752801,113,169,-0.0636818,0.0624038,False
rs5752801,113,170,-0.0674844,0.0493212,False
rs5752801,113,171,-0.0642912,0.0625393,False
rs5752801,113,172,-0.0622125,0.0735351,False
rs5752801,113,173,-0.071099,0.0418309,False
rs5752801,113,174,-0.0733365,0.0366491,False
rs5752801,113,175,-0.0716195,0.0427442,False
rs5752801,113,176,-0.0676735,0.0569153,False
rs5752801,113,177,-0.069624,0.0517628,False
rs5752801,113,178,-0.0756548,0.0356758,False
rs5752801,113,179,-0.0802593,0.0270477,False
rs5752801,113,180,-0.0822616,0.0243667,False
rs5752801,113,181,-0.0736009,0.0453262,False
rs5752801,113,182,-0.0861356,0.0201793,False
rs5752801,113,183,-0.0894831,0.0165881,False
rs5752801,113,184,-0.0984214,0.00882721,False
rs5752801,113,185,-0.106897,0.00472792,False
rs5752801,113,186,-0.0979982,0.010179,False
rs5752801,113,187,-0.0999424,0.00942379,False
rs5752801,113,188,-0.109292,0.00476186,False
rs5752801,113,189,-0.107839,0.00570707,False
rs5752801,113,190,-0.115478,0.00325571,False
rs5752801,113,191,-0.120495,0.00231795,False
rs5752801,113,192,-0.122969,0.00204047,False
rs5752801,113,193,-0.122905,0.00220258,False
rs5752801,113,194,-0.133705,0.000945058,False
rs5752801,113,195,-0.129476,0.00146252,False
rs5752801,113,196,-0.144238,0.000427828,False
rs5752801,113,197,-0.146252,0.000387531,False
rs5752801,113,198,-0.144056,0.000513249,False
rs5752801,113,199,-0.147095,0.00042007,False
rs5752801,113,200,-0.145652,0.000509542,False
rs5752801,113,201,-0.146086,0.000530413,False
rs5752801,113,202,-0.15445,0.000266039,False
rs5752801,113,203,-0.15374,0.000302614,False
rs5752801,113,204,-0.153032,0.000344143,False
rs5752801,113,205,-0.160948,0.000176639,False
rs5752801,113,206,-0.161694,0.000177564,False
rs5752801,113,207,-0.162506,0.000169015,False
rs5752801,113,208,-0.166746,0.000118141,False
rs5752801,113,209,-0.169373,9.75026e-05,False
rs5752801,113,210,-0.160737,0.000223444,False
rs5752801,113,211,-0.166561,0.000135247,False
rs5752801,113,212,-0.162026,0.000208992,False
rs5752801,113,213,-0.160194,0.000250631,False
rs5752801,113,214,-0.17206,8.55262e-05,False
rs5752801,113,215,-0.162195,0.000213824,False
rs5752801,113,216,-0.159237,0.000276493,False
rs5752801,113,217,-0.151704,0.000538045,False
rs5752801,113,218,-0.135203,0.002011,False
rs5752801,113,219,-0.151705,0.000532107,False
rs5752801,113,220,-0.141704,0.00121052,False
rs5752801,113,221,-0.130025,0.00296444,False
rs5752801,113,222,-0.137891,0.00162014,False
rs5752801,113,223,-0.134908,0.00201748,False
rs5752801,113,224,-0.134669,0.00202719,False
rs5752801,113,225,-0.140344,0.00127486,False
rs5752801,113,226,-0.129104,0.00302933,False
rs5752801,113,227,-0.12916,0.00300176,False
rs5752801,113,228,-0.128794,0.00306566,False
rs5752801,113,229,-0.127138,0.00346699,False
rs5752801,113,230,-0.134039,0.00203745,False
rs5752801,113,231,-0.116844,0.00720809,False
rs5752801,113,232,-0.110845,0.0107968,False
rs5752801,113,233,-0.102207,0.0187587,False
rs5752801,113,234,-0.0934939,0.0316678,False
rs5752801,113,235,-0.0927899,0.0331551,False
rs5752801,113,236,-0.0898049,0.0393046,False
rs5752801,113,237,-0.0882232,0.0435721,False
rs5752801,113,238,-0.0875399,0.045726,False
rs5752801,113,239,-0.0795068,0.0703642,False
rs5752801,113,240,-0.0845842,0.0552235,False
rs5752801,113,241,-0.0793221,0.0734537,False
rs5752801,113,242,-0.0678776,0.127764,False
rs5752801,113,243,-0.0573519,0.199904,False
rs5752801,113,244,-0.0535812,0.233756,False
rs5752801,113,245,-0.042144,0.352452,False
rs5752801,113,246,-0.0440458,0.334982,False
rs5752801,113,247,-0.0383943,0.404706,False
rs5752801,113,248,-0.0375488,0.419419,False
rs5752801,113,249,-0.0260578,0.57892,False
rs5752801,113,250,-0.0268458,0.571201,False
rs5752801,114,10,0.00897949,0.739682,False
rs5752801,114,11,0.0104523,0.695247,False
rs5752801,114,12,0.0120352,0.64901,False
rs5752801,114,13,0.0166183,0.525755,False
rs5752801,114,14,0.000743783,0.97717,False
rs5752801,114,15,0.00557914,0.828907,False
rs5752801,114,16,0.00441514,0.863536,False
rs5752801,114,17,0.00629198,0.80552,False
rs5752801,114,18,-0.00453079,0.858769,False
rs5752801,114,19,0.00737277,0.771703,False
rs5752801,114,20,0.0152731,0.54699,False
rs5752801,114,21,0.00329867,0.896181,False
rs5752801,114,22,0.00489495,0.84603,False
rs5752801,114,23,0.00539467,0.830101,False
rs5752801,114,24,0.00664192,0.791426,False
rs5752801,114,25,0.00590521,0.813608,False
rs5752801,114,26,-0.000665081,0.97881,False
rs5752801,114,27,0.000941659,0.969932,False
rs5752801,114,28,-0.00484121,0.846181,False
rs5752801,114,29,-0.00469119,0.851008,False
rs5752801,114,30,-0.00370618,0.882043,False
rs5752801,114,31,0.0016056,0.948683,False
rs5752801,114,32,0.00643769,0.796506,False
rs5752801,114,33,-0.0021782,0.930563,False
rs5752801,114,34,-0.0129484,0.605122,False
rs5752801,114,35,0.00360685,0.885474,False
rs5752801,114,36,-0.0154616,0.536785,False
rs5752801,114,37,-0.0151797,0.543982,False
rs5752801,114,38,-0.00426288,0.865216,False
rs5752801,114,39,-0.0039326,0.87564,False
rs5752801,114,40,9.13825e-05,0.997103,False
rs5752801,114,41,-0.00562907,0.823215,False
rs5752801,114,42,0.00327721,0.896735,False
rs5752801,114,43,-0.00363574,0.885797,False
rs5752801,114,44,0.00243936,0.923453,False
rs5752801,114,45,-0.00586132,0.817634,False
rs5752801,114,46,0.00390377,0.878145,False
rs5752801,114,47,-0.00997913,0.695666,False
rs5752801,114,48,0.00238799,0.925624,False
rs5752801,114,49,-0.00662436,0.795754,False
rs5752801,114,50,-0.00453715,0.859704,False
rs5752801,114,51,-0.00694643,0.787411,False
rs5752801,114,52,-0.00738811,0.774602,False
rs5752801,114,53,-0.0060025,0.816497,False
rs5752801,114,54,-0.011874,0.647479,False
rs5752801,114,55,-0.00134379,0.958794,False
rs5752801,114,56,-0.00608069,0.815419,False
rs5752801,114,57,-0.00552724,0.832702,False
rs5752801,114,58,-0.0107928,0.681185,False
rs5752801,114,59,0.00195599,0.940766,False
rs5752801,114,60,-0.00248026,0.925093,False
rs5752801,114,61,-0.0101576,0.701458,False
rs5752801,114,62,-0.00750062,0.777462,False
rs5752801,114,63,-0.0120266,0.651574,False
rs5752801,114,64,-0.00255778,0.923707,False
rs5752801,114,65,0.00393422,0.883231,False
rs5752801,114,66,-0.00947827,0.724296,False
rs5752801,114,67,-0.00682813,0.799804,False
rs5752801,114,68,-0.00839456,0.756284,False
rs5752801,114,69,-0.00762572,0.778354,False
rs5752801,114,70,-0.0163792,0.546516,False
rs5752801,114,71,-0.00804628,0.768082,False
rs5752801,114,72,-0.012804,0.640612,False
rs5752801,114,73,-0.0236603,0.388805,False
rs5752801,114,74,-0.0180577,0.512397,False
rs5752801,114,75,-0.0153459,0.579273,False
rs5752801,114,76,-0.00523499,0.850645,False
rs5752801,114,77,-0.00818544,0.768792,False
rs5752801,114,78,-0.0166361,0.551181,False
rs5752801,114,79,-0.0207938,0.458025,False
rs5752801,114,80,-0.0180622,0.521094,False
rs5752801,114,81,-0.0147957,0.600243,False
rs5752801,114,82,-0.0232607,0.411289,False
rs5752801,114,83,-0.0103887,0.714709,False
rs5752801,114,84,-0.0106041,0.709713,False
rs5752801,114,85,-0.0049183,0.863054,False
rs5752801,114,86,-0.0150503,0.599003,False
rs5752801,114,87,-0.0100052,0.727799,False
rs5752801,114,88,-0.0123135,0.668869,False
rs5752801,114,89,-0.00839162,0.771196,False
rs5752801,114,90,-0.0193268,0.504129,False
rs5752801,114,91,-0.0160696,0.579509,False
rs5752801,114,92,-0.0103957,0.720471,False
rs5752801,114,93,-0.00758328,0.794464,False
rs5752801,114,94,-0.00782843,0.78835,False
rs5752801,114,95,-0.00705689,0.809586,False
rs5752801,114,96,-0.01167,0.690807,False
rs5752801,114,97,-0.0111019,0.70596,False
rs5752801,114,98,-0.0177145,0.548083,False
rs5752801,114,99,-0.00502096,0.865154,False
rs5752801,114,100,-0.0114775,0.698339,False
rs5752801,114,101,-0.00910538,0.759115,False
rs5752801,114,102,-0.0124145,0.676512,False
rs5752801,114,103,-0.0125772,0.673539,False
rs5752801,114,104,-0.00938943,0.753778,False
rs5752801,114,105,-0.0141024,0.637966,False
rs5752801,114,106,-0.0128904,0.667556,False
rs5752801,114,107,-0.0195621,0.515499,False
rs5752801,114,108,-0.0140033,0.641779,False
rs5752801,114,109,-0.0178943,0.553231,False
rs5752801,114,110,-0.0113339,0.707479,False
rs5752801,114,111,-0.0165756,0.584185,False
rs5752801,114,112,-0.016975,0.575868,False
rs5752801,114,113,-0.0279328,0.357658,False
rs5752801,114,114,-0.0243571,0.424238,False
rs5752801,114,115,-0.0261658,0.390666,False
rs5752801,114,116,-0.0277516,0.363659,False
rs5752801,114,117,-0.0231241,0.449555,False
rs5752801,114,118,-0.0257925,0.400002,False
rs5752801,114,119,-0.0209119,0.496441,False
rs5752801,114,120,-0.027921,0.363857,False
rs5752801,114,121,-0.0242012,0.431634,False
rs5752801,114,122,-0.0219322,0.476331,False
rs5752801,114,123,-0.0269604,0.382026,False
rs5752801,114,124,-0.0279734,0.36556,False
rs5752801,114,125,-0.030853,0.318956,False
rs5752801,114,126,-0.0359692,0.246374,False
rs5752801,114,127,-0.0329542,0.288569,False
rs5752801,114,128,-0.0358537,0.249121,False
rs5752801,114,129,-0.0290946,0.351238,False
rs5752801,114,130,-0.0368558,0.238053,False
rs5752801,114,131,-0.0389679,0.213316,False
rs5752801,114,132,-0.03288,0.293709,False
rs5752801,114,133,-0.0381036,0.225048,False
rs5752801,114,134,-0.0363445,0.247213,False
rs5752801,114,135,-0.0376658,0.231342,False
rs5752801,114,136,-0.0421744,0.181133,False
rs5752801,114,137,-0.0456942,0.147329,False
rs5752801,114,138,-0.0432566,0.170665,False
rs5752801,114,139,-0.0430129,0.173496,False
rs5752801,114,140,-0.043434,0.170203,False
rs5752801,114,141,-0.0442649,0.16268,False
rs5752801,114,142,-0.0458688,0.149087,False
rs5752801,114,143,-0.0380974,0.231438,False
rs5752801,114,144,-0.0428665,0.179048,False
rs5752801,114,145,-0.0507047,0.112562,False
rs5752801,114,146,-0.0464001,0.147282,False
rs5752801,114,147,-0.0451517,0.15926,False
rs5752801,114,148,-0.0466202,0.147217,False
rs5752801,114,149,-0.0505746,0.11646,False
rs5752801,114,150,-0.0515561,0.110732,False
rs5752801,114,151,-0.0489888,0.130205,False
rs5752801,114,152,-0.0451437,0.163946,False
rs5752801,114,153,-0.0429212,0.186855,False
rs5752801,114,154,-0.0578552,0.0759228,False
rs5752801,114,155,-0.0580808,0.0758239,False
rs5752801,114,156,-0.0570038,0.0822869,False
rs5752801,114,157,-0.051031,0.121187,False
rs5752801,114,158,-0.0606686,0.0664167,False
rs5752801,114,159,-0.05617,0.090947,False
rs5752801,114,160,-0.0513974,0.122476,False
rs5752801,114,161,-0.054588,0.101992,False
rs5752801,114,162,-0.0525167,0.117215,False
rs5752801,114,163,-0.051164,0.12812,False
rs5752801,114,164,-0.053295,0.114908,False
rs5752801,114,165,-0.0530428,0.118054,False
rs5752801,114,166,-0.0556975,0.102313,False
rs5752801,114,167,-0.0566001,0.0981965,False
rs5752801,114,168,-0.0535309,0.120132,False
rs5752801,114,169,-0.0545523,0.114918,False
rs5752801,114,170,-0.0570078,0.101357,False
rs5752801,114,171,-0.0596856,0.0879936,False
rs5752801,114,172,-0.067676,0.0549325,False
rs5752801,114,173,-0.0709849,0.0454304,False
rs5752801,114,174,-0.060008,0.0924047,False
rs5752801,114,175,-0.0655679,0.0680137,False
rs5752801,114,176,-0.0665943,0.0655103,False
rs5752801,114,177,-0.0655025,0.0718044,False
rs5752801,114,178,-0.0670835,0.0671278,False
rs5752801,114,179,-0.0645239,0.0800456,False
rs5752801,114,180,-0.0641639,0.0837968,False
rs5752801,114,181,-0.0640493,0.0865546,False
rs5752801,114,182,-0.0721345,0.0550767,False
rs5752801,114,183,-0.0787637,0.0376001,False
rs5752801,114,184,-0.0802333,0.0353752,False
rs5752801,114,185,-0.0935446,0.0148855,False
rs5752801,114,186,-0.083079,0.0317603,False
rs5752801,114,187,-0.0942085,0.0155683,False
rs5752801,114,188,-0.101409,0.00982544,False
rs5752801,114,189,-0.102791,0.00936046,False
rs5752801,114,190,-0.113976,0.00420511,False
rs5752801,114,191,-0.12448,0.00188797,False
rs5752801,114,192,-0.136747,0.000706644,False
rs5752801,114,193,-0.13343,0.00102681,False
rs5752801,114,194,-0.134037,0.00104798,False
rs5752801,114,195,-0.141186,0.000600752,False
rs5752801,114,196,-0.152308,0.000231761,False
rs5752801,114,197,-0.152158,0.000259081,False
rs5752801,114,198,-0.152517,0.000265339,False
rs5752801,114,199,-0.15797,0.00017505,False
rs5752801,114,200,-0.160248,0.000150922,False
rs5752801,114,201,-0.152612,0.000326034,False
rs5752801,114,202,-0.15796,0.000213769,False
rs5752801,114,203,-0.172404,5.61499e-05,False
rs5752801,114,204,-0.165472,0.000116571,False
rs5752801,114,205,-0.16315,0.000153591,False
rs5752801,114,206,-0.163723,0.000150722,False
rs5752801,114,207,-0.159706,0.000227658,False
rs5752801,114,208,-0.153984,0.000390278,False
rs5752801,114,209,-0.164519,0.000154386,False
rs5752801,114,210,-0.166279,0.000132213,False
rs5752801,114,211,-0.158866,0.000268157,False
rs5752801,114,212,-0.158916,0.000269229,False
rs5752801,114,213,-0.158928,0.000268252,False
rs5752801,114,214,-0.155321,0.000375443,False
rs5752801,114,215,-0.140442,0.00129634,False
rs5752801,114,216,-0.143971,0.000966485,False
rs5752801,114,217,-0.138995,0.00144043,False
rs5752801,114,218,-0.134227,0.00207956,False
rs5752801,114,219,-0.138608,0.00147403,False
rs5752801,114,220,-0.133242,0.00220701,False
rs5752801,114,221,-0.130979,0.00262465,False
rs5752801,114,222,-0.13293,0.00224067,False
rs5752801,114,223,-0.124674,0.0041032,False
rs5752801,114,224,-0.123233,0.00447453,False
rs5752801,114,225,-0.130923,0.00253964,False
rs5752801,114,226,-0.124824,0.00394498,False
rs5752801,114,227,-0.116511,0.00708623,False
rs5752801,114,228,-0.118067,0.00640949,False
rs5752801,114,229,-0.114232,0.00831461,False
rs5752801,114,230,-0.103722,0.0166189,False
rs5752801,114,231,-0.115521,0.0076512,False
rs5752801,114,232,-0.10041,0.0204741,False
rs5752801,114,233,-0.0905197,0.0368448,False
rs5752801,114,234,-0.084117,0.0527914,False
rs5752801,114,235,-0.0725938,0.0954354,False
rs5752801,114,236,-0.0617633,0.157184,False
rs5752801,114,237,-0.063107,0.1494,False
rs5752801,114,238,-0.0673517,0.124891,False
rs5752801,114,239,-0.0532611,0.227135,False
rs5752801,114,240,-0.0537873,0.22407,False
rs5752801,114,241,-0.0489947,0.270068,False
rs5752801,114,242,-0.0364754,0.414391,False
rs5752801,114,243,-0.0318469,0.478631,False
rs5752801,114,244,-0.026342,0.560533,False
rs5752801,114,245,-0.0342834,0.451668,False
rs5752801,114,246,-0.0231468,0.614062,False
rs5752801,114,247,-0.0157338,0.734402,False
rs5752801,114,248,-0.00893173,0.848925,False
rs5752801,114,249,-0.00886111,0.85184,False
rs5752801,115,11,0.00859898,0.749542,False
rs5752801,115,12,0.00397375,0.88163,False
rs5752801,115,13,-0.00258336,0.922105,False
rs5752801,115,14,0.00076834,0.976593,False
rs5752801,115,15,0.00367289,0.887642,False
rs5752801,115,16,-0.018214,0.481113,False
rs5752801,115,17,-0.00155767,0.95174,False
rs5752801,115,18,0.00338403,0.894891,False
rs5752801,115,19,-0.00303259,0.905669,False
rs5752801,115,20,-0.00245553,0.923276,False
rs5752801,115,21,-0.00485704,0.848644,False
rs5752801,115,22,0.00255966,0.919793,False
rs5752801,115,23,0.00617428,0.807332,False
rs5752801,115,24,-0.0113812,0.652013,False
rs5752801,115,25,-0.00653028,0.795607,False
rs5752801,115,26,-0.000756716,0.975988,False
rs5752801,115,27,0.00324563,0.89731,False
rs5752801,115,28,0.0043609,0.862216,False
rs5752801,115,29,-0.00450552,0.857449,False
rs5752801,115,30,0.00295814,0.906121,False
rs5752801,115,31,-0.00176541,0.943851,False
rs5752801,115,32,-0.00309797,0.901733,False
rs5752801,115,33,-0.0036251,0.885119,False
rs5752801,115,34,-0.00603063,0.810112,False
rs5752801,115,35,-0.0110224,0.660451,False
rs5752801,115,36,-0.00724959,0.773104,False
rs5752801,115,37,-0.00627717,0.803092,False
rs5752801,115,38,-0.00870465,0.729239,False
rs5752801,115,39,-0.00514214,0.838595,False
rs5752801,115,40,-0.00614747,0.807907,False
rs5752801,115,41,-0.0173866,0.492097,False
rs5752801,115,42,-0.0117677,0.642753,False
rs5752801,115,43,-0.00706974,0.780982,False
rs5752801,115,44,-0.00312483,0.902214,False
rs5752801,115,45,-0.00583932,0.818893,False
rs5752801,115,46,-0.0101532,0.690946,False
rs5752801,115,47,-0.015013,0.557754,False
rs5752801,115,48,-0.00930406,0.716503,False
rs5752801,115,49,-0.0113118,0.660485,False
rs5752801,115,50,-0.00826807,0.748332,False
rs5752801,115,51,-0.0152675,0.554449,False
rs5752801,115,52,-0.00633743,0.806527,False
rs5752801,115,53,-0.0115963,0.65425,False
rs5752801,115,54,-0.0124427,0.631792,False
rs5752801,115,55,-0.00742391,0.775499,False
rs5752801,115,56,-0.00841535,0.746507,False
rs5752801,115,57,-0.00811443,0.756149,False
rs5752801,115,58,-0.00867314,0.741087,False
rs5752801,115,59,-0.0142109,0.588752,False
rs5752801,115,60,0.00540773,0.837498,False
rs5752801,115,61,-0.00175226,0.947189,False
rs5752801,115,62,-0.0094889,0.720441,False
rs5752801,115,63,-0.00265542,0.920298,False
rs5752801,115,64,-0.0141432,0.596005,False
rs5752801,115,65,-0.0144832,0.588564,False
rs5752801,115,66,-0.0063904,0.811869,False
rs5752801,115,67,-0.00422749,0.875143,False
rs5752801,115,68,-0.00758501,0.778903,False
rs5752801,115,69,-0.0106866,0.693313,False
rs5752801,115,70,-0.0145735,0.591925,False
rs5752801,115,71,-0.00866463,0.750421,False
rs5752801,115,72,-0.0166114,0.542677,False
rs5752801,115,73,-0.0124826,0.648984,False
rs5752801,115,74,-0.0159099,0.562637,False
rs5752801,115,75,-0.015932,0.56343,False
rs5752801,115,76,-0.0177831,0.52108,False
rs5752801,115,77,-0.0117442,0.672514,False
rs5752801,115,78,-0.0255585,0.359408,False
rs5752801,115,79,-0.0117636,0.674404,False
rs5752801,115,80,-0.0135971,0.627759,False
rs5752801,115,81,-0.0152019,0.589606,False
rs5752801,115,82,-0.0148615,0.600079,False
rs5752801,115,83,-0.0191905,0.498922,False
rs5752801,115,84,-0.0122217,0.667164,False
rs5752801,115,85,-0.0149301,0.600377,False
rs5752801,115,86,-0.00956573,0.738028,False
rs5752801,115,87,-0.0189342,0.509598,False
rs5752801,115,88,-0.00983077,0.732302,False
rs5752801,115,89,-0.0123428,0.668487,False
rs5752801,115,90,-0.0100277,0.728684,False
rs5752801,115,91,-0.0068176,0.813992,False
rs5752801,115,92,-0.00895394,0.757705,False
rs5752801,115,93,-0.00660013,0.82072,False
rs5752801,115,94,-0.00780284,0.789169,False
rs5752801,115,95,-0.00402538,0.890406,False
rs5752801,115,96,-0.0179705,0.539683,False
rs5752801,115,97,-0.0106172,0.717683,False
rs5752801,115,98,-0.00481435,0.869993,False
rs5752801,115,99,-0.00903307,0.759758,False
rs5752801,115,100,-0.0112817,0.703116,False
rs5752801,115,101,-0.00796466,0.788456,False
rs5752801,115,102,-0.0120219,0.685698,False
rs5752801,115,103,-0.00890431,0.764907,False
rs5752801,115,104,-0.0110507,0.711297,False
rs5752801,115,105,-0.0285128,0.340408,False
rs5752801,115,106,-0.021246,0.478177,False
rs5752801,115,107,-0.0228494,0.446815,False
rs5752801,115,108,-0.0159993,0.59412,False
rs5752801,115,109,-0.016237,0.589539,False
rs5752801,115,110,-0.0224983,0.455466,False
rs5752801,115,111,-0.0221331,0.464597,False
rs5752801,115,112,-0.0204285,0.499701,False
rs5752801,115,113,-0.0222089,0.46409,False
rs5752801,115,114,-0.0294045,0.333444,False
rs5752801,115,115,-0.0318026,0.297223,False
rs5752801,115,116,-0.028508,0.350462,False
rs5752801,115,117,-0.0176705,0.563745,False
rs5752801,115,118,-0.0203399,0.507,False
rs5752801,115,119,-0.0282667,0.357273,False
rs5752801,115,120,-0.0257558,0.402792,False
rs5752801,115,121,-0.0155696,0.613704,False
rs5752801,115,122,-0.00940462,0.760526,False
rs5752801,115,123,-0.0232956,0.451765,False
rs5752801,115,124,-0.0337776,0.275868,False
rs5752801,115,125,-0.0370663,0.232262,False
rs5752801,115,126,-0.0353898,0.254902,False
rs5752801,115,127,-0.0334726,0.282373,False
rs5752801,115,128,-0.0317165,0.309346,False
rs5752801,115,129,-0.0363228,0.244737,False
rs5752801,115,130,-0.0395706,0.205815,False
rs5752801,115,131,-0.0366858,0.241763,False
rs5752801,115,132,-0.0426839,0.173899,False
rs5752801,115,133,-0.0466349,0.137905,False
rs5752801,115,134,-0.0440401,0.162079,False
rs5752801,115,135,-0.0426154,0.17649,False
rs5752801,115,136,-0.0519195,0.100153,False
rs5752801,115,137,-0.0490036,0.121599,False
rs5752801,115,138,-0.0477537,0.132438,False
rs5752801,115,139,-0.0418859,0.187081,False
rs5752801,115,140,-0.0382438,0.229305,False
rs5752801,115,141,-0.035957,0.259085,False
rs5752801,115,142,-0.0393469,0.218232,False
rs5752801,115,143,-0.046988,0.14212,False
rs5752801,115,144,-0.0409429,0.201081,False
rs5752801,115,145,-0.0446542,0.164038,False
rs5752801,115,146,-0.0400228,0.213495,False
rs5752801,115,147,-0.0456509,0.156729,False
rs5752801,115,148,-0.0446624,0.166992,False
rs5752801,115,149,-0.0551231,0.0890014,False
rs5752801,115,150,-0.0482851,0.137403,False
rs5752801,115,151,-0.0459876,0.158097,False
rs5752801,115,152,-0.0482675,0.139248,False
rs5752801,115,153,-0.0485095,0.138337,False
rs5752801,115,154,-0.0444934,0.174912,False
rs5752801,115,155,-0.0503879,0.12603,False
rs5752801,115,156,-0.0515256,0.119343,False
rs5752801,115,157,-0.0522793,0.115324,False
rs5752801,115,158,-0.0515659,0.121584,False
rs5752801,115,159,-0.045028,0.177683,False
rs5752801,115,160,-0.0493155,0.141707,False
rs5752801,115,161,-0.051161,0.128964,False
rs5752801,115,162,-0.0489289,0.148202,False
rs5752801,115,163,-0.0528393,0.120137,False
rs5752801,115,164,-0.0491718,0.150203,False
rs5752801,115,165,-0.0515577,0.133117,False
rs5752801,115,166,-0.049361,0.152266,False
rs5752801,115,167,-0.0495641,0.152879,False
rs5752801,115,168,-0.0472777,0.17573,False
rs5752801,115,169,-0.0608647,0.0826792,False
rs5752801,115,170,-0.0607638,0.085062,False
rs5752801,115,171,-0.0513287,0.148113,False
rs5752801,115,172,-0.0582157,0.102925,False
rs5752801,115,173,-0.0690803,0.054574,False
rs5752801,115,174,-0.0683955,0.058682,False
rs5752801,115,175,-0.0598968,0.100346,False
rs5752801,115,176,-0.0700444,0.0561637,False
rs5752801,115,177,-0.0705706,0.0560104,False
rs5752801,115,178,-0.0752669,0.043223,False
rs5752801,115,179,-0.0724544,0.0529801,False
rs5752801,115,180,-0.0815856,0.0302766,False
rs5752801,115,181,-0.0816632,0.0313048,False
rs5752801,115,182,-0.0801916,0.0359363,False
rs5752801,115,183,-0.0791602,0.0397694,False
rs5752801,115,184,-0.0812062,0.0361889,False
rs5752801,115,185,-0.0883351,0.0237499,False
rs5752801,115,186,-0.0949571,0.0157602,False
rs5752801,115,187,-0.0978039,0.0135981,False
rs5752801,115,188,-0.101455,0.0111191,False
rs5752801,115,189,-0.105923,0.00837563,False
rs5752801,115,190,-0.114481,0.00465651,False
rs5752801,115,191,-0.11794,0.00379501,False
rs5752801,115,192,-0.119819,0.00344256,False
rs5752801,115,193,-0.123681,0.0026802,False
rs5752801,115,194,-0.124945,0.00259858,False
rs5752801,115,195,-0.134998,0.00119803,False
rs5752801,115,196,-0.140257,0.000811199,False
rs5752801,115,197,-0.146661,0.000490298,False
rs5752801,115,198,-0.149939,0.000390568,False
rs5752801,115,199,-0.14055,0.00093753,False
rs5752801,115,200,-0.157242,0.000228017,False
rs5752801,115,201,-0.145783,0.000660523,False
rs5752801,115,202,-0.150434,0.000456313,False
rs5752801,115,203,-0.156243,0.000285131,False
rs5752801,115,204,-0.15566,0.000308911,False
rs5752801,115,205,-0.15476,0.000350316,False
rs5752801,115,206,-0.150829,0.000503883,False
rs5752801,115,207,-0.152983,0.000422855,False
rs5752801,115,208,-0.154339,0.000381959,False
rs5752801,115,209,-0.155939,0.00033227,False
rs5752801,115,210,-0.154704,0.00038024,False
rs5752801,115,211,-0.159014,0.000259525,False
rs5752801,115,212,-0.159825,0.000240801,False
rs5752801,115,213,-0.171962,7.8383e-05,False
rs5752801,115,214,-0.150105,0.00056043,False
rs5752801,115,215,-0.153771,0.00041408,False
rs5752801,115,216,-0.154112,0.000397317,False
rs5752801,115,217,-0.150853,0.000525297,False
rs5752801,115,218,-0.139636,0.00131228,False
rs5752801,115,219,-0.137016,0.00159628,False
rs5752801,115,220,-0.138716,0.00138519,False
rs5752801,115,221,-0.131952,0.00236756,False
rs5752801,115,222,-0.125176,0.00387655,False
rs5752801,115,223,-0.119515,0.00583998,False
rs5752801,115,224,-0.114572,0.008077,False
rs5752801,115,225,-0.0984031,0.0230281,False
rs5752801,115,226,-0.100696,0.0200393,False
rs5752801,115,227,-0.100084,0.0207191,False
rs5752801,115,228,-0.0878613,0.0422206,False
rs5752801,115,229,-0.0989036,0.0222649,False
rs5752801,115,230,-0.0877644,0.0427787,False
rs5752801,115,231,-0.0872005,0.0441539,False
rs5752801,115,232,-0.0739266,0.0884364,False
rs5752801,115,233,-0.0815946,0.0603105,False
rs5752801,115,234,-0.0721467,0.097379,False
rs5752801,115,235,-0.0728086,0.0954504,False
rs5752801,115,236,-0.0617544,0.159211,False
rs5752801,115,237,-0.0560817,0.201728,False
rs5752801,115,238,-0.0550444,0.211936,False
rs5752801,115,239,-0.0549268,0.214525,False
rs5752801,115,240,-0.0523544,0.239393,False
rs5752801,115,241,-0.0503782,0.259766,False
rs5752801,115,242,-0.0524724,0.24345,False
rs5752801,115,243,-0.0580795,0.199258,False
rs5752801,115,244,-0.0534753,0.240283,False
rs5752801,115,245,-0.0426252,0.35344,False
rs5752801,115,246,-0.0367689,0.427511,False
rs5752801,115,247,-0.0371019,0.42718,False
rs5752801,115,248,-0.0303427,0.520727,False
rs5752801,115,249,-0.0312527,0.513161,False
rs5752801,116,13,0.00810258,0.761877,False
rs5752801,116,14,0.013508,0.609836,False
rs5752801,116,15,0.0127449,0.628117,False
rs5752801,116,16,0.00945031,0.717629,False
rs5752801,116,17,0.00684927,0.79214,False
rs5752801,116,18,0.0161062,0.533531,False
rs5752801,116,19,0.0111606,0.664675,False
rs5752801,116,20,0.000729502,0.977307,False
rs5752801,116,21,0.00258465,0.919796,False
rs5752801,116,22,0.0092003,0.718817,False
rs5752801,116,23,0.00791946,0.755584,False
rs5752801,116,24,0.00183408,0.942509,False
rs5752801,116,25,0.00871274,0.731039,False
rs5752801,116,26,-0.00234244,0.926155,False
rs5752801,116,27,0.00872315,0.729655,False
rs5752801,116,28,0.00350421,0.889586,False
rs5752801,116,29,0.00200838,0.936448,False
rs5752801,116,30,0.00437796,0.86212,False
rs5752801,116,31,0.00878396,0.727025,False
rs5752801,116,32,-0.0117623,0.640185,False
rs5752801,116,33,0.000846996,0.973177,False
rs5752801,116,34,-0.00481841,0.848551,False
rs5752801,116,35,-0.00529003,0.834043,False
rs5752801,116,36,0.00300227,0.905248,False
rs5752801,116,37,-0.00338363,0.893262,False
rs5752801,116,38,-0.0107952,0.669854,False
rs5752801,116,39,-0.00475062,0.850942,False
rs5752801,116,40,-0.0141428,0.576558,False
rs5752801,116,41,-0.00238113,0.92523,False
rs5752801,116,42,0.00102471,0.967861,False
rs5752801,116,43,0.0137444,0.589369,False
rs5752801,116,44,0.000844364,0.973544,False
rs5752801,116,45,0.00214251,0.933128,False
rs5752801,116,46,0.00388164,0.879372,False
rs5752801,116,47,-0.000404575,0.987398,False
rs5752801,116,48,0.000548123,0.982974,False
rs5752801,116,49,0.00341313,0.894473,False
rs5752801,116,50,0.00266828,0.917601,False
rs5752801,116,51,-0.00253666,0.921779,False
rs5752801,116,52,0.00429352,0.868406,False
rs5752801,116,53,-0.00279078,0.91443,False
rs5752801,116,54,0.00067365,0.979419,False
rs5752801,116,55,0.00425399,0.870564,False
rs5752801,116,56,0.000670877,0.979533,False
rs5752801,116,57,-0.00520081,0.843245,False
rs5752801,116,58,0.00297428,0.910092,False
rs5752801,116,59,-0.00909592,0.731013,False
rs5752801,116,60,-0.00590446,0.82371,False
rs5752801,116,61,-0.00285059,0.914487,False
rs5752801,116,62,-0.0112043,0.673988,False
rs5752801,116,63,-0.00631214,0.81312,False
rs5752801,116,64,-0.00199927,0.940468,False
rs5752801,116,65,-0.00367703,0.89096,False
rs5752801,116,66,-0.00636619,0.813193,False
rs5752801,116,67,-0.0015047,0.955557,False
rs5752801,116,68,0.0011857,0.965032,False
rs5752801,116,69,0.00699986,0.796577,False
rs5752801,116,70,-0.0145873,0.592846,False
rs5752801,116,71,-0.000279113,0.991852,False
rs5752801,116,72,-0.00141113,0.958897,False
rs5752801,116,73,0.0022679,0.934199,False
rs5752801,116,74,-0.0115402,0.675074,False
rs5752801,116,75,-0.0104428,0.705722,False
rs5752801,116,76,-0.01274,0.64612,False
rs5752801,116,77,-0.00630131,0.820785,False
rs5752801,116,78,-0.00964035,0.729419,False
rs5752801,116,79,-0.0188382,0.500818,False
rs5752801,116,80,-0.0109622,0.696159,False
rs5752801,116,81,-0.0142703,0.612082,False
rs5752801,116,82,-0.0114641,0.684993,False
rs5752801,116,83,-0.0131731,0.641902,False
rs5752801,116,84,-0.0154713,0.585693,False
rs5752801,116,85,-0.0152703,0.592015,False
rs5752801,116,86,-0.00537172,0.850899,False
rs5752801,116,87,-0.0130027,0.649598,False
rs5752801,116,88,-0.0119016,0.678526,False
rs5752801,116,89,-0.0133972,0.64188,False
rs5752801,116,90,-0.0143116,0.620656,False
rs5752801,116,91,-0.010558,0.715728,False
rs5752801,116,92,-0.00984613,0.734779,False
rs5752801,116,93,-0.012698,0.662776,False
rs5752801,116,94,-0.0107231,0.713183,False
rs5752801,116,95,-0.00185222,0.949571,False
rs5752801,116,96,0.00093163,0.974667,False
rs5752801,116,97,-0.00254141,0.931134,False
rs5752801,116,98,-0.0037332,0.899211,False
rs5752801,116,99,-0.0114912,0.697741,False
rs5752801,116,100,0.00365803,0.901772,False
rs5752801,116,101,-0.0013157,0.964627,False
rs5752801,116,102,0.00131201,0.964821,False
rs5752801,116,103,-0.00370035,0.901074,False
rs5752801,116,104,-0.0104594,0.726802,False
rs5752801,116,105,-0.0124748,0.677258,False
rs5752801,116,106,-0.009438,0.753517,False
rs5752801,116,107,-0.00697255,0.816941,False
rs5752801,116,108,-0.00628245,0.834952,False
rs5752801,116,109,-0.0129621,0.667834,False
rs5752801,116,110,-0.0217579,0.47215,False
rs5752801,116,111,-0.0123387,0.684333,False
rs5752801,116,112,-0.0105846,0.727964,False
rs5752801,116,113,-0.0125524,0.680505,False
rs5752801,116,114,-0.0136012,0.656262,False
rs5752801,116,115,-0.0136671,0.655625,False
rs5752801,116,116,-0.0233276,0.447001,False
rs5752801,116,117,-0.0259498,0.398365,False
rs5752801,116,118,-0.0297386,0.333794,False
rs5752801,116,119,-0.027769,0.36782,False
rs5752801,116,120,-0.0241784,0.433709,False
rs5752801,116,121,-0.0317576,0.304502,False
rs5752801,116,122,-0.0250317,0.419269,False
rs5752801,116,123,-0.0226865,0.465324,False
rs5752801,116,124,-0.0423271,0.173749,False
rs5752801,116,125,-0.0281457,0.36644,False
rs5752801,116,126,-0.0273089,0.381746,False
rs5752801,116,127,-0.0316557,0.31085,False
rs5752801,116,128,-0.0267535,0.393012,False
rs5752801,116,129,-0.0357993,0.254575,False
rs5752801,116,130,-0.0298596,0.343234,False
rs5752801,116,131,-0.0310545,0.325346,False
rs5752801,116,132,-0.0340306,0.28152,False
rs5752801,116,133,-0.0415504,0.188704,False
rs5752801,116,134,-0.0386544,0.222279,False
rs5752801,116,135,-0.0306273,0.334711,False
rs5752801,116,136,-0.0301312,0.343485,False
rs5752801,116,137,-0.0340235,0.284898,False
rs5752801,116,138,-0.0379515,0.233546,False
rs5752801,116,139,-0.0371029,0.245803,False
rs5752801,116,140,-0.0459161,0.152132,False
rs5752801,116,141,-0.0463741,0.148194,False
rs5752801,116,142,-0.0469812,0.144037,False
rs5752801,116,143,-0.0467472,0.146628,False
rs5752801,116,144,-0.049674,0.123801,False
rs5752801,116,145,-0.0432023,0.181937,False
rs5752801,116,146,-0.0403025,0.214023,False
rs5752801,116,147,-0.0400775,0.217513,False
rs5752801,116,148,-0.0484659,0.136934,False
rs5752801,116,149,-0.0553129,0.0905632,False
rs5752801,116,150,-0.0487558,0.136804,False
rs5752801,116,151,-0.0521114,0.112404,False
rs5752801,116,152,-0.0492486,0.13517,False
rs5752801,116,153,-0.0526355,0.111439,False
rs5752801,116,154,-0.0517948,0.118314,False
rs5752801,116,155,-0.0516365,0.120867,False
rs5752801,116,156,-0.0509985,0.127051,False
rs5752801,116,157,-0.0544191,0.104792,False
rs5752801,116,158,-0.0547179,0.104368,False
rs5752801,116,159,-0.0531,0.11594,False
rs5752801,116,160,-0.0471028,0.165569,False
rs5752801,116,161,-0.0360406,0.290982,False
rs5752801,116,162,-0.041307,0.228248,False
rs5752801,116,163,-0.0482338,0.161668,False
rs5752801,116,164,-0.0469158,0.176056,False
rs5752801,116,165,-0.0447646,0.19927,False
rs5752801,116,166,-0.0455682,0.193534,False
rs5752801,116,167,-0.0498566,0.157106,False
rs5752801,116,168,-0.0612979,0.0839083,False
rs5752801,116,169,-0.0663825,0.0624994,False
rs5752801,116,170,-0.0694812,0.0526262,False
rs5752801,116,171,-0.0674163,0.0613681,False
rs5752801,116,172,-0.0680985,0.0604671,False
rs5752801,116,173,-0.0663615,0.069169,False
rs5752801,116,174,-0.0730865,0.0467214,False
rs5752801,116,175,-0.0749715,0.0427119,False
rs5752801,116,176,-0.0829416,0.0258147,False
rs5752801,116,177,-0.084987,0.0232731,False
rs5752801,116,178,-0.0762607,0.0433713,False
rs5752801,116,179,-0.0761544,0.0447075,False
rs5752801,116,180,-0.0837957,0.0284748,False
rs5752801,116,181,-0.0795555,0.0391114,False
rs5752801,116,182,-0.0831268,0.0322184,False
rs5752801,116,183,-0.0853898,0.0289747,False
rs5752801,116,184,-0.0944925,0.0163955,False
rs5752801,116,185,-0.091618,0.0207862,False
rs5752801,116,186,-0.101703,0.0108047,False
rs5752801,116,187,-0.0972536,0.0154395,False
rs5752801,116,188,-0.103773,0.0103073,False
rs5752801,116,189,-0.106202,0.00902298,False
rs5752801,116,190,-0.106192,0.00949504,False
rs5752801,116,191,-0.116235,0.00476097,False
rs5752801,116,192,-0.113979,0.00588246,False
rs5752801,116,193,-0.119223,0.00420202,False
rs5752801,116,194,-0.126052,0.00259578,False
rs5752801,116,195,-0.125573,0.00281434,False
rs5752801,116,196,-0.127315,0.00258312,False
rs5752801,116,197,-0.127397,0.00264362,False
rs5752801,116,198,-0.136561,0.0013081,False
rs5752801,116,199,-0.136521,0.00137922,False
rs5752801,116,200,-0.14376,0.000791945,False
rs5752801,116,201,-0.150816,0.000451807,False
rs5752801,116,202,-0.147303,0.000629412,False
rs5752801,116,203,-0.147816,0.000618711,False
rs5752801,116,204,-0.146716,0.000684592,False
rs5752801,116,205,-0.152054,0.000442392,False
rs5752801,116,206,-0.156945,0.000298066,False
rs5752801,116,207,-0.158089,0.000271233,False
rs5752801,116,208,-0.167112,0.000122269,False
rs5752801,116,209,-0.164622,0.000155855,False
rs5752801,116,210,-0.171862,7.79687e-05,False
rs5752801,116,211,-0.169917,9.39296e-05,False
rs5752801,116,212,-0.161267,0.000209389,False
rs5752801,116,213,-0.16822,0.000109848,False
rs5752801,116,214,-0.159198,0.000252324,False
rs5752801,116,215,-0.158456,0.000265299,False
rs5752801,116,216,-0.152085,0.000468257,False
rs5752801,116,217,-0.145666,0.000795501,False
rs5752801,116,218,-0.141346,0.00113707,False
rs5752801,116,219,-0.142573,0.00102792,False
rs5752801,116,220,-0.138694,0.00138444,False
rs5752801,116,221,-0.126021,0.00361556,False
rs5752801,116,222,-0.114731,0.00804691,False
rs5752801,116,223,-0.112101,0.00965432,False
rs5752801,116,224,-0.0995521,0.0215225,False
rs5752801,116,225,-0.0984321,0.0230224,False
rs5752801,116,226,-0.0936541,0.0304821,False
rs5752801,116,227,-0.0827195,0.0561882,False
rs5752801,116,228,-0.0850554,0.0496616,False
rs5752801,116,229,-0.0820015,0.058706,False
rs5752801,116,230,-0.077104,0.0756519,False
rs5752801,116,231,-0.077101,0.0761868,False
rs5752801,116,232,-0.0668915,0.124762,False
rs5752801,116,233,-0.0681212,0.118798,False
rs5752801,116,234,-0.0657976,0.132966,False
rs5752801,116,235,-0.0584599,0.183253,False
rs5752801,116,236,-0.0566355,0.198694,False
rs5752801,116,237,-0.0496657,0.262235,False
rs5752801,116,238,-0.0472551,0.287551,False
rs5752801,116,239,-0.0515266,0.248188,False
rs5752801,116,240,-0.0483231,0.281277,False
rs5752801,116,241,-0.0381606,0.397835,False
rs5752801,116,242,-0.0390244,0.389759,False
rs5752801,116,243,-0.0294468,0.518969,False
rs5752801,116,244,-0.0349657,0.447421,False
rs5752801,116,245,-0.0306765,0.508459,False
rs5752801,116,246,-0.0226063,0.629362,False
rs5752801,116,247,-0.0222662,0.637841,False
rs5752801,116,248,-0.0148334,0.75644,False
rs5752801,117,16,0.0071146,0.787408,False
rs5752801,117,17,0.00340807,0.896474,False
rs5752801,117,18,-0.00701312,0.788307,False
rs5752801,117,19,0.0061259,0.81297,False
rs5752801,117,20,0.00895039,0.729462,False
rs5752801,117,21,-0.00270427,0.916291,False
rs5752801,117,22,-0.00769162,0.764437,False
rs5752801,117,23,-0.00120736,0.962336,False
rs5752801,117,24,-0.00969773,0.703829,False
rs5752801,117,25,-0.00927261,0.715764,False
rs5752801,117,26,-0.0069155,0.785533,False
rs5752801,117,27,-0.00246661,0.92262,False
rs5752801,117,28,-0.00333231,0.89546,False
rs5752801,117,29,-0.00971006,0.701473,False
rs5752801,117,30,-0.00909447,0.719788,False
rs5752801,117,31,-0.00788738,0.755527,False
rs5752801,117,32,-0.000101034,0.996819,False
rs5752801,117,33,-0.00912247,0.718501,False
rs5752801,117,34,-0.00672726,0.791161,False
rs5752801,117,35,-0.00578718,0.819497,False
rs5752801,117,36,-0.00349957,0.890345,False
rs5752801,117,37,-0.00754888,0.766462,False
rs5752801,117,38,-0.00522851,0.837171,False
rs5752801,117,39,-0.00578936,0.820271,False
rs5752801,117,40,-0.0107636,0.672659,False
rs5752801,117,41,-0.00637216,0.802991,False
rs5752801,117,42,-0.00450251,0.860203,False
rs5752801,117,43,-0.012715,0.619796,False
rs5752801,117,44,-0.0161229,0.529721,False
rs5752801,117,45,-0.0111567,0.663601,False
rs5752801,117,46,-0.0147319,0.567257,False
rs5752801,117,47,-0.01873,0.466944,False
rs5752801,117,48,-0.0109998,0.670324,False
rs5752801,117,49,-0.0149001,0.564305,False
rs5752801,117,50,-0.022806,0.379179,False
rs5752801,117,51,-0.0079058,0.760744,False
rs5752801,117,52,-0.00834187,0.748465,False
rs5752801,117,53,-0.00889071,0.7335,False
rs5752801,117,54,-0.00325501,0.90086,False
rs5752801,117,55,-0.012484,0.633601,False
rs5752801,117,56,-0.00961158,0.714652,False
rs5752801,117,57,-0.00493018,0.85155,False
rs5752801,117,58,-0.0037617,0.886706,False
rs5752801,117,59,-0.00196795,0.940701,False
rs5752801,117,60,-0.0154369,0.561001,False
rs5752801,117,61,-0.0058754,0.825343,False
rs5752801,117,62,-0.0084457,0.751347,False
rs5752801,117,63,-0.0111775,0.675995,False
rs5752801,117,64,-0.0041214,0.877989,False
rs5752801,117,65,-0.0093101,0.729575,False
rs5752801,117,66,-0.00998633,0.711693,False
rs5752801,117,67,-0.0102207,0.705733,False
rs5752801,117,68,-0.0119579,0.659787,False
rs5752801,117,69,-0.0100706,0.711352,False
rs5752801,117,70,-0.0153723,0.572979,False
rs5752801,117,71,-0.0148048,0.58865,False
rs5752801,117,72,-0.0145513,0.595933,False
rs5752801,117,73,-0.016065,0.55945,False
rs5752801,117,74,-0.00445796,0.871912,False
rs5752801,117,75,-0.0184528,0.505733,False
rs5752801,117,76,-0.0200517,0.47139,False
rs5752801,117,77,-0.0214515,0.442166,False
rs5752801,117,78,-0.0203129,0.467925,False
rs5752801,117,79,-0.0181204,0.518392,False
rs5752801,117,80,-0.00741525,0.792443,False
rs5752801,117,81,-0.0170344,0.546588,False
rs5752801,117,82,-0.0160121,0.571995,False
rs5752801,117,83,-0.0130381,0.64624,False
rs5752801,117,84,-0.0147345,0.605058,False
rs5752801,117,85,-0.0141058,0.622147,False
rs5752801,117,86,-0.0138055,0.630077,False
rs5752801,117,87,-0.0115303,0.688079,False
rs5752801,117,88,-0.014967,0.603933,False
rs5752801,117,89,0.000944054,0.97393,False
rs5752801,117,90,0.00471938,0.870678,False
rs5752801,117,91,-0.00450727,0.87673,False
rs5752801,117,92,-0.00716246,0.80565,False
rs5752801,117,93,-0.00982916,0.736401,False
rs5752801,117,94,-0.00647524,0.825031,False
rs5752801,117,95,-0.00786525,0.78907,False
rs5752801,117,96,0.00106598,0.971131,False
rs5752801,117,97,0.000732451,0.980195,False
rs5752801,117,98,-0.00434868,0.882979,False
rs5752801,117,99,-0.0102303,0.729987,False
rs5752801,117,100,-0.0029328,0.921351,False
rs5752801,117,101,0.0013445,0.963963,False
rs5752801,117,102,-0.000535567,0.985659,False
rs5752801,117,103,-0.00689485,0.817256,False
rs5752801,117,104,-0.00746545,0.803323,False
rs5752801,117,105,-0.00802716,0.789239,False
rs5752801,117,106,-0.0147897,0.623088,False
rs5752801,117,107,-0.0124284,0.680007,False
rs5752801,117,108,-0.00370373,0.902568,False
rs5752801,117,109,-0.0228294,0.451604,False
rs5752801,117,110,-0.0128814,0.671519,False
rs5752801,117,111,-0.012756,0.675638,False
rs5752801,117,112,-0.0140189,0.646052,False
rs5752801,117,113,-0.0207679,0.497816,False
rs5752801,117,114,-0.0237658,0.439506,False
rs5752801,117,115,-0.030373,0.324305,False
rs5752801,117,116,-0.0246844,0.424016,False
rs5752801,117,117,-0.0134503,0.663767,False
rs5752801,117,118,-0.0188714,0.542386,False
rs5752801,117,119,-0.0277134,0.372255,False
rs5752801,117,120,-0.0257557,0.407635,False
rs5752801,117,121,-0.0203354,0.513697,False
rs5752801,117,122,-0.0186795,0.549286,False
rs5752801,117,123,-0.0266106,0.394791,False
rs5752801,117,124,-0.0305346,0.330144,False
rs5752801,117,125,-0.0355148,0.25841,False
rs5752801,117,126,-0.0376374,0.231522,False
rs5752801,117,127,-0.0354554,0.260988,False
rs5752801,117,128,-0.0328465,0.298626,False
rs5752801,117,129,-0.0267575,0.3971,False
rs5752801,117,130,-0.0297793,0.347324,False
rs5752801,117,131,-0.0348497,0.272062,False
rs5752801,117,132,-0.0313081,0.325149,False
rs5752801,117,133,-0.0339292,0.287443,False
rs5752801,117,134,-0.024022,0.452348,False
rs5752801,117,135,-0.0342587,0.284122,False
rs5752801,117,136,-0.0431258,0.178449,False
rs5752801,117,137,-0.0476235,0.138319,False
rs5752801,117,138,-0.0434152,0.177136,False
rs5752801,117,139,-0.0402507,0.211756,False
rs5752801,117,140,-0.0306702,0.342404,False
rs5752801,117,141,-0.0349815,0.279755,False
rs5752801,117,142,-0.0358987,0.268753,False
rs5752801,117,143,-0.0412683,0.204581,False
rs5752801,117,144,-0.0417836,0.199323,False
rs5752801,117,145,-0.0506238,0.121517,False
rs5752801,117,146,-0.0500212,0.126663,False
rs5752801,117,147,-0.0472815,0.149961,False
rs5752801,117,148,-0.0477242,0.146761,False
rs5752801,117,149,-0.045545,0.167778,False
rs5752801,117,150,-0.0433748,0.190309,False
rs5752801,117,151,-0.0475208,0.152779,False
rs5752801,117,152,-0.0516094,0.121665,False
rs5752801,117,153,-0.0527591,0.11479,False
rs5752801,117,154,-0.0456423,0.173994,False
rs5752801,117,155,-0.0487986,0.147488,False
rs5752801,117,156,-0.0516266,0.126896,False
rs5752801,117,157,-0.0490932,0.147968,False
rs5752801,117,158,-0.0492583,0.148105,False
rs5752801,117,159,-0.0552329,0.106675,False
rs5752801,117,160,-0.06074,0.0771517,False
rs5752801,117,161,-0.0638226,0.0645327,False
rs5752801,117,162,-0.0606605,0.080706,False
rs5752801,117,163,-0.0597024,0.0869995,False
rs5752801,117,164,-0.0577254,0.099855,False
rs5752801,117,165,-0.0558139,0.113758,False
rs5752801,117,166,-0.0568079,0.109248,False
rs5752801,117,167,-0.0673513,0.0596309,False
rs5752801,117,168,-0.0631015,0.0793319,False
rs5752801,117,169,-0.0654663,0.0702497,False
rs5752801,117,170,-0.0671095,0.0651147,False
rs5752801,117,171,-0.0609758,0.0961475,False
rs5752801,117,172,-0.0741682,0.0443924,False
rs5752801,117,173,-0.0785148,0.0343652,False
rs5752801,117,174,-0.0713616,0.0557868,False
rs5752801,117,175,-0.0712926,0.0577365,False
rs5752801,117,176,-0.076979,0.0418831,False
rs5752801,117,177,-0.0744993,0.0502415,False
rs5752801,117,178,-0.0763856,0.0462307,False
rs5752801,117,179,-0.0744193,0.0536839,False
rs5752801,117,180,-0.0715553,0.0654589,False
rs5752801,117,181,-0.076183,0.051629,False
rs5752801,117,182,-0.0846358,0.0318172,False
rs5752801,117,183,-0.0835852,0.0350965,False
rs5752801,117,184,-0.0857392,0.0316615,False
rs5752801,117,185,-0.0924438,0.0213086,False
rs5752801,117,186,-0.0962004,0.0173206,False
rs5752801,117,187,-0.104584,0.0101827,False
rs5752801,117,188,-0.110046,0.00720483,False
rs5752801,117,189,-0.11597,0.00488436,False
rs5752801,117,190,-0.107993,0.00908241,False
rs5752801,117,191,-0.108043,0.00943579,False
rs5752801,117,192,-0.121932,0.00361542,False
rs5752801,117,193,-0.133081,0.00156494,False
rs5752801,117,194,-0.133765,0.00154304,False
rs5752801,117,195,-0.1331,0.00169911,False
rs5752801,117,196,-0.135366,0.00148181,False
rs5752801,117,197,-0.138647,0.00117295,False
rs5752801,117,198,-0.138012,0.00128234,False
rs5752801,117,199,-0.144088,0.000799635,False
rs5752801,117,200,-0.1555,0.000311932,False
rs5752801,117,201,-0.158019,0.000255112,False
rs5752801,117,202,-0.15707,0.000288088,False
rs5752801,117,203,-0.158136,0.000263416,False
rs5752801,117,204,-0.161482,0.000197683,False
rs5752801,117,205,-0.16034,0.000217927,False
rs5752801,117,206,-0.154908,0.000352788,False
rs5752801,117,207,-0.160547,0.000218531,False
rs5752801,117,208,-0.16724,0.000116844,False
rs5752801,117,209,-0.166192,0.000131668,False
rs5752801,117,210,-0.172008,7.48934e-05,False
rs5752801,117,211,-0.163796,0.000161709,False
rs5752801,117,212,-0.163839,0.00016119,False
rs5752801,117,213,-0.160785,0.000216493,False
rs5752801,117,214,-0.156834,0.000305138,False
rs5752801,117,215,-0.152128,0.00046003,False
rs5752801,117,216,-0.152561,0.00043935,False
rs5752801,117,217,-0.154683,0.000368264,False
rs5752801,117,218,-0.148274,0.000636096,False
rs5752801,117,219,-0.132772,0.00220589,False
rs5752801,117,220,-0.126419,0.00357605,False
rs5752801,117,221,-0.125644,0.00379839,False
rs5752801,117,222,-0.122184,0.00485222,False
rs5752801,117,223,-0.122902,0.00458203,False
rs5752801,117,224,-0.103144,0.0173759,False
rs5752801,117,225,-0.108369,0.0124501,False
rs5752801,117,226,-0.100164,0.0210526,False
rs5752801,117,227,-0.0973,0.0250326,False
rs5752801,117,228,-0.0929216,0.0326245,False
rs5752801,117,229,-0.0816843,0.0604624,False
rs5752801,117,230,-0.0773939,0.0758148,False
rs5752801,117,231,-0.0722909,0.0978773,False
rs5752801,117,232,-0.0731695,0.0955227,False
rs5752801,117,233,-0.0665821,0.129452,False
rs5752801,117,234,-0.047723,0.278966,False
rs5752801,117,235,-0.0564023,0.202536,False
rs5752801,117,236,-0.0546416,0.21896,False
rs5752801,117,237,-0.0432425,0.332973,False
rs5752801,117,238,-0.0402999,0.369833,False
rs5752801,117,239,-0.0287996,0.523652,False
rs5752801,117,240,-0.0375221,0.408482,False
rs5752801,117,241,-0.036986,0.418028,False
rs5752801,117,242,-0.0328763,0.474267,False
rs5752801,117,243,-0.0177307,0.701896,False
rs5752801,117,244,-0.00442726,0.924447,False
rs5752801,117,245,-0.0114058,0.808713,False
rs5752801,117,246,-0.0156902,0.741456,False
rs5752801,117,247,-0.00520435,0.913821,False
rs5752801,118,25,0.00128891,0.960329,False
rs5752801,118,26,0.00341379,0.895051,False
rs5752801,118,27,0.0104522,0.685652,False
rs5752801,118,28,0.00825596,0.748775,False
rs5752801,118,29,0.00231998,0.928217,False
rs5752801,118,30,0.0101084,0.69463,False
rs5752801,118,31,0.0119933,0.641259,False
rs5752801,118,32,0.00166054,0.948604,False
rs5752801,118,33,0.00684855,0.790406,False
rs5752801,118,34,0.0152712,0.552917,False
rs5752801,118,35,0.00591984,0.818116,False
rs5752801,118,36,0.0079596,0.757343,False
rs5752801,118,37,0.0107092,0.677679,False
rs5752801,118,38,0.011161,0.66451,False
rs5752801,118,39,0.0127365,0.620606,False
rs5752801,118,40,0.00491602,0.848573,False
rs5752801,118,41,0.0120323,0.640344,False
rs5752801,118,42,0.0157735,0.541261,False
rs5752801,118,43,0.00551538,0.83129,False
rs5752801,118,44,0.00523391,0.83943,False
rs5752801,118,45,0.0120867,0.639969,False
rs5752801,118,46,0.00760966,0.768797,False
rs5752801,118,47,-0.000569946,0.982481,False
rs5752801,118,48,0.00041928,0.987148,False
rs5752801,118,49,0.00318327,0.902743,False
rs5752801,118,50,-0.00566109,0.828066,False
rs5752801,118,51,-0.00629893,0.809858,False
rs5752801,118,52,-0.00420491,0.872481,False
rs5752801,118,53,-0.00521799,0.842655,False
rs5752801,118,54,-0.000849199,0.974307,False
rs5752801,118,55,0.00387425,0.883647,False
rs5752801,118,56,-0.00564844,0.831227,False
rs5752801,118,57,-0.000687061,0.979365,False
rs5752801,118,58,-0.00736526,0.782318,False
rs5752801,118,59,-0.00248775,0.925866,False
rs5752801,118,60,-0.0016406,0.951196,False
rs5752801,118,61,-0.00916224,0.73321,False
rs5752801,118,62,-0.0092654,0.731092,False
rs5752801,118,63,-0.0179113,0.508167,False
rs5752801,118,64,-0.00772751,0.775633,False
rs5752801,118,65,-0.00399656,0.882982,False
rs5752801,118,66,-0.0107514,0.693158,False
rs5752801,118,67,-0.0117087,0.667923,False
rs5752801,118,68,-0.0185204,0.498416,False
rs5752801,118,69,-0.0186377,0.496709,False
rs5752801,118,70,-0.0169443,0.537792,False
rs5752801,118,71,-0.0149482,0.587662,False
rs5752801,118,72,-0.0099143,0.719836,False
rs5752801,118,73,-0.0110961,0.689478,False
rs5752801,118,74,-0.0133978,0.629882,False
rs5752801,118,75,-0.00974304,0.726879,False
rs5752801,118,76,-0.00510692,0.855221,False
rs5752801,118,77,-0.0166331,0.554294,False
rs5752801,118,78,-0.00590941,0.833833,False
rs5752801,118,79,-0.0177928,0.529475,False
rs5752801,118,80,-0.020437,0.471694,False
rs5752801,118,81,-0.0213147,0.454109,False
rs5752801,118,82,-0.0195544,0.492708,False
rs5752801,118,83,-0.0168923,0.554702,False
rs5752801,118,84,-0.0152395,0.594954,False
rs5752801,118,85,-0.00923465,0.748288,False
rs5752801,118,86,-0.00570171,0.843457,False
rs5752801,118,87,-0.00333922,0.908169,False
rs5752801,118,88,0.00236948,0.934902,False
rs5752801,118,89,-0.0134518,0.643746,False
rs5752801,118,90,-0.00647424,0.824223,False
rs5752801,118,91,0.00071997,0.980338,False
rs5752801,118,92,0.0132095,0.652404,False
rs5752801,118,93,0.0129799,0.658934,False
rs5752801,118,94,0.0146541,0.618816,False
rs5752801,118,95,0.00437063,0.882332,False
rs5752801,118,96,0.00267956,0.927896,False
rs5752801,118,97,-0.00830779,0.779619,False
rs5752801,118,98,-0.00610698,0.837147,False
rs5752801,118,99,-0.00359441,0.904093,False
rs5752801,118,100,-0.00413121,0.889811,False
rs5752801,118,101,0.00107953,0.971242,False
rs5752801,118,102,0.000759305,0.979804,False
rs5752801,118,103,-0.00466387,0.876883,False
rs5752801,118,104,-0.0119468,0.692078,False
rs5752801,118,105,-0.00224002,0.940914,False
rs5752801,118,106,0.00115512,0.969591,False
rs5752801,118,107,-0.00411328,0.892372,False
rs5752801,118,108,-0.0024747,0.935206,False
rs5752801,118,109,-0.00756554,0.804161,False
rs5752801,118,110,-0.00599093,0.844946,False
rs5752801,118,111,-0.000768717,0.980039,False
rs5752801,118,112,-0.00181661,0.952965,False
rs5752801,118,113,-0.00689096,0.823765,False
rs5752801,118,114,-0.0141635,0.647925,False
rs5752801,118,115,-0.0220359,0.479029,False
rs5752801,118,116,-0.014318,0.645906,False
rs5752801,118,117,-0.0153598,0.622638,False
rs5752801,118,118,-0.0240478,0.442405,False
rs5752801,118,119,-0.0257878,0.40996,False
rs5752801,118,120,-0.0309462,0.324309,False
rs5752801,118,121,-0.025007,0.426548,False
rs5752801,118,122,-0.022661,0.472032,False
rs5752801,118,123,-0.0273366,0.386872,False
rs5752801,118,124,-0.0266609,0.400008,False
rs5752801,118,125,-0.0307977,0.331109,False
rs5752801,118,126,-0.0277328,0.38274,False
rs5752801,118,127,-0.0166093,0.601934,False
rs5752801,118,128,-0.0249775,0.433555,False
rs5752801,118,129,-0.0196262,0.538904,False
rs5752801,118,130,-0.0219546,0.492796,False
rs5752801,118,131,-0.0281415,0.380012,False
rs5752801,118,132,-0.0301139,0.349589,False
rs5752801,118,133,-0.0367172,0.254499,False
rs5752801,118,134,-0.0332094,0.303569,False
rs5752801,118,135,-0.0302303,0.350364,False
rs5752801,118,136,-0.0261972,0.419594,False
rs5752801,118,137,-0.0327322,0.313911,False
rs5752801,118,138,-0.0358283,0.271937,False
rs5752801,118,139,-0.0376614,0.24942,False
rs5752801,118,140,-0.0405715,0.215689,False
rs5752801,118,141,-0.0375917,0.252639,False
rs5752801,118,142,-0.0334184,0.310311,False
rs5752801,118,143,-0.0452061,0.171125,False
rs5752801,118,144,-0.042243,0.201854,False
rs5752801,118,145,-0.0422912,0.20244,False
rs5752801,118,146,-0.0451661,0.174223,False
rs5752801,118,147,-0.0415142,0.212692,False
rs5752801,118,148,-0.0541948,0.104472,False
rs5752801,118,149,-0.0460181,0.169818,False
rs5752801,118,150,-0.0476607,0.15594,False
rs5752801,118,151,-0.0455562,0.176458,False
rs5752801,118,152,-0.0482192,0.153795,False
rs5752801,118,153,-0.0562738,0.0971901,False
rs5752801,118,154,-0.0538925,0.113769,False
rs5752801,118,155,-0.0530964,0.12049,False
rs5752801,118,156,-0.0530931,0.121674,False
rs5752801,118,157,-0.0594846,0.0844188,False
rs5752801,118,158,-0.0578435,0.0951961,False
rs5752801,118,159,-0.0535961,0.123511,False
rs5752801,118,160,-0.0524597,0.133619,False
rs5752801,118,161,-0.0580808,0.0987034,False
rs5752801,118,162,-0.052804,0.135857,False
rs5752801,118,163,-0.0461943,0.194277,False
rs5752801,118,164,-0.0476056,0.183586,False
rs5752801,118,165,-0.0572436,0.111874,False
rs5752801,118,166,-0.0454553,0.20937,False
rs5752801,118,167,-0.0462659,0.204264,False
rs5752801,118,168,-0.0514553,0.160538,False
rs5752801,118,169,-0.0511315,0.165891,False
rs5752801,118,170,-0.0593962,0.109214,False
rs5752801,118,171,-0.0528426,0.156607,False
rs5752801,118,172,-0.0562325,0.13428,False
rs5752801,118,173,-0.0667136,0.077755,False
rs5752801,118,174,-0.0694984,0.0676735,False
rs5752801,118,175,-0.0666744,0.0813541,False
rs5752801,118,176,-0.0683419,0.0760227,False
rs5752801,118,177,-0.0753656,0.0517482,False
rs5752801,118,178,-0.0750884,0.0542897,False
rs5752801,118,179,-0.0847472,0.0307509,False
rs5752801,118,180,-0.0842307,0.0330435,False
rs5752801,118,181,-0.0893138,0.0246209,False
rs5752801,118,182,-0.0844842,0.0344953,False
rs5752801,118,183,-0.0928091,0.0209728,False
rs5752801,118,184,-0.0953447,0.0184579,False
rs5752801,118,185,-0.105177,0.00975972,False
rs5752801,118,186,-0.102621,0.0123176,False
rs5752801,118,187,-0.098275,0.017227,False
rs5752801,118,188,-0.109375,0.00840207,False
rs5752801,118,189,-0.111889,0.00730535,False
rs5752801,118,190,-0.115947,0.00568809,False
rs5752801,118,191,-0.122018,0.00378853,False
rs5752801,118,192,-0.126396,0.00281091,False
rs5752801,118,193,-0.129378,0.00232503,False
rs5752801,118,194,-0.139163,0.00110571,False
rs5752801,118,195,-0.135461,0.0015587,False
rs5752801,118,196,-0.140837,0.0010419,False
rs5752801,118,197,-0.145264,0.000734541,False
rs5752801,118,198,-0.136952,0.0015043,False
rs5752801,118,199,-0.144013,0.000868267,False
rs5752801,118,200,-0.151544,0.000467832,False
rs5752801,118,201,-0.148762,0.000608639,False
rs5752801,118,202,-0.148837,0.000618784,False
rs5752801,118,203,-0.161194,0.000207792,False
rs5752801,118,204,-0.14549,0.000818045,False
rs5752801,118,205,-0.144024,0.000932336,False
rs5752801,118,206,-0.147915,0.000673311,False
rs5752801,118,207,-0.148373,0.000657446,False
rs5752801,118,208,-0.152194,0.000461011,False
rs5752801,118,209,-0.152877,0.000437267,False
rs5752801,118,210,-0.15129,0.000508319,False
rs5752801,118,211,-0.148347,0.000655465,False
rs5752801,118,212,-0.148938,0.000622489,False
rs5752801,118,213,-0.132695,0.00229734,False
rs5752801,118,214,-0.132042,0.0024041,False
rs5752801,118,215,-0.134998,0.00191667,False
rs5752801,118,216,-0.122823,0.00477935,False
rs5752801,118,217,-0.126737,0.00361493,False
rs5752801,118,218,-0.129602,0.00289819,False
rs5752801,118,219,-0.113606,0.00904503,False
rs5752801,118,220,-0.106997,0.0140005,False
rs5752801,118,221,-0.106832,0.0141121,False
rs5752801,118,222,-0.103267,0.017874,False
rs5752801,118,223,-0.0963305,0.0272315,False
rs5752801,118,224,-0.0952092,0.0289612,False
rs5752801,118,225,-0.0834723,0.0559521,False
rs5752801,118,226,-0.0856214,0.0501747,False
rs5752801,118,227,-0.0844294,0.0537127,False
rs5752801,118,228,-0.0758706,0.0832431,False
rs5752801,118,229,-0.0652627,0.13716,False
rs5752801,118,230,-0.0673502,0.126039,False
rs5752801,118,231,-0.0658981,0.135745,False
rs5752801,118,232,-0.0652544,0.140522,False
rs5752801,118,233,-0.0630558,0.156353,False
rs5752801,118,234,-0.058313,0.191405,False
rs5752801,118,235,-0.0582976,0.193176,False
rs5752801,118,236,-0.0526705,0.241685,False
rs5752801,118,237,-0.0491809,0.277229,False
rs5752801,118,238,-0.0479165,0.292565,False
rs5752801,118,239,-0.0513162,0.262123,False
rs5752801,118,240,-0.0443215,0.335876,False
rs5752801,118,241,-0.0371203,0.422919,False
rs5752801,118,242,-0.029166,0.531938,False
rs5752801,118,243,-0.0184691,0.6947,False
rs5752801,118,244,-0.0259518,0.584496,False
rs5752801,118,245,-0.024752,0.605212,False
rs5752801,119,42,0.0109573,0.675477,False
rs5752801,119,43,0.0083819,0.748504,False
rs5752801,119,44,0.00181347,0.944857,False
rs5752801,119,45,0.00735231,0.779041,False
rs5752801,119,46,0.00861085,0.742837,False
rs5752801,119,47,-0.00109021,0.966926,False
rs5752801,119,48,-0.000445895,0.986479,False
rs5752801,119,49,0.0122388,0.643082,False
rs5752801,119,50,-0.0027954,0.915863,False
rs5752801,119,51,-0.00623376,0.814123,False
rs5752801,119,52,-0.00598527,0.821839,False
rs5752801,119,53,-0.00621826,0.81531,False
rs5752801,119,54,-0.0120395,0.652044,False
rs5752801,119,55,-0.00352592,0.895197,False
rs5752801,119,56,-0.00404669,0.880335,False
rs5752801,119,57,-0.00889053,0.741555,False
rs5752801,119,58,-0.00287397,0.915201,False
rs5752801,119,59,-0.00909507,0.737617,False
rs5752801,119,60,-0.0208191,0.443901,False
rs5752801,119,61,-0.00991892,0.716285,False
rs5752801,119,62,-0.0123941,0.649709,False
rs5752801,119,63,-0.024878,0.362783,False
rs5752801,119,64,-0.020375,0.456702,False
rs5752801,119,65,-0.00965592,0.725431,False
rs5752801,119,66,-0.0125412,0.648503,False
rs5752801,119,67,-0.0134693,0.624799,False
rs5752801,119,68,-0.0156127,0.572077,False
rs5752801,119,69,-0.0128089,0.644172,False
rs5752801,119,70,-0.0134173,0.62913,False
rs5752801,119,71,-0.0187088,0.501444,False
rs5752801,119,72,-0.00606259,0.827905,False
rs5752801,119,73,-0.006813,0.807699,False
rs5752801,119,74,-0.0105244,0.707697,False
rs5752801,119,75,-0.01571,0.576712,False
rs5752801,119,76,-0.00568354,0.840379,False
rs5752801,119,77,-0.00756742,0.78958,False
rs5752801,119,78,-0.00490944,0.86282,False
rs5752801,119,79,0.00170957,0.95219,False
rs5752801,119,80,-0.0119788,0.675429,False
rs5752801,119,81,-0.0212408,0.459209,False
rs5752801,119,82,-0.0102535,0.721834,False
rs5752801,119,83,-0.00292968,0.919185,False
rs5752801,119,84,-0.000822354,0.977348,False
rs5752801,119,85,-0.00644539,0.824563,False
rs5752801,119,86,-0.00164654,0.954913,False
rs5752801,119,87,0.00311894,0.914908,False
rs5752801,119,88,0.003809,0.896368,False
rs5752801,119,89,0.00709827,0.808773,False
rs5752801,119,90,0.00391214,0.894188,False
rs5752801,119,91,0.00104107,0.971819,False
rs5752801,119,92,0.00291033,0.921572,False
rs5752801,119,93,0.00724165,0.806762,False
rs5752801,119,94,0.00761075,0.797748,False
rs5752801,119,95,0.0137951,0.64271,False
rs5752801,119,96,0.00541356,0.855934,False
rs5752801,119,97,0.0110663,0.710777,False
rs5752801,119,98,0.0153673,0.607767,False
rs5752801,119,99,0.00923438,0.75822,False
rs5752801,119,100,0.00786954,0.793706,False
rs5752801,119,101,0.02486,0.409825,False
rs5752801,119,102,0.0154448,0.610032,False
rs5752801,119,103,0.0116471,0.701235,False
rs5752801,119,104,0.00445977,0.883318,False
rs5752801,119,105,0.0116363,0.702976,False
rs5752801,119,106,0.00900251,0.769011,False
rs5752801,119,107,0.0105436,0.731225,False
rs5752801,119,108,0.0141592,0.64532,False
rs5752801,119,109,0.00309364,0.920268,False
rs5752801,119,110,0.011437,0.712414,False
rs5752801,119,111,0.00589506,0.849641,False
rs5752801,119,112,0.00205067,0.947586,False
rs5752801,119,113,0.00821352,0.793098,False
rs5752801,119,114,0.00564137,0.857321,False
rs5752801,119,115,0.00268406,0.932076,False
rs5752801,119,116,-0.00343952,0.913264,False
rs5752801,119,117,-0.00332161,0.916487,False
rs5752801,119,118,-0.0153848,0.627564,False
rs5752801,119,119,-0.00658371,0.83578,False
rs5752801,119,120,-0.0120475,0.705313,False
rs5752801,119,121,-0.00859135,0.787689,False
rs5752801,119,122,-0.00943934,0.767953,False
rs5752801,119,123,-0.00317151,0.921244,False
rs5752801,119,124,-0.0129053,0.688038,False
rs5752801,119,125,-0.0207072,0.520372,False
rs5752801,119,126,-0.01701,0.597675,False
rs5752801,119,127,-0.0230597,0.475024,False
rs5752801,119,128,-0.0175836,0.587039,False
rs5752801,119,129,-0.0283077,0.382819,False
rs5752801,119,130,-0.0336591,0.300383,False
rs5752801,119,131,-0.0289839,0.373502,False
rs5752801,119,132,-0.0286998,0.379527,False
rs5752801,119,133,-0.0339969,0.299192,False
rs5752801,119,134,-0.0333383,0.309695,False
rs5752801,119,135,-0.0312111,0.342355,False
rs5752801,119,136,-0.030801,0.349388,False
rs5752801,119,137,-0.0296933,0.368688,False
rs5752801,119,138,-0.0346912,0.294368,False
rs5752801,119,139,-0.0423487,0.201332,False
rs5752801,119,140,-0.0419949,0.206123,False
rs5752801,119,141,-0.0371429,0.264957,False
rs5752801,119,142,-0.0380725,0.254451,False
rs5752801,119,143,-0.0486177,0.146447,False
rs5752801,119,144,-0.0544493,0.10487,False
rs5752801,119,145,-0.0487158,0.147868,False
rs5752801,119,146,-0.050262,0.136018,False
rs5752801,119,147,-0.0549,0.103917,False
rs5752801,119,148,-0.0613711,0.0697391,False
rs5752801,119,149,-0.0541838,0.110476,False
rs5752801,119,150,-0.0410336,0.228523,False
rs5752801,119,151,-0.0493195,0.149071,False
rs5752801,119,152,-0.0468662,0.172116,False
rs5752801,119,153,-0.0478699,0.164642,False
rs5752801,119,154,-0.0500611,0.148167,False
rs5752801,119,155,-0.0474051,0.172982,False
rs5752801,119,156,-0.0386289,0.269353,False
rs5752801,119,157,-0.0399832,0.254667,False
rs5752801,119,158,-0.0332159,0.34637,False
rs5752801,119,159,-0.0401357,0.257862,False
rs5752801,119,160,-0.0436946,0.220572,False
rs5752801,119,161,-0.0448098,0.211401,False
rs5752801,119,162,-0.0428739,0.235343,False
rs5752801,119,163,-0.0477033,0.18929,False
rs5752801,119,164,-0.042745,0.242043,False
rs5752801,119,165,-0.0389078,0.290074,False
rs5752801,119,166,-0.0420056,0.256482,False
rs5752801,119,167,-0.0505335,0.174957,False
rs5752801,119,168,-0.0516694,0.168266,False
rs5752801,119,169,-0.0540939,0.151468,False
rs5752801,119,170,-0.0575855,0.129306,False
rs5752801,119,171,-0.051088,0.180599,False
rs5752801,119,172,-0.0698092,0.0691017,False
rs5752801,119,173,-0.0690241,0.0737236,False
rs5752801,119,174,-0.0600702,0.121832,False
rs5752801,119,175,-0.0608406,0.119249,False
rs5752801,119,176,-0.0687689,0.0800527,False
rs5752801,119,177,-0.067439,0.0877534,False
rs5752801,119,178,-0.0728208,0.0670383,False
rs5752801,119,179,-0.0765346,0.0555683,False
rs5752801,119,180,-0.0747646,0.0630661,False
rs5752801,119,181,-0.0741518,0.0669083,False
rs5752801,119,182,-0.0829253,0.0414817,False
rs5752801,119,183,-0.08921,0.0292006,False
rs5752801,119,184,-0.0926687,0.024265,False
rs5752801,119,185,-0.0926907,0.0249422,False
rs5752801,119,186,-0.0891133,0.0320545,False
rs5752801,119,187,-0.0961738,0.0213709,False
rs5752801,119,188,-0.09282,0.0272096,False
rs5752801,119,189,-0.0928248,0.0279257,False
rs5752801,119,190,-0.0984658,0.0203285,False
rs5752801,119,191,-0.102558,0.0160804,False
rs5752801,119,192,-0.104844,0.0142807,False
rs5752801,119,193,-0.113301,0.00826465,False
rs5752801,119,194,-0.120439,0.00511332,False
rs5752801,119,195,-0.117008,0.00669675,False
rs5752801,119,196,-0.124325,0.00407479,False
rs5752801,119,197,-0.128982,0.00294576,False
rs5752801,119,198,-0.130675,0.00262666,False
rs5752801,119,199,-0.139095,0.00137757,False
rs5752801,119,200,-0.131871,0.00243999,False
rs5752801,119,201,-0.129613,0.00290484,False
rs5752801,119,202,-0.145189,0.000854693,False
rs5752801,119,203,-0.153227,0.00043499,False
rs5752801,119,204,-0.156896,0.000313104,False
rs5752801,119,205,-0.143567,0.000977314,False
rs5752801,119,206,-0.14958,0.00060035,False
rs5752801,119,207,-0.153887,0.000411305,False
rs5752801,119,208,-0.147254,0.000723149,False
rs5752801,119,209,-0.158683,0.00027138,False
rs5752801,119,210,-0.151233,0.000522331,False
rs5752801,119,211,-0.151145,0.000522605,False
rs5752801,119,212,-0.151518,0.000504416,False
rs5752801,119,213,-0.143786,0.000972041,False
rs5752801,119,214,-0.126535,0.00370963,False
rs5752801,119,215,-0.133086,0.00229415,False
rs5752801,119,216,-0.122861,0.00494088,False
rs5752801,119,217,-0.123627,0.00467299,False
rs5752801,119,218,-0.124387,0.004438,False
rs5752801,119,219,-0.106368,0.0150187,False
rs5752801,119,220,-0.117194,0.00752817,False
rs5752801,119,221,-0.114995,0.00871431,False
rs5752801,119,222,-0.094692,0.0309131,False
rs5752801,119,223,-0.0866795,0.0485403,False
rs5752801,119,224,-0.0822107,0.061612,False
rs5752801,119,225,-0.0863171,0.0500011,False
rs5752801,119,226,-0.0757668,0.085539,False
rs5752801,119,227,-0.0706687,0.109432,False
rs5752801,119,228,-0.0675392,0.126713,False
rs5752801,119,229,-0.0669863,0.13128,False
rs5752801,119,230,-0.054233,0.222964,False
rs5752801,119,231,-0.0604298,0.175843,False
rs5752801,119,232,-0.0431117,0.335837,False
rs5752801,119,233,-0.045901,0.306809,False
rs5752801,119,234,-0.0458395,0.310356,False
rs5752801,119,235,-0.0431047,0.342575,False
rs5752801,119,236,-0.0325308,0.476585,False
